-56.881435351485486	33.63287365475699	39.28943287669898	-45.33541240107326	-99.56208452603748	18.068442522343943	58.065869226482704	17.682636685561675	96.877379219213	-54.30719020681134	46.21759637104387	-12.935871624924602	16.05658456194712	-39.5593239226085	-53.91490885674881	9.68051326956008	21.48995156238091	81.91299386432226	20.794057613805734	-0.06188598570000181	30.183875767915737	25.58624724019019	-18.417595877412566	-46.67808393535915	36.465415407967896	-22.626799713310035	-92.54411397048024	-65.9994185140055	-28.204055741669777	37.31257238698859	
-59.74395808058479	-60.915919686301535	-52.37259654233299	-38.49688412201535	15.489256211956313	21.945140677748768	9.118169975252108	28.89833338311256	62.31239808353959	-54.60391263407402	13.795676247315924	100.0	100.0	100.0	-66.12959472070142	-14.602818187000931	21.756436989981324	26.275912638392594	-49.865691860176675	16.928986113358384	8.359216960044542	6.888545257880905	-37.11386438902075	-16.19572907731936	-47.31382075223851	27.26708783885536	-60.133264393252325	-15.92233799186715	-40.66865301336159	3.5936833642343604	
-60.6845623106387	-60.6211686763436	-46.155387992442535	-44.22262541529302	17.085440157174837	23.391825683691824	24.049795013784866	45.728856550482774	69.24206928078851	-67.65549019379154	0.5705439827785899	89.87454316463287	71.54224509645718	97.2096170631028	-72.56429286951	-39.28269150136857	17.798278692936318	32.67372578996421	-60.457909507567834	18.821522596976802	1.1588186465741401	-28.422924269467202	-45.209200519585124	-13.324213897112042	-47.81883466953	29.87008059427358	-54.44057902545487	-35.107755278636375	-34.85900799635712	7.39491154657358	
-38.172014474634146	-2.583406749300295	15.106697385299967	-65.3644224538631	-0.481939952942124	73.12785233508978	16.415461497776313	22.98290947795896	44.118386743788754	-29.55540694387414	31.948342025401892	17.803896299422274	-7.856595499786316	-3.397573603840687	-38.82419859761385	-3.299773675470809	9.802466567200785	18.739176213673172	-51.17177352275065	-43.19152057596868	82.3458489162546	-23.865101152568023	-41.581668373383856	-11.960165884153216	5.274590655393622	-4.025008213854308	-90.32608265781727	-19.995612744592854	10.982159070623014	-4.145722387657388	
-22.740431899322342	-51.56020875874721	-29.78625248819382	-54.89481313172449	9.87700138646006	66.68821567608654	36.67925192630254	17.14037748927962	19.266865472384016	-16.631516619702424	42.79059311297894	18.617737110140226	-7.319883335054714	7.224929542164601	-26.18940313195367	-38.145300753560306	29.616190976239455	8.380342739611677	-59.05207888658964	-7.307675790075928	44.91422076105522	-13.491598497698163	-39.441276235545445	-23.488137055020573	2.9277107703954943	4.847015926902163	-76.98437570893142	-40.22029246284703	2.6891568659889202	0.8560506709058036	
-31.96349782487063	-52.71830976477385	7.023398449509289	-59.60966048251438	40.547836697395134	41.90082788662318	25.978527995870518	38.316632517285	49.18474410609413	-22.43216216444799	0.9774023971837114	33.394818806623874	40.49657708385577	37.24375519391137	-38.566924667190065	-20.876733399318255	17.949848085312652	30.3719610786824	-13.866781666960215	-11.327326053833268	12.542401600357827	-13.276563095854168	-30.951762954428446	-22.411221671194212	29.6909683001238	-15.698263060255215	-51.48649997110844	-24.619875720466815	-12.6560190026037	-6.466701708626481	
-55.08719660530318	-65.5672857929418	-23.810845541823532	-46.569338062130555	2.651045105773038	23.978013426029477	29.560394084617403	44.043208958601696	54.20207508652118	38.55789845971583	40.38196206485988	70.24947018417839	10.638903335081977	37.960857256613224	-59.816785939435334	-7.922347638734543	31.27778078941089	35.388084308878604	-60.63012709403283	6.910415969302534	4.808593832771233	-10.833199620031072	-24.712616168991147	-30.759292820932398	20.81595823536043	-8.831630165590308	-69.77392778113732	-31.108313548705723	-20.302284551466926	10.699489365210132	
-53.748557928570264	-34.93795760415101	-39.10801866030875	-71.25546832736704	14.091678362240756	64.67013450486023	30.978547996853788	17.536527450190768	65.79353599636312	-12.183804662398506	50.10477042949119	55.46158463676123	-7.701812840137845	51.158390573373204	-46.87427056283483	-30.413651554289928	14.218358533451688	36.82334268855359	-57.53714256123239	9.413565292700392	42.8762842604757	-12.721600833373117	-34.73227821669925	-40.7520674581866	16.300250906400667	10.794338327217194	-58.403907929050646	-32.48001468656534	-14.354176062789948	-4.391856656854706	
-62.76453218884474	-63.69110259068931	-11.350658536199417	-49.42156867637221	7.8289621165154735	31.737638561229748	21.290933710575406	25.710156966663696	57.20815361421444	-28.082591527846695	22.93955622688324	43.87994809929195	-11.290156641066796	27.859249297533992	-48.222046331417886	-41.61985971962287	32.826037860423746	38.42099512710366	-21.540198542823628	-8.129150269824356	34.75186682828736	-8.924629720747049	-29.33108618730132	-30.20596134613988	14.906064544982708	-1.1082158188033038	-62.05648580998574	-24.78678964125242	1.989468176427348	-9.254688964502167	
-59.30122283099213	-61.656719125532994	-13.576667298511836	-56.11823935767775	6.756649427024438	53.4234774255278	23.33532417425095	9.51480801134615	58.534944062636484	-34.911036865186546	16.680197076587856	64.89702406626084	-10.48607308737704	35.93115723795704	-45.76608602761197	-24.024045896473762	27.578415093469957	35.483088494922974	-33.837940300013386	-5.764039741310768	33.65912036180946	-12.070826742723494	-54.050239259168634	-30.26420527317906	11.672826513057693	-0.5171509310570582	-61.31744663802489	-29.40592855768867	0.9515152015946509	5.817140221684227	
