-85.15799087462015	-63.614330834899626	-11.2239268405566	-44.77673678611309	12.13327175116352	33.44822948592446	83.84834514899566	-70.05602834842341	91.52869361885593	-99.75887564554932	77.86626418472474	96.96046996135121	-26.975619664126228	59.709261603494525	1.0395114412408617	12.403507277161438	71.46892162669724	88.32092542101614	-39.94983265345553	-56.07586446915005	83.25461002125942	18.391733031395702	80.35594396886049	-55.778489910579964	69.83179862498918	-68.10499929791256	-70.6505872392696	-42.32798535459133	85.51120988059037	-22.542008626318307	
-62.28727395399912	-91.23116404503324	-25.68002729589697	-54.81381447114968	58.7131580943246	62.685787275336295	77.65783211133115	-69.96177983885954	30.63818571488182	-11.388273449008054	12.522273065385257	4.78552583362125	76.17927297381635	-21.471140441135887	-36.82297832003203	52.6798206877621	67.5227670407533	23.863843991857742	-12.972142583336858	39.92032056836013	32.74313260143143	-32.39328975552164	-14.15588103962395	-8.712785099803838	13.626559757688012	29.113421491529923	7.22440898683989	-6.8537468987602495	-11.432049298614055	10.59474732555223	
-13.518968374823523	-94.46722786255998	-3.809037095054527	-26.052037892719284	41.402406056981626	45.74253736784253	13.340090404190583	31.929512592782302	51.91135610277867	46.74092467979149	57.042411002087	40.912851470455564	25.256472116788114	29.556372108910637	-16.658936973114905	-15.982325478262778	-18.02749863760312	46.705940234867924	-11.937342408645026	2.8870695279220975	-38.00649196484467	8.896282943430318	-77.9184028470567	-53.526928751794046	58.7610621866747	-34.2696160181853	33.969399350665164	20.368199941658133	-23.437937636797137	-55.171611832222965	
-65.63901964178332	-92.54597375171286	-39.64622883204601	-66.63406470402442	-6.775134304259684	15.534193200502486	43.02213604143714	-26.404356939297713	25.436857153039746	-72.35824748918768	-10.934537046197548	7.841642449082095	-16.687751198183115	2.1783351620359674	-7.415428513035239	-10.312513914100453	49.58173516852584	84.85630055672164	-17.60152517142039	-9.837911257012507	38.918105148669056	-10.796241215609534	-30.37636214798087	-32.25402776666124	22.14666342290232	-24.852054797522975	-21.942182339059126	-16.69123664335713	5.654899508412456	6.24136666347643	
-43.98236589680589	-88.990380655678	-23.961901517809906	-55.89048202529678	-2.904808538514364	-4.97864990690708	14.750844335918622	18.32473310014896	39.007352344075414	-9.003137281188316	-3.3076859411689643	30.381297471354255	-5.26078810785269	8.956522952084873	-27.477461631251213	-9.21006250995977	9.607111157278155	54.59635206192094	24.73214819189432	21.914928929493772	14.24494920688166	-20.092309765463085	-50.84246784383803	-9.667070355118708	37.05288067465085	-11.711409093698911	-38.22651627174	-24.018113433701675	8.704678728795994	-56.89492904143627	
-31.897590875984644	-44.489856057011515	-28.374212864240604	-66.35107423693131	-3.0893098506643013	57.258942158849365	17.474400800401657	-22.841124073327585	63.54268150205667	-4.883104811185266	27.10076011499043	28.735420322962394	18.46685969116805	21.256482922727542	-11.904859383367445	-62.254829975106325	38.87316770323509	57.468149235429635	-31.49897142763095	-2.9075712428255978	25.142335586180153	0.6879298768506743	-32.97198424424025	-8.092552634144212	40.46409664399058	-0.6744949152795572	-37.85550402722644	-35.41167563310477	21.677472965201233	-30.3760953916368	
-45.21059290785712	-58.67277208307464	-35.301665820011806	-72.05392594812707	-2.76643780226577	44.4428557909644	37.766267914646306	-15.002381715395646	69.22074843594811	2.5490738075747155	35.16657630704725	26.849441412124367	-15.435839949701311	8.65449118390676	-33.675961042048016	-36.94415342688764	36.383608996660875	66.51319184178546	-26.09474976118696	-1.3582996623600485	44.0362960181764	14.604006338232908	-40.66282288358877	-30.49559724796446	28.437354407237894	-4.195543524240997	-17.998516688773552	-33.46821866752437	2.6527205270400493	-16.844752760672602	
-46.30056525337208	-73.16130065080424	-29.795797878029965	-63.66693107309257	8.220471239148536	44.312588808090624	21.62387838752696	8.682457513563214	48.489483266922285	-0.4310097508969424	18.986612253327287	21.861393219253227	-17.957914560009193	18.110305664886116	-37.61813531551374	-29.487477201320814	33.671685636614626	59.737930374563824	-26.102005126147255	4.00346182884944	27.21110137332806	-19.87888818863253	-34.75421008702851	-29.191279850097988	22.578314445333497	1.365865538078182	-40.32290804417619	-33.63657888864928	7.220774508958943	-34.64944046664454	
-51.01545806914041	-62.70435990418047	-23.9484433568091	-36.12804339937487	9.80913179781333	45.96242513621499	34.395416512420766	-9.426136083901621	65.8259634082659	-25.50034276854949	28.377119196184463	27.488001517071925	3.435740707729113	23.617385799205046	-58.14231973196684	-25.279499128711787	30.04475840941902	70.8332552518788	-24.341870272128254	-1.2937815778062172	23.380016253491384	7.492099829982913	-43.819893913187215	-22.592944219617742	35.790357777285045	2.429494021521025	-44.9111010595976	-25.211377742992816	4.74492401888353	-15.480678039496004	
-51.147461647018154	-57.33411939106042	-18.25801590058289	-52.50521030761744	11.036699318016039	39.157968794017904	28.266942068197057	-3.138171571412438	66.93635246842044	-6.8268222922062645	30.49906599253899	27.5362031231394	-2.3042828142454113	19.483432568937836	-63.28052240921938	-32.891578623634096	22.107679618205637	60.81539508180068	-32.34535963614972	2.594513319222977	15.610915453547163	13.236677164678404	-34.66531701403894	-28.716904151541634	28.000389744836692	2.806539915798355	-48.068385239701904	-35.969123524519034	-9.798977417519485	-17.866366101108024	
