1000	11281.039052913311
2159	8948.682048056471
3317	6670.502610856564
4472	5497.616629304391
5627	4515.097132663324
6781	3891.5858112487526
7932	3362.7373789389912
9089	2749.9188528337622
10239	2690.731027950217
11391	2647.997747310563
12545	2461.175112939836
13700	2209.2102824032568
14847	2209.2102824032568
15995	2209.2102824032568
17139	2206.600054158258
18281	2172.1961761294606
19420	2172.0860880778428
20555	2159.345824932621
21694	2129.051417773624
22833	2081.821536899023
23971	2066.41313324429
25106	2057.142026105632
26247	2057.142026105632
27376	2057.142026105632
28508	2057.142026105632
29645	2057.142026105632
30779	2037.6051530939797
31909	2022.0950107127146
33041	2022.0950107127146
34171	2022.0950107127146
35299	1963.9819043051673
36428	1963.9819043051673
37558	1963.9819043051673
38689	1963.9819043051673
39819	1963.9819043051673
40949	1950.635463600502
42077	1950.635463600502
43202	1919.1451872036487
44329	1919.1451872036487
45456	1919.1451872036487
46586	1919.1451872036487
47712	1919.1451872036487
48840	1919.1451872036487
49969	1919.1451872036487
51093	1919.1451872036487
52222	1919.1451872036487
53350	1919.1451872036487
54474	1919.1451872036487
63182	1214.34628997424
64314	1214.34628997424
65436	1214.34628997424
66562	1214.34628997424
67696	1214.34628997424
68821	1214.34628997424
69951	1214.34628997424
71079	1214.34628997424
72209	1214.34628997424
73339	1214.34628997424
74469	1214.34628997424
75601	1214.34628997424
76734	1214.34628997424
77866	1214.34628997424
79003	1214.34628997424
80139	1214.34628997424
81277	1214.34628997424
82409	1214.34628997424
83543	1214.34628997424
84676	1214.34628997424
85810	1214.34628997424
86943	1214.34628997424
88078	1214.34628997424
91236	1195.6265039226632
97970	1195.6265029005183
99109	1195.6265029005183
100248	1195.6265029005183
101384	1195.6265029005183
102520	1195.6265029005183
103656	1195.6265029005183
104794	1195.6265029005183
105930	1195.6265029005183
107063	1195.6265029005183
108195	1195.6265029005183
109324	1195.6265029005183
110455	1195.6265029005183
111585	1195.6265029005183
112716	1195.6265029005183
113845	1195.6265029005183
114975	1195.6265029005183
116108	1195.6265029005183
117237	1195.6265029005183
118367	1195.6265029005183
121518	1159.286866699343
125177	1152.840564830914
130754	1152.8405647566735
131884	1152.8405647566735
133017	1152.8405647566735
134153	1152.8405647566735
135286	1152.8405647566735
136421	1152.8405647566735
137555	1152.8405647566735
138689	1152.8405647566735
139819	1152.8405647566735
140950	1152.8405647566735
142083	1152.8405647566735
143215	1152.8405647566735
144347	1152.8405647566735
145482	1152.8405647566735
146614	1152.8405647566735
147749	1152.8405647566735
148886	1152.8405647566735
150018	1152.8405647566735
151154	1152.8405647566735
152286	1152.8405647566735
153425	1152.8405647566735
154564	1152.8405647566735
155698	1152.8405647566735
156837	1152.8405647566735
157975	1152.8405647566735
159109	1152.8405647566735
160245	1152.8405647566735
161384	1152.8405647566735
165949	1152.8405647566735
167081	1152.8405647566735
168219	1152.8405647566735
169352	1152.8405647566735
170491	1152.8405647566735
171627	1152.8405647566735
172766	1152.8405647566735
173907	1152.8405647566735
175047	1152.8405647566735
176186	1152.8405647566735
180466	1152.8405647566735
181605	1152.8405647566735
182748	1152.8405647566735
183884	1152.8405647566735
185025	1152.8405647566735
186166	1152.8405647566735
187309	1152.8405647566735
188454	1152.8405647566735
189595	1152.8405647566735
190735	1152.8405647566735
191868	1152.8405647566735
193010	1152.8405647566735
194147	1152.8405647566735
195290	1152.8405647566735
196427	1152.8405647566735
197568	1152.8405647566735
198705	1152.8405647566735
199847	1152.8405647566735
200985	1152.8405647566735
202130	1152.8405647566735
206588	1152.8405647566735
207726	1152.8405647566735
208867	1152.8405647566735
210007	1152.8405647566735
211146	1152.8405647566735
212285	1152.8405647566735
213423	1152.8405647566735
214564	1152.8405647566735
215711	1152.8405647566735
216851	1152.8405647566735
217987	1152.8405647566735
219130	1152.8405647566735
220270	1152.8405647566735
221410	1152.8405647566735
222552	1152.8405647566735
223693	1152.8405647566735
224837	1152.8405647566735
225978	1152.8405647566735
227115	1152.8405647566735
228251	1152.8405647566735
232751	1152.8405647566735
233891	1152.8405647566735
235030	1152.8405647566735
236171	1152.8405647566735
237312	1152.8405647566735
238453	1152.8405647566735
239596	1152.8405647566735
240734	1152.8405647566735
241878	1152.8405647566735
243020	1152.8405647566735
244163	1152.8405647566735
245307	1152.8405647566735
246446	1152.8405647566735
247586	1152.8405647566735
248728	1152.8405647566735
249864	1152.8405647566735
251001	1152.8405647566735
252139	1152.8405647566735
253278	1152.8405647566735
254416	1152.8405647566735
258991	1152.8405647566735
260127	1152.8405647566735
261269	1152.8405647566735
262413	1152.8405647566735
263557	1152.8405647566735
264697	1152.8405647566735
265840	1152.8405647566735
266980	1152.8405647566735
268123	1152.8405647566735
269260	1152.8405647566735
270402	1152.8405647566735
271548	1152.8405647566735
272689	1152.8405647566735
273834	1152.8405647566735
274977	1152.8405647566735
276116	1152.8405647566735
277256	1152.8405647566735
278395	1152.8405647566735
279538	1152.8405647566735
280682	1152.8405647566735
285134	1152.8405647566735
286277	1152.8405647566735
287424	1152.8405647566735
288566	1152.8405647566735
289704	1152.8405647566735
290845	1152.8405647566735
291987	1152.8405647566735
293129	1152.8405647566735
294276	1152.8405647566735
295425	1152.8405647566735
299995	1152.8405647566735
301140	1152.8405647566735
302285	1152.8405647566735
303433	1152.8405647566735
304582	1152.8405647566735
305730	1152.8405647566735
306877	1152.8405647566735
308024	1152.8405647566735
309173	1152.8405647566735
310322	1152.8405647566735
311471	1152.8405647566735
312624	1152.8405647566735
313778	1152.8405647566735
314927	1152.8405647566735
316078	1152.8405647566735
317224	1152.8405647566735
318370	1152.8405647566735
319519	1152.8405647566735
320671	1152.8405647566735
321821	1152.8405647566735
326073	1152.8405647566735
327222	1152.8405647566735
328377	1152.8405647566735
329528	1152.8405647566735
330682	1152.8405647566735
331831	1152.8405647566735
332979	1152.8405647566735
334128	1152.8405647566735
335278	1152.8405647566735
336431	1152.8405647566735
337580	1152.8405647566735
338739	1152.8405647566735
339890	1152.8405647566735
341048	1152.8405647566735
342202	1152.8405647566735
343351	1152.8405647566735
344508	1152.8405647566735
345658	1152.8405647566735
346818	1152.8405647566735
347973	1152.8405647566735
352692	1152.8405647566735
353847	1152.8405647566735
355004	1152.8405647566735
356157	1152.8405647566735
357312	1152.8405647566735
358462	1152.8405647566735
359615	1152.8405647566735
360768	1152.8405647566735
361922	1152.8405647566735
363072	1152.8405647566735
364229	1152.8405647566735
365384	1152.8405647566735
366545	1152.8405647566735
367696	1152.8405647566735
368856	1152.8405647566735
370013	1152.8405647566735
371164	1152.8405647566735
372319	1152.8405647566735
373479	1152.8405647566735
374637	1152.8405647566735
379295	1152.8405647566735
380452	1152.8405647566735
381614	1152.8405647566735
382778	1152.8405647566735
383937	1152.8405647566735
385092	1152.8405647566735
386245	1152.8405647566735
387408	1152.8405647566735
388564	1152.8405647566735
389721	1152.8405647566735
390883	1152.8405647566735
392040	1152.8405647566735
393199	1152.8405647566735
394355	1152.8405647566735
395522	1152.8405647566735
396682	1152.8405647566735
397844	1152.8405647566735
399002	1152.8405647566735
400164	1152.8405647566735
401329	1152.8405647566735
406300	1152.8405647566735
407457	1152.8405647566735
408615	1152.8405647566735
409776	1152.8405647566735
410944	1152.8405647566735
412103	1152.8405647566735
413258	1152.8405647566735
414421	1152.8405647566735
415583	1152.8405647566735
416744	1152.8405647566735
421432	1152.8405647566735
422592	1152.8405647566735
423752	1152.8405647566735
424911	1152.8405647566735
426072	1152.8405647566735
427233	1152.8405647566735
428393	1152.8405647566735
429552	1152.8405647566735
430713	1152.8405647566735
431873	1152.8405647566735
433029	1152.8405647566735
434185	1152.8405647566735
435346	1152.8405647566735
436502	1152.8405647566735
437666	1152.8405647566735
438831	1152.8405647566735
439994	1152.8405647566735
441158	1152.8405647566735
442319	1152.8405647566735
443483	1152.8405647566735
447867	1152.8405647566735
449021	1152.8405647566735
450182	1152.8405647566735
451342	1152.8405647566735
452503	1152.8405647566735
453661	1152.8405647566735
454823	1152.8405647566735
455982	1152.8405647566735
457147	1152.8405647566735
458312	1152.8405647566735
459475	1152.8405647566735
460643	1152.8405647566735
461802	1152.8405647566735
462960	1152.8405647566735
464120	1152.8405647566735
465285	1152.8405647566735
466442	1152.8405647566735
467605	1152.8405647566735
468769	1152.8405647566735
469931	1152.8405647566735
474748	1152.8405647566735
475912	1152.8405647566735
477075	1152.8405647566735
478234	1152.8405647566735
479395	1152.8405647566735
480558	1152.8405647566735
481719	1152.8405647566735
482883	1152.8405647566735
484039	1152.8405647566735
485198	1152.8405647566735
486357	1152.8405647566735
487518	1152.8405647566735
488682	1152.8405647566735
489848	1152.8405647566735
491008	1152.8405647566735
492172	1152.8405647566735
493327	1152.8405647566735
494489	1152.8405647566735
495647	1152.8405647566735
496804	1152.8405647566735
501599	1152.8405647566735
502756	1152.8405647566735
503913	1152.8405647566735
505076	1152.8405647566735
506240	1152.8405647566735
507399	1152.8405647566735
508559	1152.8405647566735
509719	1152.8405647566735
510882	1152.8405647566735
512042	1152.8405647566735
513210	1152.8405647566735
514375	1152.8405647566735
515538	1152.8405647566735
516700	1152.8405647566735
517862	1152.8405647566735
519019	1152.8405647566735
520175	1152.8405647566735
521338	1152.8405647566735
522495	1152.8405647566735
523652	1152.8405647566735
528746	1152.8405647566735
529910	1152.8405647566735
531071	1152.8405647566735
532232	1152.8405647566735
533396	1152.8405647566735
534563	1152.8405647566735
535736	1152.8405647566735
536895	1152.8405647566735
538060	1152.8405647566735
539220	1152.8405647566735
542401	1129.961430332546
547392	1129.961430154443
548554	1129.961430154443
549710	1129.961430154443
550867	1129.961430154443
552025	1129.961430154443
553190	1129.961430154443
554351	1129.961430154443
555512	1129.961430154443
556673	1129.961430154443
557839	1129.961430154443
558998	1129.961430154443
560155	1129.961430154443
561314	1129.961430154443
562471	1129.961430154443
563634	1129.961430154443
564791	1129.961430154443
565947	1129.961430154443
567101	1129.961430154443
568264	1129.961430154443
572644	1129.961430154443
573805	1129.961430154443
574970	1129.961430154443
576133	1129.961430154443
577293	1129.961430154443
578450	1129.961430154443
579607	1129.961430154443
580764	1129.961430154443
581919	1129.961430154443
583073	1129.961430154443
584227	1129.961430154443
585381	1129.961430154443
586536	1129.961430154443
587687	1129.961430154443
588834	1129.961430154443
589993	1129.961430154443
591149	1129.961430154443
592306	1129.961430154443
593462	1129.961430154443
594622	1129.961430154443
597998	1120.8889123934955
602686	1120.8889122515875
603839	1120.8889122515875
604999	1120.8889122515875
606154	1120.8889122515875
607309	1120.8889122515875
608463	1120.8889122515875
609617	1120.8889122515875
610767	1120.8889122515875
611917	1120.8889122515875
613067	1120.8889122515875
614218	1120.8889122515875
615373	1120.8889122515875
616527	1120.8889122515875
617679	1120.8889122515875
618832	1120.8889122515875
619984	1120.8889122515875
621132	1120.8889122515875
622285	1120.8889122515875
623433	1120.8889122515875
626301	1120.23881869088
631188	1120.238818307523
632340	1120.238818307523
633493	1120.238818307523
634648	1120.238818307523
635802	1120.238818307523
636957	1120.238818307523
638115	1120.238818307523
639268	1120.238818307523
640417	1120.238818307523
641570	1120.238818307523
642723	1120.238818307523
643877	1120.238818307523
645031	1120.238818307523
646187	1120.238818307523
647346	1120.238818307523
648502	1120.238818307523
649665	1120.238818307523
650826	1120.238818307523
651980	1120.238818307523
655717	1120.238818307523
656874	1120.238818307523
658033	1120.238818307523
659192	1120.238818307523
660352	1120.238818307523
661516	1120.238818307523
662677	1120.238818307523
663835	1120.238818307523
664995	1120.238818307523
666158	1120.238818307523
667315	1120.238818307523
668480	1120.238818307523
669645	1120.238818307523
670815	1120.238818307523
671982	1120.238818307523
673147	1120.238818307523
674317	1120.238818307523
675478	1120.238818307523
676645	1120.238818307523
677811	1120.238818307523
681277	1120.238818307523
682438	1120.238818307523
683601	1120.238818307523
684765	1120.238818307523
685921	1120.238818307523
687079	1120.238818307523
688247	1120.238818307523
689413	1120.238818307523
690578	1120.238818307523
691746	1120.238818307523
692912	1120.238818307523
694077	1120.238818307523
695249	1120.238818307523
696411	1120.238818307523
697570	1120.238818307523
698735	1120.238818307523
699906	1120.238818307523
701078	1120.238818307523
702248	1120.238818307523
703422	1120.238818307523
706882	1120.238818307523
708052	1120.238818307523
709224	1120.238818307523
710396	1120.238818307523
711557	1120.238818307523
712723	1120.238818307523
713890	1120.238818307523
715053	1120.238818307523
716216	1120.238818307523
717380	1120.238818307523
718546	1120.238818307523
719710	1120.238818307523
720878	1120.238818307523
722048	1120.238818307523
723213	1120.238818307523
724379	1120.238818307523
725540	1120.238818307523
726710	1120.238818307523
727879	1120.238818307523
729045	1120.238818307523
732639	1117.1554692007371
737305	1117.1554688498436
738471	1117.1554688498436
739636	1117.1554688498436
740800	1117.1554688498436
741970	1117.1554688498436
743130	1117.1554688498436
744297	1117.1554688498436
745456	1117.1554688498436
746623	1117.1554688498436
747784	1117.1554688498436
748942	1117.1554688498436
750107	1117.1554688498436
751268	1117.1554688498436
752423	1117.1554688498436
753582	1117.1554688498436
754742	1117.1554688498436
755900	1117.1554688498436
757064	1117.1554688498436
758235	1117.1554688498436
762615	1117.1554688498436
763784	1117.1554688498436
764955	1117.1554688498436
766115	1117.1554688498436
767277	1117.1554688498436
768432	1117.1554688498436
769594	1117.1554688498436
770755	1117.1554688498436
771917	1117.1554688498436
773076	1117.1554688498436
774236	1117.1554688498436
775393	1117.1554688498436
776549	1117.1554688498436
777711	1117.1554688498436
778878	1117.1554688498436
780040	1117.1554688498436
781207	1117.1554688498436
782371	1117.1554688498436
783535	1117.1554688498436
784705	1117.1554688498436
788794	1117.1554688498436
789965	1117.1554688498436
791138	1117.1554688498436
792301	1117.1554688498436
793462	1117.1554688498436
794629	1117.1554688498436
795792	1117.1554688498436
796952	1117.1554688498436
798118	1117.1554688498436
799285	1117.1554688498436
800460	1117.1554688498436
801626	1117.1554688498436
802796	1117.1554688498436
803970	1117.1554688498436
805141	1117.1554688498436
806301	1117.1554688498436
807457	1117.1554688498436
808605	1117.1554688498436
809756	1117.1554688498436
810900	1117.1554688498436
816483	1117.1554688498436
817629	1117.1554688498436
818773	1117.1554688498436
819915	1117.1554688498436
821061	1117.1554688498436
822209	1117.1554688498436
823353	1117.1554688498436
824501	1117.1554688498436
825653	1117.1554688498436
826800	1117.1554688498436
827942	1117.1554688498436
829087	1117.1554688498436
830240	1117.1554688498436
831391	1117.1554688498436
832540	1117.1554688498436
833694	1117.1554688498436
834850	1117.1554688498436
836004	1117.1554688498436
837159	1117.1554688498436
838309	1117.1554688498436
842657	1117.1554688498436
843814	1117.1554688498436
844972	1117.1554688498436
846128	1117.1554688498436
847277	1117.1554688498436
848431	1117.1554688498436
849586	1117.1554688498436
850746	1117.1554688498436
851901	1117.1554688498436
853051	1117.1554688498436
854208	1117.1554688498436
855359	1117.1554688498436
856516	1117.1554688498436
857674	1117.1554688498436
858830	1117.1554688498436
859989	1117.1554688498436
861145	1117.1554688498436
862299	1117.1554688498436
863456	1117.1554688498436
864614	1117.1554688498436
868796	1117.1554688498436
869950	1117.1554688498436
871102	1117.1554688498436
872257	1117.1554688498436
873411	1117.1554688498436
874566	1117.1554688498436
875720	1117.1554688498436
876874	1117.1554688498436
878029	1117.1554688498436
879188	1117.1554688498436
881858	1113.8155889575478
886641	1113.815587906638
887798	1113.815587906638
888956	1113.815587906638
890112	1113.815587906638
891267	1113.815587906638
892423	1113.815587906638
893577	1113.815587906638
894732	1113.815587906638
895889	1113.815587906638
897046	1113.815587906638
898208	1113.815587906638
899363	1113.815587906638
900516	1113.815587906638
901675	1113.815587906638
902831	1113.815587906638
903985	1113.815587906638
905140	1113.815587906638
906300	1113.815587906638
907453	1113.815587906638
911440	1113.815587906638
912595	1113.815587906638
913755	1113.815587906638
914917	1113.815587906638
916073	1113.815587906638
917234	1113.815587906638
918394	1113.815587906638
919551	1113.815587906638
920712	1113.815587906638
921864	1113.815587906638
923019	1113.815587906638
924179	1113.815587906638
925341	1113.815587906638
926506	1113.815587906638
927671	1113.815587906638
928839	1113.815587906638
929999	1113.815587906638
931159	1113.815587906638
932318	1113.815587906638
933488	1113.815587906638
938053	1113.815587906638
939216	1113.815587906638
940376	1113.815587906638
941543	1113.815587906638
942710	1113.815587906638
943874	1113.815587906638
945045	1113.815587906638
946212	1113.815587906638
947381	1113.815587906638
948550	1113.815587906638
949716	1113.815587906638
950875	1113.815587906638
952039	1113.815587906638
953203	1113.815587906638
954363	1113.815587906638
955525	1113.815587906638
956686	1113.815587906638
957852	1113.815587906638
959020	1113.815587906638
960186	1113.815587906638
963668	1113.815587906638
964841	1113.815587906638
966014	1113.815587906638
967177	1113.815587906638
968337	1113.815587906638
969509	1113.815587906638
970679	1113.815587906638
971854	1113.815587906638
973026	1113.815587906638
974189	1113.815587906638
975358	1113.815587906638
976527	1113.815587906638
977689	1113.815587906638
978851	1113.815587906638
980012	1113.815587906638
981172	1113.815587906638
982336	1113.815587906638
983493	1113.815587906638
984655	1113.815587906638
985824	1113.815587906638
990920	1113.815587906638
992081	1113.815587906638
993252	1113.815587906638
994420	1113.815587906638
995592	1113.815587906638
996752	1113.815587906638
997922	1113.815587906638
999097	1113.815587906638
1000262	1113.815587906638
