1000	11939.987983474568
2159	8771.21670565569
3315	6971.25398711746
4470	5543.440237904206
5625	4625.10235788917
6780	3908.9173492920177
7936	3444.6219594433182
9089	3192.488788476804
10245	2873.04770184272
11402	2744.8285876851382
12555	2541.363584932873
13709	2499.754668239303
14860	2467.8134480293193
16007	2399.0850317637855
17154	2334.7140826677964
18299	2313.865142373592
19444	2293.0024338329417
20582	2282.240343150211
21721	2256.040466989558
22854	2225.0300652684873
23989	2225.0300652684873
25124	2225.0300652684873
26255	2096.4603156347307
27387	2094.0933999256
28519	2094.0933999256
29651	2094.0933999256
30779	2094.0933999256
31906	2094.0933999256
33035	2094.0933999256
34166	2094.0933999256
35295	2094.0933999256
36427	2094.0933999256
37555	2081.4972298276975
38682	2081.4972298276975
39810	2081.4972298276975
40940	2081.4972298276975
42067	2081.4972298276975
43197	2074.0534338289767
44329	2074.0534338289767
45461	2074.0534338289767
46591	2065.418007430944
47719	2065.418007430944
48846	2065.418007430944
49969	2065.418007430944
51096	2065.418007430944
52228	2065.418007430944
53361	2065.418007430944
54491	2065.418007430944
66094	1955.2454756675493
75529	1402.5765247695044
78885	1214.2502225531425
82353	1184.6098444892
88905	1184.6098430658858
90036	1184.6098430658858
91171	1184.6098430658858
92305	1184.6098430658858
93444	1184.6098430658858
94576	1184.6098430658858
95710	1184.6098430658858
96841	1184.6098430658858
97973	1184.6098430658858
99104	1184.6098430658858
100237	1184.6098430658858
101366	1184.6098430658858
102495	1184.6098430658858
103625	1184.6098430658858
104757	1184.6098430658858
105886	1184.6098430658858
107013	1184.6098430658858
108141	1184.6098430658858
109273	1184.6098430658858
112221	1115.9297909444022
117161	1115.929789349945
118295	1115.929789349945
119425	1115.929789349945
120554	1115.929789349945
121683	1115.929789349945
122811	1115.929789349945
123937	1115.929789349945
125065	1115.929789349945
126194	1115.929789349945
127327	1115.929789349945
128459	1115.929789349945
129588	1115.929789349945
130719	1115.929789349945
131852	1115.929789349945
132982	1115.929789349945
134111	1115.929789349945
135241	1115.929789349945
136372	1115.929789349945
137502	1115.929789349945
140757	1072.6315617353396
146817	1072.631561545039
147951	1072.631561545039
149083	1072.631561545039
150215	1072.631561545039
151341	1072.631561545039
152470	1072.631561545039
153598	1072.631561545039
154727	1072.631561545039
155856	1072.631561545039
156986	1072.631561545039
158122	1072.631561545039
159253	1072.631561545039
160383	1072.631561545039
161512	1072.631561545039
162642	1072.631561545039
163774	1072.631561545039
164906	1072.631561545039
166037	1072.631561545039
167173	1072.631561545039
172030	1072.631561545039
173164	1072.631561545039
174297	1072.631561545039
175433	1072.631561545039
176571	1072.631561545039
177706	1072.631561545039
178839	1072.631561545039
179974	1072.631561545039
181104	1072.631561545039
182235	1072.631561545039
183362	1072.631561545039
184490	1072.631561545039
185620	1072.631561545039
186752	1072.631561545039
187884	1072.631561545039
189018	1072.631561545039
190147	1072.631561545039
191273	1072.631561545039
192402	1072.631561545039
193528	1072.631561545039
197991	1072.631561545039
199123	1072.631561545039
200256	1072.631561545039
201389	1072.631561545039
202521	1072.631561545039
203652	1072.631561545039
204781	1072.631561545039
205912	1072.631561545039
207042	1072.631561545039
208169	1072.631561545039
209298	1072.631561545039
210432	1072.631561545039
211561	1072.631561545039
212690	1072.631561545039
213820	1072.631561545039
214952	1072.631561545039
216089	1072.631561545039
217227	1072.631561545039
218365	1072.631561545039
219502	1072.631561545039
223063	1007.9279656496791
226321	1000.3426642641153
231368	1000.3426641880749
232505	1000.3426641880749
233639	1000.3426641880749
234774	1000.3426641880749
235908	1000.3426641880749
237040	1000.3426641880749
238178	1000.3426641880749
239309	1000.3426641880749
240440	1000.3426641880749
241568	1000.3426641880749
242697	1000.3426641880749
243823	1000.3426641880749
244954	1000.3426641880749
246084	1000.3426641880749
247213	1000.3426641880749
248341	1000.3426641880749
249471	1000.3426641880749
250601	1000.3426641880749
251733	1000.3426641880749
252861	1000.3426641880749
253998	1000.3426641880749
255134	1000.3426641880749
256267	1000.3426641880749
257403	1000.3426641880749
258538	1000.3426641880749
259670	1000.3426641880749
260802	1000.3426641880749
261938	1000.3426641880749
266716	1000.3426641880749
267853	1000.3426641880749
268986	1000.3426641880749
270119	1000.3426641880749
271251	1000.3426641880749
272379	1000.3426641880749
273510	1000.3426641880749
274640	1000.3426641880749
275775	1000.3426641880749
276907	1000.3426641880749
281553	1000.3426641880749
282683	1000.3426641880749
283815	1000.3426641880749
284946	1000.3426641880749
286084	1000.3426641880749
287215	1000.3426641880749
288344	1000.3426641880749
289473	1000.3426641880749
290601	1000.3426641880749
291730	1000.3426641880749
292861	1000.3426641880749
294000	1000.3426641880749
295142	1000.3426641880749
296290	1000.3426641880749
297436	1000.3426641880749
298584	1000.3426641880749
299727	1000.3426641880749
300871	1000.3426641880749
302008	1000.3426641880749
303155	1000.3426641880749
306614	974.2351198520307
311470	974.2351198132183
312617	974.2351198132183
313754	974.2351198132183
314901	974.2351198132183
316039	974.2351198132183
317174	974.2351198132183
318317	974.2351198132183
319466	974.2351198132183
320615	974.2351198132183
321759	974.2351198132183
322897	974.2351198132183
324032	974.2351198132183
325175	974.2351198132183
326315	974.2351198132183
327458	974.2351198132183
328599	974.2351198132183
329747	974.2351198132183
330898	974.2351198132183
332040	974.2351198132183
336416	974.2351198132183
337558	974.2351198132183
338700	974.2351198132183
339847	974.2351198132183
340992	974.2351198132183
342138	974.2351198132183
343280	974.2351198132183
344431	974.2351198132183
345582	974.2351198132183
346733	974.2351198132183
347881	974.2351198132183
349029	974.2351198132183
350169	974.2351198132183
351314	974.2351198132183
352462	974.2351198132183
353611	974.2351198132183
354755	974.2351198132183
355909	974.2351198132183
357064	974.2351198132183
358212	974.2351198132183
362756	974.2351198132183
363910	974.2351198132183
365060	974.2351198132183
366218	974.2351198132183
367372	974.2351198132183
368532	974.2351198132183
369686	974.2351198132183
370843	974.2351198132183
372004	974.2351198132183
373150	974.2351198132183
374298	974.2351198132183
375446	974.2351198132183
376602	974.2351198132183
377757	974.2351198132183
378908	974.2351198132183
380057	974.2351198132183
381212	974.2351198132183
382362	974.2351198132183
383512	974.2351198132183
384674	974.2351198132183
388732	974.2351198132183
389887	974.2351198132183
391048	974.2351198132183
392209	974.2351198132183
393372	974.2351198132183
394535	974.2351198132183
395698	974.2351198132183
396860	974.2351198132183
398017	974.2351198132183
399171	974.2351198132183
400334	974.2351198132183
401492	974.2351198132183
402651	974.2351198132183
403808	974.2351198132183
404964	974.2351198132183
406121	974.2351198132183
407277	974.2351198132183
408438	974.2351198132183
409594	974.2351198132183
410751	974.2351198132183
414657	974.2351198132183
415821	974.2351198132183
416980	974.2351198132183
418135	974.2351198132183
419305	974.2351198132183
420455	974.2351198132183
421617	974.2351198132183
422774	974.2351198132183
423935	974.2351198132183
425102	974.2351198132183
426265	974.2351198132183
427423	974.2351198132183
428581	974.2351198132183
429735	974.2351198132183
430892	974.2351198132183
432044	974.2351198132183
433204	974.2351198132183
434363	974.2351198132183
435528	974.2351198132183
436693	974.2351198132183
440456	974.2351198132183
441623	974.2351198132183
442784	974.2351198132183
443943	974.2351198132183
445095	974.2351198132183
446256	974.2351198132183
447409	974.2351198132183
448569	974.2351198132183
449722	974.2351198132183
450879	974.2351198132183
454729	974.2351198132183
455887	974.2351198132183
457050	974.2351198132183
458210	974.2351198132183
459366	974.2351198132183
460522	974.2351198132183
461688	974.2351198132183
462854	974.2351198132183
464014	974.2351198132183
465189	974.2351198132183
466356	974.2351198132183
467522	974.2351198132183
468683	974.2351198132183
469866	974.2351198132183
471048	974.2351198132183
472212	974.2351198132183
473378	974.2351198132183
474538	974.2351198132183
475688	974.2351198132183
476850	974.2351198132183
480793	974.2351198132183
481950	974.2351198132183
483115	974.2351198132183
484277	974.2351198132183
485439	974.2351198132183
486598	974.2351198132183
487753	974.2351198132183
488916	974.2351198132183
490077	974.2351198132183
491242	974.2351198132183
492406	974.2351198132183
493569	974.2351198132183
494736	974.2351198132183
495898	974.2351198132183
497071	974.2351198132183
498238	974.2351198132183
499405	974.2351198132183
500567	974.2351198132183
501729	974.2351198132183
502887	974.2351198132183
506507	974.2351198132183
507666	974.2351198132183
508833	974.2351198132183
510000	974.2351198132183
511157	974.2351198132183
512322	974.2351198132183
513490	974.2351198132183
514653	974.2351198132183
515813	974.2351198132183
516974	974.2351198132183
518136	974.2351198132183
519294	974.2351198132183
520460	974.2351198132183
521630	974.2351198132183
522790	974.2351198132183
523960	974.2351198132183
525122	974.2351198132183
526288	974.2351198132183
527455	974.2351198132183
528619	974.2351198132183
532262	974.2351198132183
533424	974.2351198132183
534587	974.2351198132183
535750	974.2351198132183
536912	974.2351198132183
538071	974.2351198132183
539236	974.2351198132183
540402	974.2351198132183
541556	974.2351198132183
542712	974.2351198132183
543876	974.2351198132183
545049	974.2351198132183
546211	974.2351198132183
547375	974.2351198132183
548536	974.2351198132183
549695	974.2351198132183
550860	974.2351198132183
552018	974.2351198132183
553184	974.2351198132183
554345	974.2351198132183
557995	974.2351198132183
559155	974.2351198132183
560318	974.2351198132183
561477	974.2351198132183
562638	974.2351198132183
563799	974.2351198132183
564965	974.2351198132183
566129	974.2351198132183
567299	974.2351198132183
568458	974.2351198132183
573251	974.2351198132183
574418	974.2351198132183
575578	974.2351198132183
576744	974.2351198132183
577917	974.2351198132183
579082	974.2351198132183
580245	974.2351198132183
581416	974.2351198132183
582576	974.2351198132183
583737	974.2351198132183
584907	974.2351198132183
586059	974.2351198132183
587222	974.2351198132183
588382	974.2351198132183
589544	974.2351198132183
590710	974.2351198132183
591873	974.2351198132183
593043	974.2351198132183
594204	974.2351198132183
595363	974.2351198132183
599933	974.2351198132183
601096	974.2351198132183
602253	974.2351198132183
603409	974.2351198132183
604567	974.2351198132183
605726	974.2351198132183
606883	974.2351198132183
608043	974.2351198132183
609207	974.2351198132183
610363	974.2351198132183
611521	974.2351198132183
612679	974.2351198132183
613837	974.2351198132183
614996	974.2351198132183
616153	974.2351198132183
617314	974.2351198132183
618469	974.2351198132183
619631	974.2351198132183
620797	974.2351198132183
621962	974.2351198132183
625252	965.3458870539029
630425	965.3458869268619
631587	965.3458869268619
632742	965.3458869268619
633903	965.3458869268619
635063	965.3458869268619
636218	965.3458869268619
637381	965.3458869268619
638545	965.3458869268619
639709	965.3458869268619
640868	965.3458869268619
642024	965.3458869268619
643187	965.3458869268619
644352	965.3458869268619
645514	965.3458869268619
646669	965.3458869268619
647832	965.3458869268619
648989	965.3458869268619
650152	965.3458869268619
651318	965.3458869268619
656235	965.3458869268619
657402	965.3458869268619
658565	965.3458869268619
659736	965.3458869268619
660898	965.3458869268619
662056	965.3458869268619
663227	965.3458869268619
664391	965.3458869268619
665564	965.3458869268619
666739	965.3458869268619
667914	965.3458869268619
669086	965.3458869268619
670251	965.3458869268619
671420	965.3458869268619
672586	965.3458869268619
673759	965.3458869268619
674920	965.3458869268619
676088	965.3458869268619
677261	965.3458869268619
678421	965.3458869268619
683302	965.3458869268619
684480	965.3458869268619
685652	965.3458869268619
686821	965.3458869268619
687991	965.3458869268619
689160	965.3458869268619
690325	965.3458869268619
691493	965.3458869268619
692671	965.3458869268619
693828	965.3458869268619
694997	965.3458869268619
696173	965.3458869268619
697337	965.3458869268619
698505	965.3458869268619
699676	965.3458869268619
700847	965.3458869268619
702013	965.3458869268619
703187	965.3458869268619
704348	965.3458869268619
705514	965.3458869268619
710389	965.3458869268619
711561	965.3458869268619
712729	965.3458869268619
713900	965.3458869268619
715073	965.3458869268619
716233	965.3458869268619
717400	965.3458869268619
718571	965.3458869268619
719745	965.3458869268619
720912	965.3458869268619
722087	965.3458869268619
723256	965.3458869268619
724426	965.3458869268619
725594	965.3458869268619
726762	965.3458869268619
727935	965.3458869268619
729103	965.3458869268619
730277	965.3458869268619
731442	965.3458869268619
732616	965.3458869268619
737696	965.3458869268619
738864	965.3458869268619
740030	965.3458869268619
741193	965.3458869268619
742364	965.3458869268619
743531	965.3458869268619
744707	965.3458869268619
745876	965.3458869268619
747048	965.3458869268619
748219	965.3458869268619
749383	965.3458869268619
750555	965.3458869268619
751727	965.3458869268619
752904	965.3458869268619
754073	965.3458869268619
755248	965.3458869268619
756425	965.3458869268619
757599	965.3458869268619
758781	965.3458869268619
759956	965.3458869268619
764824	965.3458869268619
765996	965.3458869268619
767175	965.3458869268619
768353	965.3458869268619
769542	965.3458869268619
770727	965.3458869268619
771904	965.3458869268619
773076	965.3458869268619
774247	965.3458869268619
775417	965.3458869268619
780001	965.3458869268619
781177	965.3458869268619
782344	965.3458869268619
783511	965.3458869268619
784685	965.3458869268619
785848	965.3458869268619
787022	965.3458869268619
788192	965.3458869268619
789363	965.3458869268619
790533	965.3458869268619
791705	965.3458869268619
792874	965.3458869268619
794034	965.3458869268619
795201	965.3458869268619
796376	965.3458869268619
797547	965.3458869268619
798720	965.3458869268619
799887	965.3458869268619
801061	965.3458869268619
802237	965.3458869268619
806938	965.3458869268619
808115	965.3458869268619
809291	965.3458869268619
810459	965.3458869268619
811636	965.3458869268619
812799	965.3458869268619
813976	965.3458869268619
815153	965.3458869268619
816336	965.3458869268619
817504	965.3458869268619
818669	965.3458869268619
819847	965.3458869268619
821014	965.3458869268619
822186	965.3458869268619
823355	965.3458869268619
824518	965.3458869268619
825683	965.3458869268619
826850	965.3458869268619
828016	965.3458869268619
829190	965.3458869268619
833949	965.3458869268619
835127	965.3458869268619
836296	965.3458869268619
837463	965.3458869268619
838630	965.3458869268619
839802	965.3458869268619
840974	965.3458869268619
842148	965.3458869268619
843314	965.3458869268619
844481	965.3458869268619
845657	965.3458869268619
846825	965.3458869268619
847989	965.3458869268619
849158	965.3458869268619
850333	965.3458869268619
851501	965.3458869268619
852677	965.3458869268619
853847	965.3458869268619
855009	965.3458869268619
856176	965.3458869268619
861021	965.3458869268619
862180	965.3458869268619
863346	965.3458869268619
864511	965.3458869268619
865679	965.3458869268619
866849	965.3458869268619
868017	965.3458869268619
869181	965.3458869268619
870347	965.3458869268619
871516	965.3458869268619
872689	965.3458869268619
873876	965.3458869268619
875057	965.3458869268619
876224	965.3458869268619
877398	965.3458869268619
878570	965.3458869268619
879739	965.3458869268619
880924	965.3458869268619
882102	965.3458869268619
883273	965.3458869268619
887762	965.3458869268619
888939	965.3458869268619
890110	965.3458869268619
891286	965.3458869268619
892458	965.3458869268619
893636	965.3458869268619
894813	965.3458869268619
895994	965.3458869268619
897165	965.3458869268619
898321	965.3458869268619
903110	965.3458869268619
904268	965.3458869268619
905422	965.3458869268619
906587	965.3458869268619
907752	965.3458869268619
908927	965.3458869268619
910098	965.3458869268619
911268	965.3458869268619
912449	965.3458869268619
913628	965.3458869268619
914808	965.3458869268619
915993	965.3458869268619
917169	965.3458869268619
918346	965.3458869268619
919517	965.3458869268619
920699	965.3458869268619
921876	965.3458869268619
923054	965.3458869268619
924226	965.3458869268619
925398	965.3458869268619
930164	965.3458869268619
931337	965.3458869268619
932507	965.3458869268619
933690	965.3458869268619
934864	965.3458869268619
936035	965.3458869268619
937213	965.3458869268619
938391	965.3458869268619
939566	965.3458869268619
940740	965.3458869268619
941911	965.3458869268619
943077	965.3458869268619
944240	965.3458869268619
945401	965.3458869268619
946568	965.3458869268619
947730	965.3458869268619
948896	965.3458869268619
950062	965.3458869268619
951229	965.3458869268619
952410	965.3458869268619
957088	965.3458869268619
958262	965.3458869268619
959439	965.3458869268619
960627	965.3458869268619
961807	965.3458869268619
962990	965.3458869268619
964161	965.3458869268619
965331	965.3458869268619
966514	965.3458869268619
967695	965.3458869268619
968871	965.3458869268619
970050	965.3458869268619
971225	965.3458869268619
972399	965.3458869268619
973571	965.3458869268619
974741	965.3458869268619
975912	965.3458869268619
977083	965.3458869268619
978247	965.3458869268619
979413	965.3458869268619
984091	965.3458869268619
985256	965.3458869268619
986426	965.3458869268619
987605	965.3458869268619
988778	965.3458869268619
989954	965.3458869268619
991133	965.3458869268619
992304	965.3458869268619
993474	965.3458869268619
994644	965.3458869268619
995817	965.3458869268619
996987	965.3458869268619
998155	965.3458869268619
999329	965.3458869268619
1000499	965.3458869268619
