1000	11919.24570064701
2146	11284.833137382671
3293	9477.118407370905
4438	8342.969053581142
5585	7856.657253412644
6728	7447.909980012172
7871	6614.559400936535
9014	6359.326083791195
10156	5574.0655847570315
11297	5117.199172271799
12439	5117.199172271799
13581	4524.873374544102
14725	4476.7961981085155
15867	4459.755483175808
17010	4167.090467536371
18151	3978.89536221693
19291	3678.1837947386657
20432	3519.493337268859
21572	3483.689775461177
22713	3198.615523311554
23854	2963.050372310444
24996	2963.050372310444
26137	2824.270612327472
27276	2676.7469249857627
28417	2676.7469249857627
29557	2641.9611480605736
30700	2641.9611480605736
31840	2482.733178737512
32979	2408.4690679284663
34117	2408.4690679284663
35254	2396.7012584350136
36393	2320.241339069763
37528	2320.241339069763
38664	2273.263244459677
39799	2265.36908976413
40933	2235.926279531255
42067	2163.3093269296864
43197	2163.3093269296864
44328	2133.33415332196
45460	2133.33415332196
46595	2133.33415332196
47724	2133.33415332196
60004	1538.8653286415315
63559	1519.8648590023258
70400	1519.864858805216
71532	1519.864858805216
72662	1519.864858805216
73794	1519.864858805216
74925	1519.864858805216
76054	1519.864858805216
77184	1519.864858805216
78314	1519.864858805216
79444	1519.864858805216
80574	1519.864858805216
81702	1519.864858805216
82828	1519.864858805216
83956	1519.864858805216
85086	1519.864858805216
86211	1519.864858805216
87336	1519.864858805216
88461	1519.864858805216
89586	1519.864858805216
90713	1519.864858805216
91841	1519.864858805216
92972	1519.864858805216
94100	1519.864858805216
95233	1519.864858805216
96363	1519.864858805216
97489	1519.864858805216
98619	1519.864858805216
99750	1519.864858805216
102799	1389.0297241497015
106351	1329.7499324883936
110712	1301.4408837350152
118814	1301.4408836685284
119939	1301.4408836685284
121064	1301.4408836685284
122187	1301.4408836685284
123314	1301.4408836685284
124441	1301.4408836685284
125567	1301.4408836685284
126695	1301.4408836685284
127821	1301.4408836685284
128946	1301.4408836685284
130073	1301.4408836685284
131197	1301.4408836685284
132323	1301.4408836685284
133450	1301.4408836685284
134577	1301.4408836685284
135707	1301.4408836685284
136833	1301.4408836685284
137962	1301.4408836685284
139093	1301.4408836685284
140224	1301.4408836685284
141358	1301.4408836685284
142494	1301.4408836685284
143629	1301.4408836685284
144766	1301.4408836685284
145902	1301.4408836685284
147038	1301.4408836685284
148175	1301.4408836685284
154957	1301.4408836685284
156092	1301.4408836685284
157226	1301.4408836685284
158359	1301.4408836685284
159492	1301.4408836685284
160627	1301.4408836685284
161760	1301.4408836685284
162893	1301.4408836685284
164025	1301.4408836685284
165160	1301.4408836685284
168517	1273.6224909823577
176522	1273.6224908966437
177658	1273.6224908966437
178794	1273.6224908966437
179928	1273.6224908966437
181060	1273.6224908966437
182191	1273.6224908966437
183319	1273.6224908966437
184447	1273.6224908966437
185579	1273.6224908966437
186707	1273.6224908966437
187837	1273.6224908966437
188967	1273.6224908966437
190097	1273.6224908966437
191226	1273.6224908966437
192353	1273.6224908966437
193484	1273.6224908966437
194614	1273.6224908966437
195742	1273.6224908966437
196869	1273.6224908966437
204483	1273.6224908966437
205611	1273.6224908966437
206741	1273.6224908966437
207869	1273.6224908966437
208997	1273.6224908966437
210125	1273.6224908966437
211252	1273.6224908966437
212380	1273.6224908966437
213509	1273.6224908966437
214636	1273.6224908966437
215768	1273.6224908966437
216898	1273.6224908966437
218030	1273.6224908966437
219162	1273.6224908966437
220295	1273.6224908966437
221430	1273.6224908966437
222564	1273.6224908966437
223699	1273.6224908966437
224837	1273.6224908966437
225975	1273.6224908966437
233699	1273.6224908966437
234835	1273.6224908966437
235973	1273.6224908966437
237108	1273.6224908966437
238242	1273.6224908966437
239375	1273.6224908966437
240511	1273.6224908966437
241643	1273.6224908966437
242774	1273.6224908966437
243910	1273.6224908966437
245040	1273.6224908966437
246173	1273.6224908966437
247308	1273.6224908966437
248443	1273.6224908966437
249575	1273.6224908966437
250707	1273.6224908966437
251840	1273.6224908966437
252971	1273.6224908966437
254103	1273.6224908966437
255233	1273.6224908966437
259717	1273.6224908966437
260841	1273.6224908966437
261967	1273.6224908966437
263093	1273.6224908966437
264221	1273.6224908966437
265352	1273.6224908966437
266481	1273.6224908966437
267606	1273.6224908966437
268733	1273.6224908966437
269863	1273.6224908966437
270994	1273.6224908966437
272124	1273.6224908966437
273256	1273.6224908966437
274389	1273.6224908966437
275521	1273.6224908966437
276651	1273.6224908966437
277783	1273.6224908966437
278914	1273.6224908966437
280041	1273.6224908966437
281169	1273.6224908966437
284620	1264.1063638867806
288579	1204.3878946610248
293734	1204.387893931999
294864	1204.387893931999
295991	1204.387893931999
297123	1204.387893931999
298254	1204.387893931999
299384	1204.387893931999
300513	1204.387893931999
301645	1204.387893931999
302774	1204.387893931999
303902	1204.387893931999
305030	1204.387893931999
306160	1204.387893931999
307290	1204.387893931999
308418	1204.387893931999
309547	1204.387893931999
310678	1204.387893931999
311807	1204.387893931999
312937	1204.387893931999
314065	1204.387893931999
315196	1204.387893931999
316329	1204.387893931999
317460	1204.387893931999
318593	1204.387893931999
319727	1204.387893931999
320860	1204.387893931999
321993	1204.387893931999
323126	1204.387893931999
324259	1204.387893931999
331921	1204.387893931999
333054	1204.387893931999
334188	1204.387893931999
335317	1204.387893931999
336445	1204.387893931999
337576	1204.387893931999
338708	1204.387893931999
339839	1204.387893931999
340972	1204.387893931999
342106	1204.387893931999
348346	1204.387893931999
349479	1204.387893931999
350612	1204.387893931999
351746	1204.387893931999
352883	1204.387893931999
354020	1204.387893931999
355154	1204.387893931999
356287	1204.387893931999
357420	1204.387893931999
358551	1204.387893931999
359683	1204.387893931999
360815	1204.387893931999
361947	1204.387893931999
363078	1204.387893931999
364209	1204.387893931999
365338	1204.387893931999
366467	1204.387893931999
367595	1204.387893931999
368726	1204.387893931999
369856	1204.387893931999
373312	1197.5605082551858
381231	1197.5605078467831
382359	1197.5605078467831
383487	1197.5605078467831
384615	1197.5605078467831
385747	1197.5605078467831
386876	1197.5605078467831
388007	1197.5605078467831
389137	1197.5605078467831
390267	1197.5605078467831
391397	1197.5605078467831
392525	1197.5605078467831
393654	1197.5605078467831
394784	1197.5605078467831
395916	1197.5605078467831
397047	1197.5605078467831
398178	1197.5605078467831
399308	1197.5605078467831
400442	1197.5605078467831
401576	1197.5605078467831
406363	1197.5605078467831
407499	1197.5605078467831
408632	1197.5605078467831
409763	1197.5605078467831
410898	1197.5605078467831
412031	1197.5605078467831
413167	1197.5605078467831
414303	1197.5605078467831
415438	1197.5605078467831
416570	1197.5605078467831
417705	1197.5605078467831
418839	1197.5605078467831
419973	1197.5605078467831
421106	1197.5605078467831
422241	1197.5605078467831
423375	1197.5605078467831
424509	1197.5605078467831
425642	1197.5605078467831
426773	1197.5605078467831
427908	1197.5605078467831
436699	1197.5605078467831
437831	1197.5605078467831
438962	1197.5605078467831
440093	1197.5605078467831
441223	1197.5605078467831
442352	1197.5605078467831
443482	1197.5605078467831
444610	1197.5605078467831
445742	1197.5605078467831
446872	1197.5605078467831
448001	1197.5605078467831
449133	1197.5605078467831
450261	1197.5605078467831
451391	1197.5605078467831
452519	1197.5605078467831
453646	1197.5605078467831
454777	1197.5605078467831
455908	1197.5605078467831
457038	1197.5605078467831
458170	1197.5605078467831
464294	1197.5605078467831
465429	1197.5605078467831
466566	1197.5605078467831
467705	1197.5605078467831
468842	1197.5605078467831
469977	1197.5605078467831
471111	1197.5605078467831
472246	1197.5605078467831
473380	1197.5605078467831
474511	1197.5605078467831
475644	1197.5605078467831
476777	1197.5605078467831
477907	1197.5605078467831
479037	1197.5605078467831
480168	1197.5605078467831
481300	1197.5605078467831
482433	1197.5605078467831
483566	1197.5605078467831
484698	1197.5605078467831
485832	1197.5605078467831
495454	1197.5605078467831
496583	1197.5605078467831
497713	1197.5605078467831
498841	1197.5605078467831
499976	1197.5605078467831
501107	1197.5605078467831
502238	1197.5605078467831
503370	1197.5605078467831
504503	1197.5605078467831
505636	1197.5605078467831
506768	1197.5605078467831
507897	1197.5605078467831
509027	1197.5605078467831
510156	1197.5605078467831
511287	1197.5605078467831
512418	1197.5605078467831
513546	1197.5605078467831
514674	1197.5605078467831
515805	1197.5605078467831
516938	1197.5605078467831
524898	1197.5605078467831
526027	1197.5605078467831
527157	1197.5605078467831
528288	1197.5605078467831
529416	1197.5605078467831
530545	1197.5605078467831
531677	1197.5605078467831
532805	1197.5605078467831
533933	1197.5605078467831
535062	1197.5605078467831
542013	1197.5605078467831
543143	1197.5605078467831
544273	1197.5605078467831
545406	1197.5605078467831
546539	1197.5605078467831
547673	1197.5605078467831
548805	1197.5605078467831
549936	1197.5605078467831
551070	1197.5605078467831
552201	1197.5605078467831
553336	1197.5605078467831
554470	1197.5605078467831
555602	1197.5605078467831
556738	1197.5605078467831
557872	1197.5605078467831
559009	1197.5605078467831
560143	1197.5605078467831
561278	1197.5605078467831
562412	1197.5605078467831
563544	1197.5605078467831
571420	1197.5605078467831
572552	1197.5605078467831
573682	1197.5605078467831
574814	1197.5605078467831
575946	1197.5605078467831
577077	1197.5605078467831
578212	1197.5605078467831
579344	1197.5605078467831
580475	1197.5605078467831
581606	1197.5605078467831
582738	1197.5605078467831
583869	1197.5605078467831
584999	1197.5605078467831
586127	1197.5605078467831
587260	1197.5605078467831
588391	1197.5605078467831
589522	1197.5605078467831
590652	1197.5605078467831
591780	1197.5605078467831
592909	1197.5605078467831
597550	1197.5605078467831
598682	1197.5605078467831
599812	1197.5605078467831
600940	1197.5605078467831
602070	1197.5605078467831
603199	1197.5605078467831
604327	1197.5605078467831
605457	1197.5605078467831
606589	1197.5605078467831
607716	1197.5605078467831
608845	1197.5605078467831
609976	1197.5605078467831
611106	1197.5605078467831
612237	1197.5605078467831
613370	1197.5605078467831
614503	1197.5605078467831
615636	1197.5605078467831
616771	1197.5605078467831
617905	1197.5605078467831
619037	1197.5605078467831
626669	1197.5605078467831
627798	1197.5605078467831
628930	1197.5605078467831
630061	1197.5605078467831
631190	1197.5605078467831
632322	1197.5605078467831
633453	1197.5605078467831
634583	1197.5605078467831
635715	1197.5605078467831
636849	1197.5605078467831
637985	1197.5605078467831
639121	1197.5605078467831
640256	1197.5605078467831
641390	1197.5605078467831
642525	1197.5605078467831
643662	1197.5605078467831
644795	1197.5605078467831
645929	1197.5605078467831
647061	1197.5605078467831
648192	1197.5605078467831
654241	1197.5605078467831
655374	1197.5605078467831
656507	1197.5605078467831
657638	1197.5605078467831
658770	1197.5605078467831
659899	1197.5605078467831
661032	1197.5605078467831
662164	1197.5605078467831
663297	1197.5605078467831
664427	1197.5605078467831
670817	1197.5605078467831
671946	1197.5605078467831
673076	1197.5605078467831
674204	1197.5605078467831
675335	1197.5605078467831
676466	1197.5605078467831
677594	1197.5605078467831
678721	1197.5605078467831
679848	1197.5605078467831
680980	1197.5605078467831
682113	1197.5605078467831
683245	1197.5605078467831
684375	1197.5605078467831
685505	1197.5605078467831
686635	1197.5605078467831
687767	1197.5605078467831
688900	1197.5605078467831
690032	1197.5605078467831
691164	1197.5605078467831
692296	1197.5605078467831
698736	1197.5605078467831
699870	1197.5605078467831
701003	1197.5605078467831
702136	1197.5605078467831
703268	1197.5605078467831
704401	1197.5605078467831
705533	1197.5605078467831
706665	1197.5605078467831
707799	1197.5605078467831
708929	1197.5605078467831
710060	1197.5605078467831
711193	1197.5605078467831
712325	1197.5605078467831
713458	1197.5605078467831
714594	1197.5605078467831
715727	1197.5605078467831
716861	1197.5605078467831
717995	1197.5605078467831
719130	1197.5605078467831
720263	1197.5605078467831
729400	1197.5605078467831
730531	1197.5605078467831
731662	1197.5605078467831
732789	1197.5605078467831
733916	1197.5605078467831
735043	1197.5605078467831
736170	1197.5605078467831
737297	1197.5605078467831
738424	1197.5605078467831
739553	1197.5605078467831
740681	1197.5605078467831
741811	1197.5605078467831
742942	1197.5605078467831
744074	1197.5605078467831
745207	1197.5605078467831
746341	1197.5605078467831
747474	1197.5605078467831
748605	1197.5605078467831
749734	1197.5605078467831
750865	1197.5605078467831
758572	1197.5605078467831
759702	1197.5605078467831
760835	1197.5605078467831
761966	1197.5605078467831
763103	1197.5605078467831
764236	1197.5605078467831
765370	1197.5605078467831
766502	1197.5605078467831
767635	1197.5605078467831
768768	1197.5605078467831
769902	1197.5605078467831
771036	1197.5605078467831
772171	1197.5605078467831
773303	1197.5605078467831
774437	1197.5605078467831
775570	1197.5605078467831
776703	1197.5605078467831
777834	1197.5605078467831
778967	1197.5605078467831
780098	1197.5605078467831
789878	1197.5605078467831
791007	1197.5605078467831
792139	1197.5605078467831
793270	1197.5605078467831
794400	1197.5605078467831
795533	1197.5605078467831
796668	1197.5605078467831
797800	1197.5605078467831
798930	1197.5605078467831
800061	1197.5605078467831
807736	1197.5605078467831
808866	1197.5605078467831
809996	1197.5605078467831
811127	1197.5605078467831
812257	1197.5605078467831
813387	1197.5605078467831
814517	1197.5605078467831
815650	1197.5605078467831
816781	1197.5605078467831
817917	1197.5605078467831
819053	1197.5605078467831
820190	1197.5605078467831
821326	1197.5605078467831
822461	1197.5605078467831
823595	1197.5605078467831
824729	1197.5605078467831
825865	1197.5605078467831
827000	1197.5605078467831
828133	1197.5605078467831
829265	1197.5605078467831
838641	1197.5605078467831
839772	1197.5605078467831
840900	1197.5605078467831
842031	1197.5605078467831
843163	1197.5605078467831
844295	1197.5605078467831
845426	1197.5605078467831
846555	1197.5605078467831
847689	1197.5605078467831
848819	1197.5605078467831
849954	1197.5605078467831
851087	1197.5605078467831
852221	1197.5605078467831
853354	1197.5605078467831
854485	1197.5605078467831
855618	1197.5605078467831
856748	1197.5605078467831
857883	1197.5605078467831
859011	1197.5605078467831
860141	1197.5605078467831
866465	1197.5605078467831
867593	1197.5605078467831
868721	1197.5605078467831
869849	1197.5605078467831
870975	1197.5605078467831
872102	1197.5605078467831
873232	1197.5605078467831
874360	1197.5605078467831
875490	1197.5605078467831
876622	1197.5605078467831
877756	1197.5605078467831
878891	1197.5605078467831
880025	1197.5605078467831
881160	1197.5605078467831
882300	1197.5605078467831
883436	1197.5605078467831
884572	1197.5605078467831
885706	1197.5605078467831
886842	1197.5605078467831
887976	1197.5605078467831
894139	1197.5605078467831
895272	1197.5605078467831
896403	1197.5605078467831
897536	1197.5605078467831
898671	1197.5605078467831
899804	1197.5605078467831
900937	1197.5605078467831
902071	1197.5605078467831
903203	1197.5605078467831
904338	1197.5605078467831
905472	1197.5605078467831
906605	1197.5605078467831
907738	1197.5605078467831
908871	1197.5605078467831
910002	1197.5605078467831
911133	1197.5605078467831
912265	1197.5605078467831
913394	1197.5605078467831
914526	1197.5605078467831
915655	1197.5605078467831
920190	1197.5605078467831
921320	1197.5605078467831
922452	1197.5605078467831
923578	1197.5605078467831
924708	1197.5605078467831
925837	1197.5605078467831
926965	1197.5605078467831
928095	1197.5605078467831
929227	1197.5605078467831
930355	1197.5605078467831
936890	1197.5605078467831
938020	1197.5605078467831
939148	1197.5605078467831
940273	1197.5605078467831
941401	1197.5605078467831
942530	1197.5605078467831
943658	1197.5605078467831
944785	1197.5605078467831
945913	1197.5605078467831
947044	1197.5605078467831
948175	1197.5605078467831
949307	1197.5605078467831
950442	1197.5605078467831
951578	1197.5605078467831
952711	1197.5605078467831
953846	1197.5605078467831
954980	1197.5605078467831
956114	1197.5605078467831
957246	1197.5605078467831
958379	1197.5605078467831
963645	1197.5605078467831
964778	1197.5605078467831
965912	1197.5605078467831
967043	1197.5605078467831
968170	1197.5605078467831
969302	1197.5605078467831
970436	1197.5605078467831
971568	1197.5605078467831
972703	1197.5605078467831
973836	1197.5605078467831
974969	1197.5605078467831
976102	1197.5605078467831
977235	1197.5605078467831
978367	1197.5605078467831
979501	1197.5605078467831
980630	1197.5605078467831
981762	1197.5605078467831
982890	1197.5605078467831
984019	1197.5605078467831
985148	1197.5605078467831
989582	1197.5605078467831
990710	1197.5605078467831
991839	1197.5605078467831
992969	1197.5605078467831
994100	1197.5605078467831
995231	1197.5605078467831
996363	1197.5605078467831
997492	1197.5605078467831
998623	1197.5605078467831
999754	1197.5605078467831
1000885	1197.5605078467831
