12.132321753383607	66.13801536106425	-24.816012134032974	-30.934716895633187	-41.951444373603344	-72.8203732676975	50.20984211828238	15.058758196290768	31.192822298268084	58.14426212237004	-12.67357526009907	-5.170899681276481	2.3318479172998394	-49.044928205478385	79.56407493341288	51.333519634433145	-44.730374053784416	-52.90227491091875	71.23584897996827	-48.03468637274819	-12.558139133135299	-54.97519590596549	-2.8347290005263517	-71.75104784374106	-37.486516775058206	-81.08182640100605	26.05677782181435	24.494753790406108	-45.498347196790775	77.4713011346933	
17.16917965195446	-38.69217540981719	7.626844202266863	-100.0	-78.43727041148844	-41.91047474790881	0.21821211343092273	1.1495466660494849	-14.692343059728833	5.632194133267749	-48.03829361630305	-54.99636940708143	92.02015768620163	-8.12877492710978	9.342555130300797	70.27671690825338	-42.222114767787666	-84.1220100041218	0.47409121426442136	9.223227242098424	26.436396819500285	30.07560069679326	100.0	76.21095035464208	-46.85315715481255	-8.097915143298767	25.307745577676673	-19.548322449913332	-71.9091261366407	35.034403377967394	
56.279806140221055	0.7160450674855525	-56.29587972818848	-16.355246994791628	-33.5661785493115	33.58484460858331	84.96034841033381	-30.017838451885716	31.96591499335235	-23.598831445687175	-65.87676449856781	-31.202347924491047	31.380699265224095	25.257599608045766	-63.08238302740562	-8.383289468777438	-20.84518531043927	-31.312091325416375	-5.6076236121028415	-34.53815428641005	12.62186228915074	-38.26694615252393	-10.18060803532046	-73.1964995964003	-34.91386790881141	9.38991259277425	47.494545914024314	-9.268858801555835	-45.55182494041217	40.90346749961771	
-9.684820677297072	-83.45287957070222	-24.213676279305233	5.661910120181045	-37.577501897362076	-48.314275455471694	-62.82951236009343	-21.632802463232693	0.7012372799016546	-24.691597185523513	-81.90055811892967	53.41958318498503	0.6124917845741216	10.378595976754543	-45.99210547916477	-2.8235591182920707	-51.91504302163969	-9.957106580275578	62.97093352869175	-16.142085583016932	-32.952907838099826	-59.93012004630893	-17.724655175885655	39.66507955452916	-46.33089038787888	3.37199380806741	49.67192287732905	-7.638781411714939	2.687201791460808	48.80815179903928	
-2.362273292241955	-55.57120572418286	-9.3968973507125	5.953340088921426	-48.348690409994816	-55.80916915052133	-28.819232142839752	-26.20278883094871	-0.22610811115618334	-12.269244889976491	-85.9550375101344	38.00302394813497	-21.408110749028694	-3.975685898472791	-44.22703714673695	-18.803555578393375	-54.93810527156532	-0.7163991792196995	66.12578084865346	-14.616958729165946	-21.491890768567274	-57.88503041606839	-9.145137889335519	36.97747651122098	-48.332964475740035	-4.513547192921422	45.47460185849085	-13.806525130721864	0.2980487745459266	51.057362610425216	
24.147100354502474	-51.74414630353296	57.28218944371266	-38.31637721778684	-41.596707160984465	0.582336790038994	17.271141615028846	21.342324903991404	-39.730942877352625	38.66458086397934	-72.13440967657907	25.44067384728645	88.63860403549697	2.5431105139400403	-7.509119925749424	8.291071460133942	-35.973643703741196	-46.319263186177295	45.85968864695954	-28.65213866546005	2.6444579705766422	39.36942211958518	-5.24712412814477	16.960292390138683	-51.11976619340578	-7.816033472721287	29.116560553114404	-12.0772286226915	-33.94043306117794	58.52853455652807	
24.147100354502474	-51.74414630353296	57.28218944371266	-38.31637721778684	-41.596707160984465	0.582336790038994	17.271141615028846	21.342324903991404	-39.730942877352625	38.66458086397934	-72.13440967657907	25.44067384728645	88.63860403549697	2.5431105139400403	-7.509119925749424	8.291071460133942	-35.973643703741196	-46.319263186177295	45.85968864695954	-28.65213866546005	2.6444579705766422	39.36942211958518	-5.24712412814477	16.960292390138683	-51.11976619340578	-7.816033472721287	29.116560553114404	-12.0772286226915	-33.94043306117794	58.52853455652807	
65.86576615810822	-36.03302389373929	-5.732450301249329	-26.991484854868023	-57.840062790076104	5.355691167196527	13.693151985817387	15.474636415391542	-18.31273094361012	-0.976874465303057	-66.4254120263492	36.476903215963084	83.88506210672516	-26.665228144216194	5.040452928442792	6.859133844101299	-32.216232706145604	-21.417855202983006	44.01769338451015	-23.231437251624964	-8.118850802050567	23.4303582330824	1.7774640909962836	11.59965823160578	-41.19362126965366	-17.30368971214837	34.4632732441651	-8.9283121747434	-21.352259114220693	72.29416257729216	
42.55073086109443	-68.95894104327559	-16.57068266191817	-37.62418278671279	-32.59463203526219	-5.807873346182433	15.618201628126432	15.725295894271083	-35.70327013719025	-0.4253828960636614	-46.07536245189601	19.048386833462143	80.70464393762163	9.248410602281766	19.222207901356423	5.21412773491466	-32.67105768690669	-36.201709827038805	41.59462354459541	-13.86909988079802	-29.704036993104218	-7.495216231099384	-18.963682323183093	25.058843308135692	-43.41045002940806	-19.244575949625837	52.39108584779657	-8.630471825266543	-7.8411577315636904	43.09324258382733	
-7.264923262743155	-27.691896968143904	-22.285502356559363	-29.33236990385954	-38.26688595119074	-52.463697289837945	39.24302106420888	8.402062969794592	-28.134771646831858	56.452851401676725	-52.73660405121553	-3.465641568959164	54.83448828786355	0.6756800233576994	-43.64507503787415	8.383228905819694	-40.292640672430856	-40.63762882152747	65.36588919277415	-48.63777038746882	-18.812585020880775	-35.818776959268995	-32.40467358513727	-43.87900973459601	-37.657445147680484	-7.373476426241668	38.28994517166101	6.239534405954494	-49.881525195027	51.92155610200153	
