1000	1183365.9024108155
2156	988841.8418379546
3301	786341.4516768556
4435	786341.4516768556
5564	543910.4814709341
6692	515418.60457474244
7823	515418.60457474244
8952	515418.60457474244
10077	515418.60457474244
11200	515418.60457474244
12324	515418.60457474244
13453	515418.60457474244
14577	515418.60457474244
15699	515418.60457474244
16823	515418.60457474244
17948	515418.60457474244
19074	515418.60457474244
20200	515418.60457474244
21324	515418.60457474244
22447	515418.60457474244
23570	515418.60457474244
24694	515418.60457474244
25818	515418.60457474244
26945	515418.60457474244
28069	467425.9112082933
29193	467425.9112082933
30323	467425.9112082933
31455	467425.9112082933
32588	467425.9112082933
33721	452784.4497318354
34851	452784.4497318354
35978	452784.4497318354
37106	452784.4497318354
38235	452784.4497318354
39362	452784.4497318354
40489	452784.4497318354
41617	452784.4497318354
42745	452784.4497318354
43875	452784.4497318354
45004	452784.4497318354
46132	452784.4497318354
47260	452784.4497318354
48386	452784.4497318354
49510	452784.4497318354
50638	452784.4497318354
51769	452784.4497318354
52899	452784.4497318354
54027	452784.4497318354
55154	452784.4497318354
56283	452784.4497318354
272457	395.99310223944326
400245	300.000313323671
401369	300.000313323671
402493	300.000313323671
403617	300.000313323671
404740	300.000313323671
405867	300.000313323671
406993	300.000313323671
408120	300.000313323671
409247	300.000313323671
410373	300.000313323671
411500	300.000313323671
412625	300.000313323671
413750	300.000313323671
414877	300.000313323671
416002	300.000313323671
417127	300.000313323671
418255	300.000313323671
419384	300.000313323671
420510	300.000313323671
421640	300.000313323671
537819	300.000313323671
538951	300.000313323671
540080	300.000313323671
541212	300.000313323671
542339	300.000313323671
543467	300.000313323671
544591	300.000313323671
545718	300.000313323671
546843	300.000313323671
547967	300.000313323671
549095	300.000313323671
550222	300.000313323671
551346	300.000313323671
552470	300.000313323671
553595	300.000313323671
554723	300.000313323671
555855	300.000313323671
556981	300.000313323671
558108	300.000313323671
559236	300.000313323671
675411	300.000313323671
676541	300.000313323671
677671	300.000313323671
678797	300.000313323671
679921	300.000313323671
681048	300.000313323671
682177	300.000313323671
683306	300.000313323671
684432	300.000313323671
685558	300.000313323671
686686	300.000313323671
687817	300.000313323671
688950	300.000313323671
690080	300.000313323671
691206	300.000313323671
692329	300.000313323671
693454	300.000313323671
694579	300.000313323671
695704	300.000313323671
696832	300.000313323671
813007	300.000313323671
814133	300.000313323671
815260	300.000313323671
816388	300.000313323671
817514	300.000313323671
818642	300.000313323671
819768	300.000313323671
820893	300.000313323671
822021	300.000313323671
823151	300.000313323671
824278	300.000313323671
825407	300.000313323671
826534	300.000313323671
827659	300.000313323671
828784	300.000313323671
829911	300.000313323671
831038	300.000313323671
832167	300.000313323671
833293	300.000313323671
834418	300.000313323671
950595	300.000313323671
951724	300.000313323671
952854	300.000313323671
953982	300.000313323671
955109	300.000313323671
956238	300.000313323671
957367	300.000313323671
958494	300.000313323671
959620	300.000313323671
960745	300.000313323671
961872	300.000313323671
963000	300.000313323671
964127	300.000313323671
965256	300.000313323671
966382	300.000313323671
967510	300.000313323671
968636	300.000313323671
969765	300.000313323671
970892	300.000313323671
972021	300.000313323671
987387	300.0000621580617
1104167	300.0000620839408
