1000	915730.4975591216
2155	574028.1866734516
3296	548661.1948613499
4431	548661.1948613499
5560	548661.1948613499
6686	488315.23180407105
7814	488315.23180407105
8939	488315.23180407105
10064	488315.23180407105
11189	488315.23180407105
12315	488315.23180407105
13440	488315.23180407105
14566	488315.23180407105
15688	488315.23180407105
16811	488315.23180407105
17936	488315.23180407105
19059	488315.23180407105
20184	488315.23180407105
21307	488315.23180407105
22429	488315.23180407105
23554	421310.04185577267
24678	421310.04185577267
25806	421310.04185577267
26939	421310.04185577267
28072	421310.04185577267
29202	421310.04185577267
30332	421310.04185577267
31460	421310.04185577267
32588	421310.04185577267
33716	421310.04185577267
34841	421310.04185577267
35967	421310.04185577267
37096	421310.04185577267
38223	421310.04185577267
39349	421310.04185577267
40475	421310.04185577267
41600	421310.04185577267
42725	421310.04185577267
43851	421310.04185577267
44974	421310.04185577267
46102	421310.04185577267
262480	365.0863474633776
392491	300.0001937000466
393615	300.0001937000466
394738	300.0001937000466
395861	300.0001937000466
396988	300.0001937000466
398112	300.0001937000466
399238	300.0001937000466
400363	300.0001937000466
401490	300.0001937000466
402616	300.0001937000466
403744	300.0001937000466
404873	300.0001937000466
406002	300.0001937000466
407130	300.0001937000466
408260	300.0001937000466
409389	300.0001937000466
410515	300.0001937000466
411642	300.0001937000466
412769	300.0001937000466
529351	300.0001937000466
530483	300.0001937000466
531616	300.0001937000466
532749	300.0001937000466
533876	300.0001937000466
535003	300.0001937000466
536132	300.0001937000466
537259	300.0001937000466
538387	300.0001937000466
539513	300.0001937000466
540641	300.0001937000466
541767	300.0001937000466
542892	300.0001937000466
544017	300.0001937000466
545142	300.0001937000466
546270	300.0001937000466
547396	300.0001937000466
548521	300.0001937000466
549645	300.0001937000466
550771	300.0001937000466
666948	300.0001937000466
668074	300.0001937000466
669198	300.0001937000466
670324	300.0001937000466
671455	300.0001937000466
672582	300.0001937000466
673710	300.0001937000466
674838	300.0001937000466
675968	300.0001937000466
677098	300.0001937000466
678224	300.0001937000466
679352	300.0001937000466
680480	300.0001937000466
681608	300.0001937000466
682737	300.0001937000466
683866	300.0001937000466
684996	300.0001937000466
686126	300.0001937000466
687257	300.0001937000466
688386	300.0001937000466
804560	300.0001937000466
805687	300.0001937000466
806815	300.0001937000466
807940	300.0001937000466
809065	300.0001937000466
810192	300.0001937000466
811317	300.0001937000466
812443	300.0001937000466
813569	300.0001937000466
814697	300.0001937000466
815822	300.0001937000466
816949	300.0001937000466
818073	300.0001937000466
819200	300.0001937000466
820325	300.0001937000466
821450	300.0001937000466
822578	300.0001937000466
823705	300.0001937000466
824832	300.0001937000466
825957	300.0001937000466
942134	300.0001937000466
943263	300.0001937000466
944391	300.0001937000466
945519	300.0001937000466
946651	300.0001937000466
947779	300.0001937000466
948909	300.0001937000466
950035	300.0001937000466
951165	300.0001937000466
952292	300.0001937000466
953423	300.0001937000466
954552	300.0001937000466
955684	300.0001937000466
956814	300.0001937000466
957942	300.0001937000466
959069	300.0001937000466
960196	300.0001937000466
961325	300.0001937000466
962453	300.0001937000466
963578	300.0001937000466
1079753	300.0001937000466
