1000	998977.1418408396
2157	736149.4781707125
3300	736149.4781707125
4437	736149.4781707125
5568	638120.2115534698
6697	634177.4143592351
7823	634177.4143592351
8948	634177.4143592351
10073	634177.4143592351
11200	634177.4143592351
12327	634177.4143592351
13451	470038.63718481374
14577	470038.63718481374
15703	470038.63718481374
16830	470038.63718481374
17956	470038.63718481374
19079	470038.63718481374
20204	470038.63718481374
21326	470038.63718481374
22450	470038.63718481374
23573	470038.63718481374
24696	470038.63718481374
25821	470038.63718481374
26947	470038.63718481374
28078	470038.63718481374
29205	470038.63718481374
30330	470038.63718481374
31456	470038.63718481374
32583	470038.63718481374
33715	470038.63718481374
34841	470038.63718481374
35967	470038.63718481374
250025	300.00074756105704
367817	300.00000135530104
368946	300.00000135530104
370077	300.00000135530104
371203	300.00000135530104
372329	300.00000135530104
373454	300.00000135530104
374580	300.00000135530104
375706	300.00000135530104
376837	300.00000135530104
377962	300.00000135530104
379088	300.00000135530104
380214	300.00000135530104
381342	300.00000135530104
382470	300.00000135530104
383597	300.00000135530104
384720	300.00000135530104
385845	300.00000135530104
386973	300.00000135530104
388100	300.00000135530104
389225	300.00000135530104
390351	300.00000135530104
391480	300.00000135530104
392613	300.00000135530104
393741	300.00000135530104
394869	300.00000135530104
395997	300.00000135530104
397121	300.00000135530104
398251	300.00000135530104
514426	300.00000135530104
515554	300.00000135530104
516684	300.00000135530104
517810	300.00000135530104
518939	300.00000135530104
520063	300.00000135530104
521189	300.00000135530104
522315	300.00000135530104
523441	300.00000135530104
524567	300.00000135530104
640744	300.00000135530104
641874	300.00000135530104
643001	300.00000135530104
644128	300.00000135530104
645253	300.00000135530104
646382	300.00000135530104
647508	300.00000135530104
648633	300.00000135530104
649761	300.00000135530104
650888	300.00000135530104
652014	300.00000135530104
653141	300.00000135530104
654266	300.00000135530104
655392	300.00000135530104
656518	300.00000135530104
657650	300.00000135530104
658776	300.00000135530104
659903	300.00000135530104
661028	300.00000135530104
662155	300.00000135530104
778531	300.00000135530104
779661	300.00000135530104
780786	300.00000135530104
781913	300.00000135530104
783041	300.00000135530104
784169	300.00000135530104
785298	300.00000135530104
786427	300.00000135530104
787559	300.00000135530104
788687	300.00000135530104
789814	300.00000135530104
790944	300.00000135530104
792068	300.00000135530104
793195	300.00000135530104
794318	300.00000135530104
795441	300.00000135530104
796567	300.00000135530104
797693	300.00000135530104
798819	300.00000135530104
799945	300.00000135530104
916222	300.00000135530104
917350	300.00000135530104
918481	300.00000135530104
919612	300.00000135530104
920741	300.00000135530104
921869	300.00000135530104
923000	300.00000135530104
924129	300.00000135530104
925256	300.00000135530104
926389	300.00000135530104
927520	300.00000135530104
928648	300.00000135530104
929778	300.00000135530104
930906	300.00000135530104
932032	300.00000135530104
933158	300.00000135530104
934282	300.00000135530104
935406	300.00000135530104
936532	300.00000135530104
937660	300.00000135530104
1053836	300.00000135530104
