1000	1256627.117370167
2152	974785.0892316464
3296	593273.9624283017
4434	593273.9624283017
5562	593273.9624283017
6693	593273.9624283017
7821	576408.2121495593
8945	576408.2121495593
10072	576408.2121495593
11197	576408.2121495593
12322	576408.2121495593
13446	576408.2121495593
14570	571480.78023674
15694	571480.78023674
16818	571480.78023674
17941	571480.78023674
19063	571480.78023674
20188	495031.5077623706
21312	495031.5077623706
22436	495031.5077623706
23561	495031.5077623706
24686	495031.5077623706
25812	495031.5077623706
26938	495031.5077623706
28067	495031.5077623706
29195	495031.5077623706
30323	495031.5077623706
31452	495031.5077623706
32579	495031.5077623706
33702	495031.5077623706
34830	448714.1418526696
35956	448714.1418526696
37083	448714.1418526696
38207	448714.1418526696
39331	448714.1418526696
40459	448714.1418526696
41588	448714.1418526696
42712	448714.1418526696
43838	448714.1418526696
44965	448714.1418526696
46094	448714.1418526696
47222	448714.1418526696
48351	448714.1418526696
49480	448714.1418526696
265658	543.9963978546714
394253	300.0001538344919
395376	300.0001538344919
396501	300.0001538344919
397628	300.0001538344919
398756	300.0001538344919
399884	300.0001538344919
401013	300.0001538344919
402141	300.0001538344919
403272	300.0001538344919
404402	300.0001538344919
405528	300.0001538344919
406655	300.0001538344919
407778	300.0001538344919
408902	300.0001538344919
410026	300.0001538344919
411151	300.0001538344919
412277	300.0001538344919
413405	300.0001538344919
414531	300.0001538344919
415655	300.0001538344919
416785	300.0001538344919
417915	300.0001538344919
419042	300.0001538344919
420173	300.0001538344919
421300	300.0001538344919
422425	300.0001538344919
538599	300.0001538344919
539726	300.0001538344919
540849	300.0001538344919
541976	300.0001538344919
543107	300.0001538344919
544237	300.0001538344919
545364	300.0001538344919
546492	300.0001538344919
547619	300.0001538344919
548745	300.0001538344919
549871	300.0001538344919
550999	300.0001538344919
552128	300.0001538344919
553257	300.0001538344919
554386	300.0001538344919
555513	300.0001538344919
556640	300.0001538344919
557765	300.0001538344919
558894	300.0001538344919
560022	300.0001538344919
676199	300.0001538344919
677326	300.0001538344919
678451	300.0001538344919
679575	300.0001538344919
680701	300.0001538344919
681827	300.0001538344919
682953	300.0001538344919
684078	300.0001538344919
685210	300.0001538344919
686342	300.0001538344919
802518	300.0001538344919
803645	300.0001538344919
804770	300.0001538344919
805896	300.0001538344919
807024	300.0001538344919
808156	300.0001538344919
809283	300.0001538344919
810410	300.0001538344919
811536	300.0001538344919
812662	300.0001538344919
813789	300.0001538344919
814914	300.0001538344919
816043	300.0001538344919
817169	300.0001538344919
818294	300.0001538344919
819419	300.0001538344919
820547	300.0001538344919
821675	300.0001538344919
822799	300.0001538344919
823927	300.0001538344919
940107	300.0001538344919
941238	300.0001538344919
942366	300.0001538344919
943494	300.0001538344919
944621	300.0001538344919
945747	300.0001538344919
946876	300.0001538344919
948001	300.0001538344919
949128	300.0001538344919
950258	300.0001538344919
951388	300.0001538344919
952520	300.0001538344919
953646	300.0001538344919
954777	300.0001538344919
955905	300.0001538344919
957029	300.0001538344919
958155	300.0001538344919
959279	300.0001538344919
960407	300.0001538344919
961533	300.0001538344919
1077710	300.0001538344919
