1000	1674632.8393449818
2147	1153229.537758824
3283	896808.4246157276
4414	896808.4246157276
5542	896808.4246157276
6669	896808.4246157276
7798	896808.4246157276
8925	896808.4246157276
10051	896808.4246157276
11175	896808.4246157276
12301	896808.4246157276
13426	896808.4246157276
14551	896808.4246157276
15677	896808.4246157276
16800	896808.4246157276
17923	826363.5185492163
19046	826363.5185492163
20168	826363.5185492163
21292	826363.5185492163
22414	826363.5185492163
23540	826363.5185492163
24663	826363.5185492163
25789	826363.5185492163
26919	826363.5185492163
28044	826363.5185492163
29169	826363.5185492163
30297	771743.8496059161
31425	771743.8496059161
32556	771743.8496059161
33684	771743.8496059161
34812	771743.8496059161
35939	771743.8496059161
37068	771743.8496059161
38196	771743.8496059161
39325	771743.8496059161
40451	771743.8496059161
41581	771743.8496059161
42710	771743.8496059161
43835	771743.8496059161
44960	771743.8496059161
46085	771743.8496059161
47212	771743.8496059161
48336	771743.8496059161
49462	771743.8496059161
50588	771743.8496059161
51715	771743.8496059161
52838	771743.8496059161
269014	7784.760157793237
400238	300.0977709096385
401365	300.0977709096385
402493	300.0977709096385
403619	300.0977709096385
404745	300.0977709096385
405872	300.0977709096385
406998	300.0977709096385
408126	300.0977709096385
409252	300.0977709096385
410377	300.0977709096385
411506	300.0977709096385
412637	300.0977709096385
413766	300.0977709096385
414894	300.0977709096385
416021	300.0977709096385
417150	300.0977709096385
418275	300.0977709096385
419401	300.0977709096385
420524	300.0977709096385
421648	300.0977709096385
422774	300.0977709096385
423903	300.0977709096385
425030	300.0977709096385
439889	300.0002080323752
556671	300.0002079640477
557798	300.0002079640477
558925	300.0002079640477
560052	300.0002079640477
561179	300.0002079640477
562305	300.0002079640477
563431	300.0002079640477
564554	300.0002079640477
565679	300.0002079640477
566807	300.0002079640477
567933	300.0002079640477
569061	300.0002079640477
570188	300.0002079640477
571314	300.0002079640477
572439	300.0002079640477
573565	300.0002079640477
574693	300.0002079640477
575821	300.0002079640477
576951	300.0002079640477
693531	300.0002079640477
694657	300.0002079640477
695786	300.0002079640477
696911	300.0002079640477
698038	300.0002079640477
699167	300.0002079640477
700296	300.0002079640477
701420	300.0002079640477
702543	300.0002079640477
703668	300.0002079640477
704793	300.0002079640477
705920	300.0002079640477
707049	300.0002079640477
708178	300.0002079640477
709307	300.0002079640477
710435	300.0002079640477
711559	300.0002079640477
712688	300.0002079640477
713816	300.0002079640477
714945	300.0002079640477
831322	300.0002079640477
832449	300.0002079640477
833575	300.0002079640477
834699	300.0002079640477
835828	300.0002079640477
836955	300.0002079640477
838086	300.0002079640477
839214	300.0002079640477
840344	300.0002079640477
841470	300.0002079640477
842598	300.0002079640477
843725	300.0002079640477
844848	300.0002079640477
845974	300.0002079640477
847104	300.0002079640477
848231	300.0002079640477
849356	300.0002079640477
850481	300.0002079640477
851604	300.0002079640477
852730	300.0002079640477
968904	300.0002079640477
970031	300.0002079640477
971155	300.0002079640477
972280	300.0002079640477
973408	300.0002079640477
974536	300.0002079640477
975663	300.0002079640477
976792	300.0002079640477
977918	300.0002079640477
979045	300.0002079640477
980173	300.0002079640477
981299	300.0002079640477
982427	300.0002079640477
983551	300.0002079640477
984679	300.0002079640477
985804	300.0002079640477
986929	300.0002079640477
988058	300.0002079640477
989186	300.0002079640477
990316	300.0002079640477
1106493	300.0002079640477
