500	4989.871822087618
1134	4290.031446677566
1734	4055.653126329127
2316	3934.653729436038
2898	3764.6389196275313
3479	3638.1104371552983
4063	3530.148390220409
4641	3475.9300539738397
5216	3412.4292701697304
5786	3408.672319820529
6355	3385.1554245724737
6925	3344.7046552709753
7487	3344.7046552709753
8051	3276.4021475120403
8615	3264.0371634591997
9180	3207.3081463648664
9743	3207.3081463648664
10306	3207.3081463648664
10865	3207.3081463648664
11426	3207.3081463648664
11988	3207.3081463648664
12548	3207.3081463648664
13111	3207.3081463648664
13675	3182.1146400110542
14234	3182.1146400110542
14790	3182.1146400110542
15348	3179.2777523438835
15906	3178.5939118511933
16462	3178.5939118511933
17016	3173.048806667618
17572	3173.048806667618
18126	3173.048806667618
18681	3169.4084971783222
19239	3152.5613003754574
19799	3152.5613003754574
20355	3152.5613003754574
20911	3149.166787520843
21465	3149.166787520843
22022	3126.925151270403
22577	3113.404941879002
23133	3113.404941879002
23686	3113.404941879002
24240	3113.404941879002
24796	3113.404941879002
32220	2863.356305814619
32777	2863.356305814619
33334	2863.356305814619
33891	2863.356305814619
34448	2863.356305814619
35008	2863.356305814619
35565	2863.356305814619
36122	2863.356305814619
36678	2863.356305814619
37235	2863.356305814619
37791	2863.356305814619
38352	2863.356305814619
38912	2863.356305814619
39470	2863.356305814619
40032	2863.356305814619
40592	2863.356305814619
41155	2863.356305814619
41718	2863.356305814619
42281	2863.356305814619
42846	2863.356305814619
43412	2863.356305814619
43979	2863.356305814619
44544	2863.356305814619
45108	2863.356305814619
45673	2863.356305814619
46237	2863.356305814619
46804	2863.356305814619
50080	2858.7004039929484
55542	2847.147190040366
59348	2847.147187664069
59921	2847.147187664069
60487	2847.147187664069
61046	2847.147187664069
61607	2847.147187664069
62169	2847.147187664069
62733	2847.147187664069
63304	2847.147187664069
63867	2847.147187664069
64436	2847.147187664069
64999	2847.147187664069
65560	2847.147187664069
66128	2847.147187664069
66689	2847.147187664069
67252	2847.147187664069
67810	2847.147187664069
68378	2847.147187664069
68943	2847.147187664069
69506	2847.147187664069
70072	2847.147187664069
70636	2847.147187664069
71206	2847.147187664069
71775	2847.147187664069
72340	2847.147187664069
72902	2847.147187664069
73467	2847.147187664069
74032	2847.147187664069
74596	2847.147187664069
78568	2847.147187664069
79141	2847.147187664069
79706	2847.147187664069
80274	2847.147187664069
80843	2847.147187664069
81407	2847.147187664069
81976	2847.147187664069
82543	2847.147187664069
83111	2847.147187664069
83678	2847.147187664069
86536	2834.9655283238776
93357	2834.963151602826
93928	2834.963151602826
94499	2834.963151602826
95066	2834.963151602826
95639	2834.963151602826
96208	2834.963151602826
96775	2834.963151602826
97341	2834.963151602826
97911	2834.963151602826
98478	2834.963151602826
99046	2834.963151602826
99606	2834.963151602826
100178	2834.963151602826
100747	2834.963151602826
101317	2834.963151602826
101884	2834.963151602826
102450	2834.963151602826
103025	2834.963151602826
103597	2834.963151602826
106848	2834.963151602826
107422	2834.963151602826
107997	2834.963151602826
108572	2834.963151602826
109151	2834.963151602826
109720	2834.963151602826
110295	2834.963151602826
110869	2834.963151602826
111440	2834.963151602826
112016	2834.963151602826
112585	2834.963151602826
113158	2834.963151602826
113731	2834.963151602826
114307	2834.963151602826
114882	2834.963151602826
115455	2834.963151602826
116027	2834.963151602826
116602	2834.963151602826
117175	2834.963151602826
117746	2834.963151602826
120973	2834.963151602826
121545	2834.963151602826
122120	2834.963151602826
122700	2834.963151602826
123276	2834.963151602826
123855	2834.963151602826
124434	2834.963151602826
125007	2834.963151602826
125578	2834.963151602826
126146	2834.963151602826
126721	2834.963151602826
127296	2834.963151602826
127869	2834.963151602826
128437	2834.963151602826
129006	2834.963151602826
129573	2834.963151602826
130144	2834.963151602826
130719	2834.963151602826
131293	2834.963151602826
131877	2834.963151602826
136429	2834.963151602826
136999	2834.963151602826
137568	2834.963151602826
138150	2834.963151602826
138734	2834.963151602826
139314	2834.963151602826
139887	2834.963151602826
140456	2834.963151602826
141031	2834.963151602826
141600	2834.963151602826
142174	2834.963151602826
142745	2834.963151602826
143319	2834.963151602826
143893	2834.963151602826
144470	2834.963151602826
145037	2834.963151602826
145609	2834.963151602826
146180	2834.963151602826
146748	2834.963151602826
147317	2834.963151602826
150091	2834.963151602826
150654	2834.963151602826
151229	2834.963151602826
151800	2834.963151602826
152370	2834.963151602826
152937	2834.963151602826
153511	2834.963151602826
157937	2834.9501551320286
158510	2834.9501551320286
159081	2834.9501551320286
167278	2834.943129233341
167845	2834.943129233341
171159	2834.937702635929
171738	2834.937702635929
172308	2834.937702635929
172884	2834.937702635929
173459	2834.937702635929
174025	2834.937702635929
174595	2834.937702635929
175160	2834.937702635929
175721	2834.937702635929
181876	2834.9353677392955
182452	2834.9353677392955
186992	2834.9315335202346
187560	2834.9315335202346
188127	2834.9315335202346
193072	2834.92976933388
193654	2834.92976933388
194232	2834.92976933388
194802	2834.92976933388
195370	2834.92976933388
202424	2834.9278661957514
206479	2834.927725111781
210829	2834.927271884483
214989	2834.9260765923145
215577	2834.9260765923145
216145	2834.9260765923145
221488	2834.92566059384
227846	2834.924888025461
228425	2834.924888025461
231654	2834.924245463126
232227	2834.924245463126
232793	2834.924245463126
237613	2834.92193012978
238184	2834.92193012978
238758	2834.92193012978
242181	2834.28633218498
244900	2834.2863291618833
245476	2834.2863291618833
246045	2834.2863291618833
246609	2834.2863291618833
247178	2834.2863291618833
247744	2834.2863291618833
248315	2834.2863291618833
248883	2834.2863291618833
249448	2834.2863291618833
250022	2834.2863291618833
250598	2834.2863291618833
251165	2834.2863291618833
251734	2834.2863291618833
252308	2834.2863291618833
252877	2834.2863291618833
253455	2834.2863291618833
254024	2834.2863291618833
254584	2834.2863291618833
255152	2834.2863291618833
255722	2834.2863291618833
256293	2834.2863291618833
256868	2834.2863291618833
257452	2834.2863291618833
261297	2834.2863291618833
261873	2834.2863291618833
262450	2834.2863291618833
263025	2834.2863291618833
263601	2834.2863291618833
264177	2834.2863291618833
264760	2834.2863291618833
265334	2834.2863291618833
265920	2834.2863291618833
266504	2834.2863291618833
267087	2834.2863291618833
267661	2834.2863291618833
268230	2834.2863291618833
268816	2834.2863291618833
269392	2834.2863291618833
269970	2834.2863291618833
270541	2834.2863291618833
271122	2834.2863291618833
271700	2834.2863291618833
272273	2834.2863291618833
274166	2834.2863291618833
274746	2834.2863291618833
275325	2834.2863291618833
275906	2834.2863291618833
276475	2834.2863291618833
277057	2834.2863291618833
277640	2834.2863291618833
278212	2834.2863291618833
278782	2834.2863291618833
279361	2834.2863291618833
279930	2834.2863291618833
280499	2834.2863291618833
281069	2834.2863291618833
281649	2834.2863291618833
282227	2834.2863291618833
282799	2834.2863291618833
283379	2834.2863291618833
283949	2834.2863291618833
284524	2834.2863291618833
285093	2834.2863291618833
286729	2834.2863291618833
287308	2834.2863291618833
287886	2834.2863291618833
288459	2834.2863291618833
289027	2834.2863291618833
289597	2834.2863291618833
290181	2834.2863291618833
290754	2834.2863291618833
291329	2834.2863291618833
291903	2834.2863291618833
296905	2834.2863291618833
297473	2834.2863291618833
298037	2834.2863291618833
298610	2834.2863291618833
299183	2834.2863291618833
299767	2834.2863291618833
300352	2834.2863291618833
300931	2834.2863291618833
301508	2834.2863291618833
302090	2834.2863291618833
302676	2834.2863291618833
303253	2834.2863291618833
303827	2834.2863291618833
304402	2834.2863291618833
304991	2834.2863291618833
305569	2834.2863291618833
306146	2834.2863291618833
306723	2834.2863291618833
307295	2834.2863291618833
307869	2834.2863291618833
310209	2834.2863291618833
310780	2834.2863291618833
311349	2834.2863291618833
311917	2834.2863291618833
312493	2834.2863291618833
313077	2834.2863291618833
313652	2834.2863291618833
314218	2834.2863291618833
314785	2834.2863291618833
315353	2834.2863291618833
315926	2834.2863291618833
316502	2834.2863291618833
317073	2834.2863291618833
317638	2834.2863291618833
318204	2834.2863291618833
318784	2834.2863291618833
319356	2834.2863291618833
319934	2834.2863291618833
320506	2834.2863291618833
321081	2834.2863291618833
323241	2834.2863291618833
323820	2834.2863291618833
324400	2834.2863291618833
324975	2834.2863291618833
325551	2834.2863291618833
326127	2834.2863291618833
326710	2834.2863291618833
327292	2834.2863291618833
327871	2834.2863291618833
328446	2834.2863291618833
329027	2834.2863291618833
329607	2834.2863291618833
330186	2834.2863291618833
330767	2834.2863291618833
331349	2834.2863291618833
331925	2834.2863291618833
332503	2834.2863291618833
333080	2834.2863291618833
333655	2834.2863291618833
334243	2834.2863291618833
336098	2834.2863291618833
336667	2834.2863291618833
337248	2834.2863291618833
337832	2834.2863291618833
338408	2834.2863291618833
338982	2834.2863291618833
339558	2834.2863291618833
340143	2834.2863291618833
340719	2834.2863291618833
341295	2834.2863291618833
341892	2834.2863291618833
342481	2834.2863291618833
343064	2834.2863291618833
343649	2834.2863291618833
344233	2834.2863291618833
344832	2834.2863291618833
345420	2834.2863291618833
346001	2834.2863291618833
346584	2834.2863291618833
347160	2834.2863291618833
349029	2834.2863291618833
349610	2834.2863291618833
350196	2834.2863291618833
350785	2834.2863291618833
351374	2834.2863291618833
351958	2834.2863291618833
352543	2834.2863291618833
353124	2834.2863291618833
353699	2834.2863291618833
354285	2834.2863291618833
360459	2834.2863291618833
361039	2834.2863291618833
361621	2834.2863291618833
362205	2834.2863291618833
362790	2834.2863291618833
363369	2834.2863291618833
363950	2834.2863291618833
364533	2834.2863291618833
365122	2834.2863291618833
365702	2834.2863291618833
366278	2834.2863291618833
366863	2834.2863291618833
367452	2834.2863291618833
368029	2834.2863291618833
368613	2834.2863291618833
369191	2834.2863291618833
369773	2834.2863291618833
370356	2834.2863291618833
370939	2834.2863291618833
371512	2834.2863291618833
376629	2830.3535092029474
381135	2830.3535050949768
381727	2830.3535050949768
382322	2830.3535050949768
382911	2830.3535050949768
383491	2830.3535050949768
384076	2830.3535050949768
384650	2830.3535050949768
385224	2830.3535050949768
385808	2830.3535050949768
386393	2830.3535050949768
386968	2830.3535050949768
387555	2830.3535050949768
388133	2830.3535050949768
388718	2830.3535050949768
389307	2830.3535050949768
389882	2830.3535050949768
390464	2830.3535050949768
391051	2830.3535050949768
391636	2830.3535050949768
394291	2830.3535050949768
394865	2830.3535050949768
395445	2830.3535050949768
396020	2830.3535050949768
396595	2830.3535050949768
397165	2830.3535050949768
397738	2830.3535050949768
398311	2830.3535050949768
398883	2830.3535050949768
399468	2830.3535050949768
400043	2830.3535050949768
400617	2830.3535050949768
401194	2830.3535050949768
401765	2830.3535050949768
402338	2830.3535050949768
402908	2830.3535050949768
403481	2830.3535050949768
404052	2830.3535050949768
404626	2830.3535050949768
405212	2830.3535050949768
408759	2830.3535050949768
409338	2830.3535050949768
409910	2830.3535050949768
410485	2830.3535050949768
411061	2830.3535050949768
411635	2830.3535050949768
412211	2830.3535050949768
412789	2830.3535050949768
413366	2830.3535050949768
413945	2830.3535050949768
414524	2830.3535050949768
415099	2830.3535050949768
415685	2830.3535050949768
416262	2830.3535050949768
416839	2830.3535050949768
417420	2830.3535050949768
417998	2830.3535050949768
418575	2830.3535050949768
419153	2830.3535050949768
419732	2830.3535050949768
422775	2830.3535050949768
423360	2830.3535050949768
423945	2830.3535050949768
424530	2830.3535050949768
425120	2830.3535050949768
425714	2830.3535050949768
426303	2830.3535050949768
426889	2830.3535050949768
427469	2830.3535050949768
428054	2830.3535050949768
428638	2830.3535050949768
429218	2830.3535050949768
429803	2830.3535050949768
430391	2830.3535050949768
430973	2830.3535050949768
431557	2830.3535050949768
432152	2830.3535050949768
432737	2830.3535050949768
433325	2830.3535050949768
433905	2830.3535050949768
436702	2830.3535050949768
437285	2830.3535050949768
437870	2830.3535050949768
438462	2830.3535050949768
439046	2830.3535050949768
439635	2830.3535050949768
440216	2830.3535050949768
440797	2830.3535050949768
441384	2830.3535050949768
441977	2830.3535050949768
442563	2830.3535050949768
443152	2830.3535050949768
443740	2830.3535050949768
444331	2830.3535050949768
444915	2830.3535050949768
445498	2830.3535050949768
446077	2830.3535050949768
446659	2830.3535050949768
447240	2830.3535050949768
447833	2830.3535050949768
449336	2815.2120872579744
453558	2815.2120870466724
454152	2815.2120870466724
454754	2815.2120870466724
455341	2815.2120870466724
455924	2815.2120870466724
458430	2815.2120867751332
459012	2815.2120867751332
459599	2815.2120867751332
460179	2815.2120867751332
460766	2815.2120867751332
461356	2815.2120867751332
461942	2815.2120867751332
462526	2815.2120867751332
463117	2815.2120867751332
463699	2815.2120867751332
464276	2815.2120867751332
464853	2815.2120867751332
465431	2815.2120867751332
466011	2815.2120867751332
466590	2815.2120867751332
467178	2815.2120867751332
467760	2815.2120867751332
468334	2815.2120867751332
468918	2815.2120867751332
469497	2815.2120867751332
470076	2815.2120867751332
470651	2815.2120867751332
471232	2815.2120867751332
471805	2815.2120867751332
473702	2815.2120867751332
474279	2815.2120867751332
474854	2815.2120867751332
475433	2815.2120867751332
476010	2815.2120867751332
476595	2815.2120867751332
477177	2815.2120867751332
477758	2815.2120867751332
478336	2815.2120867751332
478920	2815.2120867751332
479499	2815.2120867751332
480077	2815.2120867751332
480650	2815.2120867751332
481225	2815.2120867751332
481805	2815.2120867751332
482384	2815.2120867751332
482967	2815.2120867751332
483545	2815.2120867751332
484125	2815.2120867751332
484717	2815.2120867751332
486204	2815.2120867751332
486789	2815.2120867751332
487374	2815.2120867751332
487960	2815.2120867751332
488543	2815.2120867751332
489132	2815.2120867751332
489714	2815.2120867751332
490302	2815.2120867751332
490885	2815.2120867751332
491468	2815.2120867751332
492068	2815.2120867751332
492660	2815.2120867751332
493247	2815.2120867751332
493839	2815.2120867751332
494426	2815.2120867751332
495019	2815.2120867751332
495611	2815.2120867751332
496200	2815.2120867751332
496791	2815.2120867751332
497379	2815.2120867751332
499758	2815.2120867751332
500351	2815.2120867751332
