500	5075.534039560527
1111	4101.307888599791
1703	3834.5610105120113
2290	3788.7487852531995
2878	3672.419478265855
3456	3556.265873910169
4031	3449.992789445737
4600	3411.9769286796973
5165	3402.492200641708
5730	3361.721533030639
6294	3305.5221957715444
6857	3305.5221957715444
7421	3305.5221957715444
7983	3286.5791995581158
8546	3245.102860627938
9107	3245.102860627938
9666	3245.102860627938
10225	3245.102860627938
10787	3203.3254867470987
11347	3203.3254867470987
11903	3203.3254867470987
12459	3203.3254867470987
13018	3203.3254867470987
13576	3203.3254867470987
14134	3203.3254867470987
14691	3196.37482493345
15248	3196.37482493345
15804	3196.37482493345
16361	3194.134404914941
16917	3194.134404914941
17471	3194.134404914941
18026	3187.325852949482
18584	3187.325852949482
19140	3187.325852949482
19694	3187.325852949482
20252	3186.6534032821332
20806	3186.6534032821332
21362	3145.0019861423602
21916	3145.0019861423602
22470	3145.0019861423602
23027	3145.0019861423602
23585	3145.0019861423602
24140	3145.0019861423602
24696	3145.0019861423602
25252	3145.0019861423602
25810	3145.0019861423602
26369	3145.0019861423602
30817	2886.7972202229685
33210	2873.37269493351
36012	2873.3726947266437
36573	2873.3726947266437
37128	2873.3726947266437
37684	2873.3726947266437
38241	2873.3726947266437
38799	2873.3726947266437
39358	2873.3726947266437
39917	2873.3726947266437
40478	2873.3726947266437
41037	2873.3726947266437
41594	2873.3726947266437
42154	2873.3726947266437
42713	2873.3726947266437
43270	2873.3726947266437
43827	2873.3726947266437
44389	2873.3726947266437
44948	2873.3726947266437
45506	2873.3726947266437
46067	2873.3726947266437
46631	2873.3726947266437
47193	2873.3726947266437
47758	2873.3726947266437
49799	2847.3693024300433
56784	2847.369301304465
57345	2847.369301304465
57904	2847.369301304465
58468	2847.369301304465
59028	2847.369301304465
59584	2847.369301304465
60141	2847.369301304465
60696	2847.369301304465
61255	2847.369301304465
61812	2847.369301304465
62370	2847.369301304465
62926	2847.369301304465
63482	2847.369301304465
64037	2847.369301304465
64594	2847.369301304465
65149	2847.369301304465
65705	2847.369301304465
66263	2847.369301304465
66823	2847.369301304465
71330	2847.369301304465
71890	2847.369301304465
72450	2847.369301304465
73011	2847.369301304465
73573	2847.369301304465
74137	2847.369301304465
74701	2847.369301304465
75260	2847.369301304465
75819	2847.369301304465
76377	2847.369301304465
76935	2847.369301304465
77495	2847.369301304465
78050	2847.369301304465
78606	2847.369301304465
79161	2847.369301304465
79714	2847.369301304465
80273	2847.369301304465
80831	2847.369301304465
81389	2847.369301304465
81947	2847.369301304465
86587	2830.5514983109806
90784	2830.551498245819
91346	2830.551498245819
91906	2830.551498245819
92466	2830.551498245819
93021	2830.551498245819
93579	2830.551498245819
94135	2830.551498245819
94693	2830.551498245819
95253	2830.551498245819
95811	2830.551498245819
96372	2830.551498245819
96932	2830.551498245819
97491	2830.551498245819
98057	2830.551498245819
98622	2830.551498245819
99183	2830.551498245819
99745	2830.551498245819
100309	2830.551498245819
100873	2830.551498245819
105686	2830.551498245819
106247	2830.551498245819
106808	2830.551498245819
107368	2830.551498245819
107933	2830.551498245819
108496	2830.551498245819
109055	2830.551498245819
109615	2830.551498245819
110179	2830.551498245819
110740	2830.551498245819
111305	2830.551498245819
111871	2830.551498245819
112433	2830.551498245819
112996	2830.551498245819
113563	2830.551498245819
114130	2830.551498245819
114701	2830.551498245819
115273	2830.551498245819
115842	2830.551498245819
116417	2830.551498245819
121630	2829.6913893199353
125745	2829.6913893199353
126320	2829.6913893199353
126890	2829.6913893199353
127464	2829.6913893199353
128038	2829.6913893199353
128611	2829.6913893199353
129188	2829.6913893199353
129756	2829.6913893199353
130328	2829.6913893199353
130896	2829.6913893199353
131468	2829.6913893199353
132038	2829.6913893199353
132606	2829.6913893199353
133179	2829.6913893199353
133755	2829.6913893199353
134333	2829.6913893199353
134904	2829.6913893199353
135482	2829.6913893199353
136064	2829.6913893199353
138416	2829.6913893199353
138997	2829.6913893199353
139573	2829.6913893199353
140152	2829.6913893199353
140721	2829.6913893199353
141296	2829.6913893199353
141875	2829.6913893199353
142453	2829.6913893199353
143025	2829.6913893199353
143603	2829.6913893199353
144180	2829.6913893199353
144760	2829.6913893199353
145332	2829.6913893199353
145906	2829.6913893199353
146484	2829.6913893199353
147055	2829.6913893199353
147633	2829.6913893199353
148206	2829.6913893199353
148782	2829.6913893199353
149363	2829.6913893199353
155980	2829.6913893199353
156552	2829.6913893199353
157131	2829.6913893199353
157706	2829.6913893199353
158281	2829.6913893199353
158848	2829.6913893199353
159421	2829.6913893199353
159992	2829.6913893199353
160562	2829.6913893199353
161133	2829.6913893199353
161707	2829.6913893199353
162287	2829.6913893199353
162860	2829.6913893199353
163435	2829.6913893199353
164010	2829.6913893199353
164581	2829.6913893199353
165158	2829.6913893199353
165728	2829.6913893199353
166296	2829.6913893199353
166868	2829.6913893199353
171404	2829.6913893199353
171978	2829.6913893199353
172550	2829.6913893199353
173128	2829.6913893199353
173706	2829.6913893199353
174282	2829.6913893199353
174854	2829.6913893199353
175421	2829.6913893199353
175992	2829.6913893199353
176561	2829.6913893199353
177138	2829.6913893199353
177708	2829.6913893199353
178283	2829.6913893199353
178853	2829.6913893199353
179422	2829.6913893199353
179995	2829.6913893199353
180564	2829.6913893199353
181135	2829.6913893199353
181703	2829.6913893199353
182274	2829.6913893199353
185009	2829.6913893199353
185590	2829.6913893199353
186166	2829.6913893199353
186740	2829.6913893199353
187310	2829.6913893199353
187880	2829.6913893199353
188448	2829.6913893199353
189017	2829.6913893199353
189587	2829.6913893199353
190162	2829.6913893199353
193008	2829.6913893199353
193582	2829.6913893199353
194155	2829.6913893199353
194727	2829.6913893199353
195297	2829.6913893199353
195872	2829.6913893199353
196443	2829.6913893199353
197013	2829.6913893199353
197581	2829.6913893199353
198151	2829.6913893199353
202228	2829.671909015762
202804	2829.671909015762
203373	2829.671909015762
203945	2829.671909015762
212417	2829.570863631186
212991	2829.570863631186
213563	2829.570863631186
214132	2829.570863631186
214706	2829.570863631186
215278	2829.570863631186
215850	2829.570863631186
216431	2829.570863631186
226259	2829.5565358610343
226834	2829.5565358610343
227399	2829.5565358610343
227976	2829.5565358610343
233044	2829.5247852464954
233616	2829.5247852464954
240458	2791.7704425830916
243596	2791.770416741091
244170	2791.770416741091
244737	2791.770416741091
245304	2791.770416741091
245875	2791.770416741091
246446	2791.770416741091
247020	2791.770416741091
247591	2791.770416741091
248166	2791.770416741091
248733	2791.770416741091
249305	2791.770416741091
249871	2791.770416741091
250441	2791.770416741091
251012	2791.770416741091
251581	2791.770416741091
252151	2791.770416741091
252717	2791.770416741091
253283	2791.770416741091
253846	2791.770416741091
254418	2791.770416741091
254985	2791.770416741091
258759	2791.770416741091
259329	2791.770416741091
259896	2791.770416741091
260466	2791.770416741091
261033	2791.770416741091
261603	2791.770416741091
262163	2791.770416741091
262727	2791.770416741091
263295	2791.770416741091
263866	2791.770416741091
264438	2791.770416741091
265008	2791.770416741091
265579	2791.770416741091
266152	2791.770416741091
266724	2791.770416741091
267293	2791.770416741091
267861	2791.770416741091
268428	2791.770416741091
268996	2791.770416741091
269570	2791.770416741091
274874	2791.770416741091
275447	2791.770416741091
276018	2791.770416741091
276591	2791.770416741091
277160	2791.770416741091
277732	2791.770416741091
278299	2791.770416741091
278865	2791.770416741091
279434	2791.770416741091
279999	2791.770416741091
280568	2791.770416741091
281137	2791.770416741091
281706	2791.770416741091
282275	2791.770416741091
282846	2791.770416741091
283415	2791.770416741091
283990	2791.770416741091
284557	2791.770416741091
285125	2791.770416741091
285693	2791.770416741091
288174	2791.770416741091
288744	2791.770416741091
289307	2791.770416741091
289878	2791.770416741091
290447	2791.770416741091
291016	2791.770416741091
291584	2791.770416741091
292157	2791.770416741091
292724	2791.770416741091
293297	2791.770416741091
293864	2791.770416741091
294434	2791.770416741091
295004	2791.770416741091
295570	2791.770416741091
296135	2791.770416741091
296695	2791.770416741091
297261	2791.770416741091
297828	2791.770416741091
298400	2791.770416741091
298971	2791.770416741091
303787	2791.770416741091
304352	2791.770416741091
304920	2791.770416741091
305485	2791.770416741091
306056	2791.770416741091
306620	2791.770416741091
307188	2791.770416741091
307755	2791.770416741091
308325	2791.770416741091
308888	2791.770416741091
311353	2791.770416741091
311916	2791.770416741091
312479	2791.770416741091
313040	2791.770416741091
313604	2791.770416741091
314171	2791.770416741091
314739	2791.770416741091
315309	2791.770416741091
315880	2791.770416741091
316443	2791.770416741091
317012	2791.770416741091
317578	2791.770416741091
318140	2791.770416741091
318705	2791.770416741091
319267	2791.770416741091
319828	2791.770416741091
320388	2791.770416741091
320954	2791.770416741091
321517	2791.770416741091
322080	2791.770416741091
325658	2791.770416741091
326220	2791.770416741091
326787	2791.770416741091
327350	2791.770416741091
327913	2791.770416741091
328477	2791.770416741091
329043	2791.770416741091
329608	2791.770416741091
330173	2791.770416741091
330735	2791.770416741091
331300	2791.770416741091
331868	2791.770416741091
332431	2791.770416741091
332998	2791.770416741091
333558	2791.770416741091
334119	2791.770416741091
334682	2791.770416741091
335246	2791.770416741091
335815	2791.770416741091
336380	2791.770416741091
343785	2791.770416741091
344346	2791.770416741091
344907	2791.770416741091
345472	2791.770416741091
346035	2791.770416741091
346594	2791.770416741091
347161	2791.770416741091
347722	2791.770416741091
348285	2791.770416741091
348851	2791.770416741091
349417	2791.770416741091
349980	2791.770416741091
350548	2791.770416741091
351114	2791.770416741091
351677	2791.770416741091
352244	2791.770416741091
352805	2791.770416741091
353366	2791.770416741091
353932	2791.770416741091
354495	2791.770416741091
357555	2791.770416741091
358120	2791.770416741091
358682	2791.770416741091
359245	2791.770416741091
359807	2791.770416741091
360368	2791.770416741091
360931	2791.770416741091
361494	2791.770416741091
362059	2791.770416741091
362624	2791.770416741091
363189	2791.770416741091
363755	2791.770416741091
364320	2791.770416741091
364886	2791.770416741091
365448	2791.770416741091
366014	2791.770416741091
366580	2791.770416741091
367151	2791.770416741091
367718	2791.770416741091
368286	2791.770416741091
370696	2791.770416741091
371265	2791.770416741091
371836	2791.770416741091
372405	2791.770416741091
372975	2791.770416741091
373544	2791.770416741091
374111	2791.770416741091
374686	2791.770416741091
375254	2791.770416741091
375831	2791.770416741091
378239	2791.770416741091
378816	2791.770416741091
379387	2791.770416741091
379964	2791.770416741091
380539	2791.770416741091
381120	2791.770416741091
381694	2791.770416741091
382269	2791.770416741091
382844	2791.770416741091
383420	2791.770416741091
383991	2791.770416741091
384569	2791.770416741091
385148	2791.770416741091
385726	2791.770416741091
386301	2791.770416741091
386881	2791.770416741091
387453	2791.770416741091
388023	2791.770416741091
388594	2791.770416741091
389161	2791.770416741091
392979	2791.770416741091
393550	2791.770416741091
394125	2791.770416741091
394708	2791.770416741091
395277	2791.770416741091
395853	2791.770416741091
396433	2791.770416741091
397014	2791.770416741091
397591	2791.770416741091
398166	2791.770416741091
398744	2791.770416741091
399323	2791.770416741091
399895	2791.770416741091
400469	2791.770416741091
401042	2791.770416741091
401617	2791.770416741091
402193	2791.770416741091
402774	2791.770416741091
403354	2791.770416741091
403926	2791.770416741091
408571	2791.770416741091
409142	2791.770416741091
409718	2791.770416741091
410287	2791.770416741091
410863	2791.770416741091
411433	2791.770416741091
412006	2791.770416741091
412584	2791.770416741091
413155	2791.770416741091
413732	2791.770416741091
414308	2791.770416741091
414874	2791.770416741091
415448	2791.770416741091
416023	2791.770416741091
416593	2791.770416741091
417165	2791.770416741091
417744	2791.770416741091
418317	2791.770416741091
418897	2791.770416741091
419473	2791.770416741091
422595	2791.770416741091
423167	2791.770416741091
423738	2791.770416741091
424311	2791.770416741091
424887	2791.770416741091
425461	2791.770416741091
426032	2791.770416741091
426599	2791.770416741091
427176	2791.770416741091
427749	2791.770416741091
428319	2791.770416741091
428889	2791.770416741091
429465	2791.770416741091
430042	2791.770416741091
430612	2791.770416741091
431183	2791.770416741091
431756	2791.770416741091
432329	2791.770416741091
432898	2791.770416741091
433470	2791.770416741091
435806	2791.770416741091
436379	2791.770416741091
436953	2791.770416741091
437535	2791.770416741091
438114	2791.770416741091
438689	2791.770416741091
439259	2791.770416741091
439833	2791.770416741091
440407	2791.770416741091
440983	2791.770416741091
443322	2791.770416741091
443901	2791.770416741091
444474	2791.770416741091
445053	2791.770416741091
445627	2791.770416741091
446202	2791.770416741091
446779	2791.770416741091
447349	2791.770416741091
447915	2791.770416741091
448484	2791.770416741091
449055	2791.770416741091
449623	2791.770416741091
450190	2791.770416741091
450757	2791.770416741091
451330	2791.770416741091
451904	2791.770416741091
452472	2791.770416741091
453044	2791.770416741091
453618	2791.770416741091
454193	2791.770416741091
456945	2791.770416741091
457516	2791.770416741091
458090	2791.770416741091
458664	2791.770416741091
459241	2791.770416741091
459811	2791.770416741091
460382	2791.770416741091
460958	2791.770416741091
461531	2791.770416741091
462103	2791.770416741091
462680	2791.770416741091
463260	2791.770416741091
463833	2791.770416741091
464408	2791.770416741091
464984	2791.770416741091
465559	2791.770416741091
466134	2791.770416741091
466707	2791.770416741091
467282	2791.770416741091
467851	2791.770416741091
470189	2791.770416741091
470759	2791.770416741091
471330	2791.770416741091
471902	2791.770416741091
472470	2791.770416741091
473039	2791.770416741091
473615	2791.770416741091
474189	2791.770416741091
474770	2791.770416741091
475344	2791.770416741091
475914	2791.770416741091
476484	2791.770416741091
477051	2791.770416741091
477623	2791.770416741091
478199	2791.770416741091
478773	2791.770416741091
479341	2791.770416741091
479912	2791.770416741091
480487	2791.770416741091
481064	2791.770416741091
483400	2791.770416741091
483969	2791.770416741091
484541	2791.770416741091
485116	2791.770416741091
485694	2791.770416741091
486271	2791.770416741091
486842	2791.770416741091
487416	2791.770416741091
487987	2791.770416741091
488555	2791.770416741091
489125	2791.770416741091
489700	2791.770416741091
490272	2791.770416741091
490840	2791.770416741091
491410	2791.770416741091
491990	2791.770416741091
492561	2791.770416741091
493132	2791.770416741091
493703	2791.770416741091
494275	2791.770416741091
496309	2791.770416741091
496881	2791.770416741091
497454	2791.770416741091
498029	2791.770416741091
498607	2791.770416741091
499181	2791.770416741091
499753	2791.770416741091
500332	2791.770416741091
