500	4742.129631812086
1134	4316.994156654787
1735	4022.490311662047
2317	3855.9768470785907
2895	3707.961893880407
3474	3626.0385170958907
4049	3498.623016009352
4620	3448.444117443206
5187	3439.644545824252
5756	3439.644545824252
6325	3377.6001315235308
6894	3372.614680431604
7464	3307.498473430033
8032	3307.498473430033
8600	3285.1848201833614
9165	3276.4096881439305
9730	3272.7431954949093
10293	3227.452407054504
10856	3227.452407054504
11417	3225.283150083709
11977	3225.283150083709
12540	3221.187440243133
13098	3221.187440243133
13656	3217.3419784353846
14215	3214.7885904845034
14775	3180.2857133923517
15333	3170.0908531891937
15887	3170.0908531891937
16448	3170.0908531891937
17002	3170.0908531891937
17559	3170.0908531891937
18119	3162.655044825885
18675	3162.655044825885
19235	3162.655044825885
19792	3162.655044825885
20351	3162.655044825885
20912	3158.167093303156
21468	3158.167093303156
22025	3158.1488501441195
22584	3134.051583477947
23139	3134.051583477947
23696	3134.051583477947
31352	2842.209557971162
31912	2842.209557971162
32472	2842.209557971162
33031	2842.209557971162
33588	2842.209557971162
34149	2842.209557971162
34703	2842.209557971162
35262	2842.209557971162
35820	2842.209557971162
36380	2842.209557971162
36938	2842.209557971162
37500	2842.209557971162
38056	2842.209557971162
38615	2842.209557971162
39169	2842.209557971162
39728	2842.209557971162
40282	2842.209557971162
40840	2842.209557971162
41399	2842.209557971162
44574	2842.209557971162
45131	2842.209557971162
45694	2842.209557971162
46254	2842.209557971162
46812	2842.209557971162
47371	2842.209557971162
47932	2842.209557971162
48489	2842.209557971162
49047	2842.209557971162
49606	2842.209557971162
50169	2842.209557971162
50733	2842.209557971162
51301	2842.209557971162
51865	2842.209557971162
52424	2842.209557971162
52986	2842.209557971162
53548	2842.209557971162
54105	2842.209557971162
54668	2842.209557971162
55231	2842.209557971162
58523	2842.209557971162
59085	2842.209557971162
59652	2842.209557971162
60218	2842.209557971162
60786	2842.209557971162
61360	2842.209557971162
61930	2842.209557971162
62499	2842.209557971162
63067	2842.209557971162
63639	2842.209557971162
64213	2842.209557971162
64785	2842.209557971162
65360	2842.209557971162
65931	2842.209557971162
66499	2842.209557971162
67067	2842.209557971162
67639	2842.209557971162
68211	2842.209557971162
68782	2842.209557971162
69356	2842.209557971162
72530	2837.755611024656
77548	2837.7556107383643
78121	2837.7556107383643
78695	2837.7556107383643
79275	2837.7556107383643
79853	2837.7556107383643
80430	2837.7556107383643
81009	2837.7556107383643
81581	2837.7556107383643
82158	2837.7556107383643
82730	2837.7556107383643
83305	2837.7556107383643
83889	2837.7556107383643
84466	2837.7556107383643
85040	2837.7556107383643
85613	2837.7556107383643
86193	2837.7556107383643
86774	2837.7556107383643
87357	2837.7556107383643
87932	2837.7556107383643
91873	2837.7556107383643
92455	2837.7556107383643
93035	2837.7556107383643
93618	2837.7556107383643
94202	2837.7556107383643
94781	2837.7556107383643
95365	2837.7556107383643
95946	2837.7556107383643
96532	2837.7556107383643
97120	2837.7556107383643
97708	2837.7556107383643
98296	2837.7556107383643
98878	2837.7556107383643
99466	2837.7556107383643
100047	2837.7556107383643
100625	2837.7556107383643
101208	2837.7556107383643
101794	2837.7556107383643
102374	2837.7556107383643
102956	2837.7556107383643
104811	2836.442625020573
108887	2836.442601378042
109473	2836.442601378042
110053	2836.442601378042
110640	2836.442601378042
111217	2836.442601378042
111796	2836.442601378042
112370	2836.442601378042
112955	2836.442601378042
113529	2836.442601378042
114104	2836.442601378042
114679	2836.442601378042
115249	2836.442601378042
115823	2836.442601378042
116401	2836.442601378042
116982	2836.442601378042
117554	2836.442601378042
118133	2836.442601378042
118706	2836.442601378042
119286	2836.442601378042
121249	2836.442194285186
124104	2836.4421931923457
124693	2836.4421931923457
125271	2836.4421931923457
125846	2836.4421931923457
126417	2836.4421931923457
126992	2836.4421931923457
127565	2836.4421931923457
128139	2836.4421931923457
128712	2836.4421931923457
129287	2836.4421931923457
129856	2836.4421931923457
130430	2836.4421931923457
130999	2836.4421931923457
131578	2836.4421931923457
132153	2836.4421931923457
132735	2836.4421931923457
133304	2836.4421931923457
133875	2836.4421931923457
134445	2836.4421931923457
136605	2836.438632487494
140860	2836.4386282671608
141431	2836.4386282671608
142002	2836.4386282671608
142576	2836.4386282671608
143151	2836.4386282671608
143729	2836.4386282671608
144307	2836.4386282671608
144884	2836.4386282671608
145457	2836.4386282671608
146035	2836.4386282671608
146605	2836.4386282671608
147184	2836.4386282671608
147763	2836.4386282671608
148336	2836.4386282671608
148906	2836.4386282671608
149484	2836.4386282671608
150055	2836.4386282671608
150629	2836.4386282671608
151203	2836.4386282671608
155287	2836.4386282671608
155860	2836.4386282671608
156435	2836.4386282671608
157009	2836.4386282671608
157578	2836.4386282671608
158149	2836.4386282671608
158713	2836.4386282671608
159283	2836.4386282671608
159847	2836.4386282671608
160418	2836.4386282671608
160989	2836.4386282671608
161552	2836.4386282671608
162125	2836.4386282671608
162690	2836.4386282671608
163255	2836.4386282671608
163821	2836.4386282671608
164390	2836.4386282671608
164954	2836.4386282671608
165523	2836.4386282671608
166090	2836.4386282671608
168695	2836.438581286606
173130	2836.438579926072
173702	2836.438579926072
174271	2836.438579926072
174835	2836.438579926072
175406	2836.438579926072
175979	2836.438579926072
176544	2836.438579926072
177109	2836.438579926072
177671	2836.438579926072
178242	2836.438579926072
178810	2836.438579926072
179373	2836.438579926072
179939	2836.438579926072
180512	2836.438579926072
181074	2836.438579926072
181635	2836.438579926072
182203	2836.438579926072
182768	2836.438579926072
183337	2836.438579926072
185026	2836.438579926072
185588	2836.438579926072
186153	2836.438579926072
186716	2836.438579926072
187279	2836.438579926072
187843	2836.438579926072
188406	2836.438579926072
188967	2836.438579926072
189531	2836.438579926072
190097	2836.438579926072
190662	2836.438579926072
191227	2836.438579926072
191810	2836.438579926072
192380	2836.438579926072
192952	2836.438579926072
193516	2836.438579926072
194087	2836.438579926072
194654	2836.438579926072
195228	2836.438579926072
195798	2836.438579926072
197852	2836.438579926072
198422	2836.438579926072
198992	2836.438579926072
199564	2836.438579926072
200133	2836.438579926072
200710	2836.438579926072
201280	2836.438579926072
201852	2836.438579926072
202424	2836.438579926072
202999	2836.438579926072
203565	2836.438579926072
204131	2836.438579926072
204697	2836.438579926072
205264	2836.438579926072
205835	2836.438579926072
206405	2836.438579926072
206978	2836.438579926072
207547	2836.438579926072
208114	2836.438579926072
208677	2836.438579926072
211124	2836.438579926072
211696	2836.438579926072
212259	2836.438579926072
212834	2836.438579926072
213402	2836.438579926072
213983	2836.438579926072
214563	2836.438579926072
215141	2836.438579926072
215709	2836.438579926072
216282	2836.438579926072
216860	2836.438579926072
217433	2836.438579926072
218008	2836.438579926072
228799	2835.4690187737338
229372	2835.4690187737338
229944	2835.4690187737338
230512	2835.4690187737338
231072	2835.4690187737338
231652	2835.4690187737338
232219	2835.4690187737338
232791	2835.4690187737338
233359	2835.4690187737338
233929	2835.4690187737338
234508	2835.4690187737338
235083	2835.4690187737338
235659	2835.4690187737338
236246	2835.4690187737338
236822	2835.4690187737338
237395	2835.4690187737338
237965	2835.4690187737338
238534	2835.4690187737338
239102	2835.4690187737338
239675	2835.4690187737338
240247	2835.4690187737338
240821	2835.4690187737338
241394	2835.4690187737338
241973	2835.4690187737338
242545	2835.4690187737338
243110	2835.4690187737338
243676	2835.4690187737338
246467	2835.4690187737338
247037	2835.4690187737338
247601	2835.4690187737338
248171	2835.4690187737338
248736	2835.4690187737338
249302	2835.4690187737338
249871	2835.4690187737338
250443	2835.4690187737338
251018	2835.4690187737338
251584	2835.4690187737338
254741	2835.4690187737338
255307	2835.4690187737338
255873	2835.4690187737338
256439	2835.4690187737338
257011	2835.4690187737338
257582	2835.4690187737338
258146	2835.4690187737338
258709	2835.4690187737338
259275	2835.4690187737338
259843	2835.4690187737338
260410	2835.4690187737338
260974	2835.4690187737338
261535	2835.4690187737338
262095	2835.4690187737338
262666	2835.4690187737338
263233	2835.4690187737338
263798	2835.4690187737338
264366	2835.4690187737338
264940	2835.4690187737338
265512	2835.4690187737338
267797	2835.4690187737338
268365	2835.4690187737338
268935	2835.4690187737338
269502	2835.4690187737338
270072	2835.4690187737338
270639	2835.4690187737338
271214	2835.4690187737338
271790	2835.4690187737338
272352	2835.4690187737338
272922	2835.4690187737338
273488	2835.4690187737338
274057	2835.4690187737338
274625	2835.4690187737338
275189	2835.4690187737338
275760	2835.4690187737338
276332	2835.4690187737338
276902	2835.4690187737338
277468	2835.4690187737338
278041	2835.4690187737338
278611	2835.4690187737338
280696	2835.4690187737338
281272	2835.4690187737338
281851	2835.4690187737338
282424	2835.4690187737338
282989	2835.4690187737338
283559	2835.4690187737338
284126	2835.4690187737338
284694	2835.4690187737338
285266	2835.4690187737338
285840	2835.4690187737338
286411	2835.4690187737338
286987	2835.4690187737338
287551	2835.4690187737338
288132	2835.4690187737338
288714	2835.4690187737338
289286	2835.4690187737338
289860	2835.4690187737338
290433	2835.4690187737338
291009	2835.4690187737338
291579	2835.4690187737338
294075	2835.4690187737338
294647	2835.4690187737338
295223	2835.4690187737338
295798	2835.4690187737338
296376	2835.4690187737338
296951	2835.4690187737338
297528	2835.4690187737338
298116	2835.4690187737338
298691	2835.4690187737338
299262	2835.4690187737338
299840	2835.4690187737338
300414	2835.4690187737338
300983	2835.4690187737338
301552	2835.4690187737338
302125	2835.4690187737338
302692	2835.4690187737338
303257	2835.4690187737338
303827	2835.4690187737338
304399	2835.4690187737338
304971	2835.4690187737338
307264	2835.4690187737338
307840	2835.4690187737338
308414	2835.4690187737338
308986	2835.4690187737338
309555	2835.4690187737338
310126	2835.4690187737338
310701	2835.4690187737338
311271	2835.4690187737338
311841	2835.4690187737338
312411	2835.4690187737338
316499	2835.4690187737338
317068	2835.4690187737338
317640	2835.4690187737338
318213	2835.4690187737338
318787	2835.4690187737338
319363	2835.4690187737338
319930	2835.4690187737338
320493	2835.4690187737338
321065	2835.4690187737338
321633	2835.4690187737338
322206	2835.4690187737338
322781	2835.4690187737338
323352	2835.4690187737338
323925	2835.4690187737338
324494	2835.4690187737338
325064	2835.4690187737338
325637	2835.4690187737338
326204	2835.4690187737338
326777	2835.4690187737338
327349	2835.4690187737338
329175	2835.4690187737338
329745	2835.4690187737338
330317	2835.4690187737338
330893	2835.4690187737338
331465	2835.4690187737338
332041	2835.4690187737338
332610	2835.4690187737338
333182	2835.4690187737338
333746	2835.4690187737338
334317	2835.4690187737338
334889	2835.4690187737338
335465	2835.4690187737338
336034	2835.4690187737338
336598	2835.4690187737338
337159	2835.4690187737338
337726	2835.4690187737338
338296	2835.4690187737338
338868	2835.4690187737338
339432	2835.4690187737338
340000	2835.4690187737338
342435	2835.4690187737338
343002	2835.4690187737338
343571	2835.4690187737338
344141	2835.4690187737338
344709	2835.4690187737338
345278	2835.4690187737338
345843	2835.4690187737338
346413	2835.4690187737338
346979	2835.4690187737338
347545	2835.4690187737338
348115	2835.4690187737338
348683	2835.4690187737338
349256	2835.4690187737338
349821	2835.4690187737338
350390	2835.4690187737338
350953	2835.4690187737338
351514	2835.4690187737338
352080	2835.4690187737338
352645	2835.4690187737338
353219	2835.4690187737338
354939	2835.4690187737338
355504	2835.4690187737338
356071	2835.4690187737338
356641	2835.4690187737338
357209	2835.4690187737338
357787	2835.4690187737338
358358	2835.4690187737338
358925	2835.4690187737338
359499	2835.4690187737338
360073	2835.4690187737338
360641	2835.4690187737338
361215	2835.4690187737338
361791	2835.4690187737338
362365	2835.4690187737338
362939	2835.4690187737338
363516	2835.4690187737338
364088	2835.4690187737338
364669	2835.4690187737338
365251	2835.4690187737338
365830	2835.4690187737338
368186	2835.4690187737338
368764	2835.4690187737338
369339	2835.4690187737338
369919	2835.4690187737338
370498	2835.4690187737338
371078	2835.4690187737338
371655	2835.4690187737338
372229	2835.4690187737338
372808	2835.4690187737338
373380	2835.4690187737338
375819	2835.4690187737338
376389	2835.4690187737338
376958	2835.4690187737338
377529	2835.4690187737338
378104	2835.4690187737338
378675	2835.4690187737338
379247	2835.4690187737338
379815	2835.4690187737338
380388	2835.4690187737338
380958	2835.4690187737338
381522	2835.4690187737338
382093	2835.4690187737338
382660	2835.4690187737338
383231	2835.4690187737338
383803	2835.4690187737338
384376	2835.4690187737338
384949	2835.4690187737338
385518	2835.4690187737338
386084	2835.4690187737338
386653	2835.4690187737338
389132	2835.4690187737338
389695	2835.4690187737338
390254	2835.4690187737338
390820	2835.4690187737338
391386	2835.4690187737338
391956	2835.4690187737338
392524	2835.4690187737338
393100	2835.4690187737338
393667	2835.4690187737338
394235	2835.4690187737338
394798	2835.4690187737338
395375	2835.4690187737338
395942	2835.4690187737338
396512	2835.4690187737338
397086	2835.4690187737338
397659	2835.4690187737338
398230	2835.4690187737338
398798	2835.4690187737338
399368	2835.4690187737338
399937	2835.4690187737338
402578	2835.4690187737338
403152	2835.4690187737338
403721	2835.4690187737338
404288	2835.4690187737338
404858	2835.4690187737338
405429	2835.4690187737338
406005	2835.4690187737338
406577	2835.4690187737338
407148	2835.4690187737338
407723	2835.4690187737338
408295	2835.4690187737338
411241	2835.4690084919275
411820	2835.4690084919275
412397	2835.4690084919275
412977	2835.4690084919275
413545	2835.4690084919275
414116	2835.4690084919275
414695	2835.4690084919275
415268	2835.4690084919275
415844	2835.4690084919275
416415	2835.4690084919275
419204	2835.4689947437164
422258	2835.46898669835
425208	2835.4689832080367
425777	2835.4689832080367
426351	2835.4689832080367
426927	2835.4689832080367
427497	2835.4689832080367
428074	2835.4689832080367
428656	2835.4689832080367
431040	2835.4689789685176
431621	2835.4689789685176
432198	2835.4689789685176
435310	2835.46897411753
435893	2835.46897411753
436471	2835.46897411753
437047	2835.46897411753
437623	2835.46897411753
438195	2835.46897411753
441252	2835.4689643177853
441834	2835.4689643177853
442407	2835.4689643177853
442978	2835.4689643177853
443551	2835.4689643177853
444130	2835.4689643177853
444701	2835.4689643177853
445274	2835.4689643177853
445849	2835.4689643177853
446424	2835.4689643177853
447004	2835.4689643177853
447580	2835.4689643177853
448158	2835.4689643177853
448729	2835.4689643177853
451223	2835.468951970859
451799	2835.468951970859
452380	2835.468951970859
452955	2835.468951970859
453540	2835.468951970859
454111	2835.468951970859
454683	2835.468951970859
459459	2835.468948056217
460053	2835.468948056217
460639	2835.468948056217
461222	2835.468948056217
461804	2835.468948056217
462389	2835.468948056217
462972	2835.468948056217
463560	2835.468948056217
464143	2835.468948056217
464725	2835.468948056217
465306	2835.468948056217
465888	2835.468948056217
466477	2835.468948056217
467062	2835.468948056217
467645	2835.468948056217
468222	2835.468948056217
468802	2835.468948056217
469379	2835.468948056217
469956	2835.468948056217
470529	2835.468948056217
472563	2835.468948056217
473142	2835.468948056217
473720	2835.468948056217
474304	2835.468948056217
474882	2835.468948056217
475464	2835.468948056217
476047	2835.468948056217
476631	2835.468948056217
477226	2835.468948056217
477805	2835.468948056217
478377	2835.468948056217
478955	2835.468948056217
479539	2835.468948056217
480117	2835.468948056217
480699	2835.468948056217
481284	2835.468948056217
481865	2835.468948056217
482439	2835.468948056217
483023	2835.468948056217
483604	2835.468948056217
488921	2835.468948056217
489504	2835.468948056217
490088	2835.468948056217
490662	2835.468948056217
491235	2835.468948056217
491806	2835.468948056217
492386	2835.468948056217
492965	2835.468948056217
493546	2835.468948056217
494121	2835.468948056217
494708	2835.468948056217
495290	2835.468948056217
495874	2835.468948056217
496454	2835.468948056217
497035	2835.468948056217
497626	2835.468948056217
498207	2835.468948056217
498799	2835.468948056217
499377	2835.468948056217
499966	2835.468948056217
501268	2835.468942248819
