-13.031263489596	11.410812884011307	-42.89884178328218	8.215139491912282	-59.76299090524324	-40.67174974461742	-11.643273362464512	20.933980438228602	7.233005217248632	-47.80240465321211	-53.642424916388954	-76.25395265985779	56.698727178434524	-80.2198467067239	46.5770012358721	-50.24526086738006	-43.08860319884349	47.21668660215988	31.92415834432728	48.384311103111656	3.056611758872279	71.81916393305414	-75.64122172490568	29.039392281301048	-76.35113750226881	47.45667362908563	-28.219067708309467	34.976420874221986	40.69678268825635	32.12169152821167	
-31.94707954383775	-31.72170821554151	49.52853023681775	-66.3200058293368	-7.419040474575663	-18.95383244738381	55.20918894753148	-43.88510476156103	16.042252212721188	8.369980556501126	51.62708616893239	-8.622328508707673	11.40743893608499	-48.55755355334392	-29.931345649943864	-68.0568147079546	74.60116118843952	-3.983496452601946	-50.847682832457174	-30.354009605905127	18.933329339227967	-76.99866957862415	-67.66036364510288	27.330022803503265	-25.941394201250056	100.0	-30.788530209179342	-17.441348413735014	30.431941015347626	35.016516019570965	
27.895252994761563	27.455688719555987	18.115583395438684	-12.731171253070192	14.074721447536614	24.474138665937154	-11.991726075289916	52.93924823220541	-6.206851645442752	-41.73458467209344	-45.25096677743751	-1.9785770345227225	76.61025394338142	-24.129990044831388	29.112150262897806	-78.60031833344641	-45.967833596766006	21.688679333431274	13.230346668231405	2.5885379591320046	-3.0584427101351954	41.87452374391607	-48.81279782500243	2.3839039460385383	-35.46032596928466	-4.888577085345225	-55.25394036038841	-35.62742896084113	10.222540577352188	65.85260882130659	
28.43850464582991	39.96673496966991	-40.40661540454605	23.261497608886085	54.87496063865069	-23.080934389267192	24.095696568249554	-20.417212375174316	-39.16707891333437	-34.1063322576967	-2.203642076150963	67.18350659439592	11.154609240056102	-8.44177574276997	12.890495474817378	2.1244144035704147	-25.18218266731364	-0.7097745036544403	-6.1333474014186615	49.73260129776649	1.612170465506079	16.26795265622375	-54.74961249970085	9.520381619540439	-23.33463176579961	8.022083987806113	-6.898872250300755	19.383509010870775	-18.847954254304007	78.17791813948406	
29.4468020318215	35.61393739345008	-31.26574191003722	-11.206035384520991	-59.202416203935684	-14.35671308247776	12.448073554666351	28.846360569118286	-41.263999569602504	-17.820786294653445	19.30100071192658	52.30109887092236	-0.9583367686399313	-23.84187134607231	-6.52619632782929	-26.453516575460977	-40.08939187513666	11.617261716487953	-11.970242482524045	45.5844600155149	16.433655749608175	34.168669534722994	-57.19985407065113	7.216896983941037	-12.361368498312537	10.635415367266651	2.351173898456606	26.533515035149875	-43.28410991224639	74.06946445221138	
24.027473622751774	36.38846143406756	-33.24149837487956	-7.148167213690806	-16.519158352179822	-23.302016369820738	27.990388848368827	8.657481743406732	-39.34398305519045	-25.036080231360184	-10.103831856490903	48.0722684895854	25.266890757725704	-9.994033523318077	7.149769690858964	-17.452407202623295	10.261283233914297	-5.848667579905108	-11.855492609603644	21.642430191582633	6.905274479770937	44.09827849142285	-47.13258063183834	7.429491685850068	-7.007061692688502	27.99486668012614	-9.189908356627132	23.67696602973194	-19.399256369996763	71.0061293344409	
24.0826678083481	33.002629156676555	-14.71097729531049	3.765317271599738	-35.79655549932712	16.129726243476558	12.191414168176337	35.241356898496335	-23.622199732667283	-20.091443474505297	-8.11256912314345	15.52762124945659	27.80907026509122	-2.531061167285108	71.65831133063367	-48.56888289556038	-39.67483779194129	15.032338020135464	-7.607837935773382	39.98735030239989	54.86153644493864	42.52851759841255	-43.95129851344077	18.4502252003149	-10.839211280067321	27.431994471195654	-17.824557964252246	27.3169047788231	-26.56902202512193	48.26716845358711	
21.138944966604804	4.019403497239814	-24.642954762662605	-6.762109084676799	-11.126762133074836	38.60045844787939	35.62479950716005	15.196647253439602	-7.167090814556211	12.863724269872947	25.818207641218343	17.664952743579036	40.18616094050806	-2.1543309650372358	-13.544869665078938	-20.122633095260273	-32.38200492519469	18.53343116034956	-24.301412700970594	22.533648089511104	29.794994472672663	30.731954674114604	-33.18473954007014	18.84854955968244	-8.368863368967203	52.686689608409665	-31.127099901505456	6.262318030891756	-51.11250218915963	42.73113361877669	
10.534817333844556	16.781425460248308	-0.45093712181635404	-5.625454626101156	-36.618174319860735	-4.212055312789172	14.629696343104321	30.219988557565387	3.1660070008752186	-2.5495110831988006	26.860609198623894	22.52714190675039	37.39851739033901	-14.888080931025275	13.13222741282513	-47.43535000326337	-31.075281674717765	7.752148832399479	-15.894030340612893	37.68404140824203	40.146137909082064	22.26608102623185	-52.371598652672326	22.16989699978829	-3.871916197550524	58.008055627235194	-18.106580092526947	21.024086910850464	-5.033815719610754	70.19446211038638	
14.230357463092988	35.86521942753316	4.395434024670756	-8.561017831666721	-21.83413397193511	18.706044389608437	19.05051141947917	9.07672875005905	-7.735408944169324	-3.9630491617358152	42.039364234552934	10.141157921493201	56.32774319836962	-15.166525591347002	0.8231059287549733	-70.63683082370723	-7.241911197968562	4.489271767269946	-19.914471241223385	20.160524615036024	31.315490300451366	40.83590515412082	-51.914174141643876	12.128334215677068	-16.660529573074683	58.494897937361124	-7.9672988040489665	13.76332379193012	-12.735550604685946	63.96223811478335	
