-22.873202536845014	-18.036375953493035	-65.92391319955873	89.11489192568453	-18.992040266165873	32.33918619924833	-26.26735786995343	-59.60231724729115	85.83565026351664	31.46172556788315	66.91707564489724	13.64500677175306	-56.952695305755576	-82.03138876301529	71.35906699698918	-67.58823105697047	64.9120206396156	-1.4846686140977994	-31.78213015333027	-19.8524618124371	71.18742624247207	86.93312856916378	-34.054158572916805	31.03444897380939	-30.93067142034694	21.41602260441205	-37.18834161651456	77.49050483780667	-90.83019541634086	-3.8491690948338544	
-2.946697426029184	-14.210218909604649	-61.051030917163274	-60.24355159343858	73.00359665928588	-5.246921386505917	12.04753831018207	-49.29362511069641	91.15743309730325	-0.7535309951576181	49.21608493471941	31.261886746188527	35.34389207613212	-61.378685582401886	-24.440143996137465	-79.44664285813955	-33.13300814407076	23.723829587902383	6.5622540595006456	48.96807750716676	83.15501766998194	84.27333626268016	-34.023004149158325	8.153710177480846	-15.296511057071394	74.90416994866469	1.5950941736652489	-71.84842964295211	-9.507998970955455	17.37668333604825	
12.499617736828204	-64.35464158616537	-3.0196314450915844	-13.789239503974272	-40.274394653071084	-20.569787578846626	37.64168317170865	-25.71880015200878	53.705266895834434	9.216108206498244	18.411194677227908	37.0236573696188	5.798329575139773	-2.3383560438539437	8.445944472991938	-80.13832228578576	5.885111333894725	16.824133515110237	-19.629997736746695	-31.322182869249364	28.847337406305122	31.292026972778192	-2.1216471286101233	-3.76557078125154	-13.728464898067383	72.36124413275368	-55.64329881239949	75.52934561904652	20.875030789212268	2.400557996229926	
15.131251776688318	-4.0153381007912685	-63.271378484200774	-50.1339149266736	67.17178524539298	-6.116576497576883	-7.872965680366336	-60.59106004060152	79.41938886366543	10.590169482944635	60.27932351474928	65.76101503326534	15.257093496992583	-35.89562921421089	-5.363139201833597	-93.69971159357456	-71.92284513185612	6.570193289231163	-1.53260896472392	29.614891630496203	58.69207468179751	54.80247442826121	-41.7845048810445	20.74597502280877	3.4983938030337107	83.17857541115337	18.244707576358774	11.481909739565282	-40.64384650318438	41.29782378890536	
15.159687769943858	2.571064257451164	-6.316498948048512	6.461534266962901	20.227441916176364	23.77169941494064	30.121717133678636	-5.268339578478944	46.92149227053734	-50.303651264454196	72.95028494335993	28.440141235931804	48.44039760360573	-44.83724117055412	-1.931113974004269	-76.4344107516795	-37.579825959420745	-4.574109355010248	-9.42158718680436	-12.33329505068554	88.45068164566572	32.878570327859315	-59.83187040434487	-6.10915630026033	-0.4074745551809187	53.7766420827655	2.904674065665274	24.987449462324307	-17.932321270605577	50.85972202515134	
17.218158960136716	-17.45864407987845	-28.042009310267495	-53.45131659841923	66.46819244289496	10.592483764912778	-0.45357916387133823	-61.776612510879225	34.750001670988844	9.235522944399866	59.84092181568925	56.01620773859455	18.65056169375859	-18.22884152656151	22.948129868116666	-65.50389993863473	-1.0160308698517468	9.898063265889348	-4.838805787862562	18.233151894657905	48.85311551333291	36.96274717425698	-45.86299846813956	15.165328902441164	10.573064694248854	61.940293441120026	-7.846924321785465	16.58241662480383	-46.64648576797272	43.405556379533195	
27.626878855379125	-0.7770543054508305	-27.77821184973444	-24.93206886789403	0.7414675621961627	12.773633579245654	26.303435353165728	-8.275756397252986	27.80758841182237	26.41689538771082	10.51965575711763	44.9700201827694	27.284610435683966	-58.14328076271704	33.06396471710247	-28.408409976711873	-23.31936605792029	13.577933665308713	-4.500107727477083	-19.40783965817449	55.08094582285864	49.14930028431248	-49.93935392206969	0.9768039641805109	-7.633750066929089	48.28454815430288	-21.048197617600085	57.307189330928836	-24.394737606949892	50.4207479837401	
15.618391536013469	-0.1351377970672234	-32.48880405299924	-16.31125841483305	6.974390202614094	23.49282142792567	7.038105065116665	-2.4613234913693165	35.28139672989284	-22.040143691994345	54.65225399844376	40.57417322615115	29.675264888560832	-29.41388616522598	27.253576906798425	-78.76069866081788	-28.20347053757228	-3.2833955521261644	-13.559954361280079	-9.003709298437897	71.29090086046347	48.03230682367362	-65.25180213775221	-5.865010951012302	-7.952359501101412	59.40582076629873	-10.448756689099643	36.58332214085917	-24.18631002122492	49.563154980734375	
28.932455933759954	3.0901792311651786	-15.736796269274931	-30.44885995816933	40.027524776800654	13.196815093692969	10.096169845837387	-4.147587363408883	-0.9101915752309617	-0.6191412480235172	27.11646037994107	56.62512847791997	18.71851721169625	-39.768865659144645	4.095257324024823	-35.20132757426171	0.6079094895979709	5.428822568991375	-5.236706857390589	11.844020235875561	65.28576047023164	43.4341923608409	-49.28596591960543	13.477900538265928	4.334938306192874	54.64709994169615	-22.489407388323052	15.593917772238335	-30.624344485012777	28.3313593158728	
25.32593293499051	-6.290862663460837	-15.533822077398938	-29.323008985488077	9.661097659968984	21.386396214412557	15.094543142961507	-28.857218298618577	5.766613054477773	0.7059800623090413	39.35283325544101	33.24262555668256	33.453584471202305	-30.30296880227344	-3.1976291653936366	-55.44361467872906	-7.4226629920673215	6.758157109716597	-8.42215422176311	5.258349957801405	60.897867739061	38.32633090582396	-48.804559111338556	13.706377757853856	0.5780279663302519	54.89827030795749	-22.844394706881985	26.800232277830343	-30.52341946173888	40.093944506936	
