500	10049485834.663916
1096	4700411359.646689
1683	2650952155.4378533
2268	1045760617.7814924
2853	763120477.1715746
3437	548020308.5852723
4016	413043575.5000487
4595	294412986.78296363
5173	245341525.32773507
5747	194884531.20380047
6320	172311562.66250187
6894	157345048.72342962
7472	138819615.61051494
8038	135019617.97376066
8611	113914591.41116992
9184	94958150.2311163
9759	75700197.36330234
10337	73814139.76501346
10910	66491337.27793433
11487	62643009.39766028
12058	57968793.322906226
12642	50234068.19549749
13213	50234068.19549749
13791	48598378.16982713
14368	40373210.41962199
14944	33716640.93507634
15522	32665775.908177674
16097	29399304.339126587
16676	27059029.158790544
17253	21736725.83547113
17839	19321486.26017855
18414	18500476.721084993
18993	17740159.113454636
19568	15786247.061759328
20151	11983466.841296054
20735	11361177.005341534
21317	11361177.005341534
21899	10884242.891527196
22483	9697466.61750854
23069	8172236.726584763
23652	7637913.110987866
70805	816616.8369303029
71385	816616.8369303029
71974	816616.8369303029
72561	816616.8369303029
73145	816616.8369303029
73731	816616.8369303029
74326	816616.8369303029
74929	816616.8369303029
75528	816616.8369303029
76132	816616.8369303029
76740	816616.8369303029
77351	816616.8369303029
77960	816616.8369303029
78573	816616.8369303029
79184	816616.8369303029
79804	816616.8369303029
80417	816616.8369303029
81041	816616.8369303029
101457	602308.4808953528
145130	592909.8219642768
145719	592909.8219642768
146305	592909.8219642768
146888	592909.8219642768
147468	592909.8219642768
148051	592909.8219642768
148636	592909.8219642768
149224	592909.8219642768
149805	592909.8219642768
150395	592909.8219642768
150975	592909.8219642768
151566	592909.8219642768
152154	592909.8219642768
152737	592909.8219642768
153332	592909.8219642768
153927	592909.8219642768
154513	592909.8219642768
155107	592909.8219642768
155701	592909.8219642768
156293	592909.8219642768
156877	592909.8219642768
176125	592909.8219642768
176726	592909.8219642768
177321	592909.8219642768
177911	592909.8219642768
178509	592909.8219642768
179106	592909.8219642768
179709	592909.8219642768
180297	592909.8219642768
180889	592909.8219642768
181486	592909.8219642768
182088	592909.8219642768
182677	592909.8219642768
183267	592909.8219642768
183852	592909.8219642768
184438	592909.8219642768
185020	592909.8219642768
185614	592909.8219642768
186208	592909.8219642768
186800	592909.8219642768
187402	592909.8219642768
201627	592909.8219642768
202217	592909.8219642768
202811	592909.8219642768
203409	592909.8219642768
204006	592909.8219642768
204596	592909.8219642768
205188	592909.8219642768
205777	592909.8219642768
206369	592909.8219642768
206956	592909.8219642768
207544	592909.8219642768
208139	592909.8219642768
208722	592909.8219642768
209318	592909.8219642768
209913	592909.8219642768
210495	592909.8219642768
211084	592909.8219642768
211674	592909.8219642768
212256	592909.8219642768
212844	592909.8219642768
230881	592909.8219642768
231468	592909.8219642768
232057	592909.8219642768
232644	592909.8219642768
233227	592909.8219642768
233821	592909.8219642768
234416	592909.8219642768
235010	592909.8219642768
235599	592909.8219642768
236192	592909.8219642768
236773	592909.8219642768
237360	592909.8219642768
237941	592909.8219642768
238531	592909.8219642768
239115	592909.8219642768
239702	592909.8219642768
240299	592909.8219642768
240891	592909.8219642768
241476	592909.8219642768
242060	592909.8219642768
260063	592909.8219642768
260658	592909.8219642768
261244	592909.8219642768
261840	592909.8219642768
262440	592909.8219642768
263025	592909.8219642768
263620	592909.8219642768
264201	592909.8219642768
264782	592909.8219642768
265374	592909.8219642768
282179	592909.8219642768
282763	592909.8219642768
283350	592909.8219642768
283941	592909.8219642768
284527	592909.8219642768
285115	592909.8219642768
285708	592909.8219642768
286297	592909.8219642768
286886	592909.8219642768
287468	592909.8219642768
288044	592909.8219642768
288627	592909.8219642768
289209	592909.8219642768
289795	592909.8219642768
290374	592909.8219642768
290951	592909.8219642768
291532	592909.8219642768
292111	592909.8219642768
292689	592909.8219642768
293267	592909.8219642768
299010	592909.8219642768
299602	592909.8219642768
300182	592909.8219642768
300773	592909.8219642768
301362	592909.8219642768
301949	592909.8219642768
302540	592909.8219642768
303127	592909.8219642768
303718	592909.8219642768
304298	592909.8219642768
304877	592909.8219642768
305458	592909.8219642768
306041	592909.8219642768
306625	592909.8219642768
307204	592909.8219642768
307793	592909.8219642768
308374	592909.8219642768
308964	592909.8219642768
309553	592909.8219642768
310135	592909.8219642768
326935	592909.8219642768
327516	592909.8219642768
328091	592909.8219642768
328670	592909.8219642768
329253	592909.8219642768
329829	592909.8219642768
330399	592909.8219642768
330972	592909.8219642768
331543	592909.8219642768
332118	592909.8219642768
332690	592909.8219642768
333266	592909.8219642768
333836	592909.8219642768
334411	592909.8219642768
334991	592909.8219642768
335569	592909.8219642768
336154	592909.8219642768
336742	592909.8219642768
337322	592909.8219642768
337898	592909.8219642768
354699	592909.8219642768
355277	592909.8219642768
355859	592909.8219642768
356433	592909.8219642768
357012	592909.8219642768
357587	592909.8219642768
358167	592909.8219642768
358748	592909.8219642768
359328	592909.8219642768
359905	592909.8219642768
360483	592909.8219642768
361056	592909.8219642768
361627	592909.8219642768
362199	592909.8219642768
362777	592909.8219642768
363352	592909.8219642768
363926	592909.8219642768
364506	592909.8219642768
365090	592909.8219642768
365669	592909.8219642768
382518	592909.8219642768
383100	592909.8219642768
383685	592909.8219642768
384266	592909.8219642768
384845	592909.8219642768
385433	592909.8219642768
386016	592909.8219642768
386601	592909.8219642768
387186	592909.8219642768
387777	592909.8219642768
404632	592909.8219642768
405215	592909.8219642768
405798	592909.8219642768
406371	592909.8219642768
406945	592909.8219642768
407527	592909.8219642768
408109	592909.8219642768
408696	592909.8219642768
409285	592909.8219642768
409873	592909.8219642768
410457	592909.8219642768
411036	592909.8219642768
411622	592909.8219642768
412207	592909.8219642768
412794	592909.8219642768
413374	592909.8219642768
413962	592909.8219642768
414542	592909.8219642768
415125	592909.8219642768
415713	592909.8219642768
432526	592909.8219642768
433116	592909.8219642768
433703	592909.8219642768
434289	592909.8219642768
434880	592909.8219642768
435463	592909.8219642768
436043	592909.8219642768
436625	592909.8219642768
437209	592909.8219642768
437783	592909.8219642768
438366	592909.8219642768
438950	592909.8219642768
439538	592909.8219642768
440133	592909.8219642768
440728	592909.8219642768
441324	592909.8219642768
441905	592909.8219642768
442492	592909.8219642768
443078	592909.8219642768
443654	592909.8219642768
460454	592909.8219642768
461041	592909.8219642768
461615	592909.8219642768
462204	592909.8219642768
462786	592909.8219642768
463369	592909.8219642768
463952	592909.8219642768
464534	592909.8219642768
465118	592909.8219642768
465707	592909.8219642768
466290	592909.8219642768
466874	592909.8219642768
467463	592909.8219642768
468048	592909.8219642768
468628	592909.8219642768
469200	592909.8219642768
469780	592909.8219642768
470370	592909.8219642768
470949	592909.8219642768
471533	592909.8219642768
497748	592909.8219642768
498341	592909.8219642768
498921	592909.8219642768
499509	592909.8219642768
500099	592909.8219642768
