500	7539540111.766901
1091	4188772403.8381596
1675	2182532668.614918
2255	1183636609.5262737
2831	821945386.1431434
3404	547687663.184278
3978	371444647.3604405
4552	346746102.71839017
5127	288104037.79897946
5699	239642532.68534166
6272	171680202.0531199
6847	166676427.12002957
7422	145669367.60268527
7993	139300817.95846778
8567	115125203.64656729
9142	111547963.73689324
9715	83277335.19158003
10289	80783581.88051161
10865	74426856.48810516
11439	66848300.51976778
12013	57457089.53702993
12586	52725968.04801704
13160	44585951.22954805
13734	43158717.086667456
14310	30236273.42643778
14883	30236273.42643778
15455	27844218.09885761
16029	25899025.70668707
16605	24645654.98280514
17180	21942033.38793768
17755	20581966.484420612
18330	18586579.937366307
18905	17174208.003926642
19481	15541353.116452929
20055	14446061.276319047
20631	12484042.040722685
21207	11472760.536383327
21781	10789492.2833735
22357	10010603.926195633
22932	8837988.268090585
23508	8362183.821692589
54682	883912.3722810704
95261	825973.4651944811
95834	825973.4651944811
96407	825973.4651944811
96980	825973.4651944811
97553	825973.4651944811
98125	825973.4651944811
98698	825973.4651944811
99269	825973.4651944811
99842	825973.4651944811
100414	825973.4651944811
100985	825973.4651944811
101555	825973.4651944811
102127	825973.4651944811
102699	825973.4651944811
103270	825973.4651944811
103840	825973.4651944811
104409	825973.4651944811
104980	825973.4651944811
105552	825973.4651944811
113250	823662.5410573249
135937	604972.3625281814
173795	595376.5573643784
174363	595376.5573643784
174932	595376.5573643784
175501	595376.5573643784
176069	595376.5573643784
176639	595376.5573643784
177209	595376.5573643784
177780	595376.5573643784
178350	595376.5573643784
178921	595376.5573643784
179488	595376.5573643784
180058	595376.5573643784
180629	595376.5573643784
181200	595376.5573643784
181771	595376.5573643784
182342	595376.5573643784
182913	595376.5573643784
183484	595376.5573643784
184055	595376.5573643784
184627	595376.5573643784
185199	595376.5573643784
185776	595376.5573643784
186351	595376.5573643784
186925	595376.5573643784
187499	595376.5573643784
188074	595376.5573643784
188650	595376.5573643784
189228	595376.5573643784
206082	595376.5573643784
206655	595376.5573643784
207230	595376.5573643784
207802	595376.5573643784
208372	595376.5573643784
208945	595376.5573643784
209517	595376.5573643784
210086	595376.5573643784
210655	595376.5573643784
211227	595376.5573643784
228012	595376.5573643784
228583	595376.5573643784
229152	595376.5573643784
229721	595376.5573643784
230292	595376.5573643784
230861	595376.5573643784
231432	595376.5573643784
232005	595376.5573643784
232577	595376.5573643784
233144	595376.5573643784
233715	595376.5573643784
234285	595376.5573643784
234855	595376.5573643784
235428	595376.5573643784
236003	595376.5573643784
236572	595376.5573643784
237144	595376.5573643784
237714	595376.5573643784
238289	595376.5573643784
238858	595376.5573643784
260453	595376.5573643784
261024	595376.5573643784
261596	595376.5573643784
262168	595376.5573643784
262739	595376.5573643784
263309	595376.5573643784
263881	595376.5573643784
264452	595376.5573643784
265026	595376.5573643784
265599	595376.5573643784
266171	595376.5573643784
266741	595376.5573643784
267314	595376.5573643784
267886	595376.5573643784
268462	595376.5573643784
269037	595376.5573643784
269613	595376.5573643784
270192	595376.5573643784
270769	595376.5573643784
271344	595376.5573643784
295256	595376.5573643784
295830	595376.5573643784
296404	595376.5573643784
296978	595376.5573643784
297551	595376.5573643784
298123	595376.5573643784
298696	595376.5573643784
299272	595376.5573643784
299843	595376.5573643784
300416	595376.5573643784
300990	595376.5573643784
301564	595376.5573643784
302138	595376.5573643784
302711	595376.5573643784
303285	595376.5573643784
303858	595376.5573643784
304431	595376.5573643784
305005	595376.5573643784
305578	595376.5573643784
306154	595376.5573643784
324141	595376.5573643784
324722	595376.5573643784
325303	595376.5573643784
325879	595376.5573643784
326454	595376.5573643784
327029	595376.5573643784
327602	595376.5573643784
328177	595376.5573643784
328756	595376.5573643784
329335	595376.5573643784
329912	595376.5573643784
330486	595376.5573643784
331059	595376.5573643784
331635	595376.5573643784
332208	595376.5573643784
332782	595376.5573643784
333359	595376.5573643784
333934	595376.5573643784
334508	595376.5573643784
335081	595376.5573643784
354239	595376.5573643784
354811	595376.5573643784
355390	595376.5573643784
355964	595376.5573643784
356538	595376.5573643784
357113	595376.5573643784
357694	595376.5573643784
358268	595376.5573643784
358841	595376.5573643784
359421	595376.5573643784
384606	595376.5573643784
385178	595376.5573643784
385750	595376.5573643784
386326	595376.5573643784
386899	595376.5573643784
387474	595376.5573643784
388047	595376.5573643784
388622	595376.5573643784
389198	595376.5573643784
389771	595376.5573643784
390344	595376.5573643784
390917	595376.5573643784
391489	595376.5573643784
392062	595376.5573643784
392635	595376.5573643784
393208	595376.5573643784
393782	595376.5573643784
394356	595376.5573643784
394929	595376.5573643784
395502	595376.5573643784
414641	595376.5573643784
415217	595376.5573643784
415794	595376.5573643784
416369	595376.5573643784
416945	595376.5573643784
417521	595376.5573643784
418101	595376.5573643784
418676	595376.5573643784
419250	595376.5573643784
419825	595376.5573643784
420404	595376.5573643784
420982	595376.5573643784
421557	595376.5573643784
422133	595376.5573643784
422707	595376.5573643784
423287	595376.5573643784
423862	595376.5573643784
424438	595376.5573643784
425013	595376.5573643784
425588	595376.5573643784
447249	595376.5573643784
447822	595376.5573643784
448395	595376.5573643784
448967	595376.5573643784
449540	595376.5573643784
450114	595376.5573643784
450688	595376.5573643784
451259	595376.5573643784
451832	595376.5573643784
452405	595376.5573643784
452978	595376.5573643784
453553	595376.5573643784
454136	595376.5573643784
454718	595376.5573643784
455297	595376.5573643784
455874	595376.5573643784
456460	595376.5573643784
457034	595376.5573643784
457607	595376.5573643784
458180	595376.5573643784
483296	595376.5573643784
483870	595376.5573643784
484444	595376.5573643784
485016	595376.5573643784
485589	595376.5573643784
486162	595376.5573643784
486736	595376.5573643784
487308	595376.5573643784
487884	595376.5573643784
488455	595376.5573643784
489027	595376.5573643784
489600	595376.5573643784
490173	595376.5573643784
490746	595376.5573643784
491320	595376.5573643784
491893	595376.5573643784
492466	595376.5573643784
493042	595376.5573643784
493626	595376.5573643784
494210	595376.5573643784
534004	595376.5573643784
