1000	19617062156.278324
13238	35275.55305188859
17445	35268.204967912934
20115	35268.204967912934
32265	26696.342321816257
34912	26694.09119566084
37573	26694.09119566084
49658	22303.888870399624
52331	22303.888870399624
64497	21128.225713522024
68640	21124.046464257113
71336	21124.046464257113
84968	10363.240089534049
89143	10363.240089534049
104049	8872.941591510189
108200	8869.86818460039
110829	8869.86818460039
124257	8323.765509814039
126913	8323.303590563151
131061	8323.303590563151
141365	8323.303590563151
153249	8323.303590563151
162055	8323.303590563151
170939	8323.303590563151
181223	8323.303590563151
188544	8323.303590563151
197291	8323.303590563151
207604	8323.303590563151
216454	8323.303590563151
226781	8323.303590563151
237098	8323.303590563151
245892	8323.303590563151
256171	8323.303590563151
263545	8323.303590563151
270873	8323.303590563151
278124	8323.303590563151
286867	8323.303590563151
294212	8323.303590563151
303015	8323.303590563151
311760	8323.303590563151
320530	8323.303590563151
329371	8323.303590563151
335231	8323.303590563151
341051	8323.303590563151
354300	8323.303590563151
360096	8323.303590563151
368902	8323.303590563151
376162	8323.303590563151
386493	8323.303590563151
393717	8323.303590563151
402512	8323.303590563151
411348	8323.303590563151
418535	8323.303590563151
428788	8323.303590563151
436071	8323.303590563151
444785	8323.303590563151
453612	8323.303590563151
463858	8323.303590563151
471085	8323.303590563151
475360	8323.303590563151
479569	8323.303590563151
486788	8323.303590563151
493972	8323.303590563151
505733	8323.303590563151
511517	8323.303590563151
521755	8323.303590563151
526015	8323.303590563151
533251	8323.303590563151
537495	8323.303590563151
543220	8323.303590563151
551968	8323.303590563151
560630	8323.303590563151
564894	8323.303590563151
570700	8323.303590563151
574951	8323.303590563151
582214	8323.303590563151
586386	8323.303590563151
593692	8323.303590563151
597911	8323.303590563151
605175	8323.303590563151
612355	8323.303590563151
619570	8323.303590563151
626809	8323.303590563151
631060	8323.303590563151
636776	8323.303590563151
640979	8323.303590563151
645159	8323.303590563151
655389	8323.303590563151
664137	8323.303590563151
669844	8323.303590563151
677028	8323.303590563151
685768	8323.303590563151
689966	8323.303590563151
700148	8323.303590563151
705894	8323.303590563151
710093	8323.303590563151
717388	8323.303590563151
721652	8323.303590563151
728943	8323.303590563151
734708	8323.303590563151
743361	8323.303590563151
749081	8323.303590563151
756228	8323.303590563151
760395	8323.303590563151
769128	8323.303590563151
774891	8323.303590563151
785009	8323.303590563151
793722	8323.303590563151
800966	8323.303590563151
809689	8323.303590563151
815437	8323.303590563151
821182	8323.303590563151
831325	8323.303590563151
836985	8323.303590563151
848710	8323.303590563151
852864	8323.303590563151
861653	8323.303590563151
868880	8323.303590563151
873108	8323.303590563151
877320	8323.303590563151
881536	8323.303590563151
888672	8323.303590563151
892825	8323.303590563151
900042	8323.303590563151
905779	8323.303590563151
909916	8323.303590563151
914097	8323.303590563151
918265	8323.303590563151
922432	8323.303590563151
926572	8323.303590563151
933766	8323.303590563151
942454	8323.303590563151
948218	8323.303590563151
952430	8323.303590563151
956610	8323.303590563151
965299	8323.303590563151
969465	8323.303590563151
976721	8323.303590563151
985409	8323.303590563151
992617	8323.303590563151
999874	8323.303590563151
1004014	8323.303590563151
