1000	37978566314.03854
2158	26556611067.957657
3311	15774498026.590647
4461	15774498026.590647
5601	14301550224.56132
6746	8116008291.503637
7879	8116008291.503637
9016	8116008291.503637
10147	8116008291.503637
11278	7922395214.074428
12409	7922395214.074428
13536	7922395214.074428
14665	4340131801.308095
15795	4340131801.308095
16924	4340131801.308095
18053	4340131801.308095
19178	4340131801.308095
20306	4340131801.308095
21434	4340131801.308095
22558	4340131801.308095
23684	4340131801.308095
24809	4340131801.308095
25937	4340131801.308095
27061	4340131801.308095
28186	4340131801.308095
29310	4340131801.308095
30438	4340131801.308095
31568	4340131801.308095
32694	4340131801.308095
33820	4340131801.308095
34949	4340131801.308095
36078	3918563082.018583
37205	3918563082.018583
38331	3918563082.018583
39459	3664134063.606279
40586	2996083990.0871396
41716	2996083990.0871396
42842	2996083990.0871396
43969	2996083990.0871396
45096	2996083990.0871396
46224	2996083990.0871396
47355	2996083990.0871396
48486	2996083990.0871396
49616	2996083990.0871396
50743	2996083990.0871396
51873	2996083990.0871396
53001	2996083990.0871396
79224	2190.2127747330437
113968	2184.1761414325792
115095	2184.1761414325792
116222	2184.1761414325792
117352	2184.1761414325792
118480	2184.1761414325792
119608	2184.1761414325792
120739	2184.1761414325792
121870	2184.1761414325792
122997	2184.1761414325792
124123	2184.1761414325792
125249	2184.1761414325792
126377	2184.1761414325792
127503	2184.1761414325792
128630	2184.1761414325792
129755	2184.1761414325792
130884	2184.1761414325792
132012	2184.1761414325792
133142	2184.1761414325792
134271	2184.1761414325792
135398	2184.1761414325792
136530	2184.1761414325792
137663	2184.1761414325792
138798	2184.1761414325792
169328	2184.1761414325792
170463	2184.1761414325792
171598	2184.1761414325792
172732	2184.1761414325792
173864	2184.1761414325792
174996	2184.1761414325792
176131	2184.1761414325792
177262	2184.1761414325792
178391	2184.1761414325792
179518	2184.1761414325792
180645	2184.1761414325792
181773	2184.1761414325792
182899	2184.1761414325792
184027	2184.1761414325792
185153	2184.1761414325792
186282	2184.1761414325792
187410	2184.1761414325792
188537	2184.1761414325792
189667	2184.1761414325792
190795	2184.1761414325792
219555	2184.1761414325792
220683	2184.1761414325792
221810	2184.1761414325792
222936	2184.1761414325792
224066	2184.1761414325792
225195	2184.1761414325792
226326	2184.1761414325792
227459	2184.1761414325792
228593	2184.1761414325792
229726	2184.1761414325792
230860	2184.1761414325792
231992	2184.1761414325792
233121	2184.1761414325792
234256	2184.1761414325792
235386	2184.1761414325792
236512	2184.1761414325792
237642	2184.1761414325792
238772	2184.1761414325792
239902	2184.1761414325792
241034	2184.1761414325792
263843	2184.1761414325792
264979	2184.1761414325792
266111	2184.1761414325792
267242	2184.1761414325792
268374	2184.1761414325792
269509	2184.1761414325792
270638	2184.1761414325792
271766	2184.1761414325792
272894	2184.1761414325792
274023	2184.1761414325792
294173	2184.1761414325792
295301	2184.1761414325792
296428	2184.1761414325792
297558	2184.1761414325792
298683	2184.1761414325792
299812	2184.1761414325792
300938	2184.1761414325792
302065	2184.1761414325792
303193	2184.1761414325792
304318	2184.1761414325792
305443	2184.1761414325792
306572	2184.1761414325792
307700	2184.1761414325792
308828	2184.1761414325792
309959	2184.1761414325792
311087	2184.1761414325792
312215	2184.1761414325792
313345	2184.1761414325792
314475	2184.1761414325792
315605	2184.1761414325792
342559	2184.1761414325792
343697	2184.1761414325792
344830	2184.1761414325792
345959	2184.1761414325792
347091	2184.1761414325792
348222	2184.1761414325792
349353	2184.1761414325792
350480	2184.1761414325792
351606	2184.1761414325792
352734	2184.1761414325792
353863	2184.1761414325792
354990	2184.1761414325792
356115	2184.1761414325792
357241	2184.1761414325792
358371	2184.1761414325792
359501	2184.1761414325792
360630	2184.1761414325792
361759	2184.1761414325792
362888	2184.1761414325792
364017	2184.1761414325792
389425	2184.1761414325792
390553	2184.1761414325792
391684	2184.1761414325792
392820	2184.1761414325792
393955	2184.1761414325792
395089	2184.1761414325792
396226	2184.1761414325792
397358	2184.1761414325792
398491	2184.1761414325792
399623	2184.1761414325792
400753	2184.1761414325792
401885	2184.1761414325792
403019	2184.1761414325792
404150	2184.1761414325792
405276	2184.1761414325792
406404	2184.1761414325792
407535	2184.1761414325792
408666	2184.1761414325792
409796	2184.1761414325792
410927	2184.1761414325792
435137	2167.731606350173
465598	2161.3997373320353
466727	2161.3997373320353
467855	2161.3997373320353
468983	2161.3997373320353
470111	2161.3997373320353
471242	2161.3997373320353
472369	2161.3997373320353
473499	2161.3997373320353
474627	2161.3997373320353
475756	2161.3997373320353
476882	2161.3997373320353
478010	2161.3997373320353
479143	2161.3997373320353
480274	2161.3997373320353
481407	2161.3997373320353
482539	2161.3997373320353
483671	2161.3997373320353
484803	2161.3997373320353
485935	2161.3997373320353
512159	2161.3997373320353
513294	2161.3997373320353
514431	2161.3997373320353
515565	2161.3997373320353
516698	2161.3997373320353
517830	2161.3997373320353
518960	2161.3997373320353
520089	2161.3997373320353
521217	2161.3997373320353
522353	2161.3997373320353
523486	2161.3997373320353
524621	2161.3997373320353
525752	2161.3997373320353
526881	2161.3997373320353
528012	2161.3997373320353
529139	2161.3997373320353
530269	2161.3997373320353
531403	2161.3997373320353
532534	2161.3997373320353
533663	2161.3997373320353
565242	2161.3997373320353
566372	2161.3997373320353
567505	2161.3997373320353
568638	2161.3997373320353
569771	2161.3997373320353
570901	2161.3997373320353
572031	2161.3997373320353
573161	2161.3997373320353
574287	2161.3997373320353
575413	2161.3997373320353
576537	2161.3997373320353
577664	2161.3997373320353
578793	2161.3997373320353
579924	2161.3997373320353
581054	2161.3997373320353
582185	2161.3997373320353
583314	2161.3997373320353
584443	2161.3997373320353
585573	2161.3997373320353
586704	2161.3997373320353
608351	2161.3997373320353
609481	2161.3997373320353
610614	2161.3997373320353
611747	2161.3997373320353
612876	2161.3997373320353
614005	2161.3997373320353
615135	2161.3997373320353
616265	2161.3997373320353
617396	2161.3997373320353
618527	2161.3997373320353
619659	2161.3997373320353
620789	2161.3997373320353
621922	2161.3997373320353
623053	2161.3997373320353
624186	2161.3997373320353
625321	2161.3997373320353
626457	2161.3997373320353
627589	2161.3997373320353
628721	2161.3997373320353
629852	2161.3997373320353
664953	2161.3997373320353
666081	2161.3997373320353
667208	2161.3997373320353
668335	2161.3997373320353
669463	2161.3997373320353
670590	2161.3997373320353
671716	2161.3997373320353
672841	2161.3997373320353
673967	2161.3997373320353
675093	2161.3997373320353
676221	2161.3997373320353
677351	2161.3997373320353
678479	2161.3997373320353
679610	2161.3997373320353
680740	2161.3997373320353
681873	2161.3997373320353
683008	2161.3997373320353
684145	2161.3997373320353
685277	2161.3997373320353
686411	2161.3997373320353
711908	2161.3997373320353
713039	2161.3997373320353
714170	2161.3997373320353
715301	2161.3997373320353
716430	2161.3997373320353
717560	2161.3997373320353
718690	2161.3997373320353
719824	2161.3997373320353
720956	2161.3997373320353
722089	2161.3997373320353
748015	2161.3997373320353
749148	2161.3997373320353
750284	2161.3997373320353
751413	2161.3997373320353
752541	2161.3997373320353
753673	2161.3997373320353
754801	2161.3997373320353
755928	2161.3997373320353
757058	2161.3997373320353
758188	2161.3997373320353
759317	2161.3997373320353
760445	2161.3997373320353
761579	2161.3997373320353
762710	2161.3997373320353
763842	2161.3997373320353
764975	2161.3997373320353
766105	2161.3997373320353
767235	2161.3997373320353
768364	2161.3997373320353
769496	2161.3997373320353
796684	2161.3997373320353
797813	2161.3997373320353
798940	2161.3997373320353
800069	2161.3997373320353
801197	2161.3997373320353
802323	2161.3997373320353
803452	2161.3997373320353
804583	2161.3997373320353
805712	2161.3997373320353
806842	2161.3997373320353
807972	2161.3997373320353
809101	2161.3997373320353
810232	2161.3997373320353
811363	2161.3997373320353
812496	2161.3997373320353
813627	2161.3997373320353
814761	2161.3997373320353
815896	2161.3997373320353
817031	2161.3997373320353
818164	2161.3997373320353
843749	2161.3997373320353
844882	2161.3997373320353
846015	2161.3997373320353
847147	2161.3997373320353
848280	2161.3997373320353
849414	2161.3997373320353
850546	2161.3997373320353
851679	2161.3997373320353
852811	2161.3997373320353
853941	2161.3997373320353
855072	2161.3997373320353
856203	2161.3997373320353
857334	2161.3997373320353
858466	2161.3997373320353
859600	2161.3997373320353
860733	2161.3997373320353
861867	2161.3997373320353
862998	2161.3997373320353
864135	2161.3997373320353
865270	2161.3997373320353
893916	2161.3997373320353
895046	2161.3997373320353
896174	2161.3997373320353
897305	2161.3997373320353
898431	2161.3997373320353
899560	2161.3997373320353
900690	2161.3997373320353
901820	2161.3997373320353
902948	2161.3997373320353
904076	2161.3997373320353
905206	2161.3997373320353
906336	2161.3997373320353
907463	2161.3997373320353
908592	2161.3997373320353
909725	2161.3997373320353
910856	2161.3997373320353
911986	2161.3997373320353
913116	2161.3997373320353
914248	2161.3997373320353
915380	2161.3997373320353
938547	2161.3997373320353
939677	2161.3997373320353
940805	2161.3997373320353
941938	2161.3997373320353
943072	2161.3997373320353
944202	2161.3997373320353
945331	2161.3997373320353
946462	2161.3997373320353
947596	2161.3997373320353
948732	2161.3997373320353
975821	2161.3997373320353
976952	2161.3997373320353
978082	2161.3997373320353
979213	2161.3997373320353
980345	2161.3997373320353
981478	2161.3997373320353
982609	2161.3997373320353
983738	2161.3997373320353
984866	2161.3997373320353
985996	2161.3997373320353
987125	2161.3997373320353
988253	2161.3997373320353
989379	2161.3997373320353
990509	2161.3997373320353
991643	2161.3997373320353
992772	2161.3997373320353
993901	2161.3997373320353
995031	2161.3997373320353
996164	2161.3997373320353
997297	2161.3997373320353
1022940	2161.3997373320353
