1000	29307664087.48732
2159	25197932864.464207
3310	20704412838.406704
4458	18886057875.83884
5608	13478483315.691904
6751	10567378398.945194
7887	10567378398.945194
9023	9182569246.29653
10152	9182569246.29653
11285	6999670168.356039
12413	6999670168.356039
13543	6999670168.356039
14670	6999670168.356039
15798	6999670168.356039
16926	6999670168.356039
18052	6999670168.356039
19181	6999670168.356039
20307	6999670168.356039
21432	6999670168.356039
22561	6999670168.356039
23685	6999670168.356039
24809	6999670168.356039
25933	6999670168.356039
27057	6999670168.356039
28181	6999670168.356039
29305	6999670168.356039
30429	6999670168.356039
31555	5043242731.305317
32681	5043242731.305317
33806	5043242731.305317
34934	5043242731.305317
36062	5043242731.305317
37191	5043242731.305317
38317	5043242731.305317
39442	5043242731.305317
40568	5043242731.305317
41697	5043242731.305317
42825	5043242731.305317
43954	4600772080.854781
45083	4600772080.854781
46215	4600772080.854781
47344	4600772080.854781
118769	43121.91709369717
211163	7721.3634309686
242388	4088.5443078570765
281369	4052.6310455422104
282493	4052.6310455422104
283618	4052.6310455422104
284744	4052.6310455422104
285871	4052.6310455422104
286995	4052.6310455422104
288122	4052.6310455422104
289249	4052.6310455422104
290378	4052.6310455422104
291506	4052.6310455422104
292638	4052.6310455422104
293765	4052.6310455422104
294892	4052.6310455422104
296020	4052.6310455422104
297147	4052.6310455422104
298277	4052.6310455422104
299406	4052.6310455422104
300533	4052.6310455422104
301663	4052.6310455422104
302796	4052.6310455422104
303930	4052.6310455422104
305064	4052.6310455422104
306200	4052.6310455422104
307333	4052.6310455422104
308464	4052.6310455422104
309598	4052.6310455422104
321932	3959.308154585656
352213	3882.3170760548205
353342	3882.3170760548205
354468	3882.3170760548205
355598	3882.3170760548205
356725	3882.3170760548205
357854	3882.3170760548205
358983	3882.3170760548205
360115	3882.3170760548205
361245	3882.3170760548205
362373	3882.3170760548205
363501	3882.3170760548205
364633	3882.3170760548205
365761	3882.3170760548205
366889	3882.3170760548205
368018	3882.3170760548205
369147	3882.3170760548205
370277	3882.3170760548205
371411	3882.3170760548205
372539	3882.3170760548205
387659	2114.383268154933
419599	2105.057106812188
420727	2105.057106812188
421851	2105.057106812188
422978	2105.057106812188
424105	2105.057106812188
425231	2105.057106812188
426357	2105.057106812188
427482	2105.057106812188
428611	2105.057106812188
429741	2105.057106812188
430870	2105.057106812188
432000	2105.057106812188
433129	2105.057106812188
434261	2105.057106812188
435393	2105.057106812188
436524	2105.057106812188
437653	2105.057106812188
438783	2105.057106812188
439914	2105.057106812188
465851	2105.057106812188
466982	2105.057106812188
468113	2105.057106812188
469248	2105.057106812188
470380	2105.057106812188
471509	2105.057106812188
472644	2105.057106812188
473776	2105.057106812188
474908	2105.057106812188
476041	2105.057106812188
477171	2105.057106812188
478301	2105.057106812188
479431	2105.057106812188
480560	2105.057106812188
481689	2105.057106812188
482820	2105.057106812188
483948	2105.057106812188
485076	2105.057106812188
486206	2105.057106812188
487341	2105.057106812188
505022	2105.057106812188
506153	2105.057106812188
507283	2105.057106812188
508411	2105.057106812188
509538	2105.057106812188
510669	2105.057106812188
511797	2105.057106812188
512925	2105.057106812188
514055	2105.057106812188
515183	2105.057106812188
516310	2105.057106812188
517436	2105.057106812188
518562	2105.057106812188
519688	2105.057106812188
520813	2105.057106812188
521939	2105.057106812188
523064	2105.057106812188
524190	2105.057106812188
525316	2105.057106812188
526444	2105.057106812188
550658	2105.057106812188
551790	2105.057106812188
552923	2105.057106812188
554053	2105.057106812188
555182	2105.057106812188
556314	2105.057106812188
557449	2105.057106812188
558583	2105.057106812188
559718	2105.057106812188
560853	2105.057106812188
561986	2105.057106812188
563118	2105.057106812188
564250	2105.057106812188
565380	2105.057106812188
566511	2105.057106812188
567645	2105.057106812188
568778	2105.057106812188
569911	2105.057106812188
571044	2105.057106812188
572176	2105.057106812188
601578	2105.057106812188
602714	2105.057106812188
603846	2105.057106812188
604979	2105.057106812188
606113	2105.057106812188
607246	2105.057106812188
608377	2105.057106812188
609512	2105.057106812188
610646	2105.057106812188
611775	2105.057106812188
612907	2105.057106812188
614039	2105.057106812188
615169	2105.057106812188
616300	2105.057106812188
617427	2105.057106812188
618554	2105.057106812188
619685	2105.057106812188
620814	2105.057106812188
621943	2105.057106812188
623071	2105.057106812188
642641	2105.057106812188
643766	2105.057106812188
644893	2105.057106812188
646022	2105.057106812188
647149	2105.057106812188
648278	2105.057106812188
649408	2105.057106812188
650537	2105.057106812188
651664	2105.057106812188
652792	2105.057106812188
680056	2105.057106812188
681184	2105.057106812188
682317	2105.057106812188
683450	2105.057106812188
684585	2105.057106812188
685720	2105.057106812188
686853	2105.057106812188
687988	2105.057106812188
689124	2105.057106812188
690258	2105.057106812188
691389	2105.057106812188
692522	2105.057106812188
693652	2105.057106812188
694783	2105.057106812188
695910	2105.057106812188
697040	2105.057106812188
698169	2105.057106812188
699296	2105.057106812188
700426	2105.057106812188
701554	2105.057106812188
727269	2105.057106812188
728399	2105.057106812188
729530	2105.057106812188
730660	2105.057106812188
731791	2105.057106812188
732921	2105.057106812188
734050	2105.057106812188
735179	2105.057106812188
736308	2105.057106812188
737438	2105.057106812188
738571	2105.057106812188
739704	2105.057106812188
740837	2105.057106812188
741970	2105.057106812188
743103	2105.057106812188
744234	2105.057106812188
745367	2105.057106812188
746500	2105.057106812188
747631	2105.057106812188
748766	2105.057106812188
777868	2105.057106812188
779000	2105.057106812188
780133	2105.057106812188
781266	2105.057106812188
782399	2105.057106812188
783531	2105.057106812188
784661	2105.057106812188
785789	2105.057106812188
786922	2105.057106812188
788052	2105.057106812188
789182	2105.057106812188
790309	2105.057106812188
791438	2105.057106812188
792565	2105.057106812188
793697	2105.057106812188
794830	2105.057106812188
795965	2105.057106812188
797095	2105.057106812188
798228	2105.057106812188
799357	2105.057106812188
824907	2105.057106812188
826038	2105.057106812188
827171	2105.057106812188
828303	2105.057106812188
829432	2105.057106812188
830565	2105.057106812188
831696	2105.057106812188
832828	2105.057106812188
833956	2105.057106812188
835084	2105.057106812188
836213	2105.057106812188
837343	2105.057106812188
838474	2105.057106812188
839605	2105.057106812188
840734	2105.057106812188
841862	2105.057106812188
842993	2105.057106812188
844121	2105.057106812188
845252	2105.057106812188
846384	2105.057106812188
871178	2105.057106812188
872307	2105.057106812188
873439	2105.057106812188
874570	2105.057106812188
875697	2105.057106812188
876829	2105.057106812188
877958	2105.057106812188
879088	2105.057106812188
880216	2105.057106812188
881344	2105.057106812188
909957	2105.057106812188
911086	2105.057106812188
912215	2105.057106812188
913346	2105.057106812188
914478	2105.057106812188
915610	2105.057106812188
916740	2105.057106812188
917874	2105.057106812188
919005	2105.057106812188
920141	2105.057106812188
921273	2105.057106812188
922410	2105.057106812188
923545	2105.057106812188
924675	2105.057106812188
925808	2105.057106812188
926943	2105.057106812188
928078	2105.057106812188
929212	2105.057106812188
930342	2105.057106812188
931474	2105.057106812188
948526	2105.057106812188
949657	2105.057106812188
950787	2105.057106812188
951914	2105.057106812188
953043	2105.057106812188
954173	2105.057106812188
955299	2105.057106812188
956426	2105.057106812188
957552	2105.057106812188
958679	2105.057106812188
959808	2105.057106812188
960937	2105.057106812188
962070	2105.057106812188
963204	2105.057106812188
964332	2105.057106812188
965459	2105.057106812188
966592	2105.057106812188
967724	2105.057106812188
968856	2105.057106812188
969986	2105.057106812188
995595	2105.057106812188
996722	2105.057106812188
997853	2105.057106812188
998982	2105.057106812188
1000110	2105.057106812188
