1000	30701945716.95038
2188	13148298015.850628
3362	10836491910.530985
4533	6552004729.554473
5707	3668403446.5200677
6876	2864957509.6453733
8044	1675047493.286762
9217	1306256365.4597464
10386	772391803.4346918
11572	411582517.39454806
12754	294322225.7822276
13923	185826741.4915486
15101	100976041.11398272
16270	71992803.6650714
17452	48765663.999148265
18621	37592079.14718812
19799	26908967.77640352
20978	18459070.23264526
22154	13404066.616047226
23328	8533575.07817228
24504	5848877.6206650175
25678	3811322.8167423974
26858	2527890.142801304
28029	1862456.96828844
29204	1347140.4837479503
30383	859569.5874553717
31555	627596.0593392309
32728	379222.63293195714
33900	247460.68151073597
35065	168426.24380462596
36244	135468.63349176373
37416	92749.83601080366
38581	68162.8334612892
39756	51177.4932689767
40937	36972.43974824921
42119	27384.175339564124
43292	19950.309346645896
44468	15669.226207534899
45644	13428.172836118745
46826	10589.803222729914
48002	8205.316819111244
67328	3708.846151343959
87552	3708.7966052501647
88735	3708.7966052501647
89905	3708.7966052501647
91069	3708.7966052501647
92231	3708.7966052501647
93391	3708.7966052501647
94546	3708.7966052501647
95702	3708.7966052501647
96849	3708.7966052501647
98000	3708.7966052501647
99144	3708.7966052501647
100297	3708.7966052501647
101436	3708.7966052501647
102577	3708.7966052501647
103718	3708.7966052501647
104859	3708.7966052501647
105993	3708.7966052501647
107129	3708.7966052501647
108263	3708.7966052501647
113874	3687.648652028437
130148	3657.3349229583782
131284	3657.3349229583782
132417	3657.3349229583782
133549	3657.3349229583782
134677	3657.3349229583782
135810	3657.3349229583782
136938	3657.3349229583782
138066	3657.3349229583782
139191	3657.3349229583782
140318	3657.3349229583782
141446	3657.3349229583782
142576	3657.3349229583782
143704	3657.3349229583782
144836	3657.3349229583782
145965	3657.3349229583782
147097	3657.3349229583782
148230	3657.3349229583782
149358	3657.3349229583782
150493	3657.3349229583782
157340	3657.3349229583782
158471	3657.3349229583782
159603	3657.3349229583782
160740	3657.3349229583782
161879	3657.3349229583782
163014	3657.3349229583782
164153	3657.3349229583782
165287	3657.3349229583782
166426	3657.3349229583782
167566	3657.3349229583782
168701	3657.3349229583782
169838	3657.3349229583782
170974	3657.3349229583782
172118	3657.3349229583782
173256	3657.3349229583782
174398	3657.3349229583782
175541	3657.3349229583782
176682	3657.3349229583782
177833	3657.3349229583782
178975	3657.3349229583782
185896	3657.3349229583782
187040	3657.3349229583782
188188	3657.3349229583782
189331	3657.3349229583782
190475	3657.3349229583782
191615	3657.3349229583782
192755	3657.3349229583782
193897	3657.3349229583782
195042	3657.3349229583782
196181	3657.3349229583782
197324	3657.3349229583782
198468	3657.3349229583782
199610	3657.3349229583782
200748	3657.3349229583782
201890	3657.3349229583782
203026	3657.3349229583782
204161	3657.3349229583782
205297	3657.3349229583782
206434	3657.3349229583782
207571	3657.3349229583782
220594	3657.3349229583782
221737	3657.3349229583782
222875	3657.3349229583782
224012	3657.3349229583782
225148	3657.3349229583782
226283	3657.3349229583782
227420	3657.3349229583782
228557	3657.3349229583782
229697	3657.3349229583782
230837	3657.3349229583782
231979	3657.3349229583782
233123	3657.3349229583782
234264	3657.3349229583782
235404	3657.3349229583782
236547	3657.3349229583782
237688	3657.3349229583782
238831	3657.3349229583782
239973	3657.3349229583782
241110	3657.3349229583782
242250	3657.3349229583782
250668	3657.3349229583782
251805	3657.3349229583782
252946	3657.3349229583782
254084	3657.3349229583782
255221	3657.3349229583782
256365	3657.3349229583782
257507	3657.3349229583782
258650	3657.3349229583782
259796	3657.3349229583782
260941	3657.3349229583782
262087	3657.3349229583782
263226	3657.3349229583782
264366	3657.3349229583782
265505	3657.3349229583782
266647	3657.3349229583782
267794	3657.3349229583782
268936	3657.3349229583782
270077	3657.3349229583782
271216	3657.3349229583782
272362	3657.3349229583782
277610	3657.3349229583782
278750	3657.3349229583782
279893	3657.3349229583782
281042	3657.3349229583782
282185	3657.3349229583782
283326	3657.3349229583782
284463	3657.3349229583782
285609	3657.3349229583782
286747	3657.3349229583782
287888	3657.3349229583782
293729	3657.3349229583782
294862	3657.3349229583782
295995	3657.3349229583782
297129	3657.3349229583782
298266	3657.3349229583782
299396	3657.3349229583782
300534	3657.3349229583782
301673	3657.3349229583782
302804	3657.3349229583782
303940	3657.3349229583782
305072	3657.3349229583782
306207	3657.3349229583782
307342	3657.3349229583782
308475	3657.3349229583782
309608	3657.3349229583782
310745	3657.3349229583782
311881	3657.3349229583782
313019	3657.3349229583782
314155	3657.3349229583782
315285	3657.3349229583782
319907	3657.3349229583782
321042	3657.3349229583782
322176	3657.3349229583782
323313	3657.3349229583782
324443	3657.3349229583782
325584	3657.3349229583782
326717	3657.3349229583782
327849	3657.3349229583782
328986	3657.3349229583782
330124	3657.3349229583782
331254	3657.3349229583782
332385	3657.3349229583782
333519	3657.3349229583782
334650	3657.3349229583782
335785	3657.3349229583782
336921	3657.3349229583782
338057	3657.3349229583782
339191	3657.3349229583782
340325	3657.3349229583782
341458	3657.3349229583782
345896	3657.3349229583782
347025	3657.3349229583782
348157	3657.3349229583782
349287	3657.3349229583782
350421	3657.3349229583782
351555	3657.3349229583782
352690	3657.3349229583782
353828	3657.3349229583782
354961	3657.3349229583782
356097	3657.3349229583782
357233	3657.3349229583782
358372	3657.3349229583782
359508	3657.3349229583782
360644	3657.3349229583782
361778	3657.3349229583782
362921	3657.3349229583782
364062	3657.3349229583782
365204	3657.3349229583782
366349	3657.3349229583782
367494	3657.3349229583782
371135	3657.3349229583782
372282	3657.3349229583782
373426	3657.3349229583782
374568	3657.3349229583782
375714	3657.3349229583782
376858	3657.3349229583782
378003	3657.3349229583782
379142	3657.3349229583782
380281	3657.3349229583782
381418	3657.3349229583782
382561	3657.3349229583782
383703	3657.3349229583782
384844	3657.3349229583782
385989	3657.3349229583782
387133	3657.3349229583782
388269	3657.3349229583782
389412	3657.3349229583782
390560	3657.3349229583782
391703	3657.3349229583782
392849	3657.3349229583782
397806	3657.3349229583782
398951	3657.3349229583782
400101	3657.3349229583782
401249	3657.3349229583782
402389	3657.3349229583782
403536	3657.3349229583782
404686	3657.3349229583782
405835	3657.3349229583782
406981	3657.3349229583782
408126	3657.3349229583782
412680	3657.3349229583782
413822	3657.3349229583782
414965	3657.3349229583782
416108	3657.3349229583782
417254	3657.3349229583782
418399	3657.3349229583782
419540	3657.3349229583782
420681	3657.3349229583782
421821	3657.3349229583782
422967	3657.3349229583782
424113	3657.3349229583782
425265	3657.3349229583782
426408	3657.3349229583782
427553	3657.3349229583782
428696	3657.3349229583782
429835	3657.3349229583782
430976	3657.3349229583782
432124	3657.3349229583782
433267	3657.3349229583782
434408	3657.3349229583782
439466	3657.3349229583782
440609	3657.3349229583782
441751	3657.3349229583782
442891	3657.3349229583782
444037	3657.3349229583782
445176	3657.3349229583782
446313	3657.3349229583782
447458	3657.3349229583782
448597	3657.3349229583782
449737	3657.3349229583782
450874	3657.3349229583782
452021	3657.3349229583782
453159	3657.3349229583782
454307	3657.3349229583782
455444	3657.3349229583782
456589	3657.3349229583782
457729	3657.3349229583782
458865	3657.3349229583782
460002	3657.3349229583782
461146	3657.3349229583782
465601	3657.3349229583782
466742	3657.3349229583782
467883	3657.3349229583782
469027	3657.3349229583782
470166	3657.3349229583782
471306	3657.3349229583782
472452	3657.3349229583782
473598	3657.3349229583782
474745	3657.3349229583782
475887	3657.3349229583782
477022	3657.3349229583782
478161	3657.3349229583782
479299	3657.3349229583782
480442	3657.3349229583782
481588	3657.3349229583782
482730	3657.3349229583782
483873	3657.3349229583782
485014	3657.3349229583782
486154	3657.3349229583782
487300	3657.3349229583782
494295	3601.458986892311
506842	3017.043239634346
514117	3017.031079741547
515257	3017.031079741547
516392	3017.031079741547
517532	3017.031079741547
518666	3017.031079741547
519806	3017.031079741547
520946	3017.031079741547
522081	3017.031079741547
523223	3017.031079741547
524363	3017.031079741547
525499	3017.031079741547
526637	3017.031079741547
527775	3017.031079741547
528911	3017.031079741547
530043	3017.031079741547
531178	3017.031079741547
532321	3017.031079741547
533456	3017.031079741547
534595	3017.031079741547
535737	3017.031079741547
536875	3017.031079741547
538018	3017.031079741547
539162	3017.031079741547
540304	3017.031079741547
541447	3017.031079741547
542591	3017.031079741547
543737	3017.031079741547
544888	3017.031079741547
550634	3017.031079741547
551782	3017.031079741547
552932	3017.031079741547
554076	3017.031079741547
555220	3017.031079741547
556367	3017.031079741547
557514	3017.031079741547
558663	3017.031079741547
559808	3017.031079741547
560954	3017.031079741547
565209	3017.031079741547
566352	3017.031079741547
567498	3017.031079741547
568640	3017.031079741547
569783	3017.031079741547
570928	3017.031079741547
572072	3017.031079741547
573219	3017.031079741547
574361	3017.031079741547
575506	3017.031079741547
576652	3017.031079741547
577800	3017.031079741547
578947	3017.031079741547
580099	3017.031079741547
581246	3017.031079741547
582389	3017.031079741547
583536	3017.031079741547
584680	3017.031079741547
585829	3017.031079741547
586975	3017.031079741547
591187	3017.031079741547
592338	3017.031079741547
593490	3017.031079741547
594634	3017.031079741547
595784	3017.031079741547
596941	3017.031079741547
598098	3017.031079741547
599249	3017.031079741547
600401	3017.031079741547
601549	3017.031079741547
602702	3017.031079741547
603852	3017.031079741547
605006	3017.031079741547
606164	3017.031079741547
607319	3017.031079741547
608470	3017.031079741547
609622	3017.031079741547
610782	3017.031079741547
611936	3017.031079741547
613089	3017.031079741547
618121	3017.031079741547
619281	3017.031079741547
620442	3017.031079741547
621607	3017.031079741547
622768	3017.031079741547
623930	3017.031079741547
625083	3017.031079741547
626249	3017.031079741547
627408	3017.031079741547
628572	3017.031079741547
629735	3017.031079741547
630898	3017.031079741547
632067	3017.031079741547
633230	3017.031079741547
634397	3017.031079741547
635552	3017.031079741547
636722	3017.031079741547
637889	3017.031079741547
639050	3017.031079741547
640215	3017.031079741547
644768	3017.031079741547
645935	3017.031079741547
647110	3017.031079741547
648276	3017.031079741547
649447	3017.031079741547
650618	3017.031079741547
651792	3017.031079741547
652969	3017.031079741547
654154	3017.031079741547
655334	3017.031079741547
656501	3017.031079741547
657669	3017.031079741547
658845	3017.031079741547
660015	3017.031079741547
661187	3017.031079741547
662358	3017.031079741547
663539	3017.031079741547
664715	3017.031079741547
665890	3017.031079741547
667064	3017.031079741547
674671	3017.031079741547
675856	3017.031079741547
677024	3017.031079741547
678208	3017.031079741547
679383	3017.031079741547
680571	3017.031079741547
681751	3017.031079741547
682920	3017.031079741547
684101	3017.031079741547
685286	3017.031079741547
690965	3017.031079741547
692134	3017.031079741547
693313	3017.031079741547
694490	3017.031079741547
695670	3017.031079741547
696848	3017.031079741547
698025	3017.031079741547
699207	3017.031079741547
700390	3017.031079741547
701566	3017.031079741547
702743	3017.031079741547
703928	3017.031079741547
705111	3017.031079741547
706292	3017.031079741547
707466	3017.031079741547
708649	3017.031079741547
709828	3017.031079741547
711005	3017.031079741547
712184	3017.031079741547
713367	3017.031079741547
717725	3017.031079741547
718900	3017.031079741547
720079	3017.031079741547
721252	3017.031079741547
722435	3017.031079741547
723609	3017.031079741547
724786	3017.031079741547
725960	3017.031079741547
727140	3017.031079741547
728316	3017.031079741547
729489	3017.031079741547
730671	3017.031079741547
731852	3017.031079741547
733017	3017.031079741547
734199	3017.031079741547
735377	3017.031079741547
736560	3017.031079741547
737735	3017.031079741547
738914	3017.031079741547
740084	3017.031079741547
745162	3017.031079741547
746338	3017.031079741547
747512	3017.031079741547
748685	3017.031079741547
749863	3017.031079741547
751042	3017.031079741547
752216	3017.031079741547
753388	3017.031079741547
754565	3017.031079741547
755738	3017.031079741547
756918	3017.031079741547
758093	3017.031079741547
759259	3017.031079741547
760429	3017.031079741547
761605	3017.031079741547
762777	3017.031079741547
763954	3017.031079741547
765122	3017.031079741547
766302	3017.031079741547
767468	3017.031079741547
775143	3017.031079741547
776321	3017.031079741547
777497	3017.031079741547
778672	3017.031079741547
779848	3017.031079741547
781031	3017.031079741547
782207	3017.031079741547
783375	3017.031079741547
784555	3017.031079741547
785735	3017.031079741547
786908	3017.031079741547
788100	3017.031079741547
789285	3017.031079741547
790466	3017.031079741547
791649	3017.031079741547
792829	3017.031079741547
794015	3017.031079741547
795190	3017.031079741547
796369	3017.031079741547
797555	3017.031079741547
804009	3017.031079741547
805184	3017.031079741547
806378	3017.031079741547
807554	3017.031079741547
808732	3017.031079741547
809911	3017.031079741547
811091	3017.031079741547
812279	3017.031079741547
813457	3017.031079741547
814631	3017.031079741547
821309	3017.031079741547
822490	3017.031079741547
823666	3017.031079741547
824838	3017.031079741547
826024	3017.031079741547
827207	3017.031079741547
828387	3017.031079741547
829570	3017.031079741547
830747	3017.031079741547
831916	3017.031079741547
833095	3017.031079741547
834281	3017.031079741547
835462	3017.031079741547
836638	3017.031079741547
837816	3017.031079741547
839006	3017.031079741547
840182	3017.031079741547
841352	3017.031079741547
842526	3017.031079741547
843703	3017.031079741547
849501	3017.031079741547
850680	3017.031079741547
851854	3017.031079741547
853031	3017.031079741547
854208	3017.031079741547
855374	3017.031079741547
856546	3017.031079741547
857745	3017.031079741547
858920	3017.031079741547
860103	3017.031079741547
861288	3017.031079741547
862474	3017.031079741547
863652	3017.031079741547
864826	3017.031079741547
866008	3017.031079741547
867189	3017.031079741547
868370	3017.031079741547
869562	3017.031079741547
870742	3017.031079741547
871938	3017.031079741547
881151	3017.031079741547
882326	3017.031079741547
883507	3017.031079741547
884682	3017.031079741547
885866	3017.031079741547
887037	3017.031079741547
888222	3017.031079741547
889401	3017.031079741547
890585	3017.031079741547
891765	3017.031079741547
892962	3017.031079741547
894149	3017.031079741547
895326	3017.031079741547
896509	3017.031079741547
897691	3017.031079741547
898874	3017.031079741547
900054	3017.031079741547
901243	3017.031079741547
902423	3017.031079741547
903608	3017.031079741547
913499	3017.031079741547
914669	3017.031079741547
915852	3017.031079741547
917026	3017.031079741547
918213	3017.031079741547
919387	3017.031079741547
920570	3017.031079741547
921754	3017.031079741547
922935	3017.031079741547
924113	3017.031079741547
925293	3017.031079741547
926469	3017.031079741547
927643	3017.031079741547
928828	3017.031079741547
930006	3017.031079741547
931185	3017.031079741547
932368	3017.031079741547
933548	3017.031079741547
934744	3017.031079741547
935915	3017.031079741547
941013	3017.031079741547
942192	3017.031079741547
943376	3017.031079741547
944562	3017.031079741547
945739	3017.031079741547
946919	3017.031079741547
948098	3017.031079741547
949281	3017.031079741547
950466	3017.031079741547
951648	3017.031079741547
956306	3017.031079741547
957481	3017.031079741547
958655	3017.031079741547
959839	3017.031079741547
961019	3017.031079741547
962204	3017.031079741547
963381	3017.031079741547
964554	3017.031079741547
965737	3017.031079741547
966908	3017.031079741547
968079	3017.031079741547
969264	3017.031079741547
970440	3017.031079741547
971620	3017.031079741547
972801	3017.031079741547
973996	3017.031079741547
975180	3017.031079741547
976362	3017.031079741547
977544	3017.031079741547
978730	3017.031079741547
988033	3017.031079741547
989208	3017.031079741547
990395	3017.031079741547
991575	3017.031079741547
992758	3017.031079741547
993942	3017.031079741547
995130	3017.031079741547
996315	3017.031079741547
997507	3017.031079741547
998681	3017.031079741547
999855	3017.031079741547
1001044	3017.031079741547
