300	11946.78876319504
622	11946.78876319504
937	11402.71576604476
1248	11254.0043824497
1556	10495.008099993418
1868	9457.45905974052
2180	9388.486057035301
2493	8370.459291017314
2809	7519.1653558205435
3120	7108.435552469142
3434	6926.649351131307
3750	5903.341158611715
4069	5452.550803509081
4390	5452.550803509081
4716	5055.101646640731
5041	4974.637991887852
5365	4354.81494794503
5693	3785.3118071059444
6018	3305.7549250157094
6340	3198.520100183808
6669	3198.520100183808
6999	3075.3640092073592
7330	2945.8474108827068
7659	2870.004576351984
7989	2741.3188497165606
8313	2612.9314298910813
8643	2612.9314298910813
8972	2564.4324445744487
9306	2526.50843351785
9631	2487.823822373131
9962	2470.6438253155816
10293	2458.606770878523
10626	2433.0241856683792
10957	2410.9830635765325
11288	2401.1376023502703
11624	2385.258330018171
11954	2375.0072442267465
12286	2371.6532090710484
12615	2366.430747374201
12949	2357.3306825189643
13280	2351.6554022675973
19669	2300.0000113852434
24414	2300.000000083493
24749	2300.000000083493
25079	2300.000000083493
25408	2300.000000083493
25737	2300.000000083493
26068	2300.000000083493
26397	2300.000000083493
26727	2300.000000083493
27056	2300.000000083493
27383	2300.000000083493
27711	2300.000000083493
28045	2300.000000083493
28373	2300.000000083493
28702	2300.000000083493
29031	2300.000000083493
29360	2300.000000083493
29695	2300.000000083493
30023	2300.000000083493
30354	2300.000000083493
32032	2300.000000083493
32363	2300.000000083493
32702	2300.000000083493
33036	2300.000000083493
33369	2300.000000083493
33700	2300.000000083493
34038	2300.000000083493
34369	2300.000000083493
34698	2300.000000083493
35026	2300.000000083493
35360	2300.000000083493
35696	2300.000000083493
36031	2300.000000083493
36365	2300.000000083493
36699	2300.000000083493
37027	2300.000000083493
37360	2300.000000083493
37688	2300.000000083493
38015	2300.000000083493
38341	2300.000000083493
41089	2300.000000083493
41419	2300.000000083493
41746	2300.000000083493
42079	2300.000000083493
42406	2300.000000083493
42737	2300.000000083493
43071	2300.000000083493
43405	2300.000000083493
43738	2300.000000083493
44073	2300.000000083493
44404	2300.000000083493
44737	2300.000000083493
45067	2300.000000083493
45395	2300.000000083493
45728	2300.000000083493
46066	2300.000000083493
46402	2300.000000083493
46735	2300.000000083493
47069	2300.000000083493
47397	2300.000000083493
50264	2300.000000083493
50595	2300.000000083493
50923	2300.000000083493
51252	2300.000000083493
51579	2300.000000083493
51906	2300.000000083493
52240	2300.000000083493
52569	2300.000000083493
52901	2300.000000083493
53232	2300.000000083493
53561	2300.000000083493
53892	2300.000000083493
54220	2300.000000083493
54554	2300.000000083493
54888	2300.000000083493
55217	2300.000000083493
55552	2300.000000083493
55888	2300.000000083493
56224	2300.000000083493
56561	2300.000000083493
61204	2300.000000083493
61537	2300.000000083493
61871	2300.000000083493
62203	2300.000000083493
62542	2300.000000083493
62873	2300.000000083493
63204	2300.000000083493
63539	2300.000000083493
63873	2300.000000083493
64205	2300.000000083493
64539	2300.000000083493
64871	2300.000000083493
65198	2300.000000083493
65529	2300.000000083493
65860	2300.000000083493
66191	2300.000000083493
66524	2300.000000083493
66853	2300.000000083493
67189	2300.000000083493
67521	2300.000000083493
69449	2300.000000083493
69784	2300.000000083493
70116	2300.000000083493
70448	2300.000000083493
70784	2300.000000083493
71115	2300.000000083493
71452	2300.000000083493
71789	2300.000000083493
72124	2300.000000083493
72458	2300.000000083493
75749	2300.000000083493
76078	2300.000000083493
76409	2300.000000083493
76744	2300.000000083493
77078	2300.000000083493
77408	2300.000000083493
77734	2300.000000083493
78070	2300.000000083493
78398	2300.000000083493
78728	2300.000000083493
79053	2300.000000083493
79382	2300.000000083493
79706	2300.000000083493
80037	2300.000000083493
80365	2300.000000083493
80693	2300.000000083493
81022	2300.000000083493
81349	2300.000000083493
81678	2300.000000083493
82004	2300.000000083493
83835	2300.000000083493
84172	2300.000000083493
84505	2300.000000083493
84840	2300.000000083493
85180	2300.000000083493
85516	2300.000000083493
85852	2300.000000083493
86183	2300.000000083493
86516	2300.000000083493
86848	2300.000000083493
87183	2300.000000083493
87518	2300.000000083493
87848	2300.000000083493
88182	2300.000000083493
88514	2300.000000083493
88845	2300.000000083493
89177	2300.000000083493
89507	2300.000000083493
89836	2300.000000083493
90171	2300.000000083493
92485	2300.000000083493
92815	2300.000000083493
93146	2300.000000083493
93478	2300.000000083493
93810	2300.000000083493
94141	2300.000000083493
94473	2300.000000083493
94807	2300.000000083493
95140	2300.000000083493
95479	2300.000000083493
95817	2300.000000083493
96149	2300.000000083493
96486	2300.000000083493
96820	2300.000000083493
97151	2300.000000083493
97479	2300.000000083493
97810	2300.000000083493
98144	2300.000000083493
98477	2300.000000083493
98809	2300.000000083493
102405	2300.000000083493
102736	2300.000000083493
103066	2300.000000083493
103397	2300.000000083493
103728	2300.000000083493
104058	2300.000000083493
104387	2300.000000083493
104721	2300.000000083493
105051	2300.000000083493
105381	2300.000000083493
105711	2300.000000083493
106039	2300.000000083493
106370	2300.000000083493
106699	2300.000000083493
107031	2300.000000083493
107366	2300.000000083493
107704	2300.000000083493
108039	2300.000000083493
108372	2300.000000083493
108704	2300.000000083493
111887	2300.000000083493
112220	2300.000000083493
112554	2300.000000083493
112888	2300.000000083493
113220	2300.000000083493
113553	2300.000000083493
113887	2300.000000083493
114224	2300.000000083493
114556	2300.000000083493
114888	2300.000000083493
117925	2300.000000083493
118256	2300.000000083493
118585	2300.000000083493
118912	2300.000000083493
119241	2300.000000083493
119571	2300.000000083493
119903	2300.000000083493
120230	2300.000000083493
120558	2300.000000083493
120884	2300.000000083493
121215	2300.000000083493
121543	2300.000000083493
121872	2300.000000083493
122206	2300.000000083493
122534	2300.000000083493
122869	2300.000000083493
123201	2300.000000083493
123531	2300.000000083493
123866	2300.000000083493
124204	2300.000000083493
126114	2300.000000083493
126447	2300.000000083493
126783	2300.000000083493
127118	2300.000000083493
127457	2300.000000083493
127790	2300.000000083493
128123	2300.000000083493
128455	2300.000000083493
128794	2300.000000083493
129127	2300.000000083493
129460	2300.000000083493
129796	2300.000000083493
130130	2300.000000083493
130466	2300.000000083493
130801	2300.000000083493
131134	2300.000000083493
131464	2300.000000083493
131796	2300.000000083493
132125	2300.000000083493
132458	2300.000000083493
134339	2300.000000083493
134672	2300.000000083493
135010	2300.000000083493
135345	2300.000000083493
135680	2300.000000083493
136016	2300.000000083493
136352	2300.000000083493
136682	2300.000000083493
137012	2300.000000083493
137343	2300.000000083493
137677	2300.000000083493
138012	2300.000000083493
138346	2300.000000083493
138677	2300.000000083493
139011	2300.000000083493
139344	2300.000000083493
139675	2300.000000083493
140007	2300.000000083493
140340	2300.000000083493
140670	2300.000000083493
143359	2300.000000083493
143688	2300.000000083493
144015	2300.000000083493
144347	2300.000000083493
144678	2300.000000083493
145012	2300.000000083493
145344	2300.000000083493
145678	2300.000000083493
146012	2300.000000083493
146344	2300.000000083493
146675	2300.000000083493
147009	2300.000000083493
147345	2300.000000083493
147675	2300.000000083493
148009	2300.000000083493
148347	2300.000000083493
148680	2300.000000083493
149010	2300.000000083493
149349	2300.000000083493
149685	2300.000000083493
152577	2300.000000083493
152908	2300.000000083493
153240	2300.000000083493
153572	2300.000000083493
153903	2300.000000083493
154235	2300.000000083493
154567	2300.000000083493
154898	2300.000000083493
155233	2300.000000083493
155566	2300.000000083493
158125	2300.000000083493
158458	2300.000000083493
158788	2300.000000083493
159123	2300.000000083493
159460	2300.000000083493
159793	2300.000000083493
160126	2300.000000083493
160462	2300.000000083493
160797	2300.000000083493
161127	2300.000000083493
161460	2300.000000083493
161793	2300.000000083493
162127	2300.000000083493
162463	2300.000000083493
162797	2300.000000083493
163126	2300.000000083493
163453	2300.000000083493
163781	2300.000000083493
164112	2300.000000083493
164442	2300.000000083493
167141	2300.000000083493
167472	2300.000000083493
167800	2300.000000083493
168133	2300.000000083493
168464	2300.000000083493
168797	2300.000000083493
169129	2300.000000083493
169460	2300.000000083493
169792	2300.000000083493
170132	2300.000000083493
170467	2300.000000083493
170805	2300.000000083493
171139	2300.000000083493
171468	2300.000000083493
171798	2300.000000083493
172128	2300.000000083493
172465	2300.000000083493
172792	2300.000000083493
173130	2300.000000083493
173464	2300.000000083493
176398	2300.000000083493
176728	2300.000000083493
177060	2300.000000083493
177394	2300.000000083493
177717	2300.000000083493
178048	2300.000000083493
178375	2300.000000083493
178702	2300.000000083493
179030	2300.000000083493
179358	2300.000000083493
179691	2300.000000083493
180022	2300.000000083493
180352	2300.000000083493
180684	2300.000000083493
181018	2300.000000083493
181353	2300.000000083493
181688	2300.000000083493
182020	2300.000000083493
182352	2300.000000083493
182684	2300.000000083493
186657	2300.000000083493
186988	2300.000000083493
187319	2300.000000083493
187650	2300.000000083493
187980	2300.000000083493
188310	2300.000000083493
188642	2300.000000083493
188973	2300.000000083493
189307	2300.000000083493
189637	2300.000000083493
189963	2300.000000083493
190296	2300.000000083493
190627	2300.000000083493
190955	2300.000000083493
191285	2300.000000083493
191615	2300.000000083493
191944	2300.000000083493
192275	2300.000000083493
192602	2300.000000083493
192936	2300.000000083493
194697	2300.000000083493
195031	2300.000000083493
195364	2300.000000083493
195697	2300.000000083493
196030	2300.000000083493
196366	2300.000000083493
196699	2300.000000083493
197031	2300.000000083493
197368	2300.000000083493
197703	2300.000000083493
201310	2300.000000083493
201643	2300.000000083493
201978	2300.000000083493
202307	2300.000000083493
202638	2300.000000083493
202969	2300.000000083493
203300	2300.000000083493
203635	2300.000000083493
203965	2300.000000083493
204294	2300.000000083493
204625	2300.000000083493
204954	2300.000000083493
205288	2300.000000083493
205619	2300.000000083493
205946	2300.000000083493
206276	2300.000000083493
206603	2300.000000083493
206940	2300.000000083493
207276	2300.000000083493
207611	2300.000000083493
209566	2300.000000083493
209893	2300.000000083493
210227	2300.000000083493
210563	2300.000000083493
210898	2300.000000083493
211231	2300.000000083493
211565	2300.000000083493
211895	2300.000000083493
212224	2300.000000083493
212555	2300.000000083493
212890	2300.000000083493
213226	2300.000000083493
213558	2300.000000083493
213887	2300.000000083493
214215	2300.000000083493
214544	2300.000000083493
214873	2300.000000083493
215199	2300.000000083493
215525	2300.000000083493
215851	2300.000000083493
218167	2300.000000083493
218493	2300.000000083493
218822	2300.000000083493
219152	2300.000000083493
219479	2300.000000083493
219808	2300.000000083493
220141	2300.000000083493
220477	2300.000000083493
220809	2300.000000083493
221146	2300.000000083493
221479	2300.000000083493
221812	2300.000000083493
222147	2300.000000083493
222480	2300.000000083493
222814	2300.000000083493
223146	2300.000000083493
223481	2300.000000083493
223813	2300.000000083493
224148	2300.000000083493
224481	2300.000000083493
228278	2300.000000083493
228612	2300.000000083493
228941	2300.000000083493
229269	2300.000000083493
229600	2300.000000083493
229932	2300.000000083493
230260	2300.000000083493
230591	2300.000000083493
230920	2300.000000083493
231250	2300.000000083493
231578	2300.000000083493
231908	2300.000000083493
232239	2300.000000083493
232572	2300.000000083493
232904	2300.000000083493
233237	2300.000000083493
233573	2300.000000083493
233907	2300.000000083493
234244	2300.000000083493
234581	2300.000000083493
242529	2300.000000083493
242861	2300.000000083493
243195	2300.000000083493
243528	2300.000000083493
243859	2300.000000083493
244194	2300.000000083493
244526	2300.000000083493
244855	2300.000000083493
245188	2300.000000083493
245519	2300.000000083493
248514	2300.000000083493
248845	2300.000000083493
249176	2300.000000083493
249508	2300.000000083493
249840	2300.000000083493
250172	2300.000000083493
250504	2300.000000083493
250834	2300.000000083493
251162	2300.000000083493
251492	2300.000000083493
251825	2300.000000083493
252157	2300.000000083493
252489	2300.000000083493
252822	2300.000000083493
253155	2300.000000083493
253490	2300.000000083493
253828	2300.000000083493
254165	2300.000000083493
254498	2300.000000083493
254832	2300.000000083493
257193	2300.000000083493
257529	2300.000000083493
257862	2300.000000083493
258194	2300.000000083493
258525	2300.000000083493
258855	2300.000000083493
259183	2300.000000083493
259513	2300.000000083493
259847	2300.000000083493
260178	2300.000000083493
260509	2300.000000083493
260837	2300.000000083493
261161	2300.000000083493
261488	2300.000000083493
261817	2300.000000083493
262147	2300.000000083493
262480	2300.000000083493
262818	2300.000000083493
263157	2300.000000083493
263487	2300.000000083493
265536	2300.000000083493
265871	2300.000000083493
266204	2300.000000083493
266539	2300.000000083493
266870	2300.000000083493
267203	2300.000000083493
267533	2300.000000083493
267863	2300.000000083493
268197	2300.000000083493
268533	2300.000000083493
268866	2300.000000083493
269197	2300.000000083493
269527	2300.000000083493
269857	2300.000000083493
270190	2300.000000083493
270519	2300.000000083493
270851	2300.000000083493
271183	2300.000000083493
271513	2300.000000083493
271845	2300.000000083493
274466	2300.000000083493
274797	2300.000000083493
275134	2300.000000083493
275466	2300.000000083493
275802	2300.000000083493
276137	2300.000000083493
276471	2300.000000083493
276805	2300.000000083493
277140	2300.000000083493
277475	2300.000000083493
277810	2300.000000083493
278142	2300.000000083493
278469	2300.000000083493
278802	2300.000000083493
279137	2300.000000083493
279470	2300.000000083493
279808	2300.000000083493
280142	2300.000000083493
280474	2300.000000083493
280805	2300.000000083493
283331	2300.000000083493
283663	2300.000000083493
283989	2300.000000083493
284320	2300.000000083493
284653	2300.000000083493
284983	2300.000000083493
285311	2300.000000083493
285643	2300.000000083493
285972	2300.000000083493
286299	2300.000000083493
287992	2300.000000083493
288328	2300.000000083493
288665	2300.000000083493
289001	2300.000000083493
289333	2300.000000083493
289667	2300.000000083493
289998	2300.000000083493
290333	2300.000000083493
290666	2300.000000083493
291001	2300.000000083493
291334	2300.000000083493
291666	2300.000000083493
291998	2300.000000083493
292328	2300.000000083493
292659	2300.000000083493
292990	2300.000000083493
293323	2300.000000083493
293655	2300.000000083493
293985	2300.000000083493
294312	2300.000000083493
296645	2300.000000083493
296979	2300.000000083493
297309	2300.000000083493
297643	2300.000000083493
297970	2300.000000083493
298299	2300.000000083493
298626	2300.000000083493
298960	2300.000000083493
299295	2300.000000083493
299630	2300.000000083493
299965	2300.000000083493
300300	2300.000000083493
