300	12005.131326075541
622	11104.661642131188
938	10332.867024119703
1254	8673.319754417776
1574	6935.794868571385
1899	5668.102651766401
2224	4706.582485671814
2548	4611.04259967693
2872	4246.983654057265
3194	4023.647713590279
3523	3689.1478790069473
3846	3490.734871502975
4170	3232.3212492223656
4500	2965.455733636658
4829	2908.0259826202864
5158	2777.6367302434464
5487	2705.6334203960787
5817	2617.422478181058
6149	2548.330854948482
6480	2477.971172459277
6811	2463.493668164215
7147	2422.176802091533
7478	2415.8811879055456
7807	2398.5000272228817
8135	2383.2330172322563
8467	2373.8331290164597
8801	2366.487256725984
9136	2357.7021500459505
9470	2352.2481666415297
9798	2341.295778709598
10130	2339.1256963108563
10463	2336.8309682898907
10795	2335.230598809986
11127	2331.804045423037
11453	2329.369543489417
11789	2326.9526301922187
12120	2325.6568335557645
12449	2324.6822926105638
12783	2323.124055930245
13116	2321.656629328043
13449	2321.0847483059497
18599	2300.0000075243183
21905	2300.000000086975
22238	2300.000000086975
22567	2300.000000086975
22895	2300.000000086975
23228	2300.000000086975
23560	2300.000000086975
23888	2300.000000086975
24219	2300.000000086975
24546	2300.000000086975
24876	2300.000000086975
25205	2300.000000086975
25538	2300.000000086975
25870	2300.000000086975
26202	2300.000000086975
26538	2300.000000086975
26874	2300.000000086975
27205	2300.000000086975
27536	2300.000000086975
27866	2300.000000086975
32666	2300.000000086975
33001	2300.000000086975
33331	2300.000000086975
33661	2300.000000086975
33996	2300.000000086975
34333	2300.000000086975
34662	2300.000000086975
34994	2300.000000086975
35322	2300.000000086975
35655	2300.000000086975
35991	2300.000000086975
36321	2300.000000086975
36651	2300.000000086975
36977	2300.000000086975
37308	2300.000000086975
37632	2300.000000086975
37963	2300.000000086975
38290	2300.000000086975
38616	2300.000000086975
38946	2300.000000086975
41254	2300.000000086975
41584	2300.000000086975
41916	2300.000000086975
42240	2300.000000086975
42566	2300.000000086975
42895	2300.000000086975
43219	2300.000000086975
43551	2300.000000086975
43887	2300.000000086975
44220	2300.000000086975
44552	2300.000000086975
44883	2300.000000086975
45216	2300.000000086975
45552	2300.000000086975
45890	2300.000000086975
46225	2300.000000086975
46560	2300.000000086975
46901	2300.000000086975
47237	2300.000000086975
47571	2300.000000086975
53667	2300.000000086975
54001	2300.000000086975
54335	2300.000000086975
54663	2300.000000086975
54993	2300.000000086975
55328	2300.000000086975
55663	2300.000000086975
55993	2300.000000086975
56323	2300.000000086975
56657	2300.000000086975
56991	2300.000000086975
57323	2300.000000086975
57657	2300.000000086975
57996	2300.000000086975
58330	2300.000000086975
58667	2300.000000086975
59003	2300.000000086975
59339	2300.000000086975
59671	2300.000000086975
60004	2300.000000086975
64405	2300.000000086975
64736	2300.000000086975
65069	2300.000000086975
65397	2300.000000086975
65727	2300.000000086975
66060	2300.000000086975
66392	2300.000000086975
66722	2300.000000086975
67049	2300.000000086975
67379	2300.000000086975
67707	2300.000000086975
68036	2300.000000086975
68369	2300.000000086975
68701	2300.000000086975
69031	2300.000000086975
69360	2300.000000086975
69689	2300.000000086975
70020	2300.000000086975
70352	2300.000000086975
70678	2300.000000086975
72534	2300.000000086975
72864	2300.000000086975
73196	2300.000000086975
73529	2300.000000086975
73865	2300.000000086975
74201	2300.000000086975
74536	2300.000000086975
74875	2300.000000086975
75206	2300.000000086975
75540	2300.000000086975
79701	2300.000000086975
80033	2300.000000086975
80365	2300.000000086975
80698	2300.000000086975
81028	2300.000000086975
81360	2300.000000086975
81692	2300.000000086975
82027	2300.000000086975
82353	2300.000000086975
82684	2300.000000086975
83013	2300.000000086975
83342	2300.000000086975
83672	2300.000000086975
84007	2300.000000086975
84333	2300.000000086975
84663	2300.000000086975
84993	2300.000000086975
85323	2300.000000086975
85652	2300.000000086975
85983	2300.000000086975
88056	2300.000000086975
88390	2300.000000086975
88724	2300.000000086975
89057	2300.000000086975
89391	2300.000000086975
89726	2300.000000086975
90061	2300.000000086975
90395	2300.000000086975
90730	2300.000000086975
91062	2300.000000086975
91395	2300.000000086975
91729	2300.000000086975
92061	2300.000000086975
92398	2300.000000086975
92730	2300.000000086975
93060	2300.000000086975
93390	2300.000000086975
93719	2300.000000086975
94046	2300.000000086975
94378	2300.000000086975
96644	2300.000000086975
96974	2300.000000086975
97306	2300.000000086975
97636	2300.000000086975
97967	2300.000000086975
98301	2300.000000086975
98635	2300.000000086975
98967	2300.000000086975
99300	2300.000000086975
99631	2300.000000086975
99967	2300.000000086975
100304	2300.000000086975
100636	2300.000000086975
100965	2300.000000086975
101295	2300.000000086975
101627	2300.000000086975
101955	2300.000000086975
102285	2300.000000086975
102621	2300.000000086975
102948	2300.000000086975
106118	2300.000000086975
106442	2300.000000086975
106772	2300.000000086975
107102	2300.000000086975
107432	2300.000000086975
107761	2300.000000086975
108087	2300.000000086975
108411	2300.000000086975
108742	2300.000000086975
109076	2300.000000086975
109406	2300.000000086975
109732	2300.000000086975
110063	2300.000000086975
110391	2300.000000086975
110723	2300.000000086975
111059	2300.000000086975
111396	2300.000000086975
111729	2300.000000086975
112060	2300.000000086975
112391	2300.000000086975
116311	2300.000000086975
116644	2300.000000086975
116980	2300.000000086975
117313	2300.000000086975
117644	2300.000000086975
117978	2300.000000086975
118309	2300.000000086975
118637	2300.000000086975
118968	2300.000000086975
119304	2300.000000086975
122380	2300.000000086975
122715	2300.000000086975
123049	2300.000000086975
123381	2300.000000086975
123712	2300.000000086975
124040	2300.000000086975
124370	2300.000000086975
124702	2300.000000086975
125031	2300.000000086975
125362	2300.000000086975
125698	2300.000000086975
126026	2300.000000086975
126364	2300.000000086975
126695	2300.000000086975
127032	2300.000000086975
127369	2300.000000086975
127705	2300.000000086975
128037	2300.000000086975
128367	2300.000000086975
128696	2300.000000086975
132655	2300.000000086975
132990	2300.000000086975
133325	2300.000000086975
133657	2300.000000086975
133988	2300.000000086975
134321	2300.000000086975
134652	2300.000000086975
134979	2300.000000086975
135312	2300.000000086975
135645	2300.000000086975
135975	2300.000000086975
136300	2300.000000086975
136630	2300.000000086975
136957	2300.000000086975
137284	2300.000000086975
137613	2300.000000086975
137939	2300.000000086975
138265	2300.000000086975
138594	2300.000000086975
138924	2300.000000086975
141350	2300.000000086975
141681	2300.000000086975
142007	2300.000000086975
142334	2300.000000086975
142665	2300.000000086975
143001	2300.000000086975
143339	2300.000000086975
143670	2300.000000086975
144005	2300.000000086975
144339	2300.000000086975
144675	2300.000000086975
145014	2300.000000086975
145348	2300.000000086975
145678	2300.000000086975
146016	2300.000000086975
146354	2300.000000086975
146683	2300.000000086975
147016	2300.000000086975
147351	2300.000000086975
147681	2300.000000086975
150115	2300.000000086975
150447	2300.000000086975
150777	2300.000000086975
151105	2300.000000086975
151435	2300.000000086975
151767	2300.000000086975
152098	2300.000000086975
152427	2300.000000086975
152759	2300.000000086975
153086	2300.000000086975
153417	2300.000000086975
153755	2300.000000086975
154085	2300.000000086975
154417	2300.000000086975
154749	2300.000000086975
155083	2300.000000086975
155415	2300.000000086975
155749	2300.000000086975
156082	2300.000000086975
156417	2300.000000086975
160438	2300.000000086975
160768	2300.000000086975
161101	2300.000000086975
161433	2300.000000086975
161766	2300.000000086975
162097	2300.000000086975
162427	2300.000000086975
162756	2300.000000086975
163084	2300.000000086975
163417	2300.000000086975
165758	2300.000000086975
166087	2300.000000086975
166416	2300.000000086975
166743	2300.000000086975
167072	2300.000000086975
167402	2300.000000086975
167733	2300.000000086975
168058	2300.000000086975
168383	2300.000000086975
168711	2300.000000086975
169046	2300.000000086975
169379	2300.000000086975
169709	2300.000000086975
170044	2300.000000086975
170371	2300.000000086975
170705	2300.000000086975
171035	2300.000000086975
171364	2300.000000086975
171698	2300.000000086975
172029	2300.000000086975
175607	2300.000000086975
175935	2300.000000086975
176268	2300.000000086975
176597	2300.000000086975
176931	2300.000000086975
177261	2300.000000086975
177587	2300.000000086975
177916	2300.000000086975
178247	2300.000000086975
178575	2300.000000086975
178905	2300.000000086975
179234	2300.000000086975
179566	2300.000000086975
179892	2300.000000086975
180225	2300.000000086975
180560	2300.000000086975
180892	2300.000000086975
181227	2300.000000086975
181560	2300.000000086975
181893	2300.000000086975
188022	2300.000000086975
188359	2300.000000086975
188687	2300.000000086975
189018	2300.000000086975
189349	2300.000000086975
189685	2300.000000086975
190020	2300.000000086975
190354	2300.000000086975
190694	2300.000000086975
191025	2300.000000086975
191352	2300.000000086975
191682	2300.000000086975
192014	2300.000000086975
192340	2300.000000086975
192673	2300.000000086975
193004	2300.000000086975
193335	2300.000000086975
193667	2300.000000086975
193998	2300.000000086975
194332	2300.000000086975
196751	2300.000000086975
197085	2300.000000086975
197423	2300.000000086975
197759	2300.000000086975
198095	2300.000000086975
198433	2300.000000086975
198766	2300.000000086975
199098	2300.000000086975
199432	2300.000000086975
199768	2300.000000086975
200102	2300.000000086975
200436	2300.000000086975
200769	2300.000000086975
201100	2300.000000086975
201430	2300.000000086975
201762	2300.000000086975
202090	2300.000000086975
202425	2300.000000086975
202755	2300.000000086975
203084	2300.000000086975
205422	2300.000000086975
205751	2300.000000086975
206080	2300.000000086975
206411	2300.000000086975
206743	2300.000000086975
207074	2300.000000086975
207402	2300.000000086975
207731	2300.000000086975
208067	2300.000000086975
208397	2300.000000086975
213073	2300.000000086975
213407	2300.000000086975
213741	2300.000000086975
214072	2300.000000086975
214407	2300.000000086975
214735	2300.000000086975
215072	2300.000000086975
215405	2300.000000086975
215740	2300.000000086975
216067	2300.000000086975
216395	2300.000000086975
216729	2300.000000086975
217064	2300.000000086975
217395	2300.000000086975
217728	2300.000000086975
218058	2300.000000086975
218388	2300.000000086975
218716	2300.000000086975
219049	2300.000000086975
219381	2300.000000086975
221964	2300.000000086975
222294	2300.000000086975
222628	2300.000000086975
222964	2300.000000086975
223299	2300.000000086975
223635	2300.000000086975
223975	2300.000000086975
224313	2300.000000086975
224647	2300.000000086975
224980	2300.000000086975
225313	2300.000000086975
225648	2300.000000086975
225987	2300.000000086975
226320	2300.000000086975
226649	2300.000000086975
226983	2300.000000086975
227315	2300.000000086975
227648	2300.000000086975
227983	2300.000000086975
228316	2300.000000086975
231394	2300.000000086975
231726	2300.000000086975
232057	2300.000000086975
232386	2300.000000086975
232718	2300.000000086975
233049	2300.000000086975
233378	2300.000000086975
233706	2300.000000086975
234035	2300.000000086975
234366	2300.000000086975
234703	2300.000000086975
235031	2300.000000086975
235364	2300.000000086975
235696	2300.000000086975
236028	2300.000000086975
236357	2300.000000086975
236688	2300.000000086975
237020	2300.000000086975
237357	2300.000000086975
237683	2300.000000086975
240465	2300.000000086975
240799	2300.000000086975
241133	2300.000000086975
241464	2300.000000086975
241795	2300.000000086975
242128	2300.000000086975
242460	2300.000000086975
242792	2300.000000086975
243124	2300.000000086975
243451	2300.000000086975
243781	2300.000000086975
244105	2300.000000086975
244439	2300.000000086975
244766	2300.000000086975
245094	2300.000000086975
245429	2300.000000086975
245756	2300.000000086975
246086	2300.000000086975
246417	2300.000000086975
246750	2300.000000086975
253975	2300.000000086975
254310	2300.000000086975
254648	2300.000000086975
254987	2300.000000086975
255319	2300.000000086975
255650	2300.000000086975
255982	2300.000000086975
256318	2300.000000086975
256652	2300.000000086975
256985	2300.000000086975
260783	2300.000000086975
261115	2300.000000086975
261446	2300.000000086975
261775	2300.000000086975
262107	2300.000000086975
262442	2300.000000086975
262774	2300.000000086975
263103	2300.000000086975
263432	2300.000000086975
263758	2300.000000086975
264083	2300.000000086975
264410	2300.000000086975
264739	2300.000000086975
265072	2300.000000086975
265400	2300.000000086975
265735	2300.000000086975
266067	2300.000000086975
266396	2300.000000086975
266722	2300.000000086975
267052	2300.000000086975
277978	2300.000000086975
278311	2300.000000086975
278644	2300.000000086975
278977	2300.000000086975
279310	2300.000000086975
279645	2300.000000086975
279977	2300.000000086975
280313	2300.000000086975
280648	2300.000000086975
280980	2300.000000086975
281314	2300.000000086975
281646	2300.000000086975
281976	2300.000000086975
282310	2300.000000086975
282636	2300.000000086975
282969	2300.000000086975
283297	2300.000000086975
283629	2300.000000086975
283960	2300.000000086975
284295	2300.000000086975
286662	2300.000000086975
286992	2300.000000086975
287319	2300.000000086975
287646	2300.000000086975
287979	2300.000000086975
288315	2300.000000086975
288652	2300.000000086975
288985	2300.000000086975
289319	2300.000000086975
289656	2300.000000086975
289990	2300.000000086975
290327	2300.000000086975
290664	2300.000000086975
290997	2300.000000086975
291330	2300.000000086975
291666	2300.000000086975
291998	2300.000000086975
292328	2300.000000086975
292659	2300.000000086975
292992	2300.000000086975
295877	2300.000000086975
296208	2300.000000086975
296539	2300.000000086975
296868	2300.000000086975
297200	2300.000000086975
297530	2300.000000086975
297856	2300.000000086975
298186	2300.000000086975
298514	2300.000000086975
298841	2300.000000086975
299172	2300.000000086975
299503	2300.000000086975
299833	2300.000000086975
300165	2300.000000086975
