1000	9227.754535855553
8009	8780.42399849388
13203	8714.309396305533
16345	8209.870868702834
19481	8209.870868702834
24554	8209.870868702834
29617	8209.870868702834
34767	8209.870868702834
37824	8007.45929879177
40950	8007.45929879177
44041	7989.407948299648
47181	7599.748159559241
52268	7599.748159559241
55349	7599.748159559241
58469	7599.748159559241
63593	7599.748159559241
70759	7599.748159559241
73812	7448.159055268052
80906	7448.159055268052
84002	7448.159055268052
87093	7448.159055268052
90163	7448.159055268052
93236	7448.159055268052
96348	7448.159055268052
103371	7448.159055268052
108515	7448.159055268052
121326	7448.159055268052
124455	7448.159055268052
129641	7448.159055268052
138591	7448.159055268052
141693	7448.159055268052
144853	7448.159055268052
147962	7448.159055268052
159184	7448.159055268052
164226	7448.159055268052
169353	7448.159055268052
172466	7448.159055268052
177561	7448.159055268052
180692	7448.159055268052
187721	7448.159055268052
192867	7448.159055268052
196071	7448.159055268052
203159	7448.159055268052
212078	7448.159055268052
215193	7448.159055268052
222223	7448.159055268052
225300	7448.159055268052
230411	7448.159055268052
233548	7448.159055268052
240661	7448.159055268052
245730	7448.159055268052
250746	7448.159055268052
253825	7448.159055268052
256955	7448.159055268052
261965	7448.159055268052
267013	7448.159055268052
272176	7448.159055268052
279275	7448.159055268052
282395	7436.887551211792
285460	7436.887551211792
288548	7436.887551211792
291634	7436.887551211792
294731	7436.887551211792
299769	7436.887551211792
302832	7436.887551211792
305972	7436.887551211792
312925	7436.887551211792
317991	7436.887551211792
321082	7436.887551211792
326189	7436.887551211792
335180	7436.887551211792
338290	7436.887551211792
343373	7436.887551211792
346535	7331.107410561792
355472	7331.107410561792
358610	7331.107410561792
361710	7331.107410561792
364777	6495.115052905682
369821	6495.115052905682
372929	6495.115052905682
379977	6495.115052905682
383068	6469.832330757176
392076	6469.832330757176
395267	6469.832330757176
404316	6469.832330757176
409409	6469.832330757176
412551	6469.832330757176
419725	6469.832330757176
424897	6469.832330757176
432044	6469.832330757176
441129	6469.832330757176
446189	6469.832330757176
451229	6469.832330757176
458214	6469.832330757176
461304	6429.141955404226
468234	6429.141955404226
471357	6429.141955404226
474461	6429.141955404226
477586	6429.141955404226
484694	6429.141955404226
487791	6429.141955404226
492976	6429.141955404226
496107	6429.141955404226
501244	6429.141955404226
510256	6429.141955404226
513391	6429.141955404226
516463	6429.141955404226
519625	6429.141955404226
522767	6429.141955404226
525849	6429.141955404226
530891	6429.141955404226
539811	6429.141955404226
542968	6429.141955404226
552020	6429.141955404226
555122	6429.141955404226
558188	6396.829039867685
561377	6396.829039867685
566510	6396.829039867685
569669	6396.829039867685
576708	6396.829039867685
579806	6396.829039867685
584817	6396.829039867685
587949	6396.829039867685
591079	6396.829039867685
598107	6396.829039867685
607175	6396.829039867685
610324	6396.829039867685
613404	6396.829039867685
620328	6396.829039867685
623405	6396.829039867685
630341	6396.829039867685
633437	6396.829039867685
640526	6396.829039867685
645616	6396.829039867685
648768	6396.829039867685
651804	6396.829039867685
654884	6396.829039867685
658025	6396.829039867685
661070	6396.829039867685
669836	6396.829039867685
672969	6396.829039867685
681951	6396.829039867685
685030	6396.829039867685
690092	6396.829039867685
695192	6396.829039867685
698300	6396.829039867685
705336	6396.829039867685
708435	6396.829039867685
711511	6396.829039867685
714564	6396.829039867685
717608	6396.829039867685
722748	6396.829039867685
725866	6396.829039867685
728955	6396.829039867685
734054	6396.829039867685
737126	6396.829039867685
740213	6396.829039867685
745302	6396.829039867685
750341	6396.829039867685
755459	6396.829039867685
760549	6396.829039867685
765655	6396.829039867685
770707	6396.829039867685
777861	6396.829039867685
787003	6396.829039867685
791994	6396.829039867685
799022	6396.829039867685
806045	6396.829039867685
811103	6396.829039867685
816251	6396.829039867685
821280	6396.829039867685
824342	6396.829039867685
827432	6396.829039867685
830556	6396.829039867685
835573	6396.829039867685
840623	6396.829039867685
851686	6396.829039867685
856836	6396.829039867685
861840	6396.829039867685
864904	6396.829039867685
870025	6396.829039867685
873120	6396.829039867685
876257	6396.829039867685
879309	6396.829039867685
882403	6396.829039867685
891269	6396.829039867685
896331	6396.829039867685
899449	6396.829039867685
902567	6396.829039867685
907663	6396.829039867685
916677	6396.829039867685
919813	6396.829039867685
926830	6396.829039867685
942295	5161.091446337189
949950	5072.340447509503
953053	5072.340447509503
960021	5072.340447509503
965167	5072.340447509503
968290	5072.340447509503
971405	5072.340447509503
982349	5072.340447509503
985491	5072.340447509503
992493	5072.340447509503
995544	5072.340447509503
1000603	5072.340447509503
