1000	8911.590651662646
2141	8911.590651662646
3278	8911.590651662646
4408	8911.590651662646
5537	8911.590651662646
6667	8052.027755751323
7793	8052.027755751323
8922	8052.027755751323
10049	8052.027755751323
11176	8052.027755751323
12303	7608.000830141663
13430	7608.000830141663
14555	7608.000830141663
15678	7608.000830141663
16804	7608.000830141663
17928	7608.000830141663
19050	7608.000830141663
20175	7608.000830141663
21299	7608.000830141663
22421	7608.000830141663
23545	7608.000830141663
24673	7608.000830141663
25800	7608.000830141663
26927	7608.000830141663
28054	7608.000830141663
29178	7608.000830141663
30303	7608.000830141663
31432	7608.000830141663
32559	7608.000830141663
33688	7608.000830141663
34814	7608.000830141663
58637	4458.774867747345
59769	4458.774867747345
60900	4458.774867747345
62029	4458.774867747345
63156	4458.774867747345
64285	4458.774867747345
65412	4458.774867747345
66535	4458.774867747345
67662	4458.774867747345
68787	4458.774867747345
69913	4458.774867747345
71037	4458.774867747345
72164	4458.774867747345
73288	4458.774867747345
74413	4458.774867747345
75540	4458.774867747345
76666	4458.774867747345
77791	4458.774867747345
78916	4458.774867747345
80043	4458.774867747345
92975	4458.774867747345
94101	4458.774867747345
95229	4458.774867747345
96357	4458.774867747345
97484	4458.774867747345
98613	4458.774867747345
99739	4458.774867747345
100866	4458.774867747345
101993	4458.774867747345
103122	4458.774867747345
104248	4458.774867747345
105378	4458.774867747345
106508	4458.774867747345
107632	4458.774867747345
108758	4458.774867747345
109885	4458.774867747345
111012	4458.774867747345
112139	4458.774867747345
113266	4458.774867747345
114390	4458.774867747345
132542	4458.774867747345
133668	4458.774867747345
134798	4458.774867747345
135926	4458.774867747345
137056	4458.774867747345
138179	4458.774867747345
139305	4458.774867747345
140431	4458.774867747345
141556	4458.774867747345
142680	4458.774867747345
143807	4458.774867747345
144932	4458.774867747345
146058	4458.774867747345
147187	4458.774867747345
148314	4458.774867747345
149441	4458.774867747345
150565	4458.774867747345
151691	4458.774867747345
152818	4458.774867747345
153945	4458.774867747345
174093	4458.774867747345
175221	4458.774867747345
176350	4458.774867747345
177477	4458.774867747345
178603	4458.774867747345
179730	4458.774867747345
180859	4458.774867747345
181990	4458.774867747345
183125	4458.774867747345
184253	4458.774867747345
185380	4458.774867747345
186506	4458.774867747345
187633	4458.774867747345
188758	4458.774867747345
189885	4458.774867747345
191010	4458.774867747345
192137	4458.774867747345
193265	4458.774867747345
194392	4458.774867747345
195519	4458.774867747345
215812	4458.774867747345
216936	4458.774867747345
218064	4458.774867747345
219191	4458.774867747345
220319	4458.774867747345
221446	4458.774867747345
222570	4458.774867747345
223698	4458.774867747345
224824	4458.774867747345
225951	4458.774867747345
227080	4458.774867747345
228206	4458.774867747345
229332	4458.774867747345
230459	4458.774867747345
231584	4458.774867747345
232713	4458.774867747345
233839	4458.774867747345
234963	4458.774867747345
236088	4458.774867747345
237215	4458.774867747345
257109	4458.774867747345
258236	4458.774867747345
259366	4458.774867747345
260491	4458.774867747345
261619	4458.774867747345
262747	4458.774867747345
263875	4458.774867747345
265004	4458.774867747345
266130	4458.774867747345
267256	4458.774867747345
285448	4458.774867747345
286573	4458.774867747345
287701	4458.774867747345
288830	4458.774867747345
289957	4458.774867747345
291082	4458.774867747345
292209	4458.774867747345
293334	4458.774867747345
294456	4458.774867747345
295579	4458.774867747345
296703	4458.774867747345
297829	4458.774867747345
298957	4458.774867747345
300086	4458.774867747345
301215	4458.774867747345
302343	4458.774867747345
303473	4458.774867747345
304596	4458.774867747345
305724	4458.774867747345
306850	4458.774867747345
323897	4458.774867747345
325021	4458.774867747345
326145	4458.774867747345
327271	4458.774867747345
328398	4458.774867747345
329525	4458.774867747345
330652	4458.774867747345
331779	4458.774867747345
332909	4458.774867747345
334035	4458.774867747345
335160	4458.774867747345
336289	4458.774867747345
337415	4458.774867747345
338543	4458.774867747345
339668	4458.774867747345
340794	4458.774867747345
341922	4458.774867747345
343054	4458.774867747345
344184	4458.774867747345
345311	4458.774867747345
367659	4458.774867747345
368785	4458.774867747345
369909	4458.774867747345
371034	4458.774867747345
372161	4458.774867747345
373288	4458.774867747345
374415	4458.774867747345
375540	4458.774867747345
376666	4458.774867747345
377789	4458.774867747345
378914	4458.774867747345
380040	4458.774867747345
381170	4458.774867747345
382302	4458.774867747345
383429	4458.774867747345
384557	4458.774867747345
385683	4458.774867747345
386810	4458.774867747345
387937	4458.774867747345
389065	4458.774867747345
408825	4458.774867747345
409951	4458.774867747345
411080	4458.774867747345
412204	4458.774867747345
413329	4458.774867747345
414455	4458.774867747345
415579	4458.774867747345
416705	4458.774867747345
417830	4458.774867747345
418955	4458.774867747345
420080	4458.774867747345
421204	4458.774867747345
422327	4458.774867747345
423451	4458.774867747345
424582	4458.774867747345
425710	4458.774867747345
426838	4458.774867747345
427964	4458.774867747345
429092	4458.774867747345
430217	4458.774867747345
456714	4458.774867747345
457843	4458.774867747345
458969	4458.774867747345
460098	4458.774867747345
461226	4458.774867747345
462354	4458.774867747345
463483	4458.774867747345
464612	4458.774867747345
465742	4458.774867747345
466870	4458.774867747345
485070	4458.774867747345
486201	4458.774867747345
487330	4458.774867747345
488455	4458.774867747345
489579	4458.774867747345
490704	4458.774867747345
491832	4458.774867747345
492957	4458.774867747345
494081	4458.774867747345
495207	4458.774867747345
496330	4458.774867747345
497457	4458.774867747345
498582	4458.774867747345
499706	4458.774867747345
500832	4458.774867747345
501958	4458.774867747345
503086	4458.774867747345
504215	4458.774867747345
505343	4458.774867747345
506469	4458.774867747345
514882	4458.774867747345
516009	4458.774867747345
517136	4458.774867747345
518265	4458.774867747345
519395	4458.774867747345
520524	4458.774867747345
521651	4458.774867747345
522779	4458.774867747345
523907	4458.774867747345
525035	4458.774867747345
526162	4458.774867747345
527287	4458.774867747345
528414	4458.774867747345
529538	4458.774867747345
530666	4458.774867747345
531792	4458.774867747345
532920	4458.774867747345
534047	4458.774867747345
535173	4458.774867747345
536300	4458.774867747345
553753	4458.774867747345
554883	4458.774867747345
556012	4458.774867747345
557140	4458.774867747345
558265	4458.774867747345
559394	4458.774867747345
560519	4458.774867747345
561644	4458.774867747345
562773	4458.774867747345
563900	4458.774867747345
565026	4458.774867747345
566155	4458.774867747345
567280	4458.774867747345
568409	4458.774867747345
569534	4458.774867747345
570662	4458.774867747345
571791	4458.774867747345
572920	4458.774867747345
574049	4458.774867747345
575173	4458.774867747345
595561	4458.774867747345
596691	4458.774867747345
597822	4458.774867747345
598953	4458.774867747345
600082	4458.774867747345
601209	4458.774867747345
602339	4458.774867747345
603465	4458.774867747345
604591	4458.774867747345
605717	4458.774867747345
606844	4458.774867747345
607970	4458.774867747345
609096	4458.774867747345
610223	4458.774867747345
611350	4458.774867747345
612478	4458.774867747345
613603	4458.774867747345
614732	4458.774867747345
615860	4458.774867747345
616988	4458.774867747345
639329	4458.774867747345
640456	4458.774867747345
641585	4458.774867747345
642714	4458.774867747345
643844	4458.774867747345
644974	4458.774867747345
646103	4458.774867747345
647230	4458.774867747345
648357	4458.774867747345
649489	4458.774867747345
669831	4458.774867747345
670957	4458.774867747345
672082	4458.774867747345
673209	4458.774867747345
674334	4458.774867747345
675460	4458.774867747345
676589	4458.774867747345
677713	4458.774867747345
678840	4458.774867747345
679969	4458.774867747345
681095	4458.774867747345
682221	4458.774867747345
683346	4458.774867747345
684473	4458.774867747345
685601	4458.774867747345
686729	4458.774867747345
687858	4458.774867747345
688987	4458.774867747345
690115	4458.774867747345
691240	4458.774867747345
709576	4458.774867747345
710704	4458.774867747345
711830	4458.774867747345
712956	4458.774867747345
714086	4458.774867747345
715216	4458.774867747345
716341	4458.774867747345
717467	4458.774867747345
718596	4458.774867747345
719724	4458.774867747345
720849	4458.774867747345
721977	4458.774867747345
723105	4458.774867747345
724233	4458.774867747345
725361	4458.774867747345
726492	4458.774867747345
727621	4458.774867747345
728749	4458.774867747345
729878	4458.774867747345
731002	4458.774867747345
746340	4458.774867747345
747465	4458.774867747345
748589	4458.774867747345
749712	4458.774867747345
750838	4458.774867747345
751964	4458.774867747345
753090	4458.774867747345
754217	4458.774867747345
755345	4458.774867747345
756469	4458.774867747345
757594	4458.774867747345
758719	4458.774867747345
759847	4458.774867747345
760970	4458.774867747345
762094	4458.774867747345
763221	4458.774867747345
764349	4458.774867747345
765477	4458.774867747345
766606	4458.774867747345
767734	4458.774867747345
788999	4458.774867747345
790127	4458.774867747345
791256	4458.774867747345
792382	4458.774867747345
793507	4458.774867747345
794632	4458.774867747345
795760	4458.774867747345
796887	4458.774867747345
798014	4458.774867747345
799142	4458.774867747345
800269	4458.774867747345
801394	4458.774867747345
802518	4458.774867747345
803650	4458.774867747345
804779	4458.774867747345
805904	4458.774867747345
807031	4458.774867747345
808160	4458.774867747345
809288	4458.774867747345
810417	4458.774867747345
828678	4458.774867747345
829805	4458.774867747345
830935	4458.774867747345
832065	4458.774867747345
833193	4458.774867747345
834319	4458.774867747345
835448	4458.774867747345
836571	4458.774867747345
837696	4458.774867747345
838821	4458.774867747345
864837	4458.774867747345
865961	4458.774867747345
867089	4458.774867747345
868213	4458.774867747345
869338	4458.774867747345
870461	4458.774867747345
871585	4458.774867747345
872714	4458.774867747345
873842	4458.774867747345
874967	4458.774867747345
876097	4458.774867747345
877225	4458.774867747345
878349	4458.774867747345
879474	4458.774867747345
880600	4458.774867747345
881725	4458.774867747345
882848	4458.774867747345
883975	4458.774867747345
885100	4458.774867747345
886227	4458.774867747345
908437	4458.774867747345
909563	4458.774867747345
910686	4458.774867747345
911815	4458.774867747345
912943	4458.774867747345
914073	4458.774867747345
915200	4458.774867747345
916327	4458.774867747345
917451	4458.774867747345
918577	4458.774867747345
919703	4458.774867747345
920830	4458.774867747345
921959	4458.774867747345
923090	4458.774867747345
924216	4458.774867747345
925343	4458.774867747345
926473	4458.774867747345
927602	4458.774867747345
928732	4458.774867747345
929860	4458.774867747345
951105	4458.774867747345
952231	4458.774867747345
953357	4458.774867747345
954481	4458.774867747345
955605	4458.774867747345
956731	4458.774867747345
957857	4458.774867747345
958985	4458.774867747345
960110	4458.774867747345
961238	4458.774867747345
962364	4458.774867747345
963490	4458.774867747345
964613	4458.774867747345
965740	4458.774867747345
966867	4458.774867747345
967995	4458.774867747345
969123	4458.774867747345
970255	4458.774867747345
971384	4458.774867747345
972515	4458.774867747345
985269	4458.774867747345
986395	4458.774867747345
987524	4458.774867747345
988650	4458.774867747345
989776	4458.774867747345
990905	4458.774867747345
992033	4458.774867747345
993163	4458.774867747345
994290	4458.774867747345
995419	4458.774867747345
996547	4458.774867747345
997676	4458.774867747345
998803	4458.774867747345
999931	4458.774867747345
1001059	4458.774867747345
