1000	8908.749534475242
2140	8908.749534475242
3274	8908.749534475242
4409	8759.069761978617
5538	8729.264977311323
6663	8729.264977311323
7791	8729.264977311323
8917	8404.876892858247
10042	8404.876892858247
11169	8404.876892858247
12292	8387.568634313626
13416	8387.568634313626
14543	8387.568634313626
15667	8387.568634313626
16791	8387.568634313626
17915	8387.568634313626
19039	8387.568634313626
20164	8387.568634313626
21289	8387.568634313626
22414	8267.782471272927
23538	8267.782471272927
24664	8267.782471272927
25789	8267.782471272927
26913	8054.789503786372
28039	8054.789503786372
29166	8054.789503786372
30290	8054.789503786372
31416	8054.789503786372
32541	8054.789503786372
33667	8054.789503786372
34796	8054.789503786372
35924	8054.789503786372
37052	8054.789503786372
38184	7895.106327537853
39309	7895.106327537853
40438	7808.1069519975945
41564	7808.1069519975945
42690	7547.702540648661
43818	7547.702540648661
44947	7547.702540648661
46073	7547.702540648661
47201	7547.702540648661
48326	7547.702540648661
49452	7547.702540648661
50579	7547.702540648661
51705	7547.702540648661
52832	7547.702540648661
53959	7547.702540648661
55086	7547.702540648661
56214	7547.702540648661
57342	7547.702540648661
58469	7547.702540648661
59595	7547.702540648661
60720	7547.702540648661
61848	7547.702540648661
62975	7547.702540648661
64104	7547.702540648661
65233	7547.702540648661
100380	5507.8668600652
101506	5507.8668600652
102632	5507.8668600652
103757	5507.8668600652
104881	5507.8668600652
106005	5507.8668600652
107129	5507.8668600652
108258	5507.8668600652
109385	5507.8668600652
110511	5507.8668600652
111638	5507.8668600652
112763	5507.8668600652
113888	5507.8668600652
115015	5507.8668600652
116141	5507.8668600652
117272	5507.8668600652
118398	5507.8668600652
119525	5507.8668600652
120655	5507.8668600652
121784	5507.8668600652
122910	5507.8668600652
124035	5507.8668600652
125165	5507.8668600652
147308	5507.8668600652
148433	5507.8668600652
149563	5507.8668600652
150688	5507.8668600652
151813	5507.8668600652
152937	5507.8668600652
154061	5507.8668600652
155186	5507.8668600652
156309	5507.8668600652
157435	5507.8668600652
158562	5507.8668600652
159688	5507.8668600652
160813	5507.8668600652
161940	5507.8668600652
163068	5507.8668600652
164193	5507.8668600652
165319	5507.8668600652
166446	5507.8668600652
167572	5507.8668600652
168699	5507.8668600652
186783	5507.8668600652
187911	5507.8668600652
189038	5507.8668600652
190169	5507.8668600652
191300	5507.8668600652
192428	5507.8668600652
193553	5507.8668600652
194678	5507.8668600652
195805	5507.8668600652
196934	5507.8668600652
198061	5507.8668600652
199185	5507.8668600652
200313	5507.8668600652
201440	5507.8668600652
202566	5507.8668600652
203699	5507.8668600652
204827	5507.8668600652
205952	5507.8668600652
207078	5507.8668600652
208203	5507.8668600652
228466	5507.8668600652
229591	5507.8668600652
230715	5507.8668600652
231843	5507.8668600652
232968	5507.8668600652
234096	5507.8668600652
235222	5507.8668600652
236347	5507.8668600652
237475	5507.8668600652
238599	5507.8668600652
260909	5507.8668600652
262037	5507.8668600652
263162	5507.8668600652
264289	5507.8668600652
265416	5507.8668600652
266543	5507.8668600652
267670	5507.8668600652
268795	5507.8668600652
269922	5507.8668600652
271045	5507.8668600652
272170	5507.8668600652
273296	5507.8668600652
274420	5507.8668600652
275546	5507.8668600652
276675	5507.8668600652
277804	5507.8668600652
278929	5507.8668600652
280053	5507.8668600652
281179	5507.8668600652
282308	5507.8668600652
299195	4911.326138718104
321538	4911.311247313306
322668	4911.311247313306
323798	4911.311247313306
324925	4911.311247313306
326052	4911.311247313306
327178	4911.311247313306
328306	4911.311247313306
329434	4911.311247313306
330565	4911.311247313306
331693	4911.311247313306
332819	4911.311247313306
333944	4911.311247313306
335071	4911.311247313306
336198	4911.311247313306
337322	4911.311247313306
338449	4911.311247313306
339575	4911.311247313306
340699	4911.311247313306
341823	4911.311247313306
360531	4911.311247313306
361653	4911.311247313306
362777	4911.311247313306
363903	4911.311247313306
365029	4911.311247313306
366157	4911.311247313306
367285	4911.311247313306
368415	4911.311247313306
369543	4911.311247313306
370667	4911.311247313306
371795	4911.311247313306
372925	4911.311247313306
374055	4911.311247313306
375182	4911.311247313306
376307	4911.311247313306
377438	4911.311247313306
378565	4911.311247313306
379692	4911.311247313306
380819	4911.311247313306
381946	4911.311247313306
395235	4911.311247313306
396361	4911.311247313306
397487	4911.311247313306
398614	4911.311247313306
399740	4911.311247313306
400866	4911.311247313306
401992	4911.311247313306
403118	4911.311247313306
404244	4911.311247313306
405372	4911.311247313306
406500	4911.311247313306
407628	4911.311247313306
408752	4911.311247313306
409880	4911.311247313306
411007	4911.311247313306
412135	4911.311247313306
413264	4911.311247313306
414390	4911.311247313306
415516	4911.311247313306
416645	4911.311247313306
436761	4911.311247313306
437890	4911.311247313306
439015	4911.311247313306
440141	4911.311247313306
441266	4911.311247313306
442391	4911.311247313306
443515	4911.311247313306
444639	4911.311247313306
445763	4911.311247313306
446892	4911.311247313306
448018	4911.311247313306
449145	4911.311247313306
450276	4911.311247313306
451401	4911.311247313306
452526	4911.311247313306
453653	4911.311247313306
454782	4911.311247313306
455911	4911.311247313306
457038	4911.311247313306
458166	4911.311247313306
476523	4911.311247313306
477652	4911.311247313306
478783	4911.311247313306
479909	4911.311247313306
481039	4911.311247313306
482165	4911.311247313306
483292	4911.311247313306
484418	4911.311247313306
485546	4911.311247313306
486671	4911.311247313306
487800	4911.311247313306
488928	4911.311247313306
490057	4911.311247313306
491188	4911.311247313306
492314	4911.311247313306
493444	4911.311247313306
494571	4911.311247313306
495696	4911.311247313306
496818	4911.311247313306
497941	4911.311247313306
514866	4911.311247313306
515992	4911.311247313306
517119	4911.311247313306
518247	4911.311247313306
519377	4911.311247313306
520504	4911.311247313306
521628	4911.311247313306
522753	4911.311247313306
523880	4911.311247313306
525005	4911.311247313306
537734	4911.311247313306
538859	4911.311247313306
539985	4911.311247313306
541112	4911.311247313306
542241	4911.311247313306
543368	4911.311247313306
544495	4911.311247313306
545623	4911.311247313306
546751	4911.311247313306
547879	4911.311247313306
549007	4911.311247313306
550132	4911.311247313306
551256	4911.311247313306
552384	4911.311247313306
553515	4911.311247313306
554643	4911.311247313306
555773	4911.311247313306
556901	4911.311247313306
558029	4911.311247313306
559159	4911.311247313306
577295	4911.311247313306
578421	4911.311247313306
579548	4911.311247313306
580673	4911.311247313306
581797	4911.311247313306
582922	4911.311247313306
584047	4911.311247313306
585172	4911.311247313306
586296	4911.311247313306
587421	4911.311247313306
588547	4911.311247313306
589677	4911.311247313306
590807	4911.311247313306
591934	4911.311247313306
593058	4911.311247313306
594187	4911.311247313306
595312	4911.311247313306
596438	4911.311247313306
597563	4911.311247313306
598690	4911.311247313306
616824	4911.311247313306
617957	4911.311247313306
619086	4911.311247313306
620214	4911.311247313306
621345	4911.311247313306
622472	4911.311247313306
623596	4911.311247313306
624723	4911.311247313306
625855	4911.311247313306
626982	4911.311247313306
628109	4911.311247313306
629235	4911.311247313306
630361	4911.311247313306
631489	4911.311247313306
632618	4911.311247313306
633745	4911.311247313306
634877	4911.311247313306
636004	4911.311247313306
637128	4911.311247313306
638256	4911.311247313306
658704	4911.311247313306
659829	4911.311247313306
660957	4911.311247313306
662084	4911.311247313306
663210	4911.311247313306
664338	4911.311247313306
665464	4911.311247313306
666591	4911.311247313306
667717	4911.311247313306
668841	4911.311247313306
669965	4911.311247313306
671092	4911.311247313306
672219	4911.311247313306
673345	4911.311247313306
674472	4911.311247313306
675600	4911.311247313306
676732	4911.311247313306
677861	4911.311247313306
678990	4911.311247313306
680113	4911.311247313306
700422	4911.311247313306
701551	4911.311247313306
702675	4911.311247313306
703800	4911.311247313306
704925	4911.311247313306
706050	4911.311247313306
707176	4911.311247313306
708302	4911.311247313306
709429	4911.311247313306
710560	4911.311247313306
719321	4911.311247313306
720448	4911.311247313306
721578	4911.311247313306
722706	4911.311247313306
723830	4911.311247313306
724957	4911.311247313306
726084	4911.311247313306
727217	4911.311247313306
728345	4911.311247313306
729473	4911.311247313306
730601	4911.311247313306
731726	4911.311247313306
732854	4911.311247313306
733981	4911.311247313306
735111	4911.311247313306
736238	4911.311247313306
737361	4911.311247313306
738485	4911.311247313306
739610	4911.311247313306
740735	4911.311247313306
759870	4911.311247313306
760996	4911.311247313306
762124	4911.311247313306
763254	4911.311247313306
764382	4911.311247313306
765513	4911.311247313306
766643	4911.311247313306
767770	4911.311247313306
768897	4911.311247313306
770024	4911.311247313306
771151	4911.311247313306
772282	4911.311247313306
773411	4911.311247313306
774540	4911.311247313306
775666	4911.311247313306
776792	4911.311247313306
777920	4911.311247313306
779043	4911.311247313306
780170	4911.311247313306
781298	4911.311247313306
801417	4911.311247313306
802544	4911.311247313306
803670	4911.311247313306
804797	4911.311247313306
805926	4911.311247313306
807053	4911.311247313306
808180	4911.311247313306
809307	4911.311247313306
810430	4911.311247313306
811556	4911.311247313306
812682	4911.311247313306
813808	4911.311247313306
814934	4911.311247313306
816062	4911.311247313306
817192	4911.311247313306
818319	4911.311247313306
819443	4911.311247313306
820569	4911.311247313306
821695	4911.311247313306
822824	4911.311247313306
841063	4911.311247313306
842191	4911.311247313306
843320	4911.311247313306
844448	4911.311247313306
845575	4911.311247313306
846702	4911.311247313306
847832	4911.311247313306
848962	4911.311247313306
850087	4911.311247313306
851212	4911.311247313306
852340	4911.311247313306
853462	4911.311247313306
854588	4911.311247313306
855714	4911.311247313306
856841	4911.311247313306
857972	4911.311247313306
859102	4911.311247313306
860231	4911.311247313306
861357	4911.311247313306
862484	4911.311247313306
877308	4911.311247313306
878433	4911.311247313306
879559	4911.311247313306
880685	4911.311247313306
881814	4911.311247313306
882944	4911.311247313306
884076	4911.311247313306
885202	4911.311247313306
886330	4911.311247313306
887456	4911.311247313306
907637	4911.311247313306
908762	4911.311247313306
909888	4911.311247313306
911014	4911.311247313306
912143	4911.311247313306
913272	4911.311247313306
914401	4911.311247313306
915528	4911.311247313306
916656	4911.311247313306
917784	4911.311247313306
918912	4911.311247313306
920041	4911.311247313306
921171	4911.311247313306
922298	4911.311247313306
923423	4911.311247313306
924551	4911.311247313306
925679	4911.311247313306
926806	4911.311247313306
927929	4911.311247313306
929055	4911.311247313306
947223	4911.311247313306
948351	4911.311247313306
949478	4911.311247313306
950606	4911.311247313306
951728	4911.311247313306
952853	4911.311247313306
953979	4911.311247313306
955102	4911.311247313306
956226	4911.311247313306
957350	4911.311247313306
958476	4911.311247313306
959605	4911.311247313306
960731	4911.311247313306
961857	4911.311247313306
962991	4911.311247313306
964117	4911.311247313306
965241	4911.311247313306
966369	4911.311247313306
967495	4911.311247313306
968622	4911.311247313306
986826	4911.311247313306
987953	4911.311247313306
989079	4911.311247313306
990209	4911.311247313306
991338	4911.311247313306
992463	4911.311247313306
993591	4911.311247313306
994719	4911.311247313306
995845	4911.311247313306
996973	4911.311247313306
998100	4911.311247313306
999230	4911.311247313306
1000359	4911.311247313306
