1000	8982.440355818875
2147	8753.436093855755
3283	8268.643153715962
4422	8268.643153715962
5552	8268.643153715962
6681	8268.643153715962
7806	8268.643153715962
8933	8268.643153715962
10059	8268.643153715962
11183	8268.643153715962
12309	8268.643153715962
13435	8268.643153715962
14558	8268.643153715962
15682	8268.643153715962
16806	8268.643153715962
17929	8268.643153715962
19056	8268.643153715962
20180	8268.643153715962
21304	8268.643153715962
22428	8268.643153715962
23555	8268.643153715962
24680	8268.643153715962
25806	8268.643153715962
66030	6226.78122313289
67156	6226.78122313289
68285	6226.78122313289
69416	6226.78122313289
70543	6226.78122313289
71672	6226.78122313289
72798	6226.78122313289
73926	6226.78122313289
75051	6226.78122313289
76178	6226.78122313289
77304	6226.78122313289
78429	6226.78122313289
79553	6226.78122313289
80677	6226.78122313289
81800	6226.78122313289
82926	6226.78122313289
84054	6226.78122313289
85180	6226.78122313289
86307	6226.78122313289
87437	6226.78122313289
88565	6226.78122313289
89692	6226.78122313289
90818	6226.78122313289
91946	6226.78122313289
93077	6226.78122313289
94205	6226.78122313289
95331	6226.78122313289
96460	6226.78122313289
116336	6226.78122313289
117466	6226.78122313289
118592	6226.78122313289
119719	6226.78122313289
120846	6226.78122313289
121972	6226.78122313289
123096	6226.78122313289
124223	6226.78122313289
125349	6226.78122313289
126476	6226.78122313289
150789	6226.78122313289
151918	6226.78122313289
153045	6226.78122313289
154173	6226.78122313289
155305	6226.78122313289
156432	6226.78122313289
157557	6226.78122313289
158683	6226.78122313289
159811	6226.78122313289
160936	6226.78122313289
162062	6226.78122313289
163187	6226.78122313289
164313	6226.78122313289
165437	6226.78122313289
166563	6226.78122313289
167689	6226.78122313289
168815	6226.78122313289
169939	6226.78122313289
171063	6226.78122313289
172187	6226.78122313289
192401	6226.78122313289
193527	6226.78122313289
194653	6226.78122313289
195778	6226.78122313289
196905	6226.78122313289
198036	6226.78122313289
199166	6226.78122313289
200295	6226.78122313289
201420	6226.78122313289
202548	6226.78122313289
203677	6226.78122313289
204807	6226.78122313289
205937	6226.78122313289
207066	6226.78122313289
208193	6226.78122313289
209322	6226.78122313289
210450	6226.78122313289
211578	6226.78122313289
212707	6226.78122313289
213835	6226.78122313289
234638	5793.105826639652
272487	5712.04944530725
273614	5712.04944530725
274739	5712.04944530725
275863	5712.04944530725
276989	5712.04944530725
278114	5712.04944530725
279239	5712.04944530725
280367	5712.04944530725
281493	5712.04944530725
282619	5712.04944530725
283745	5712.04944530725
284873	5712.04944530725
286000	5712.04944530725
287129	5712.04944530725
288255	5712.04944530725
289382	5712.04944530725
290510	5712.04944530725
291633	5712.04944530725
292762	5712.04944530725
309116	5712.04944530725
310243	5712.04944530725
311369	5712.04944530725
312494	5712.04944530725
313621	5712.04944530725
314749	5712.04944530725
315875	5712.04944530725
317006	5712.04944530725
318133	5712.04944530725
319258	5712.04944530725
320388	5712.04944530725
321516	5712.04944530725
322645	5712.04944530725
323776	5712.04944530725
324902	5712.04944530725
326031	5712.04944530725
327157	5712.04944530725
328283	5712.04944530725
329408	5712.04944530725
330536	5712.04944530725
350764	5712.04944530725
351889	5712.04944530725
353013	5712.04944530725
354137	5712.04944530725
355262	5712.04944530725
356388	5712.04944530725
357512	5712.04944530725
358637	5712.04944530725
359766	5712.04944530725
360889	5712.04944530725
362016	5712.04944530725
363142	5712.04944530725
364266	5712.04944530725
365393	5712.04944530725
366521	5712.04944530725
367650	5712.04944530725
368777	5712.04944530725
369906	5712.04944530725
371038	5712.04944530725
372169	5712.04944530725
388446	5073.422206831515
407449	5073.419582125831
408577	5073.419582125831
409702	5073.419582125831
410826	5073.419582125831
411954	5073.419582125831
413080	5073.419582125831
414207	5073.419582125831
415332	5073.419582125831
416458	5073.419582125831
417582	5073.419582125831
418707	5073.419582125831
419833	5073.419582125831
420959	5073.419582125831
422087	5073.419582125831
423211	5073.419582125831
424337	5073.419582125831
425464	5073.419582125831
426595	5073.419582125831
427722	5073.419582125831
450327	5073.419582125831
451456	5073.419582125831
452585	5073.419582125831
453714	5073.419582125831
454842	5073.419582125831
455974	5073.419582125831
457103	5073.419582125831
458230	5073.419582125831
459358	5073.419582125831
460488	5073.419582125831
461615	5073.419582125831
462740	5073.419582125831
463865	5073.419582125831
464992	5073.419582125831
466117	5073.419582125831
467242	5073.419582125831
468367	5073.419582125831
469493	5073.419582125831
470618	5073.419582125831
471748	5073.419582125831
494063	5073.419582125831
495189	5073.419582125831
496317	5073.419582125831
497443	5073.419582125831
498569	5073.419582125831
499694	5073.419582125831
500824	5073.419582125831
501957	5073.419582125831
503084	5073.419582125831
504213	5073.419582125831
505339	5073.419582125831
506465	5073.419582125831
507591	5073.419582125831
508718	5073.419582125831
509842	5073.419582125831
510968	5073.419582125831
512092	5073.419582125831
513215	5073.419582125831
514338	5073.419582125831
515462	5073.419582125831
541539	5073.419582125831
542666	5073.419582125831
543793	5073.419582125831
544917	5073.419582125831
546045	5073.419582125831
547169	5073.419582125831
548294	5073.419582125831
549424	5073.419582125831
550553	5073.419582125831
551680	5073.419582125831
552810	5073.419582125831
553943	5073.419582125831
555074	5073.419582125831
556201	5073.419582125831
557331	5073.419582125831
558460	5073.419582125831
559589	5073.419582125831
560718	5073.419582125831
561846	5073.419582125831
562977	5073.419582125831
581466	5073.419582125831
582591	5073.419582125831
583715	5073.419582125831
584842	5073.419582125831
585969	5073.419582125831
587098	5073.419582125831
588225	5073.419582125831
589355	5073.419582125831
590481	5073.419582125831
591606	5073.419582125831
592729	5073.419582125831
593854	5073.419582125831
594983	5073.419582125831
596112	5073.419582125831
597238	5073.419582125831
598364	5073.419582125831
599488	5073.419582125831
600613	5073.419582125831
601739	5073.419582125831
602866	5073.419582125831
621087	5073.419582125831
622216	5073.419582125831
623344	5073.419582125831
624472	5073.419582125831
625597	5073.419582125831
626721	5073.419582125831
627850	5073.419582125831
628980	5073.419582125831
630109	5073.419582125831
631236	5073.419582125831
646578	5073.419582125831
647705	5073.419582125831
648832	5073.419582125831
649960	5073.419582125831
651086	5073.419582125831
652213	5073.419582125831
653339	5073.419582125831
654462	5073.419582125831
655587	5073.419582125831
656714	5073.419582125831
657840	5073.419582125831
658965	5073.419582125831
660090	5073.419582125831
661215	5073.419582125831
662340	5073.419582125831
663467	5073.419582125831
664594	5073.419582125831
665722	5073.419582125831
666848	5073.419582125831
667978	5073.419582125831
686243	5073.419582125831
687371	5073.419582125831
688497	5073.419582125831
689621	5073.419582125831
690751	5073.419582125831
691878	5073.419582125831
693006	5073.419582125831
694134	5073.419582125831
695262	5073.419582125831
696389	5073.419582125831
697517	5073.419582125831
698644	5073.419582125831
699772	5073.419582125831
700901	5073.419582125831
702029	5073.419582125831
703156	5073.419582125831
704283	5073.419582125831
705411	5073.419582125831
706537	5073.419582125831
707666	5073.419582125831
725064	5073.419582125831
726189	5073.419582125831
727317	5073.419582125831
728446	5073.419582125831
729573	5073.419582125831
730704	5073.419582125831
731829	5073.419582125831
732957	5073.419582125831
734081	5073.419582125831
735207	5073.419582125831
736333	5073.419582125831
737458	5073.419582125831
738585	5073.419582125831
739713	5073.419582125831
740837	5073.419582125831
741966	5073.419582125831
743094	5073.419582125831
744220	5073.419582125831
745348	5073.419582125831
746475	5073.419582125831
764764	5073.419582125831
765896	5073.419582125831
767024	5073.419582125831
768152	5073.419582125831
769279	5073.419582125831
770408	5073.419582125831
771534	5073.419582125831
772659	5073.419582125831
773786	5073.419582125831
774911	5073.419582125831
776037	5073.419582125831
777163	5073.419582125831
778290	5073.419582125831
779414	5073.419582125831
780540	5073.419582125831
781665	5073.419582125831
782790	5073.419582125831
783922	5073.419582125831
785052	5073.419582125831
786179	5073.419582125831
817896	4916.991946991053
853176	4769.965830527471
854302	4769.965830527471
855429	4769.965830527471
856558	4769.965830527471
857686	4769.965830527471
858813	4769.965830527471
859942	4769.965830527471
861068	4769.965830527471
862192	4769.965830527471
863318	4769.965830527471
864444	4769.965830527471
865573	4769.965830527471
866705	4769.965830527471
867832	4769.965830527471
868959	4769.965830527471
870088	4769.965830527471
871214	4769.965830527471
872342	4769.965830527471
873468	4769.965830527471
893587	4769.965830527471
894715	4769.965830527471
895846	4769.965830527471
896973	4769.965830527471
898103	4769.965830527471
899227	4769.965830527471
900350	4769.965830527471
901475	4769.965830527471
902600	4769.965830527471
903724	4769.965830527471
904851	4769.965830527471
905977	4769.965830527471
907102	4769.965830527471
908231	4769.965830527471
909361	4769.965830527471
910490	4769.965830527471
911614	4769.965830527471
912739	4769.965830527471
913865	4769.965830527471
914995	4769.965830527471
935349	4769.965830527471
936477	4769.965830527471
937606	4769.965830527471
938735	4769.965830527471
939862	4769.965830527471
940991	4769.965830527471
942117	4769.965830527471
943247	4769.965830527471
944376	4769.965830527471
945500	4769.965830527471
946627	4769.965830527471
947751	4769.965830527471
948879	4769.965830527471
950005	4769.965830527471
951128	4769.965830527471
952258	4769.965830527471
953385	4769.965830527471
954513	4769.965830527471
955640	4769.965830527471
956765	4769.965830527471
975509	4769.965830527471
976636	4769.965830527471
977762	4769.965830527471
978890	4769.965830527471
980019	4769.965830527471
981148	4769.965830527471
982275	4769.965830527471
983400	4769.965830527471
984530	4769.965830527471
985655	4769.965830527471
986781	4769.965830527471
987907	4769.965830527471
989037	4769.965830527471
990163	4769.965830527471
991289	4769.965830527471
992415	4769.965830527471
993540	4769.965830527471
994665	4769.965830527471
995789	4769.965830527471
996917	4769.965830527471
1012276	4769.965830527471
