1000	8325.195795578893
2147	8325.195795578893
3286	8325.195795578893
4418	8325.195795578893
5548	8254.63863534317
6680	8254.63863534317
7810	8254.63863534317
8938	8254.63863534317
10065	8254.63863534317
11193	8254.63863534317
12318	7860.498803244398
13446	7860.498803244398
14573	7860.498803244398
15697	7860.498803244398
16824	7860.498803244398
17955	7787.394815679131
19078	7787.394815679131
20202	7787.394815679131
21325	7787.394815679131
22452	7787.394815679131
23578	7787.394815679131
24702	7787.394815679131
25827	7787.394815679131
26955	6630.179822349522
28079	6630.179822349522
29202	6630.179822349522
30326	6630.179822349522
31450	6630.179822349522
32575	6630.179822349522
33702	6630.179822349522
34827	6630.179822349522
35952	6630.179822349522
37080	6630.179822349522
38207	6630.179822349522
39334	6630.179822349522
40462	6630.179822349522
41594	6630.179822349522
42725	6630.179822349522
43852	6630.179822349522
44977	6630.179822349522
46105	6630.179822349522
47232	6630.179822349522
48362	6630.179822349522
49491	6630.179822349522
84675	4423.225809303023
85803	4423.225809303023
86932	4423.225809303023
88058	4423.225809303023
89184	4423.225809303023
90312	4423.225809303023
91440	4423.225809303023
92567	4423.225809303023
93692	4423.225809303023
94820	4423.225809303023
95947	4423.225809303023
97076	4423.225809303023
98200	4423.225809303023
99327	4423.225809303023
100451	4423.225809303023
101577	4423.225809303023
102702	4423.225809303023
103828	4423.225809303023
104952	4423.225809303023
106079	4423.225809303023
107207	4423.225809303023
108338	4423.225809303023
109470	4423.225809303023
110604	4423.225809303023
111736	4423.225809303023
112865	4423.225809303023
113992	4423.225809303023
129735	4423.225809303023
130861	4423.225809303023
131987	4423.225809303023
133110	4423.225809303023
134235	4423.225809303023
135361	4423.225809303023
136486	4423.225809303023
137613	4423.225809303023
138737	4423.225809303023
139863	4423.225809303023
158066	4423.225809303023
159195	4423.225809303023
160321	4423.225809303023
161449	4423.225809303023
162575	4423.225809303023
163707	4423.225809303023
164837	4423.225809303023
165971	4423.225809303023
167106	4423.225809303023
168239	4423.225809303023
169368	4423.225809303023
170497	4423.225809303023
171625	4423.225809303023
172752	4423.225809303023
173878	4423.225809303023
175005	4423.225809303023
176131	4423.225809303023
177257	4423.225809303023
178384	4423.225809303023
179515	4423.225809303023
198303	4423.225809303023
199433	4423.225809303023
200562	4423.225809303023
201688	4423.225809303023
202815	4423.225809303023
203940	4423.225809303023
205067	4423.225809303023
206195	4423.225809303023
207322	4423.225809303023
208449	4423.225809303023
209577	4423.225809303023
210702	4423.225809303023
211830	4423.225809303023
212955	4423.225809303023
214082	4423.225809303023
215209	4423.225809303023
216334	4423.225809303023
217459	4423.225809303023
218585	4423.225809303023
219711	4423.225809303023
239785	4423.225809303023
240910	4423.225809303023
242038	4423.225809303023
243163	4423.225809303023
244287	4423.225809303023
245417	4423.225809303023
246547	4423.225809303023
247674	4423.225809303023
248798	4423.225809303023
249922	4423.225809303023
251048	4423.225809303023
252174	4423.225809303023
253300	4423.225809303023
254428	4423.225809303023
255559	4423.225809303023
256690	4423.225809303023
257823	4423.225809303023
258953	4423.225809303023
260081	4423.225809303023
261209	4423.225809303023
281456	4423.225809303023
282582	4423.225809303023
283706	4423.225809303023
284834	4423.225809303023
285961	4423.225809303023
287085	4423.225809303023
288212	4423.225809303023
289340	4423.225809303023
290469	4423.225809303023
291597	4423.225809303023
292728	4423.225809303023
293861	4423.225809303023
294989	4423.225809303023
296116	4423.225809303023
297241	4423.225809303023
298370	4423.225809303023
299504	4423.225809303023
300635	4423.225809303023
301764	4423.225809303023
302893	4423.225809303023
323744	4423.225809303023
324870	4423.225809303023
325998	4423.225809303023
327126	4423.225809303023
328252	4423.225809303023
329380	4423.225809303023
330506	4423.225809303023
331633	4423.225809303023
332760	4423.225809303023
333883	4423.225809303023
350390	4423.225809303023
351517	4423.225809303023
352645	4423.225809303023
353774	4423.225809303023
354903	4423.225809303023
356029	4423.225809303023
357157	4423.225809303023
358282	4423.225809303023
359409	4423.225809303023
360539	4423.225809303023
361667	4423.225809303023
362795	4423.225809303023
363925	4423.225809303023
365048	4423.225809303023
366176	4423.225809303023
367303	4423.225809303023
368429	4423.225809303023
369558	4423.225809303023
370691	4423.225809303023
371825	4423.225809303023
397940	4423.225809303023
399069	4423.225809303023
400199	4423.225809303023
401328	4423.225809303023
402459	4423.225809303023
403591	4423.225809303023
404722	4423.225809303023
405850	4423.225809303023
406977	4423.225809303023
408103	4423.225809303023
409233	4423.225809303023
410360	4423.225809303023
411488	4423.225809303023
412618	4423.225809303023
413749	4423.225809303023
414877	4423.225809303023
416006	4423.225809303023
417132	4423.225809303023
418259	4423.225809303023
419387	4423.225809303023
437689	4423.225809303023
438817	4423.225809303023
439947	4423.225809303023
441078	4423.225809303023
442202	4423.225809303023
443326	4423.225809303023
444451	4423.225809303023
445579	4423.225809303023
446704	4423.225809303023
447828	4423.225809303023
448955	4423.225809303023
450081	4423.225809303023
451208	4423.225809303023
452338	4423.225809303023
453464	4423.225809303023
454591	4423.225809303023
455720	4423.225809303023
456846	4423.225809303023
457972	4423.225809303023
459099	4423.225809303023
481492	4423.225809303023
482621	4423.225809303023
483748	4423.225809303023
484876	4423.225809303023
486005	4423.225809303023
487129	4423.225809303023
488255	4423.225809303023
489382	4423.225809303023
490508	4423.225809303023
491635	4423.225809303023
492762	4423.225809303023
493888	4423.225809303023
495013	4423.225809303023
496142	4423.225809303023
497273	4423.225809303023
498401	4423.225809303023
499533	4423.225809303023
500664	4423.225809303023
501793	4423.225809303023
502923	4423.225809303023
525104	4423.225809303023
526235	4423.225809303023
527365	4423.225809303023
528494	4423.225809303023
529623	4423.225809303023
530755	4423.225809303023
531884	4423.225809303023
533009	4423.225809303023
534137	4423.225809303023
535267	4423.225809303023
559342	4423.225809303023
560470	4423.225809303023
561599	4423.225809303023
562728	4423.225809303023
563861	4423.225809303023
564988	4423.225809303023
566115	4423.225809303023
567243	4423.225809303023
568376	4423.225809303023
569509	4423.225809303023
570638	4423.225809303023
571764	4423.225809303023
572893	4423.225809303023
574024	4423.225809303023
575154	4423.225809303023
576280	4423.225809303023
577410	4423.225809303023
578542	4423.225809303023
579672	4423.225809303023
580805	4423.225809303023
599205	4423.225809303023
600341	4423.225809303023
601474	4423.225809303023
602605	4423.225809303023
603740	4423.225809303023
604867	4423.225809303023
606003	4423.225809303023
607133	4423.225809303023
608262	4423.225809303023
609393	4423.225809303023
610527	4423.225809303023
611658	4423.225809303023
612789	4423.225809303023
613917	4423.225809303023
615046	4423.225809303023
616177	4423.225809303023
617304	4423.225809303023
618430	4423.225809303023
619553	4423.225809303023
620681	4423.225809303023
637055	4047.2433744680957
648776	4047.225208754775
649903	4047.225208754775
651030	4047.225208754775
652155	4047.225208754775
653284	4047.225208754775
654414	4047.225208754775
655544	4047.225208754775
656677	4047.225208754775
657805	4047.225208754775
658932	4047.225208754775
660059	4047.225208754775
661187	4047.225208754775
662314	4047.225208754775
663440	4047.225208754775
664569	4047.225208754775
665698	4047.225208754775
666826	4047.225208754775
667951	4047.225208754775
669077	4047.225208754775
687638	4047.225208754775
688765	4047.225208754775
689896	4047.225208754775
691024	4047.225208754775
692152	4047.225208754775
693283	4047.225208754775
694412	4047.225208754775
695545	4047.225208754775
696673	4047.225208754775
697800	4047.225208754775
698929	4047.225208754775
700055	4047.225208754775
701185	4047.225208754775
702315	4047.225208754775
703443	4047.225208754775
704574	4047.225208754775
705700	4047.225208754775
706828	4047.225208754775
707964	4047.225208754775
709091	4047.225208754775
735332	4047.225208754775
736465	4047.225208754775
737591	4047.225208754775
738717	4047.225208754775
739845	4047.225208754775
740969	4047.225208754775
742094	4047.225208754775
743220	4047.225208754775
744349	4047.225208754775
745476	4047.225208754775
746603	4047.225208754775
747731	4047.225208754775
748860	4047.225208754775
749987	4047.225208754775
751111	4047.225208754775
752237	4047.225208754775
753366	4047.225208754775
754494	4047.225208754775
755620	4047.225208754775
756750	4047.225208754775
778825	4047.225208754775
779951	4047.225208754775
781081	4047.225208754775
782209	4047.225208754775
783339	4047.225208754775
784471	4047.225208754775
785600	4047.225208754775
786724	4047.225208754775
787854	4047.225208754775
788986	4047.225208754775
790113	4047.225208754775
791242	4047.225208754775
792369	4047.225208754775
793495	4047.225208754775
794622	4047.225208754775
795750	4047.225208754775
796876	4047.225208754775
798002	4047.225208754775
799134	4047.225208754775
800266	4047.225208754775
812337	4047.225208754775
813469	4047.225208754775
814599	4047.225208754775
815730	4047.225208754775
816858	4047.225208754775
817984	4047.225208754775
819113	4047.225208754775
820239	4047.225208754775
821370	4047.225208754775
822496	4047.225208754775
823628	4047.225208754775
824758	4047.225208754775
825885	4047.225208754775
827012	4047.225208754775
828137	4047.225208754775
829261	4047.225208754775
830386	4047.225208754775
831514	4047.225208754775
832640	4047.225208754775
833767	4047.225208754775
853826	4047.225208754775
854952	4047.225208754775
856081	4047.225208754775
857207	4047.225208754775
858337	4047.225208754775
859466	4047.225208754775
860593	4047.225208754775
861722	4047.225208754775
862853	4047.225208754775
863980	4047.225208754775
881969	4047.225208754775
883098	4047.225208754775
884228	4047.225208754775
885360	4047.225208754775
886494	4047.225208754775
887621	4047.225208754775
888749	4047.225208754775
889876	4047.225208754775
891007	4047.225208754775
892134	4047.225208754775
893267	4047.225208754775
894397	4047.225208754775
895527	4047.225208754775
896652	4047.225208754775
897778	4047.225208754775
898906	4047.225208754775
900034	4047.225208754775
901159	4047.225208754775
902286	4047.225208754775
903411	4047.225208754775
923496	4047.225208754775
924623	4047.225208754775
925747	4047.225208754775
926872	4047.225208754775
927999	4047.225208754775
929128	4047.225208754775
930257	4047.225208754775
931384	4047.225208754775
932512	4047.225208754775
933639	4047.225208754775
934765	4047.225208754775
935891	4047.225208754775
937025	4047.225208754775
938156	4047.225208754775
939285	4047.225208754775
940412	4047.225208754775
941542	4047.225208754775
942672	4047.225208754775
943800	4047.225208754775
944929	4047.225208754775
954303	4047.225208754775
955428	4047.225208754775
956556	4047.225208754775
957686	4047.225208754775
958817	4047.225208754775
959945	4047.225208754775
961071	4047.225208754775
962198	4047.225208754775
963329	4047.225208754775
964456	4047.225208754775
965584	4047.225208754775
966716	4047.225208754775
967843	4047.225208754775
968970	4047.225208754775
970096	4047.225208754775
971222	4047.225208754775
972346	4047.225208754775
973470	4047.225208754775
974593	4047.225208754775
975719	4047.225208754775
993843	4047.225208754775
994969	4047.225208754775
996099	4047.225208754775
997229	4047.225208754775
998353	4047.225208754775
999479	4047.225208754775
1000606	4047.225208754775
