1000	9017.763688527442
2147	8742.279920752393
3278	8742.279920752393
4420	8742.279920752393
5562	8131.400726731684
6693	8030.762312915574
7822	7806.121629023061
8948	7806.121629023061
10080	7051.579049446553
11209	7051.579049446553
12333	7051.579049446553
13460	7051.579049446553
14583	7051.579049446553
15712	7051.579049446553
16837	7051.579049446553
17965	7051.579049446553
19088	7051.579049446553
20213	7051.579049446553
21338	7051.579049446553
22463	7051.579049446553
23586	7051.579049446553
24709	7051.579049446553
25835	7051.579049446553
26958	7051.579049446553
28083	7051.579049446553
29211	7051.579049446553
30340	7051.579049446553
31469	7051.579049446553
32597	7051.579049446553
68221	4280.88146498358
69352	4280.88146498358
70479	4280.88146498358
71609	4280.88146498358
72739	4280.88146498358
73864	4280.88146498358
74995	4280.88146498358
76121	4280.88146498358
77248	4280.88146498358
78376	4280.88146498358
79502	4280.88146498358
80627	4280.88146498358
81751	4280.88146498358
82876	4280.88146498358
84005	4280.88146498358
85129	4280.88146498358
86255	4280.88146498358
87383	4280.88146498358
88512	4280.88146498358
89642	4280.88146498358
90766	4280.88146498358
91893	4280.88146498358
114106	4280.88146498358
115232	4280.88146498358
116357	4280.88146498358
117484	4280.88146498358
118614	4280.88146498358
119745	4280.88146498358
120872	4280.88146498358
122003	4280.88146498358
123133	4280.88146498358
124260	4280.88146498358
125387	4280.88146498358
126512	4280.88146498358
127634	4280.88146498358
128761	4280.88146498358
129888	4280.88146498358
131014	4280.88146498358
132141	4280.88146498358
133267	4280.88146498358
134393	4280.88146498358
135522	4280.88146498358
155726	4280.88146498358
156857	4280.88146498358
157988	4280.88146498358
159119	4280.88146498358
160247	4280.88146498358
161374	4280.88146498358
162505	4280.88146498358
163632	4280.88146498358
164760	4280.88146498358
165884	4280.88146498358
167006	4280.88146498358
168129	4280.88146498358
169255	4280.88146498358
170382	4280.88146498358
171507	4280.88146498358
172631	4280.88146498358
173755	4280.88146498358
174879	4280.88146498358
176006	4280.88146498358
177134	4280.88146498358
195444	4280.88146498358
196571	4280.88146498358
197700	4280.88146498358
198833	4280.88146498358
199965	4280.88146498358
201098	4280.88146498358
202225	4280.88146498358
203354	4280.88146498358
204482	4280.88146498358
205612	4280.88146498358
206741	4280.88146498358
207870	4280.88146498358
208997	4280.88146498358
210125	4280.88146498358
211254	4280.88146498358
212387	4280.88146498358
213517	4280.88146498358
214644	4280.88146498358
215770	4280.88146498358
216899	4280.88146498358
235134	4280.88146498358
236259	4280.88146498358
237388	4280.88146498358
238518	4280.88146498358
239644	4280.88146498358
240771	4280.88146498358
241897	4280.88146498358
243025	4280.88146498358
244152	4280.88146498358
245279	4280.88146498358
263406	4280.88146498358
264533	4280.88146498358
265658	4280.88146498358
266784	4280.88146498358
267912	4280.88146498358
269040	4280.88146498358
270168	4280.88146498358
271298	4280.88146498358
272427	4280.88146498358
273555	4280.88146498358
274687	4280.88146498358
275816	4280.88146498358
276945	4280.88146498358
278076	4280.88146498358
279208	4280.88146498358
280336	4280.88146498358
281466	4280.88146498358
282591	4280.88146498358
283718	4280.88146498358
284850	4280.88146498358
305245	4280.88146498358
306370	4280.88146498358
307495	4280.88146498358
308618	4280.88146498358
309742	4280.88146498358
310868	4280.88146498358
311997	4280.88146498358
313125	4280.88146498358
314252	4280.88146498358
315382	4280.88146498358
316510	4280.88146498358
317636	4280.88146498358
318762	4280.88146498358
319886	4280.88146498358
321011	4280.88146498358
322142	4280.88146498358
323271	4280.88146498358
324399	4280.88146498358
325528	4280.88146498358
326656	4280.88146498358
345426	4280.88146498358
346554	4280.88146498358
347681	4280.88146498358
348807	4280.88146498358
349935	4280.88146498358
351060	4280.88146498358
352189	4280.88146498358
353314	4280.88146498358
354439	4280.88146498358
355564	4280.88146498358
356693	4280.88146498358
357820	4280.88146498358
358951	4280.88146498358
360081	4280.88146498358
361207	4280.88146498358
362336	4280.88146498358
363462	4280.88146498358
364591	4280.88146498358
365718	4280.88146498358
366846	4280.88146498358
384816	4280.88146498358
385941	4280.88146498358
387068	4280.88146498358
388198	4280.88146498358
389329	4280.88146498358
390458	4280.88146498358
391587	4280.88146498358
392715	4280.88146498358
393841	4280.88146498358
394968	4280.88146498358
396097	4280.88146498358
397226	4280.88146498358
398355	4280.88146498358
399484	4280.88146498358
400616	4280.88146498358
401745	4280.88146498358
402874	4280.88146498358
404002	4280.88146498358
405129	4280.88146498358
406256	4280.88146498358
424370	4280.88146498358
425500	4280.88146498358
426627	4280.88146498358
427753	4280.88146498358
428877	4280.88146498358
430005	4280.88146498358
431130	4280.88146498358
432260	4280.88146498358
433388	4280.88146498358
434514	4280.88146498358
452738	4280.88146498358
453866	4280.88146498358
454993	4280.88146498358
456121	4280.88146498358
457249	4280.88146498358
458376	4280.88146498358
459503	4280.88146498358
460633	4280.88146498358
461761	4280.88146498358
462889	4280.88146498358
464015	4280.88146498358
465141	4280.88146498358
466272	4280.88146498358
467401	4280.88146498358
468530	4280.88146498358
469657	4280.88146498358
470788	4280.88146498358
471917	4280.88146498358
473049	4280.88146498358
474176	4280.88146498358
505689	4280.88146498358
506815	4280.88146498358
507942	4280.88146498358
509068	4280.88146498358
510199	4280.88146498358
511326	4280.88146498358
512454	4280.88146498358
513582	4280.88146498358
514711	4280.88146498358
515839	4280.88146498358
516967	4280.88146498358
518095	4280.88146498358
519221	4280.88146498358
520350	4280.88146498358
521475	4280.88146498358
522602	4280.88146498358
523729	4280.88146498358
524854	4280.88146498358
525983	4280.88146498358
527113	4280.88146498358
545364	4280.88146498358
546493	4280.88146498358
547620	4280.88146498358
548747	4280.88146498358
549874	4280.88146498358
551001	4280.88146498358
552129	4280.88146498358
553254	4280.88146498358
554384	4280.88146498358
555514	4280.88146498358
556644	4280.88146498358
557769	4280.88146498358
558900	4280.88146498358
560027	4280.88146498358
561159	4280.88146498358
562287	4280.88146498358
563418	4280.88146498358
564545	4280.88146498358
565675	4280.88146498358
566807	4280.88146498358
585591	4280.88146498358
586720	4280.88146498358
587848	4280.88146498358
588974	4280.88146498358
590097	4280.88146498358
591229	4280.88146498358
592357	4280.88146498358
593486	4280.88146498358
594614	4280.88146498358
595740	4280.88146498358
596868	4280.88146498358
597995	4280.88146498358
599122	4280.88146498358
600252	4280.88146498358
601376	4280.88146498358
602501	4280.88146498358
603628	4280.88146498358
604755	4280.88146498358
605880	4280.88146498358
607007	4280.88146498358
628593	4280.88146498358
629720	4280.88146498358
630848	4280.88146498358
631977	4280.88146498358
633108	4280.88146498358
634235	4280.88146498358
635360	4280.88146498358
636487	4280.88146498358
637618	4280.88146498358
638748	4280.88146498358
661139	4280.88146498358
662269	4280.88146498358
663396	4280.88146498358
664526	4280.88146498358
665658	4280.88146498358
666787	4280.88146498358
667915	4280.88146498358
669044	4280.88146498358
670175	4280.88146498358
671300	4280.88146498358
672428	4280.88146498358
673555	4280.88146498358
674680	4280.88146498358
675804	4280.88146498358
676931	4280.88146498358
678060	4280.88146498358
679189	4280.88146498358
680319	4280.88146498358
681447	4280.88146498358
682577	4280.88146498358
700742	4280.88146498358
701867	4280.88146498358
702993	4280.88146498358
704118	4280.88146498358
705243	4280.88146498358
706375	4280.88146498358
707508	4280.88146498358
708636	4280.88146498358
709766	4280.88146498358
710898	4280.88146498358
712029	4280.88146498358
713158	4280.88146498358
714287	4280.88146498358
715415	4280.88146498358
716543	4280.88146498358
717673	4280.88146498358
718805	4280.88146498358
719934	4280.88146498358
721064	4280.88146498358
722190	4280.88146498358
740498	4280.88146498358
741627	4280.88146498358
742755	4280.88146498358
743881	4280.88146498358
745006	4280.88146498358
746132	4280.88146498358
747260	4280.88146498358
748389	4280.88146498358
749521	4280.88146498358
750651	4280.88146498358
751779	4280.88146498358
752908	4280.88146498358
754038	4280.88146498358
755170	4280.88146498358
756299	4280.88146498358
757425	4280.88146498358
758552	4280.88146498358
759679	4280.88146498358
760806	4280.88146498358
761935	4280.88146498358
782173	4280.88146498358
783300	4280.88146498358
784431	4280.88146498358
785567	4280.88146498358
786699	4280.88146498358
787830	4280.88146498358
788957	4280.88146498358
790084	4280.88146498358
791208	4280.88146498358
792337	4280.88146498358
793462	4280.88146498358
794592	4280.88146498358
795718	4280.88146498358
796848	4280.88146498358
797972	4280.88146498358
799097	4280.88146498358
800223	4280.88146498358
801353	4280.88146498358
802481	4280.88146498358
803609	4280.88146498358
820188	3801.6035535530846
852119	3799.4803133842047
853245	3799.4803133842047
854373	3799.4803133842047
855504	3799.4803133842047
856632	3799.4803133842047
857762	3799.4803133842047
858889	3799.4803133842047
860020	3799.4803133842047
861149	3799.4803133842047
862276	3799.4803133842047
863403	3799.4803133842047
864532	3799.4803133842047
865658	3799.4803133842047
866788	3799.4803133842047
867917	3799.4803133842047
869044	3799.4803133842047
870174	3799.4803133842047
871302	3799.4803133842047
872431	3799.4803133842047
887283	3799.4803133842047
888411	3799.4803133842047
889542	3799.4803133842047
890674	3799.4803133842047
891806	3799.4803133842047
892940	3799.4803133842047
894073	3799.4803133842047
895205	3799.4803133842047
896337	3799.4803133842047
897469	3799.4803133842047
898602	3799.4803133842047
899734	3799.4803133842047
900867	3799.4803133842047
901998	3799.4803133842047
903125	3799.4803133842047
904256	3799.4803133842047
905386	3799.4803133842047
906515	3799.4803133842047
907642	3799.4803133842047
908772	3799.4803133842047
920205	3211.892173305783
939311	3211.7189383249734
940442	3211.7189383249734
941569	3211.7189383249734
942701	3211.7189383249734
943836	3211.7189383249734
944972	3211.7189383249734
946102	3211.7189383249734
947234	3211.7189383249734
948362	3211.7189383249734
949492	3211.7189383249734
950624	3211.7189383249734
951753	3211.7189383249734
952883	3211.7189383249734
954011	3211.7189383249734
955147	3211.7189383249734
956279	3211.7189383249734
957413	3211.7189383249734
958544	3211.7189383249734
959678	3211.7189383249734
977853	3211.7189383249734
978987	3211.7189383249734
980124	3211.7189383249734
981261	3211.7189383249734
982393	3211.7189383249734
983520	3211.7189383249734
984650	3211.7189383249734
985780	3211.7189383249734
986913	3211.7189383249734
988048	3211.7189383249734
989180	3211.7189383249734
990310	3211.7189383249734
991441	3211.7189383249734
992575	3211.7189383249734
993706	3211.7189383249734
994835	3211.7189383249734
995968	3211.7189383249734
997100	3211.7189383249734
998232	3211.7189383249734
999363	3211.7189383249734
1017678	3211.7189383249734
