300	5322.119120313777
1618	3117.9733551973713
2422	2917.60082285077
3254	2704.082079283042
4521	2704.082079283042
5332	2649.6755974660855
6654	2649.6755974660855
7463	2649.6755974660855
8267	2649.6755974660855
9531	2433.9378205560265
10336	2244.0147710590845
11165	2244.0147710590845
13409	2244.0147710590845
14226	2244.0147710590845
15037	2244.0147710590845
15833	2135.043065179384
18086	2135.043065179384
18893	2135.043065179384
19718	2135.043065179384
20537	2135.043065179384
21832	2135.043065179384
22637	2135.043065179384
23441	2135.043065179384
24241	2096.5212797775953
25059	1975.1564060439987
25866	1975.1564060439987
26673	1975.1564060439987
27469	1975.1564060439987
28271	1975.1564060439987
29057	1963.8080457861142
29855	1963.8080457861142
30662	1963.8080457861142
31468	1963.8080457861142
32281	1963.8080457861142
34073	1963.8080457861142
34874	1963.8080457861142
35685	1963.8080457861142
36980	1963.8080457861142
37787	1963.8080457861142
38591	1945.0563544465717
39386	1945.0563544465717
40707	1945.0563544465717
41510	1945.0563544465717
42322	1918.702953822582
43112	1918.702953822582
43922	1918.702953822582
44728	1918.005387889684
45534	1918.005387889684
46326	1918.005387889684
47148	1918.005387889684
47950	1915.2527158746095
48745	1890.838051735815
49517	1890.838051735815
50336	1890.838051735815
51160	1890.838051735815
51961	1890.838051735815
52780	1890.838051735815
53558	1890.838051735815
54365	1890.838051735815
55185	1890.838051735815
55970	1890.838051735815
56766	1890.838051735815
57578	1890.838051735815
58378	1890.838051735815
59184	1879.652023977333
59977	1879.652023977333
60777	1879.652023977333
61575	1879.652023977333
62381	1879.652023977333
63178	1879.652023977333
63986	1869.7820064940693
64807	1869.7820064940693
65602	1869.7820064940693
66408	1869.7820064940693
67219	1869.7820064940693
68050	1869.7820064940693
68838	1869.7820064940693
69651	1869.7820064940693
70443	1869.7820064940693
71273	1869.7820064940693
72075	1869.7820064940693
72869	1869.7820064940693
73664	1869.7820064940693
74467	1869.7820064940693
75263	1869.7820064940693
76063	1864.3237245086375
76865	1862.6992748397827
77674	1862.6992748397827
78476	1862.6992748397827
79277	1862.6992748397827
80080	1862.6992748397827
80877	1862.6992748397827
81672	1862.6992748397827
82479	1856.1604038255625
83293	1856.1604038255625
84091	1856.1604038255625
84905	1856.1604038255625
85696	1856.1604038255625
86492	1856.1604038255625
87299	1856.1604038255625
88588	1856.1604038255625
89398	1856.1604038255625
90215	1856.1604038255625
91026	1856.1604038255625
91833	1856.1604038255625
92643	1856.1604038255625
93444	1856.1604038255625
94247	1854.4516010389784
95055	1854.4516010389784
95870	1854.4516010389784
96670	1854.4516010389784
97485	1851.81654457466
98285	1850.004610451661
99087	1836.1290277482117
99887	1836.1290277482117
100673	1836.1290277482117
101468	1836.1290277482117
102272	1836.1290277482117
103057	1836.1290277482117
103842	1832.5617231861195
104655	1830.3114890924242
105463	1830.3114890924242
106264	1830.3114890924242
107053	1830.3114890924242
107835	1830.3114890924242
108626	1830.3114890924242
109439	1830.3114890924242
110230	1830.3114890924242
111036	1830.3114890924242
111823	1830.3114890924242
112631	1830.3114890924242
113424	1830.3114890924242
114236	1830.3114890924242
115037	1830.3114890924242
115840	1825.027172486843
116637	1825.027172486843
117436	1825.027172486843
118231	1825.027172486843
119029	1825.027172486843
119838	1825.027172486843
120632	1825.027172486843
121440	1825.027172486843
122242	1825.027172486843
123046	1825.027172486843
123845	1825.027172486843
124651	1825.027172486843
125458	1823.0622837442436
126254	1811.1085787910288
127057	1811.1085787910288
127851	1811.1085787910288
128661	1811.1085787910288
129481	1811.1085787910288
130265	1811.1085787910288
131069	1811.1085787910288
131864	1811.1085787910288
132682	1811.1085787910288
133494	1811.1085787910288
134292	1811.1085787910288
135067	1808.855334631113
135878	1808.855334631113
136693	1808.855334631113
137516	1808.855334631113
138313	1808.855334631113
139121	1808.855334631113
139915	1808.855334631113
140725	1808.855334631113
141542	1807.3208787629592
142364	1807.3208787629592
143159	1806.1918004630847
143967	1803.143001632994
144757	1803.143001632994
145557	1801.4313677730718
146352	1801.4313677730718
147148	1800.086276799958
147948	1798.5591743004516
148757	1797.9715045891655
149566	1797.2776356796867
150369	1793.999694293522
151164	1793.999694293522
151967	1793.4228110770134
152768	1793.4228110770134
153553	1791.7298000408596
154358	1791.7298000408596
155161	1791.099721072117
155966	1789.5223250844597
156760	1789.0309762009224
157558	1788.8393525015208
158358	1788.6676088914564
159158	1788.6676088914564
159962	1788.6676088914564
160777	1788.6676088914564
161567	1788.4908054603752
162368	1786.037804660264
163172	1786.037804660264
163975	1786.037804660264
164768	1786.037804660264
165570	1786.037804660264
166361	1786.037804660264
167157	1786.037804660264
167961	1786.037804660264
168773	1786.037804660264
169584	1785.3682714227803
170382	1785.1632896946016
171178	1784.5887778155068
171956	1784.5887778155068
172751	1784.5887778155068
173550	1784.5887778155068
174336	1784.5887778155068
175132	1784.5887778155068
175924	1784.5887778155068
176727	1784.5887778155068
177528	1784.5887778155068
178316	1784.5887778155068
179116	1784.5887778155068
179917	1784.5887778155068
180729	1784.5887778155068
181520	1784.5887778155068
182321	1784.5887778155068
183122	1784.5887778155068
183913	1784.255433785358
184710	1784.2494340690614
185499	1784.0969870400952
186285	1784.0969870400952
187076	1784.0969870400952
187861	1784.0969870400952
188644	1783.5122967489544
189424	1783.5122967489544
190217	1783.5122967489544
191010	1783.5122967489544
191811	1783.5122967489544
192599	1782.5341585963142
193396	1782.5341585963142
194206	1782.5341585963142
194997	1782.5341585963142
195798	1782.5341585963142
196598	1782.5341585963142
197391	1782.5341585963142
198192	1782.5341585963142
198988	1782.5341585963142
199794	1782.5341585963142
200591	1782.5341585963142
201411	1782.5341585963142
202216	1782.5341585963142
203020	1782.5341585963142
203825	1782.5341585963142
204623	1782.5341585963142
205912	1782.5341585963142
206732	1782.5341585963142
207534	1782.5341585963142
208359	1782.5341585963142
209161	1782.5341585963142
209959	1781.445944839437
210738	1781.445944839437
211553	1781.445944839437
213765	1781.445944839437
214587	1781.445944839437
215421	1781.445944839437
216239	1781.445944839437
217515	1781.445944839437
218330	1781.445944839437
219123	1781.445944839437
219944	1781.445944839437
220757	1781.445944839437
221556	1781.445944839437
222348	1781.445944839437
223157	1781.445944839437
223979	1781.445944839437
224789	1781.445944839437
225598	1781.445944839437
226416	1781.445944839437
227228	1781.445944839437
228049	1781.445944839437
228842	1781.445944839437
229647	1781.445944839437
230923	1781.445944839437
232220	1781.445944839437
233020	1781.445944839437
233828	1781.445944839437
236513	1781.445944839437
238724	1781.445944839437
240018	1781.445944839437
240821	1781.445944839437
241609	1781.445944839437
242413	1781.445944839437
243201	1781.445944839437
244007	1781.445944839437
244789	1781.445944839437
245592	1781.445944839437
246383	1781.445944839437
247175	1781.445944839437
248000	1781.445944839437
249295	1781.445944839437
250090	1781.445944839437
250903	1781.445944839437
251724	1781.445944839437
252531	1781.445944839437
254292	1781.445944839437
255099	1781.445944839437
255893	1781.445944839437
256697	1781.445944839437
257522	1781.445944839437
258325	1781.445944839437
259109	1781.445944839437
260400	1781.445944839437
261231	1781.445944839437
262049	1781.445944839437
262866	1781.445944839437
263667	1781.445944839437
264472	1781.445944839437
265261	1781.445944839437
266068	1781.445944839437
267392	1781.445944839437
268202	1781.445944839437
268991	1781.445944839437
269791	1781.445944839437
270614	1781.445944839437
271423	1781.445944839437
272225	1781.445944839437
273044	1781.445944839437
273838	1781.445944839437
274643	1781.445944839437
275452	1781.445944839437
276248	1781.445944839437
277533	1781.445944839437
278334	1781.445944839437
279129	1781.445944839437
279923	1781.445944839437
280711	1781.445944839437
281506	1781.445944839437
282297	1781.445944839437
283091	1781.445944839437
283898	1781.445944839437
284705	1781.445944839437
285492	1781.445944839437
286299	1781.445944839437
287091	1781.445944839437
287896	1781.445944839437
288685	1781.445944839437
289954	1781.445944839437
290746	1781.445944839437
291544	1781.445944839437
292334	1781.445944839437
293129	1781.445944839437
293915	1781.445944839437
294712	1781.445944839437
295504	1781.445944839437
296307	1781.445944839437
297095	1781.445944839437
297882	1781.445944839437
298656	1781.445944839437
299429	1781.445944839437
300245	1781.445944839437
