300	5417.847891068638
2141	3245.505785188503
2967	3245.505785188503
4722	2301.7913886183246
7375	2239.297805883598
8150	2239.297805883598
8969	2239.297805883598
11229	2239.297805883598
13049	2239.297805883598
13873	2239.297805883598
15170	2239.297805883598
16436	2239.297805883598
17230	2239.297805883598
18037	2239.297805883598
18840	2239.297805883598
19636	2239.297805883598
20446	2239.297805883598
21234	2239.297805883598
22050	2239.297805883598
22854	2239.297805883598
24140	2239.297805883598
25390	2239.297805883598
26215	2239.297805883598
27020	2239.297805883598
27823	2239.297805883598
28640	2239.297805883598
29432	2239.297805883598
30720	2239.297805883598
31514	2239.297805883598
33772	2239.297805883598
34567	2239.297805883598
35355	2239.297805883598
37132	2239.297805883598
38412	2239.297805883598
39256	2239.297805883598
40075	2239.297805883598
40881	2239.297805883598
41679	2098.178500226205
42979	2098.178500226205
43782	2098.178500226205
44616	2098.178500226205
45427	2098.178500226205
46241	2030.9789850398374
47031	2024.0775874740339
47826	1979.424213343042
48630	1979.424213343042
49421	1979.424213343042
50227	1979.424213343042
51014	1959.6707322148955
51813	1959.6707322148955
52623	1959.6707322148955
54368	1840.1280729938883
55644	1840.1280729938883
56449	1840.1280729938883
57240	1840.1280729938883
58029	1840.1280729938883
58837	1840.1280729938883
59641	1840.1280729938883
61861	1840.1280729938883
62651	1840.1280729938883
63458	1840.1280729938883
64243	1840.1280729938883
65051	1840.1280729938883
65841	1840.1280729938883
67142	1840.1280729938883
67938	1840.1280729938883
68763	1840.1280729938883
70478	1739.5913120573446
71245	1739.5913120573446
72050	1739.5913120573446
72854	1739.5913120573446
73676	1739.5913120573446
74473	1739.5913120573446
75270	1739.5913120573446
76541	1739.5913120573446
77808	1739.5913120573446
79569	1739.5913120573446
80374	1739.5913120573446
81179	1739.5913120573446
83374	1739.5913120573446
84184	1739.5913120573446
85487	1739.5913120573446
86273	1739.5913120573446
87061	1739.5913120573446
87882	1739.5913120573446
90538	1739.5913120573446
91340	1739.5913120573446
93542	1739.5913120573446
94340	1739.5913120573446
95133	1739.5913120573446
95942	1739.5913120573446
96757	1739.5913120573446
97565	1739.5913120573446
98359	1739.5913120573446
99157	1739.5913120573446
99962	1739.5913120573446
100764	1739.5913120573446
101574	1739.5913120573446
102366	1739.5913120573446
103158	1739.5913120573446
103938	1739.5913120573446
104735	1739.5913120573446
105533	1739.5913120573446
106340	1739.5913120573446
107147	1739.5913120573446
107940	1739.5913120573446
108756	1739.5913120573446
109562	1739.5913120573446
110354	1739.5913120573446
111144	1739.5913120573446
111930	1739.5913120573446
112732	1739.5913120573446
113525	1739.5913120573446
114338	1739.5913120573446
115149	1739.5913120573446
115960	1739.5913120573446
116769	1739.5913120573446
117575	1739.5913120573446
118378	1739.5913120573446
119172	1739.5913120573446
119969	1739.5913120573446
120753	1739.5913120573446
121544	1739.5913120573446
122326	1739.5913120573446
123123	1739.5913120573446
123926	1739.5913120573446
124731	1739.5913120573446
125530	1739.5913120573446
126312	1739.5913120573446
127096	1739.5913120573446
128382	1739.5913120573446
129181	1739.5913120573446
129979	1739.5913120573446
130771	1739.5913120573446
131566	1739.5913120573446
132360	1739.5913120573446
133146	1739.5913120573446
133921	1739.5913120573446
134715	1739.5913120573446
135525	1739.5913120573446
136339	1739.5913120573446
137141	1739.5913120573446
137937	1739.5913120573446
138732	1739.5913120573446
139549	1739.5913120573446
140358	1739.5913120573446
141162	1739.5913120573446
141987	1739.5913120573446
142777	1739.5913120573446
143592	1739.5913120573446
144407	1739.5913120573446
145220	1739.5913120573446
146018	1739.5913120573446
146823	1739.5913120573446
148088	1739.5913120573446
148875	1739.5913120573446
149669	1739.5913120573446
150480	1739.5913120573446
151275	1739.5913120573446
152053	1739.5913120573446
152847	1739.5913120573446
153636	1739.5913120573446
154420	1739.5913120573446
155211	1739.5913120573446
156013	1739.5913120573446
156815	1739.5913120573446
157622	1739.5913120573446
158414	1739.5913120573446
159203	1739.5913120573446
160001	1739.5913120573446
160779	1739.5913120573446
161572	1739.5913120573446
162363	1739.5913120573446
163150	1739.5913120573446
163938	1739.5913120573446
164740	1739.5913120573446
165546	1739.5913120573446
166361	1739.5913120573446
167145	1739.5913120573446
167942	1739.5913120573446
168728	1739.5913120573446
169533	1739.5913120573446
170317	1739.5913120573446
171106	1739.5913120573446
171895	1739.5913120573446
172699	1739.5913120573446
173472	1739.5913120573446
174263	1739.5913120573446
175051	1739.5913120573446
175845	1739.5913120573446
176632	1739.5913120573446
177418	1739.5913120573446
178169	1739.5913120573446
178952	1739.5913120573446
179740	1739.5913120573446
180523	1739.5913120573446
181316	1739.5913120573446
182087	1739.5913120573446
182883	1739.5913120573446
183660	1739.5913120573446
184451	1739.5913120573446
185226	1739.5913120573446
186008	1739.5913120573446
186799	1739.5913120573446
187583	1739.5913120573446
188377	1739.5913120573446
189150	1739.5913120573446
189924	1739.5913120573446
190708	1739.5913120573446
191503	1739.5913120573446
192291	1739.5913120573446
193065	1739.5913120573446
193841	1739.5913120573446
194646	1739.5913120573446
195440	1739.5913120573446
196232	1739.5913120573446
197009	1739.5913120573446
197777	1739.5913120573446
198544	1739.5913120573446
199329	1739.5913120573446
200117	1739.5913120573446
200900	1739.5913120573446
201699	1739.5913120573446
202495	1739.5913120573446
203276	1739.5913120573446
204081	1739.5913120573446
204859	1739.5913120573446
205622	1739.5913120573446
206395	1739.5913120573446
207176	1739.5913120573446
207976	1739.5913120573446
208783	1739.5913120573446
209552	1739.5913120573446
210356	1739.5913120573446
211135	1739.5913120573446
211925	1739.5913120573446
212709	1739.5913120573446
213504	1739.5913120573446
214280	1739.5913120573446
215083	1739.5913120573446
215877	1739.5913120573446
216657	1739.5913120573446
217445	1739.5913120573446
218226	1739.5913120573446
219002	1739.5913120573446
219775	1739.5913120573446
220551	1739.5913120573446
221328	1739.5913120573446
222115	1739.5913120573446
222914	1739.5913120573446
223717	1739.5913120573446
224506	1739.5913120573446
226664	1739.5913120573446
227927	1739.5913120573446
229631	1739.5913120573446
231370	1739.5913120573446
233572	1739.5913120573446
234378	1739.5913120573446
235648	1739.5913120573446
236466	1739.5913120573446
237253	1739.5913120573446
238066	1739.5913120573446
238878	1739.5913120573446
239675	1739.5913120573446
240499	1739.5913120573446
241319	1739.5913120573446
242135	1739.5913120573446
242944	1739.5913120573446
244677	1739.5913120573446
245927	1739.5913120573446
246727	1739.5913120573446
247523	1739.5913120573446
248333	1739.5913120573446
249138	1739.5913120573446
249932	1739.5913120573446
250733	1739.5913120573446
251551	1739.5913120573446
252336	1739.5913120573446
253123	1739.5913120573446
253914	1739.5913120573446
254708	1739.5913120573446
255502	1739.5913120573446
256317	1739.5913120573446
257122	1739.5913120573446
257910	1739.5913120573446
258716	1739.5913120573446
259515	1739.5913120573446
260798	1739.5913120573446
261603	1739.5913120573446
263327	1739.5913120573446
264126	1739.5913120573446
264927	1739.5913120573446
265718	1739.5913120573446
266545	1739.5913120573446
267345	1739.5913120573446
268149	1739.5913120573446
268945	1739.5913120573446
269745	1739.5913120573446
270544	1739.5913120573446
271343	1739.5913120573446
272152	1739.5913120573446
272943	1739.5913120573446
273742	1739.5913120573446
274534	1739.5913120573446
275352	1739.5913120573446
276155	1739.5913120573446
276921	1739.5913120573446
278627	1739.5913120573446
279430	1739.5913120573446
280692	1739.5913120573446
281469	1739.5913120573446
282275	1739.5913120573446
283539	1739.5913120573446
284338	1739.5913120573446
285151	1739.5913120573446
285934	1739.5913120573446
286706	1739.5913120573446
287550	1739.5913120573446
288346	1739.5913120573446
289130	1739.5913120573446
289922	1739.5913120573446
290700	1739.5913120573446
291480	1739.5913120573446
292260	1739.5913120573446
293056	1739.5913120573446
295757	1739.5913120573446
296565	1739.5913120573446
297356	1739.5913120573446
298146	1739.5913120573446
298945	1739.5913120573446
299731	1739.5913120573446
300509	1739.5913120573446
