300	4617.304093584869
647	3705.940478131676
977	3196.1279710315603
1296	2959.430702439997
1611	2959.430702439997
1923	2959.430702439997
2237	2959.430702439997
2548	2916.880315032674
2860	2916.880315032674
3171	2900.72483404196
3480	2871.8719579084513
3793	2454.137473614542
4099	2454.137473614542
4407	2454.137473614542
4716	2454.137473614542
5026	2454.137473614542
5333	2454.137473614542
5640	2454.137473614542
5947	2454.137473614542
6256	2454.137473614542
6563	2454.137473614542
6871	2454.137473614542
7179	2454.137473614542
7489	2454.137473614542
7798	2454.137473614542
8111	2454.137473614542
8418	2454.137473614542
8727	2454.137473614542
9035	2454.137473614542
9343	2454.137473614542
9651	2454.137473614542
9959	2454.137473614542
34272	2004.911798441454
34588	2004.911798441454
34902	2004.911798441454
35212	2004.911798441454
35520	2004.911798441454
35832	2004.911798441454
36146	2004.911798441454
36458	2004.911798441454
36768	2004.911798441454
37078	2004.911798441454
37391	2004.911798441454
37704	2004.911798441454
38023	2004.911798441454
38336	2004.911798441454
38650	2004.911798441454
38961	2004.911798441454
39269	2004.911798441454
39579	2004.911798441454
39893	2004.911798441454
45940	1892.5220601308147
50648	1892.5220053835808
50965	1892.5220053835808
51276	1892.5220053835808
51587	1892.5220053835808
51897	1892.5220053835808
52207	1892.5220053835808
52519	1892.5220053835808
52827	1892.5220053835808
53135	1892.5220053835808
53443	1892.5220053835808
53751	1892.5220053835808
54061	1892.5220053835808
54368	1892.5220053835808
54676	1892.5220053835808
54985	1892.5220053835808
55292	1892.5220053835808
55599	1892.5220053835808
55906	1892.5220053835808
56214	1892.5220053835808
63278	1892.5220053835808
63592	1892.5220053835808
63905	1892.5220053835808
64219	1892.5220053835808
64533	1892.5220053835808
64846	1892.5220053835808
65159	1892.5220053835808
65472	1892.5220053835808
65784	1892.5220053835808
66095	1892.5220053835808
66405	1892.5220053835808
66718	1892.5220053835808
67030	1892.5220053835808
67341	1892.5220053835808
67651	1892.5220053835808
67966	1892.5220053835808
68279	1892.5220053835808
68593	1892.5220053835808
68909	1892.5220053835808
69218	1892.5220053835808
73930	1892.5220053835808
74243	1892.5220053835808
74556	1892.5220053835808
74866	1892.5220053835808
75172	1892.5220053835808
75480	1892.5220053835808
75790	1892.5220053835808
76101	1892.5220053835808
88479	1822.5137160727832
88790	1822.5137160727832
89098	1822.5137160727832
89411	1822.5137160727832
89717	1822.5137160727832
90029	1822.5137160727832
90344	1822.5137160727832
90658	1822.5137160727832
90970	1822.5137160727832
91280	1822.5137160727832
91593	1822.5137160727832
91903	1822.5137160727832
92214	1822.5137160727832
92532	1822.5137160727832
92848	1822.5137160727832
93164	1822.5137160727832
93474	1822.5137160727832
93785	1822.5137160727832
94096	1822.5137160727832
94414	1822.5137160727832
94727	1822.5137160727832
95044	1822.5137160727832
110802	1814.974676121122
115432	1814.974676121122
115749	1814.974676121122
116063	1814.974676121122
116380	1814.974676121122
116693	1814.974676121122
117007	1814.974676121122
117320	1814.974676121122
117633	1814.974676121122
117947	1814.974676121122
118267	1814.974676121122
118582	1814.974676121122
118900	1814.974676121122
119216	1814.974676121122
119528	1814.974676121122
119842	1814.974676121122
120155	1814.974676121122
120470	1814.974676121122
120784	1814.974676121122
130106	1803.7970894452499
130420	1803.7970894452499
130732	1803.7970894452499
131046	1803.7970894452499
131359	1803.7970894452499
131674	1803.7970894452499
131984	1803.7970894452499
132296	1803.7970894452499
132610	1803.7970894452499
132921	1803.7970894452499
133232	1803.7970894452499
133543	1803.7970894452499
148384	1799.4481669945772
148696	1799.4481669945772
149008	1799.4481669945772
149321	1799.4481669945772
149634	1799.4481669945772
149943	1799.4481669945772
150253	1799.4481669945772
150561	1799.4481669945772
155970	1793.096645463482
156282	1793.096645463482
156592	1793.096645463482
156901	1793.096645463482
157209	1793.096645463482
157524	1793.096645463482
157837	1793.096645463482
158146	1793.096645463482
158456	1793.096645463482
158765	1793.096645463482
178104	1784.3363324208976
178413	1784.3363324208976
178721	1784.3363324208976
179031	1784.3363324208976
179342	1784.3363324208976
179650	1784.3363324208976
179961	1784.3363324208976
180274	1784.3363324208976
180588	1784.3363324208976
180904	1784.3363324208976
181213	1784.3363324208976
181522	1784.3363324208976
181830	1784.3363324208976
182140	1784.3363324208976
182453	1784.3363324208976
182761	1784.3363324208976
183070	1784.3363324208976
183379	1784.3363324208976
183686	1784.3363324208976
183995	1784.3363324208976
184303	1784.3363324208976
191995	1784.3363324208976
192308	1784.3363324208976
192624	1784.3363324208976
192942	1784.3363324208976
193252	1784.3363324208976
193562	1784.3363324208976
193870	1784.3363324208976
194181	1784.3363324208976
194497	1784.3363324208976
194816	1784.3363324208976
195133	1784.3363324208976
195447	1784.3363324208976
195759	1784.3363324208976
196071	1784.3363324208976
196387	1784.3363324208976
196705	1784.3363324208976
197020	1784.3363324208976
197342	1784.3363324208976
197661	1784.3363324208976
197976	1784.3363324208976
201829	1778.5608043300363
205360	1778.559869451575
205677	1778.559869451575
205991	1778.559869451575
206305	1778.559869451575
206619	1778.559869451575
206931	1778.559869451575
207243	1778.559869451575
207557	1778.559869451575
207872	1778.559869451575
208189	1778.559869451575
208506	1778.559869451575
208816	1778.559869451575
209124	1778.559869451575
209435	1778.559869451575
209751	1778.559869451575
210063	1778.559869451575
210373	1778.559869451575
210681	1778.559869451575
210991	1778.559869451575
213407	1778.4698154174594
218894	1778.4697255605654
219205	1778.4697255605654
219518	1778.4697255605654
219828	1778.4697255605654
220138	1778.4697255605654
220447	1778.4697255605654
220755	1778.4697255605654
221067	1778.4697255605654
221382	1778.4697255605654
221692	1778.4697255605654
222000	1778.4697255605654
222312	1778.4697255605654
222624	1778.4697255605654
222940	1778.4697255605654
223251	1778.4697255605654
223560	1778.4697255605654
223870	1778.4697255605654
224179	1778.4697255605654
224489	1778.4697255605654
227649	1778.3355134507806
232593	1778.3354430089066
232916	1778.3354430089066
233232	1778.3354430089066
233546	1778.3354430089066
233860	1778.3354430089066
234171	1778.3354430089066
234481	1778.3354430089066
234793	1778.3354430089066
235108	1778.3354430089066
235424	1778.3354430089066
235737	1778.3354430089066
236049	1778.3354430089066
236361	1778.3354430089066
236673	1778.3354430089066
236987	1778.3354430089066
237300	1778.3354430089066
237609	1778.3354430089066
237923	1778.3354430089066
238233	1778.3354430089066
241438	1778.3354430089066
241754	1778.3354430089066
242065	1778.3354430089066
242379	1778.3354430089066
242694	1778.3354430089066
243005	1778.3354430089066
243320	1778.3354430089066
243634	1778.3354430089066
243947	1778.3354430089066
244258	1778.3354430089066
244567	1778.3354430089066
244879	1778.3354430089066
245192	1778.3354430089066
245501	1778.3354430089066
245812	1778.3354430089066
246121	1778.3354430089066
246434	1778.3354430089066
246746	1778.3354430089066
247056	1778.3354430089066
247366	1778.3354430089066
258741	1778.3354430089066
259048	1778.3354430089066
259358	1778.3354430089066
259666	1778.3354430089066
259976	1778.3354430089066
260284	1778.3354430089066
260594	1778.3354430089066
260904	1778.3354430089066
261215	1778.3354430089066
261527	1778.3354430089066
261839	1778.3354430089066
262151	1778.3354430089066
262460	1778.3354430089066
262773	1778.3354430089066
263082	1778.3354430089066
263400	1778.3354430089066
263716	1778.3354430089066
264027	1778.3354430089066
264340	1778.3354430089066
264653	1778.3354430089066
266154	1778.3354430089066
266464	1778.3354430089066
266778	1778.3354430089066
267089	1778.3354430089066
267402	1778.3354430089066
267712	1778.3354430089066
268020	1778.3354430089066
268331	1778.3354430089066
268641	1778.3354430089066
268950	1778.3354430089066
269262	1778.3354430089066
269575	1778.3354430089066
269886	1778.3354430089066
270204	1778.3354430089066
270517	1778.3354430089066
270827	1778.3354430089066
271145	1778.3354430089066
271458	1778.3354430089066
271767	1778.3354430089066
272082	1778.3354430089066
277227	1778.3354430089066
277541	1778.3354430089066
277856	1778.3354430089066
278168	1778.3354430089066
278484	1778.3354430089066
278801	1778.3354430089066
279120	1778.3354430089066
279437	1778.3354430089066
279750	1778.3354430089066
280064	1778.3354430089066
280383	1778.3354430089066
280697	1778.3354430089066
281007	1778.3354430089066
281322	1778.3354430089066
281633	1778.3354430089066
281945	1778.3354430089066
282257	1778.3354430089066
282566	1778.3354430089066
282878	1778.3354430089066
283194	1778.3354430089066
284770	1778.3354430089066
285085	1778.3354430089066
285394	1778.3354430089066
285710	1778.3354430089066
286024	1778.3354430089066
286339	1778.3354430089066
286650	1778.3354430089066
286961	1778.3354430089066
287271	1778.3354430089066
287588	1778.3354430089066
292729	1778.3354430089066
293044	1778.3354430089066
293354	1778.3354430089066
293665	1778.3354430089066
293977	1778.3354430089066
294293	1778.3354430089066
294605	1778.3354430089066
294922	1778.3354430089066
295229	1778.3354430089066
295541	1778.3354430089066
295854	1778.3354430089066
296167	1778.3354430089066
296482	1778.3354430089066
296796	1778.3354430089066
297110	1778.3354430089066
297425	1778.3354430089066
297736	1778.3354430089066
298056	1778.3354430089066
298380	1778.3354430089066
298691	1778.3354430089066
301865	1778.3354430089066
