1000	37243.55288036797
2147	36980.83045513516
3282	36980.83045513516
4413	36425.13102162463
5542	36425.13102162463
6673	35863.49597304338
7801	35863.49597304338
8927	35863.49597304338
10054	34529.82446718197
11177	34529.82446718197
12302	34529.82446718197
13432	34529.82446718197
14556	34529.82446718197
15686	34529.82446718197
16809	34529.82446718197
17935	34529.82446718197
19061	34529.82446718197
20185	34529.82446718197
21309	34529.82446718197
22433	34529.82446718197
23557	34529.82446718197
24685	34316.600778830085
25812	34316.600778830085
26940	34316.600778830085
28067	34316.600778830085
29191	34316.600778830085
30319	34316.600778830085
31442	34316.600778830085
32568	34316.600778830085
33694	34316.600778830085
34819	34316.600778830085
35944	34316.600778830085
37070	34316.600778830085
38196	34316.600778830085
39326	34316.600778830085
40453	34316.600778830085
41581	34316.600778830085
42712	34316.600778830085
43842	34316.600778830085
44970	34316.600778830085
46097	34316.600778830085
47223	34316.600778830085
70744	16595.635059479202
93885	16595.211529831795
95019	16595.211529831795
96146	16595.211529831795
97277	16595.211529831795
98404	16595.211529831795
99531	16595.211529831795
100661	16595.211529831795
101787	16595.211529831795
102915	16595.211529831795
104039	16595.211529831795
105169	16595.211529831795
106295	16595.211529831795
107424	16595.211529831795
108552	16595.211529831795
109678	16595.211529831795
110808	16595.211529831795
111933	16595.211529831795
113058	16595.211529831795
114184	16595.211529831795
115312	16595.211529831795
116441	16595.211529831795
117570	16595.211529831795
118700	16595.211529831795
119828	16595.211529831795
120953	16595.211529831795
122082	16595.211529831795
123211	16595.211529831795
124344	16595.211529831795
143206	16595.211529831795
144330	16595.211529831795
145454	16595.211529831795
146582	16595.211529831795
147713	16595.211529831795
148843	16595.211529831795
149969	16595.211529831795
151097	16595.211529831795
152224	16595.211529831795
153352	16595.211529831795
171189	16595.211529831795
172317	16595.211529831795
173444	16595.211529831795
174569	16595.211529831795
175694	16595.211529831795
176821	16595.211529831795
177951	16595.211529831795
179076	16595.211529831795
180205	16595.211529831795
181330	16595.211529831795
182458	16595.211529831795
183587	16595.211529831795
184713	16595.211529831795
185837	16595.211529831795
186964	16595.211529831795
188094	16595.211529831795
189225	16595.211529831795
190354	16595.211529831795
191482	16595.211529831795
192611	16595.211529831795
212127	16595.211529831795
213254	16595.211529831795
214381	16595.211529831795
215509	16595.211529831795
216636	16595.211529831795
217763	16595.211529831795
218888	16595.211529831795
220014	16595.211529831795
221139	16595.211529831795
222267	16595.211529831795
223395	16595.211529831795
224521	16595.211529831795
225646	16595.211529831795
226775	16595.211529831795
227902	16595.211529831795
229033	16595.211529831795
230162	16595.211529831795
231286	16595.211529831795
232415	16595.211529831795
233544	16595.211529831795
256727	16595.211529831795
257858	16595.211529831795
258984	16595.211529831795
260111	16595.211529831795
261241	16595.211529831795
262374	16595.211529831795
263507	16595.211529831795
264641	16595.211529831795
265774	16595.211529831795
266914	16595.211529831795
268056	16595.211529831795
269210	16595.211529831795
270368	16595.211529831795
271540	16595.211529831795
272710	16595.211529831795
273868	16595.211529831795
293819	2300.0000112926955
312585	2300.000000189389
313768	2300.000000189389
314949	2300.000000189389
316130	2300.000000189389
317305	2300.000000189389
318483	2300.000000189389
319655	2300.000000189389
320831	2300.000000189389
322010	2300.000000189389
323188	2300.000000189389
324366	2300.000000189389
325536	2300.000000189389
326713	2300.000000189389
327889	2300.000000189389
329061	2300.000000189389
330235	2300.000000189389
331402	2300.000000189389
332581	2300.000000189389
333750	2300.000000189389
334924	2300.000000189389
336096	2300.000000189389
337270	2300.000000189389
338431	2300.000000189389
345845	2300.000000189389
347002	2300.000000189389
348161	2300.000000189389
349318	2300.000000189389
350474	2300.000000189389
351632	2300.000000189389
352787	2300.000000189389
353942	2300.000000189389
355107	2300.000000189389
356273	2300.000000189389
357433	2300.000000189389
358594	2300.000000189389
359760	2300.000000189389
360939	2300.000000189389
362117	2300.000000189389
363293	2300.000000189389
364477	2300.000000189389
365663	2300.000000189389
366845	2300.000000189389
368026	2300.000000189389
384018	2300.000000189389
385205	2300.000000189389
386392	2300.000000189389
387579	2300.000000189389
388768	2300.000000189389
389959	2300.000000189389
391150	2300.000000189389
392337	2300.000000189389
393522	2300.000000189389
394703	2300.000000189389
395887	2300.000000189389
397071	2300.000000189389
398261	2300.000000189389
399450	2300.000000189389
400629	2300.000000189389
401812	2300.000000189389
402995	2300.000000189389
404178	2300.000000189389
405370	2300.000000189389
406559	2300.000000189389
418380	2300.000000189389
419560	2300.000000189389
420748	2300.000000189389
421938	2300.000000189389
423122	2300.000000189389
424312	2300.000000189389
425502	2300.000000189389
426690	2300.000000189389
427876	2300.000000189389
429061	2300.000000189389
436844	2300.000000189389
438024	2300.000000189389
439207	2300.000000189389
440386	2300.000000189389
441566	2300.000000189389
442747	2300.000000189389
443929	2300.000000189389
445106	2300.000000189389
446286	2300.000000189389
447464	2300.000000189389
448643	2300.000000189389
449818	2300.000000189389
450998	2300.000000189389
452180	2300.000000189389
453367	2300.000000189389
454553	2300.000000189389
455740	2300.000000189389
456927	2300.000000189389
458111	2300.000000189389
459296	2300.000000189389
475286	2300.000000189389
476467	2300.000000189389
477658	2300.000000189389
478848	2300.000000189389
480033	2300.000000189389
481220	2300.000000189389
482405	2300.000000189389
483591	2300.000000189389
484780	2300.000000189389
485968	2300.000000189389
487147	2300.000000189389
488338	2300.000000189389
489522	2300.000000189389
490709	2300.000000189389
491894	2300.000000189389
493081	2300.000000189389
494262	2300.000000189389
495448	2300.000000189389
496641	2300.000000189389
497827	2300.000000189389
512630	2300.000000189389
513822	2300.000000189389
515009	2300.000000189389
516202	2300.000000189389
517390	2300.000000189389
518584	2300.000000189389
519774	2300.000000189389
520965	2300.000000189389
522152	2300.000000189389
523340	2300.000000189389
524533	2300.000000189389
525727	2300.000000189389
526912	2300.000000189389
528089	2300.000000189389
529272	2300.000000189389
530457	2300.000000189389
531645	2300.000000189389
532830	2300.000000189389
534010	2300.000000189389
535192	2300.000000189389
551448	2300.000000189389
552632	2300.000000189389
553819	2300.000000189389
554999	2300.000000189389
556183	2300.000000189389
557373	2300.000000189389
558556	2300.000000189389
559742	2300.000000189389
560931	2300.000000189389
562116	2300.000000189389
563302	2300.000000189389
564490	2300.000000189389
565679	2300.000000189389
566864	2300.000000189389
568048	2300.000000189389
569229	2300.000000189389
570416	2300.000000189389
571600	2300.000000189389
572779	2300.000000189389
573964	2300.000000189389
581028	2300.000000189389
582216	2300.000000189389
583401	2300.000000189389
584590	2300.000000189389
585776	2300.000000189389
586962	2300.000000189389
588145	2300.000000189389
589329	2300.000000189389
590514	2300.000000189389
591704	2300.000000189389
611338	2300.000000189389
612529	2300.000000189389
613715	2300.000000189389
614904	2300.000000189389
616098	2300.000000189389
617285	2300.000000189389
618469	2300.000000189389
619651	2300.000000189389
620834	2300.000000189389
622015	2300.000000189389
623196	2300.000000189389
624376	2300.000000189389
625554	2300.000000189389
626732	2300.000000189389
627916	2300.000000189389
629089	2300.000000189389
630264	2300.000000189389
631442	2300.000000189389
632623	2300.000000189389
633807	2300.000000189389
640177	2300.000000189389
641357	2300.000000189389
642535	2300.000000189389
643722	2300.000000189389
644898	2300.000000189389
646081	2300.000000189389
647261	2300.000000189389
648448	2300.000000189389
649634	2300.000000189389
650828	2300.000000189389
652015	2300.000000189389
653200	2300.000000189389
654385	2300.000000189389
655575	2300.000000189389
656761	2300.000000189389
657948	2300.000000189389
659127	2300.000000189389
660304	2300.000000189389
661489	2300.000000189389
662667	2300.000000189389
671337	2300.000000189389
672508	2300.000000189389
673682	2300.000000189389
674862	2300.000000189389
676032	2300.000000189389
677207	2300.000000189389
678385	2300.000000189389
679564	2300.000000189389
680745	2300.000000189389
681918	2300.000000189389
683094	2300.000000189389
684268	2300.000000189389
685447	2300.000000189389
686633	2300.000000189389
687821	2300.000000189389
689001	2300.000000189389
690190	2300.000000189389
691383	2300.000000189389
692580	2300.000000189389
693770	2300.000000189389
706364	2300.000000189389
707554	2300.000000189389
708737	2300.000000189389
709928	2300.000000189389
711112	2300.000000189389
712295	2300.000000189389
713480	2300.000000189389
714670	2300.000000189389
715856	2300.000000189389
717036	2300.000000189389
718216	2300.000000189389
719388	2300.000000189389
720569	2300.000000189389
721749	2300.000000189389
722938	2300.000000189389
724117	2300.000000189389
725299	2300.000000189389
726478	2300.000000189389
727660	2300.000000189389
728852	2300.000000189389
753270	2300.000000189389
754463	2300.000000189389
755648	2300.000000189389
756830	2300.000000189389
758020	2300.000000189389
759208	2300.000000189389
760393	2300.000000189389
761584	2300.000000189389
762772	2300.000000189389
763955	2300.000000189389
775705	2300.000000189389
776885	2300.000000189389
778063	2300.000000189389
779247	2300.000000189389
780430	2300.000000189389
781613	2300.000000189389
782794	2300.000000189389
783980	2300.000000189389
785174	2300.000000189389
786366	2300.000000189389
787546	2300.000000189389
788740	2300.000000189389
789928	2300.000000189389
791118	2300.000000189389
792305	2300.000000189389
793493	2300.000000189389
794677	2300.000000189389
795865	2300.000000189389
797050	2300.000000189389
798240	2300.000000189389
812909	2300.000000189389
814104	2300.000000189389
815279	2300.000000189389
816464	2300.000000189389
817650	2300.000000189389
818834	2300.000000189389
820022	2300.000000189389
821200	2300.000000189389
822395	2300.000000189389
823568	2300.000000189389
824751	2300.000000189389
825940	2300.000000189389
827126	2300.000000189389
828306	2300.000000189389
829492	2300.000000189389
830676	2300.000000189389
831861	2300.000000189389
833048	2300.000000189389
834226	2300.000000189389
835423	2300.000000189389
851647	2300.000000189389
852831	2300.000000189389
854013	2300.000000189389
855206	2300.000000189389
856397	2300.000000189389
857587	2300.000000189389
858772	2300.000000189389
859960	2300.000000189389
861151	2300.000000189389
862333	2300.000000189389
863518	2300.000000189389
864701	2300.000000189389
865894	2300.000000189389
867072	2300.000000189389
868253	2300.000000189389
869426	2300.000000189389
870606	2300.000000189389
871787	2300.000000189389
872966	2300.000000189389
874144	2300.000000189389
881373	2300.000000189389
882544	2300.000000189389
883718	2300.000000189389
884892	2300.000000189389
886069	2300.000000189389
887247	2300.000000189389
888421	2300.000000189389
889604	2300.000000189389
890783	2300.000000189389
891966	2300.000000189389
893157	2300.000000189389
894349	2300.000000189389
895532	2300.000000189389
896725	2300.000000189389
897918	2300.000000189389
899103	2300.000000189389
900290	2300.000000189389
901475	2300.000000189389
902666	2300.000000189389
903854	2300.000000189389
916784	2300.000000189389
917963	2300.000000189389
919145	2300.000000189389
920322	2300.000000189389
921500	2300.000000189389
922667	2300.000000189389
923842	2300.000000189389
925011	2300.000000189389
926190	2300.000000189389
927364	2300.000000189389
934813	2300.000000189389
935982	2300.000000189389
937164	2300.000000189389
938333	2300.000000189389
939511	2300.000000189389
940687	2300.000000189389
941867	2300.000000189389
943056	2300.000000189389
944242	2300.000000189389
945436	2300.000000189389
946623	2300.000000189389
947810	2300.000000189389
948995	2300.000000189389
950182	2300.000000189389
951373	2300.000000189389
952563	2300.000000189389
953750	2300.000000189389
954937	2300.000000189389
956124	2300.000000189389
957311	2300.000000189389
967196	2300.000000189389
968378	2300.000000189389
969556	2300.000000189389
970739	2300.000000189389
971914	2300.000000189389
973091	2300.000000189389
974269	2300.000000189389
975448	2300.000000189389
976624	2300.000000189389
977802	2300.000000189389
978976	2300.000000189389
980159	2300.000000189389
981340	2300.000000189389
982525	2300.000000189389
983716	2300.000000189389
984906	2300.000000189389
986096	2300.000000189389
987279	2300.000000189389
988462	2300.000000189389
989649	2300.000000189389
1012433	2300.000000189389
