1000	36688.56674356486
2146	36688.56674356486
3284	36688.56674356486
4419	36688.56674356486
5548	36688.56674356486
6675	36374.98641326554
7803	36247.14852559545
8928	36247.14852559545
10054	36216.11901506009
11186	35974.08097175772
12313	35974.08097175772
13440	35974.08097175772
14565	35974.08097175772
15691	35974.08097175772
16813	35974.08097175772
17939	35974.08097175772
19065	35974.08097175772
20188	35974.08097175772
21315	35495.40852000621
22441	35495.40852000621
23564	35495.40852000621
24689	35495.40852000621
25813	35495.40852000621
26940	35495.40852000621
28071	35495.40852000621
29200	35495.40852000621
30327	34995.00055319684
31456	34995.00055319684
32585	34995.00055319684
33716	34946.1408249033
34844	34946.1408249033
35974	34946.1408249033
37103	34946.1408249033
38230	34946.1408249033
39357	34946.1408249033
40483	34946.1408249033
41608	34946.1408249033
42733	34946.1408249033
43859	34946.1408249033
44986	34514.92358566431
46111	34514.92358566431
47235	34514.92358566431
48359	34514.92358566431
49484	34514.92358566431
50607	34514.92358566431
51732	34514.92358566431
52859	34514.92358566431
53985	34514.92358566431
55114	34514.92358566431
56243	34514.92358566431
57373	34514.92358566431
58503	34514.92358566431
59629	34514.92358566431
60758	34514.92358566431
61887	34514.92358566431
63014	34514.92358566431
64143	34514.92358566431
65272	34514.92358566431
66399	34514.92358566431
67531	34514.92358566431
85556	23792.077865092175
109089	16932.445003842957
130029	16932.441114152927
131157	16932.441114152927
132285	16932.441114152927
133410	16932.441114152927
134537	16932.441114152927
135665	16932.441114152927
136793	16932.441114152927
137920	16932.441114152927
139050	16932.441114152927
140182	16932.441114152927
141309	16932.441114152927
142436	16932.441114152927
143561	16932.441114152927
144686	16932.441114152927
145814	16932.441114152927
146940	16932.441114152927
148066	16932.441114152927
149192	16932.441114152927
150322	16932.441114152927
168118	16932.441114152927
169247	16932.441114152927
170373	16932.441114152927
171503	16932.441114152927
172632	16932.441114152927
173758	16932.441114152927
174885	16932.441114152927
176013	16932.441114152927
177142	16932.441114152927
178270	16932.441114152927
179396	16932.441114152927
180525	16932.441114152927
181653	16932.441114152927
182780	16932.441114152927
183908	16932.441114152927
185036	16932.441114152927
186162	16932.441114152927
187290	16932.441114152927
188416	16932.441114152927
189542	16932.441114152927
198668	16932.441114152927
199801	16932.441114152927
200930	16932.441114152927
202058	16932.441114152927
203187	16932.441114152927
204313	16932.441114152927
205440	16932.441114152927
206566	16932.441114152927
207691	16932.441114152927
208817	16932.441114152927
209945	16932.441114152927
211074	16932.441114152927
212202	16932.441114152927
213329	16932.441114152927
214456	16932.441114152927
215586	16932.441114152927
216713	16932.441114152927
217839	16932.441114152927
218965	16932.441114152927
220092	16932.441114152927
230711	16932.441114152927
231836	16932.441114152927
232966	16932.441114152927
234095	16932.441114152927
235222	16932.441114152927
236354	16932.441114152927
237484	16932.441114152927
238612	16932.441114152927
239741	16932.441114152927
240867	16932.441114152927
241997	16932.441114152927
243125	16932.441114152927
244252	16932.441114152927
245381	16932.441114152927
246514	16932.441114152927
247640	16932.441114152927
248769	16932.441114152927
249896	16932.441114152927
251027	16932.441114152927
252156	16932.441114152927
270775	16932.441114152927
271901	16932.441114152927
273026	16932.441114152927
274153	16932.441114152927
275282	16932.441114152927
276411	16932.441114152927
277539	16932.441114152927
278669	16932.441114152927
279797	16932.441114152927
280927	16932.441114152927
282055	16932.441114152927
283182	16932.441114152927
284310	16932.441114152927
285438	16932.441114152927
286560	16932.441114152927
287686	16932.441114152927
288811	16932.441114152927
289938	16932.441114152927
291064	16932.441114152927
292193	16932.441114152927
301908	2302.5089417240297
319403	2302.508941101959
320600	2302.508941101959
321791	2302.508941101959
322978	2302.508941101959
324162	2302.508941101959
325340	2302.508941101959
326517	2302.508941101959
327697	2302.508941101959
328879	2302.508941101959
330059	2302.508941101959
331239	2302.508941101959
332415	2302.508941101959
333596	2302.508941101959
334782	2302.508941101959
335962	2302.508941101959
337142	2302.508941101959
338318	2302.508941101959
339495	2302.508941101959
340669	2302.508941101959
351653	2300.000009831693
358726	2300.0000001905823
359903	2300.0000001905823
361069	2300.0000001905823
362233	2300.0000001905823
363393	2300.0000001905823
364546	2300.0000001905823
365700	2300.0000001905823
366858	2300.0000001905823
368014	2300.0000001905823
369171	2300.0000001905823
370323	2300.0000001905823
371481	2300.0000001905823
372636	2300.0000001905823
373792	2300.0000001905823
374947	2300.0000001905823
376106	2300.0000001905823
377268	2300.0000001905823
378428	2300.0000001905823
379600	2300.0000001905823
386834	2300.0000001905823
388007	2300.0000001905823
389182	2300.0000001905823
390370	2300.0000001905823
391553	2300.0000001905823
392737	2300.0000001905823
393920	2300.0000001905823
395106	2300.0000001905823
396292	2300.0000001905823
397479	2300.0000001905823
398665	2300.0000001905823
399849	2300.0000001905823
401038	2300.0000001905823
402218	2300.0000001905823
403402	2300.0000001905823
404589	2300.0000001905823
405772	2300.0000001905823
406960	2300.0000001905823
408148	2300.0000001905823
409331	2300.0000001905823
413608	2300.0000001905823
414782	2300.0000001905823
415951	2300.0000001905823
417120	2300.0000001905823
418291	2300.0000001905823
419464	2300.0000001905823
420639	2300.0000001905823
421816	2300.0000001905823
422997	2300.0000001905823
424176	2300.0000001905823
425359	2300.0000001905823
426544	2300.0000001905823
427728	2300.0000001905823
428909	2300.0000001905823
430096	2300.0000001905823
431279	2300.0000001905823
432461	2300.0000001905823
433643	2300.0000001905823
434829	2300.0000001905823
436009	2300.0000001905823
442380	2300.0000001905823
443556	2300.0000001905823
444740	2300.0000001905823
445926	2300.0000001905823
447112	2300.0000001905823
448291	2300.0000001905823
449456	2300.0000001905823
450640	2300.0000001905823
451827	2300.0000001905823
453015	2300.0000001905823
454201	2300.0000001905823
455393	2300.0000001905823
456576	2300.0000001905823
457760	2300.0000001905823
458943	2300.0000001905823
460131	2300.0000001905823
461311	2300.0000001905823
462500	2300.0000001905823
463688	2300.0000001905823
464874	2300.0000001905823
476966	2300.0000001905823
478151	2300.0000001905823
479337	2300.0000001905823
480517	2300.0000001905823
481699	2300.0000001905823
482879	2300.0000001905823
484058	2300.0000001905823
485227	2300.0000001905823
486404	2300.0000001905823
487587	2300.0000001905823
488767	2300.0000001905823
489952	2300.0000001905823
491128	2300.0000001905823
492304	2300.0000001905823
493474	2300.0000001905823
494660	2300.0000001905823
495845	2300.0000001905823
497025	2300.0000001905823
498205	2300.0000001905823
499388	2300.0000001905823
523062	2300.0000001905823
524240	2300.0000001905823
525419	2300.0000001905823
526599	2300.0000001905823
527784	2300.0000001905823
528967	2300.0000001905823
530151	2300.0000001905823
531331	2300.0000001905823
532514	2300.0000001905823
533695	2300.0000001905823
538280	2300.0000001905823
539471	2300.0000001905823
540651	2300.0000001905823
541835	2300.0000001905823
543015	2300.0000001905823
544195	2300.0000001905823
545375	2300.0000001905823
546558	2300.0000001905823
547742	2300.0000001905823
548922	2300.0000001905823
550111	2300.0000001905823
551294	2300.0000001905823
552476	2300.0000001905823
553663	2300.0000001905823
554845	2300.0000001905823
556028	2300.0000001905823
557218	2300.0000001905823
558404	2300.0000001905823
559590	2300.0000001905823
560774	2300.0000001905823
566329	2300.0000001905823
567514	2300.0000001905823
568691	2300.0000001905823
569874	2300.0000001905823
571059	2300.0000001905823
572240	2300.0000001905823
573420	2300.0000001905823
574602	2300.0000001905823
575786	2300.0000001905823
576966	2300.0000001905823
578140	2300.0000001905823
579314	2300.0000001905823
580497	2300.0000001905823
581682	2300.0000001905823
582865	2300.0000001905823
584050	2300.0000001905823
585241	2300.0000001905823
586435	2300.0000001905823
587625	2300.0000001905823
588806	2300.0000001905823
599280	2300.0000001905823
600467	2300.0000001905823
601651	2300.0000001905823
602832	2300.0000001905823
604015	2300.0000001905823
605205	2300.0000001905823
606385	2300.0000001905823
607562	2300.0000001905823
608744	2300.0000001905823
609923	2300.0000001905823
611096	2300.0000001905823
612275	2300.0000001905823
613463	2300.0000001905823
614637	2300.0000001905823
615816	2300.0000001905823
616996	2300.0000001905823
618180	2300.0000001905823
619367	2300.0000001905823
620559	2300.0000001905823
621745	2300.0000001905823
642375	2300.0000001905823
643563	2300.0000001905823
644754	2300.0000001905823
645940	2300.0000001905823
647127	2300.0000001905823
648309	2300.0000001905823
649486	2300.0000001905823
650667	2300.0000001905823
651852	2300.0000001905823
653034	2300.0000001905823
654210	2300.0000001905823
655397	2300.0000001905823
656583	2300.0000001905823
657757	2300.0000001905823
658938	2300.0000001905823
660117	2300.0000001905823
661296	2300.0000001905823
662478	2300.0000001905823
663653	2300.0000001905823
664838	2300.0000001905823
680483	2300.0000001905823
681667	2300.0000001905823
682856	2300.0000001905823
684040	2300.0000001905823
685229	2300.0000001905823
686416	2300.0000001905823
687599	2300.0000001905823
688785	2300.0000001905823
689968	2300.0000001905823
691161	2300.0000001905823
704115	2300.0000001905823
705299	2300.0000001905823
706475	2300.0000001905823
707657	2300.0000001905823
708829	2300.0000001905823
710008	2300.0000001905823
711181	2300.0000001905823
712352	2300.0000001905823
713519	2300.0000001905823
714683	2300.0000001905823
715847	2300.0000001905823
717008	2300.0000001905823
718172	2300.0000001905823
719334	2300.0000001905823
720501	2300.0000001905823
721664	2300.0000001905823
722826	2300.0000001905823
723990	2300.0000001905823
725151	2300.0000001905823
726314	2300.0000001905823
733717	2300.0000001905823
734888	2300.0000001905823
736053	2300.0000001905823
737228	2300.0000001905823
738396	2300.0000001905823
739571	2300.0000001905823
740752	2300.0000001905823
741921	2300.0000001905823
743092	2300.0000001905823
744270	2300.0000001905823
745455	2300.0000001905823
746620	2300.0000001905823
747794	2300.0000001905823
748971	2300.0000001905823
750145	2300.0000001905823
751327	2300.0000001905823
752508	2300.0000001905823
753690	2300.0000001905823
754863	2300.0000001905823
756039	2300.0000001905823
762973	2300.0000001905823
764161	2300.0000001905823
765339	2300.0000001905823
766520	2300.0000001905823
767696	2300.0000001905823
768874	2300.0000001905823
770058	2300.0000001905823
771235	2300.0000001905823
772416	2300.0000001905823
773591	2300.0000001905823
774762	2300.0000001905823
775938	2300.0000001905823
777116	2300.0000001905823
778297	2300.0000001905823
779468	2300.0000001905823
780646	2300.0000001905823
781820	2300.0000001905823
782996	2300.0000001905823
784174	2300.0000001905823
785348	2300.0000001905823
791602	2300.0000001905823
792773	2300.0000001905823
793949	2300.0000001905823
795123	2300.0000001905823
796295	2300.0000001905823
797464	2300.0000001905823
798639	2300.0000001905823
799811	2300.0000001905823
800978	2300.0000001905823
802159	2300.0000001905823
803338	2300.0000001905823
804512	2300.0000001905823
805688	2300.0000001905823
806868	2300.0000001905823
808047	2300.0000001905823
809234	2300.0000001905823
810413	2300.0000001905823
811597	2300.0000001905823
812780	2300.0000001905823
813962	2300.0000001905823
831072	2300.0000001905823
832252	2300.0000001905823
833431	2300.0000001905823
834615	2300.0000001905823
835801	2300.0000001905823
836981	2300.0000001905823
838161	2300.0000001905823
839348	2300.0000001905823
840531	2300.0000001905823
841716	2300.0000001905823
849944	2300.0000001905823
851121	2300.0000001905823
852303	2300.0000001905823
853483	2300.0000001905823
854658	2300.0000001905823
855839	2300.0000001905823
857020	2300.0000001905823
858199	2300.0000001905823
859380	2300.0000001905823
860552	2300.0000001905823
861739	2300.0000001905823
862922	2300.0000001905823
864100	2300.0000001905823
865277	2300.0000001905823
866467	2300.0000001905823
867657	2300.0000001905823
868846	2300.0000001905823
870033	2300.0000001905823
871221	2300.0000001905823
872408	2300.0000001905823
887092	2300.0000001905823
888280	2300.0000001905823
889463	2300.0000001905823
890646	2300.0000001905823
891834	2300.0000001905823
893023	2300.0000001905823
894212	2300.0000001905823
895402	2300.0000001905823
896591	2300.0000001905823
897774	2300.0000001905823
898961	2300.0000001905823
900138	2300.0000001905823
901314	2300.0000001905823
902491	2300.0000001905823
903680	2300.0000001905823
904867	2300.0000001905823
906052	2300.0000001905823
907238	2300.0000001905823
908427	2300.0000001905823
909612	2300.0000001905823
922765	2300.0000001905823
923957	2300.0000001905823
925143	2300.0000001905823
926325	2300.0000001905823
927519	2300.0000001905823
928708	2300.0000001905823
929898	2300.0000001905823
931088	2300.0000001905823
932275	2300.0000001905823
933466	2300.0000001905823
934660	2300.0000001905823
935842	2300.0000001905823
937025	2300.0000001905823
938210	2300.0000001905823
939398	2300.0000001905823
940578	2300.0000001905823
941761	2300.0000001905823
942944	2300.0000001905823
944125	2300.0000001905823
945311	2300.0000001905823
966578	2300.0000001905823
967771	2300.0000001905823
968962	2300.0000001905823
970153	2300.0000001905823
971340	2300.0000001905823
972528	2300.0000001905823
973720	2300.0000001905823
974901	2300.0000001905823
976082	2300.0000001905823
977268	2300.0000001905823
978458	2300.0000001905823
979644	2300.0000001905823
980826	2300.0000001905823
982016	2300.0000001905823
983200	2300.0000001905823
984382	2300.0000001905823
985566	2300.0000001905823
986744	2300.0000001905823
987921	2300.0000001905823
989101	2300.0000001905823
1005289	2300.0000001905823
