1000	37862.884057724965
2151	37330.80371885279
3286	37210.54126902266
4422	37210.54126902266
5550	37210.54126902266
6683	36434.405545427944
7812	36434.405545427944
8939	36434.405545427944
10066	36270.659096385236
11196	36128.84644848761
12326	36128.84644848761
13454	36097.97486690104
14582	36097.97486690104
15709	34470.438319615554
16833	34470.438319615554
17960	34470.438319615554
19084	34470.438319615554
20210	34470.438319615554
21334	34470.438319615554
22458	34470.438319615554
23582	34470.438319615554
24709	34470.438319615554
25832	34470.438319615554
26956	34470.438319615554
28079	34470.438319615554
29204	34470.438319615554
30330	34470.438319615554
31456	34470.438319615554
32581	34470.438319615554
33706	34470.438319615554
34834	34470.438319615554
35964	34470.438319615554
37092	34470.438319615554
38219	34470.438319615554
59742	20102.47362454189
63801	16486.066669832966
75403	16486.066668112755
76529	16486.066668112755
77655	16486.066668112755
78781	16486.066668112755
79909	16486.066668112755
81036	16486.066668112755
82161	16486.066668112755
83286	16486.066668112755
84410	16486.066668112755
85536	16486.066668112755
86659	16486.066668112755
87786	16486.066668112755
88915	16486.066668112755
90041	16486.066668112755
91168	16486.066668112755
92295	16486.066668112755
93423	16486.066668112755
94550	16486.066668112755
95678	16486.066668112755
96808	16486.066668112755
97938	16486.066668112755
99066	16486.066668112755
100195	16486.066668112755
101322	16486.066668112755
102452	16486.066668112755
118330	16486.066668112755
119459	16486.066668112755
120587	16486.066668112755
121713	16486.066668112755
122839	16486.066668112755
123968	16486.066668112755
125093	16486.066668112755
126218	16486.066668112755
127341	16486.066668112755
128464	16486.066668112755
129588	16486.066668112755
130713	16486.066668112755
131839	16486.066668112755
132965	16486.066668112755
134090	16486.066668112755
135219	16486.066668112755
136348	16486.066668112755
137478	16486.066668112755
138606	16486.066668112755
139735	16486.066668112755
156885	16486.066668112755
158019	16486.066668112755
159149	16486.066668112755
160279	16486.066668112755
161406	16486.066668112755
162533	16486.066668112755
163663	16486.066668112755
164792	16486.066668112755
165920	16486.066668112755
167048	16486.066668112755
173364	16486.066668112755
174488	16486.066668112755
175615	16486.066668112755
176742	16486.066668112755
177865	16486.066668112755
178994	16486.066668112755
180119	16486.066668112755
181247	16486.066668112755
182376	16486.066668112755
183504	16486.066668112755
184633	16486.066668112755
185757	16486.066668112755
186885	16486.066668112755
188016	16486.066668112755
189145	16486.066668112755
190276	16486.066668112755
191405	16486.066668112755
192533	16486.066668112755
193664	16486.066668112755
194794	16486.066668112755
215238	16486.066668112755
216365	16486.066668112755
217493	16486.066668112755
218622	16486.066668112755
219748	16486.066668112755
220876	16486.066668112755
222005	16486.066668112755
223132	16486.066668112755
224259	16486.066668112755
225385	16486.066668112755
226511	16486.066668112755
227635	16486.066668112755
228758	16486.066668112755
229885	16486.066668112755
231011	16486.066668112755
232137	16486.066668112755
233268	16486.066668112755
234393	16486.066668112755
235520	16486.066668112755
236647	16486.066668112755
250835	16486.066668112755
251961	16486.066668112755
253086	16486.066668112755
254213	16486.066668112755
255343	16486.066668112755
256473	16486.066668112755
257604	16486.066668112755
258732	16486.066668112755
259862	16486.066668112755
260992	16486.066668112755
262121	16486.066668112755
263250	16486.066668112755
264379	16486.066668112755
265508	16486.066668112755
266634	16486.066668112755
267756	16486.066668112755
268880	16486.066668112755
270006	16486.066668112755
271135	16486.066668112755
272259	16486.066668112755
279544	15749.555885727752
288779	15749.555876624128
289905	15749.555876624128
291030	15749.555876624128
292155	15749.555876624128
293282	15749.555876624128
294411	15749.555876624128
295538	15749.555876624128
296668	15749.555876624128
297797	15749.555876624128
298923	15749.555876624128
300051	15749.555876624128
301176	15749.555876624128
302309	15749.555876624128
303439	15749.555876624128
304569	15749.555876624128
305699	15749.555876624128
306829	15749.555876624128
307956	15749.555876624128
309082	15749.555876624128
325849	15749.555876624128
326973	15749.555876624128
328099	15749.555876624128
329225	15749.555876624128
330353	15749.555876624128
331476	15749.555876624128
332599	15749.555876624128
333726	15749.555876624128
334853	15749.555876624128
335984	15749.555876624128
337115	15749.555876624128
338243	15749.555876624128
339372	15749.555876624128
340498	15749.555876624128
341629	15749.555876624128
342759	15749.555876624128
343890	15749.555876624128
345016	15749.555876624128
346141	15749.555876624128
347267	15749.555876624128
357655	15749.555876624128
358779	15749.555876624128
359906	15749.555876624128
361033	15749.555876624128
362159	15749.555876624128
363288	15749.555876624128
364416	15749.555876624128
365542	15749.555876624128
366668	15749.555876624128
367798	15749.555876624128
368929	15749.555876624128
370058	15749.555876624128
371186	15749.555876624128
372317	15749.555876624128
373449	15749.555876624128
374576	15749.555876624128
375706	15749.555876624128
376836	15749.555876624128
377963	15749.555876624128
379093	15749.555876624128
389859	15749.555876624128
390983	15749.555876624128
392111	15749.555876624128
393237	15749.555876624128
394362	15749.555876624128
395489	15749.555876624128
396617	15749.555876624128
397745	15749.555876624128
398872	15749.555876624128
400000	15749.555876624128
401128	15749.555876624128
402258	15749.555876624128
403383	15749.555876624128
404512	15749.555876624128
405641	15749.555876624128
406766	15749.555876624128
407896	15749.555876624128
409024	15749.555876624128
410156	15749.555876624128
411288	15749.555876624128
422785	15749.555876624128
423911	15749.555876624128
425038	15749.555876624128
426162	15749.555876624128
427292	15749.555876624128
428419	15749.555876624128
429544	15749.555876624128
430668	15749.555876624128
431798	15749.555876624128
432926	15749.555876624128
434054	15749.555876624128
435182	15749.555876624128
436309	15749.555876624128
437435	15749.555876624128
438563	15749.555876624128
439690	15749.555876624128
440817	15749.555876624128
441943	15749.555876624128
443070	15749.555876624128
444195	15749.555876624128
461916	15749.555876624128
463045	15749.555876624128
464172	15749.555876624128
465301	15749.555876624128
466427	15749.555876624128
467556	15749.555876624128
468686	15749.555876624128
469817	15749.555876624128
470948	15749.555876624128
472078	15749.555876624128
491367	15749.555876624128
492497	15749.555876624128
493627	15749.555876624128
494758	15749.555876624128
495891	15749.555876624128
497021	15749.555876624128
498149	15749.555876624128
499274	15749.555876624128
500403	15749.555876624128
501530	15749.555876624128
502654	15749.555876624128
503782	15749.555876624128
504910	15749.555876624128
506042	15749.555876624128
507168	15749.555876624128
508296	15749.555876624128
509424	15749.555876624128
510555	15749.555876624128
511688	15749.555876624128
512820	15749.555876624128
522624	15749.555876624128
523754	15749.555876624128
524880	15749.555876624128
526010	15749.555876624128
527138	15749.555876624128
528264	15749.555876624128
529389	15749.555876624128
530519	15749.555876624128
531645	15749.555876624128
532771	15749.555876624128
533901	15749.555876624128
535026	15749.555876624128
536158	15749.555876624128
537285	15749.555876624128
538412	15749.555876624128
539541	15749.555876624128
540668	15749.555876624128
541795	15749.555876624128
542922	15749.555876624128
544048	15749.555876624128
559630	15749.555876624128
560759	15749.555876624128
561888	15749.555876624128
563015	15749.555876624128
564146	15749.555876624128
565273	15749.555876624128
566401	15749.555876624128
567527	15749.555876624128
568654	15749.555876624128
569784	15749.555876624128
570913	15749.555876624128
572041	15749.555876624128
573171	15749.555876624128
574303	15749.555876624128
575433	15749.555876624128
576563	15749.555876624128
577694	15749.555876624128
578823	15749.555876624128
579950	15749.555876624128
581077	15749.555876624128
592212	15749.555876624128
593338	15749.555876624128
594469	15749.555876624128
595598	15749.555876624128
596726	15749.555876624128
597854	15749.555876624128
598979	15749.555876624128
600109	15749.555876624128
601239	15749.555876624128
602369	15749.555876624128
603498	15749.555876624128
604628	15749.555876624128
605755	15749.555876624128
606884	15749.555876624128
608012	15749.555876624128
609141	15749.555876624128
610268	15749.555876624128
611395	15749.555876624128
612524	15749.555876624128
613649	15749.555876624128
623742	15749.555876624128
624872	15749.555876624128
626000	15749.555876624128
627129	15749.555876624128
628255	15749.555876624128
629382	15749.555876624128
630509	15749.555876624128
631637	15749.555876624128
632767	15749.555876624128
633895	15749.555876624128
643505	14579.405308254916
658250	14579.405283759897
659381	14579.405283759897
660513	14579.405283759897
661641	14579.405283759897
662769	14579.405283759897
663896	14579.405283759897
665027	14579.405283759897
666158	14579.405283759897
667287	14579.405283759897
668416	14579.405283759897
669546	14579.405283759897
670677	14579.405283759897
671808	14579.405283759897
672938	14579.405283759897
674065	14579.405283759897
675193	14579.405283759897
676320	14579.405283759897
677448	14579.405283759897
678575	14579.405283759897
692283	14579.405283759897
693413	14579.405283759897
694544	14579.405283759897
695671	14579.405283759897
696797	14579.405283759897
697925	14579.405283759897
699050	14579.405283759897
700174	14579.405283759897
701307	14579.405283759897
702440	14579.405283759897
703573	14579.405283759897
704704	14579.405283759897
705834	14579.405283759897
706966	14579.405283759897
708097	14579.405283759897
709227	14579.405283759897
710358	14579.405283759897
711487	14579.405283759897
712616	14579.405283759897
713745	14579.405283759897
725189	14579.405283759897
726313	14579.405283759897
727441	14579.405283759897
728572	14579.405283759897
729702	14579.405283759897
730830	14579.405283759897
731957	14579.405283759897
733084	14579.405283759897
734215	14579.405283759897
735342	14579.405283759897
736468	14579.405283759897
737601	14579.405283759897
738732	14579.405283759897
739860	14579.405283759897
740993	14579.405283759897
742124	14579.405283759897
743255	14579.405283759897
744385	14579.405283759897
745519	14579.405283759897
746652	14579.405283759897
760590	14579.405283759897
761724	14579.405283759897
762855	14579.405283759897
763988	14579.405283759897
765121	14579.405283759897
766252	14579.405283759897
767382	14579.405283759897
768512	14579.405283759897
769642	14579.405283759897
770776	14579.405283759897
771904	14579.405283759897
773036	14579.405283759897
774168	14579.405283759897
775298	14579.405283759897
776429	14579.405283759897
777557	14579.405283759897
778686	14579.405283759897
779815	14579.405283759897
780946	14579.405283759897
782084	14579.405283759897
793722	14579.405283759897
794847	14579.405283759897
795979	14579.405283759897
797109	14579.405283759897
798242	14579.405283759897
799376	14579.405283759897
800509	14579.405283759897
801641	14579.405283759897
802773	14579.405283759897
803905	14579.405283759897
805037	14579.405283759897
806174	14579.405283759897
807305	14579.405283759897
808438	14579.405283759897
809565	14579.405283759897
810697	14579.405283759897
811828	14579.405283759897
812959	14579.405283759897
814088	14579.405283759897
815216	14579.405283759897
818265	14110.594668371245
821824	13394.401203328725
826719	13394.401199564712
827855	13394.401199564712
828984	13394.401199564712
830118	13394.401199564712
831248	13394.401199564712
832382	13394.401199564712
833517	13394.401199564712
834647	13394.401199564712
835779	13394.401199564712
836912	13394.401199564712
838049	13394.401199564712
839180	13394.401199564712
840313	13394.401199564712
841446	13394.401199564712
842578	13394.401199564712
843711	13394.401199564712
844841	13394.401199564712
845973	13394.401199564712
847108	13394.401199564712
848241	13394.401199564712
849373	13394.401199564712
850507	13394.401199564712
851637	13394.401199564712
852769	13394.401199564712
853900	13394.401199564712
855033	13394.401199564712
856164	13394.401199564712
857296	13394.401199564712
861625	13394.401199564712
862760	13394.401199564712
863894	13394.401199564712
865025	13394.401199564712
866158	13394.401199564712
867291	13394.401199564712
868422	13394.401199564712
869557	13394.401199564712
870689	13394.401199564712
871820	13394.401199564712
876232	13394.401199564712
877365	13394.401199564712
878504	13394.401199564712
879636	13394.401199564712
880771	13394.401199564712
881908	13394.401199564712
883052	13394.401199564712
884187	13394.401199564712
885325	13394.401199564712
886458	13394.401199564712
887594	13394.401199564712
888734	13394.401199564712
889864	13394.401199564712
891000	13394.401199564712
892138	13394.401199564712
893277	13394.401199564712
894415	13394.401199564712
895552	13394.401199564712
896691	13394.401199564712
897828	13394.401199564712
907302	13394.401199564712
908440	13394.401199564712
909577	13394.401199564712
910711	13394.401199564712
911846	13394.401199564712
912983	13394.401199564712
914116	13394.401199564712
915252	13394.401199564712
916391	13394.401199564712
917528	13394.401199564712
918661	13394.401199564712
919797	13394.401199564712
920934	13394.401199564712
922070	13394.401199564712
923208	13394.401199564712
924344	13394.401199564712
925479	13394.401199564712
926616	13394.401199564712
927756	13394.401199564712
928894	13394.401199564712
933011	13394.401199564712
934146	13394.401199564712
935287	13394.401199564712
936423	13394.401199564712
937563	13394.401199564712
938704	13394.401199564712
939843	13394.401199564712
940982	13394.401199564712
942124	13394.401199564712
943265	13394.401199564712
944409	13394.401199564712
945549	13394.401199564712
946687	13394.401199564712
947830	13394.401199564712
948977	13394.401199564712
950117	13394.401199564712
951261	13394.401199564712
952405	13394.401199564712
953549	13394.401199564712
954694	13394.401199564712
957654	13155.126436431307
962142	13155.12643546651
966494	13155.12643488937
967642	13155.12643488937
968791	13155.12643488937
969940	13155.12643488937
971085	13155.12643488937
972225	13155.12643488937
973370	13155.12643488937
974510	13155.12643488937
975660	13155.12643488937
976805	13155.12643488937
977950	13155.12643488937
979098	13155.12643488937
980248	13155.12643488937
981399	13155.12643488937
982546	13155.12643488937
983694	13155.12643488937
984837	13155.12643488937
985986	13155.12643488937
987131	13155.12643488937
988278	13155.12643488937
989428	13155.12643488937
990575	13155.12643488937
991719	13155.12643488937
992867	13155.12643488937
994014	13155.12643488937
995155	13155.12643488937
996297	13155.12643488937
997441	13155.12643488937
1001470	13155.12643488937
