1000	37250.89232975525
2143	36817.67164014168
3278	36817.67164014168
4407	36515.4632476295
5533	36515.4632476295
6663	34411.2011961665
7791	34411.2011961665
8916	34411.2011961665
10044	34411.2011961665
11167	34411.2011961665
12290	34411.2011961665
13417	34411.2011961665
14542	34411.2011961665
15667	34411.2011961665
16797	34411.2011961665
17924	34411.2011961665
19048	34411.2011961665
20172	34411.2011961665
21297	34411.2011961665
22419	34411.2011961665
23545	34411.2011961665
24672	34411.2011961665
25800	34411.2011961665
26925	34411.2011961665
28052	34411.2011961665
29177	34411.2011961665
46007	22703.524749588923
67091	18469.37477051899
74679	17439.20936710962
95597	17439.209367068514
96730	17439.209367068514
97859	17439.209367068514
98985	17439.209367068514
100109	17439.209367068514
101233	17439.209367068514
102358	17439.209367068514
103484	17439.209367068514
104611	17439.209367068514
105738	17439.209367068514
106866	17439.209367068514
107991	17439.209367068514
109118	17439.209367068514
110244	17439.209367068514
111373	17439.209367068514
112496	17439.209367068514
113623	17439.209367068514
114750	17439.209367068514
115878	17439.209367068514
117005	17439.209367068514
118134	17439.209367068514
119263	17439.209367068514
133179	17439.209367068514
134307	17439.209367068514
135435	17439.209367068514
136562	17439.209367068514
137688	17439.209367068514
138814	17439.209367068514
139938	17439.209367068514
141061	17439.209367068514
142186	17439.209367068514
143312	17439.209367068514
144439	17439.209367068514
145565	17439.209367068514
146690	17439.209367068514
147818	17439.209367068514
148944	17439.209367068514
150071	17439.209367068514
151201	17439.209367068514
152330	17439.209367068514
153460	17439.209367068514
154586	17439.209367068514
173360	17439.209367068514
174485	17439.209367068514
175613	17439.209367068514
176742	17439.209367068514
177875	17439.209367068514
179005	17439.209367068514
180136	17439.209367068514
181267	17439.209367068514
182395	17439.209367068514
183522	17439.209367068514
184653	17439.209367068514
185779	17439.209367068514
186906	17439.209367068514
188032	17439.209367068514
189156	17439.209367068514
190286	17439.209367068514
191418	17439.209367068514
192548	17439.209367068514
193675	17439.209367068514
194803	17439.209367068514
209352	17439.209367068514
210476	17439.209367068514
211603	17439.209367068514
212727	17439.209367068514
213852	17439.209367068514
214981	17439.209367068514
216110	17439.209367068514
217241	17439.209367068514
218368	17439.209367068514
219495	17439.209367068514
220622	17439.209367068514
221748	17439.209367068514
222877	17439.209367068514
224003	17439.209367068514
225133	17439.209367068514
226262	17439.209367068514
227389	17439.209367068514
228520	17439.209367068514
229651	17439.209367068514
230781	17439.209367068514
239015	17439.209367068514
240141	17439.209367068514
241267	17439.209367068514
242394	17439.209367068514
243522	17439.209367068514
244651	17439.209367068514
245780	17439.209367068514
246909	17439.209367068514
248035	17439.209367068514
249160	17439.209367068514
260555	17439.209367068514
261679	17439.209367068514
262808	17439.209367068514
263934	17439.209367068514
265063	17439.209367068514
266190	17439.209367068514
267315	17439.209367068514
268443	17439.209367068514
269570	17439.209367068514
270698	17439.209367068514
271830	17439.209367068514
272959	17439.209367068514
274085	17439.209367068514
275212	17439.209367068514
276343	17439.209367068514
277471	17439.209367068514
278599	17439.209367068514
279730	17439.209367068514
280863	17439.209367068514
281998	17439.209367068514
295102	17439.209367068514
296234	17439.209367068514
297366	17439.209367068514
298499	17439.209367068514
299634	17439.209367068514
300768	17439.209367068514
301898	17439.209367068514
303025	17439.209367068514
304152	17439.209367068514
305278	17439.209367068514
306405	17439.209367068514
307532	17439.209367068514
308662	17439.209367068514
309789	17439.209367068514
310916	17439.209367068514
312045	17439.209367068514
313170	17439.209367068514
314301	17439.209367068514
315427	17439.209367068514
316554	17439.209367068514
328842	17439.209367068514
329970	17439.209367068514
331097	17439.209367068514
332224	17439.209367068514
333357	17439.209367068514
334487	17439.209367068514
335616	17439.209367068514
336744	17439.209367068514
337874	17439.209367068514
339008	17439.209367068514
340139	17439.209367068514
341269	17439.209367068514
342401	17439.209367068514
343530	17439.209367068514
344662	17439.209367068514
345788	17439.209367068514
346916	17439.209367068514
348043	17439.209367068514
349170	17439.209367068514
350296	17439.209367068514
365672	17439.209367068514
366798	17439.209367068514
367926	17439.209367068514
369053	17439.209367068514
370178	17439.209367068514
371306	17439.209367068514
372434	17439.209367068514
373567	17439.209367068514
374698	17439.209367068514
375830	17439.209367068514
376961	17439.209367068514
378093	17439.209367068514
379225	17439.209367068514
380356	17439.209367068514
381484	17439.209367068514
382615	17439.209367068514
383747	17439.209367068514
384872	17439.209367068514
386000	17439.209367068514
387131	17439.209367068514
397686	17439.209367068514
398814	17439.209367068514
399941	17439.209367068514
401069	17439.209367068514
402196	17439.209367068514
403325	17439.209367068514
404452	17439.209367068514
405585	17439.209367068514
406714	17439.209367068514
407847	17439.209367068514
414032	17439.209367068514
415163	17439.209367068514
416293	17439.209367068514
417422	17439.209367068514
418552	17439.209367068514
419682	17439.209367068514
420814	17439.209367068514
421951	17439.209367068514
423083	17439.209367068514
424214	17439.209367068514
425346	17439.209367068514
426474	17439.209367068514
427601	17439.209367068514
428732	17439.209367068514
429864	17439.209367068514
430995	17439.209367068514
432126	17439.209367068514
433255	17439.209367068514
434388	17439.209367068514
435516	17439.209367068514
438665	16795.428362659102
455325	16795.42836248948
456456	16795.42836248948
457582	16795.42836248948
458712	16795.42836248948
459842	16795.42836248948
460971	16795.42836248948
462100	16795.42836248948
463230	16795.42836248948
464363	16795.42836248948
465497	16795.42836248948
466625	16795.42836248948
467754	16795.42836248948
468881	16795.42836248948
470010	16795.42836248948
471140	16795.42836248948
472269	16795.42836248948
473399	16795.42836248948
474531	16795.42836248948
475662	16795.42836248948
483436	16795.42836248948
484570	16795.42836248948
485706	16795.42836248948
486835	16795.42836248948
487966	16795.42836248948
489093	16795.42836248948
490222	16795.42836248948
491351	16795.42836248948
492479	16795.42836248948
493602	16795.42836248948
494727	16795.42836248948
495856	16795.42836248948
496982	16795.42836248948
498106	16795.42836248948
499235	16795.42836248948
500364	16795.42836248948
501491	16795.42836248948
502619	16795.42836248948
503747	16795.42836248948
504873	16795.42836248948
521194	16795.42836248948
522319	16795.42836248948
523446	16795.42836248948
524572	16795.42836248948
525701	16795.42836248948
526832	16795.42836248948
527962	16795.42836248948
529095	16795.42836248948
530228	16795.42836248948
531362	16795.42836248948
532493	16795.42836248948
533622	16795.42836248948
534753	16795.42836248948
535882	16795.42836248948
537014	16795.42836248948
538144	16795.42836248948
539275	16795.42836248948
540409	16795.42836248948
541537	16795.42836248948
542666	16795.42836248948
563675	2307.373810006507
585492	2300.0000085682495
606741	2300.0000001929
607930	2300.0000001929
609117	2300.0000001929
610299	2300.0000001929
611487	2300.0000001929
612671	2300.0000001929
613856	2300.0000001929
615048	2300.0000001929
616231	2300.0000001929
617415	2300.0000001929
618602	2300.0000001929
619779	2300.0000001929
620955	2300.0000001929
622129	2300.0000001929
623291	2300.0000001929
624461	2300.0000001929
625625	2300.0000001929
626788	2300.0000001929
627951	2300.0000001929
629117	2300.0000001929
630291	2300.0000001929
631456	2300.0000001929
632620	2300.0000001929
633778	2300.0000001929
634934	2300.0000001929
636091	2300.0000001929
637247	2300.0000001929
638405	2300.0000001929
643529	2300.0000001929
644681	2300.0000001929
645837	2300.0000001929
646989	2300.0000001929
648148	2300.0000001929
649309	2300.0000001929
650467	2300.0000001929
651629	2300.0000001929
652797	2300.0000001929
653968	2300.0000001929
662288	2300.0000001929
663463	2300.0000001929
664632	2300.0000001929
665807	2300.0000001929
666983	2300.0000001929
668158	2300.0000001929
669339	2300.0000001929
670516	2300.0000001929
671692	2300.0000001929
672866	2300.0000001929
674042	2300.0000001929
675210	2300.0000001929
676381	2300.0000001929
677549	2300.0000001929
678724	2300.0000001929
679895	2300.0000001929
681070	2300.0000001929
682243	2300.0000001929
683422	2300.0000001929
684594	2300.0000001929
692501	2300.0000001929
693670	2300.0000001929
694844	2300.0000001929
696017	2300.0000001929
697186	2300.0000001929
698367	2300.0000001929
699542	2300.0000001929
700716	2300.0000001929
701896	2300.0000001929
703072	2300.0000001929
704249	2300.0000001929
705429	2300.0000001929
706609	2300.0000001929
707784	2300.0000001929
708963	2300.0000001929
710143	2300.0000001929
711312	2300.0000001929
712475	2300.0000001929
713642	2300.0000001929
714806	2300.0000001929
722783	2300.0000001929
723954	2300.0000001929
725117	2300.0000001929
726283	2300.0000001929
727452	2300.0000001929
728621	2300.0000001929
729798	2300.0000001929
730968	2300.0000001929
732137	2300.0000001929
733311	2300.0000001929
734492	2300.0000001929
735658	2300.0000001929
736829	2300.0000001929
738007	2300.0000001929
739177	2300.0000001929
740355	2300.0000001929
741527	2300.0000001929
742702	2300.0000001929
743880	2300.0000001929
745055	2300.0000001929
753159	2300.0000001929
754338	2300.0000001929
755508	2300.0000001929
756675	2300.0000001929
757851	2300.0000001929
759022	2300.0000001929
760200	2300.0000001929
761372	2300.0000001929
762536	2300.0000001929
763707	2300.0000001929
764876	2300.0000001929
766050	2300.0000001929
767218	2300.0000001929
768397	2300.0000001929
769571	2300.0000001929
770734	2300.0000001929
771901	2300.0000001929
773070	2300.0000001929
774243	2300.0000001929
775414	2300.0000001929
793339	2300.0000001929
794513	2300.0000001929
795685	2300.0000001929
796856	2300.0000001929
798032	2300.0000001929
799202	2300.0000001929
800375	2300.0000001929
801548	2300.0000001929
802722	2300.0000001929
803895	2300.0000001929
811586	2300.0000001929
812757	2300.0000001929
813929	2300.0000001929
815105	2300.0000001929
816285	2300.0000001929
817460	2300.0000001929
818637	2300.0000001929
819811	2300.0000001929
820983	2300.0000001929
822156	2300.0000001929
823334	2300.0000001929
824509	2300.0000001929
825684	2300.0000001929
826857	2300.0000001929
828028	2300.0000001929
829200	2300.0000001929
830370	2300.0000001929
831548	2300.0000001929
832721	2300.0000001929
833891	2300.0000001929
841498	2300.0000001929
842677	2300.0000001929
843859	2300.0000001929
845040	2300.0000001929
846219	2300.0000001929
847400	2300.0000001929
848572	2300.0000001929
849744	2300.0000001929
850926	2300.0000001929
852110	2300.0000001929
853285	2300.0000001929
854461	2300.0000001929
855636	2300.0000001929
856811	2300.0000001929
857983	2300.0000001929
859156	2300.0000001929
860323	2300.0000001929
861500	2300.0000001929
862674	2300.0000001929
863845	2300.0000001929
881902	2300.0000001929
883066	2300.0000001929
884237	2300.0000001929
885413	2300.0000001929
886591	2300.0000001929
887771	2300.0000001929
888946	2300.0000001929
890124	2300.0000001929
891303	2300.0000001929
892480	2300.0000001929
893652	2300.0000001929
894820	2300.0000001929
895990	2300.0000001929
897157	2300.0000001929
898331	2300.0000001929
899503	2300.0000001929
900675	2300.0000001929
901847	2300.0000001929
903019	2300.0000001929
904188	2300.0000001929
912071	2300.0000001929
913247	2300.0000001929
914414	2300.0000001929
915588	2300.0000001929
916758	2300.0000001929
917929	2300.0000001929
919098	2300.0000001929
920270	2300.0000001929
921436	2300.0000001929
922607	2300.0000001929
923774	2300.0000001929
924949	2300.0000001929
926129	2300.0000001929
927303	2300.0000001929
928470	2300.0000001929
929642	2300.0000001929
930813	2300.0000001929
931985	2300.0000001929
933161	2300.0000001929
934331	2300.0000001929
942739	2300.0000001929
943909	2300.0000001929
945079	2300.0000001929
946253	2300.0000001929
947413	2300.0000001929
948579	2300.0000001929
949750	2300.0000001929
950915	2300.0000001929
952084	2300.0000001929
953259	2300.0000001929
958319	2300.0000001929
959488	2300.0000001929
960661	2300.0000001929
961838	2300.0000001929
963008	2300.0000001929
964185	2300.0000001929
965356	2300.0000001929
966529	2300.0000001929
967703	2300.0000001929
968876	2300.0000001929
970055	2300.0000001929
971230	2300.0000001929
972406	2300.0000001929
973584	2300.0000001929
974755	2300.0000001929
975929	2300.0000001929
977102	2300.0000001929
978277	2300.0000001929
979452	2300.0000001929
980621	2300.0000001929
988801	2300.0000001929
989976	2300.0000001929
991153	2300.0000001929
992324	2300.0000001929
993496	2300.0000001929
994666	2300.0000001929
995833	2300.0000001929
997005	2300.0000001929
998174	2300.0000001929
999343	2300.0000001929
1000513	2300.0000001929
