-98.35102423105467	-34.82152483328417	-80.49251878741197	70.75777055924465	-54.8223100908037	38.92358484245739	95.2644468619961	-99.18305300636754	-90.43409046560129	69.06609551066941	78.61917646318739	39.70333751325629	50.613702575355234	81.37660264234171	79.41993796573752	-14.142519937491784	53.483242876892575	43.482373335841714	-98.44478808209199	79.60516463802412	3.120263685608535	-37.22264263538666	42.972057604801876	83.70265453876732	-1.415942799737934	88.73312277184752	87.03286485936454	-19.290350866752732	-39.592467393499355	-9.765086843761466	
-58.52423195109971	-60.24523783383208	-74.3129295679927	55.318143880396676	-69.84997944682738	42.889198097524314	100.0	-44.87892845663015	-100.0	57.33488800171474	84.42936858903549	53.57709374317124	84.59373330088408	100.0	100.0	-26.17101727442958	78.81210768475097	24.974056324451766	-55.80394751206701	15.998287521834214	8.364924236789848	-42.2569725934213	38.37221292670816	34.0030365170129	11.94242678663381	82.7130318607868	90.73067010391162	-21.79086483211242	-32.56890012988706	-5.49443102134266	
-98.1148201422123	-92.41572317165489	-96.98769082074358	81.19241880219657	-47.260394141852714	79.45470612681473	100.0	-47.379073906767886	-100.0	-66.9028771640278	-93.40981668447503	60.1134776445586	7.352012183265515	90.94718720895649	100.0	-14.306044054276194	95.27595420744689	-40.65294487698884	36.51369608192	-71.83958644548204	56.4441583538873	72.73080959725414	-44.889464860791236	-84.29286702978334	65.65651239787758	-64.73385215571298	98.79987892748511	42.6695125270701	51.44583877252513	-29.93035016836638	
-100.0	-67.34887269857157	-100.0	35.09586315492703	-56.6981817826405	-67.32568928297918	80.01895574581563	-76.12832154204685	-78.58422437701532	-58.750946103770765	84.78198801110449	-21.024248567518512	23.91667090576949	-47.487698807134436	100.0	-38.30266256945903	16.630477158667166	-9.491906800306632	-13.7685714295534	71.69089800014449	60.17522455578653	31.529894133053936	38.319069963593876	49.81705722342728	-44.4704839406328	69.22857711793951	63.50209266451733	-68.42787520551404	63.84832399261444	-86.77680842249586	
-40.91369542467831	-74.05880196097876	-100.0	89.29003121510264	-59.13914074119563	17.02660223831291	100.0	-99.0338415175856	-100.0	-87.83867088167372	94.98248385998315	31.965182674715194	16.78984430812057	9.23486834935342	76.89325586647169	-3.5129882598481608	-7.276155810001729	-0.08901507310703494	4.75069745915409	-100.0	61.85730616921447	-23.596039809791943	21.368042825579064	-26.42077380932515	-18.847538455851787	17.7261075523707	56.184073515841995	-89.40641397172527	73.94816153823366	-75.13267762596213	
-93.81213780492556	-85.12662400853472	-92.92059673295772	18.74929122833279	-80.44211240752767	12.531279655980303	68.8826480853519	-43.236098304750705	-90.8247516330356	-77.62634699385873	14.685437253689045	21.25074053752444	54.335253413737846	-73.51203076720375	65.17264399741158	-10.48435466135874	15.181164592919634	-65.62633417707293	-9.581870248924396	-7.478310322874123	71.49349812859124	-18.075959852879578	38.45045338743864	-31.455891998538945	71.53872533735853	12.363863862685239	61.05298887391821	1.4664751156555198	28.56772686840421	-61.80049735353577	
-96.88269632575205	-95.77271558975517	-82.71994089594995	79.9397649042116	-71.79654633196805	-98.12408567367078	91.34612790893058	-51.58012704872435	-84.30489931367836	-75.37307845706277	74.807112170293	-23.659610350685377	30.44193113884286	-34.93278723844778	84.11640832243629	-19.647643796267715	31.65734595732694	-33.99188758275798	28.643767844588698	-52.358259275593724	48.979720833707646	-24.192467049365376	20.506000302794458	-3.1800306401140084	34.75816168014823	48.08826198026238	55.327142996205936	-75.03101882575713	83.5728507483601	-92.39365641360568	
-90.15581528632133	-86.53604272944769	-54.92242850473902	57.29251058626444	-81.74558315415656	-50.95618889025701	74.97750148381564	-45.99232537937583	-81.51410704240712	-54.863599547757374	65.41827761876372	-19.3900058726766	-6.126472684942591	-31.518585367275954	78.4041566769353	-25.307672142686275	-6.999505835759731	-25.01100822481216	22.628537399445165	-68.88989473864483	66.8507366734264	-11.16631357686381	16.342991806979548	-29.590917397308118	15.340222463667805	39.574649173515404	81.48715253616646	-63.722574069877275	10.4881493864123	-82.01533177029289	
-86.98764167502905	-87.82802402617989	-76.45258746591963	84.86925284346137	-75.04788623170273	-69.20476712729317	81.88382522468567	-45.93145684040191	-88.61569901935144	-72.99068638850008	77.51902235939836	-38.65677562157531	28.260639633200938	-36.42706045499581	84.47238924483047	-26.941040107693667	57.13748355954485	-26.848156493947663	30.47877693645723	-53.20540950102821	62.081165701730384	-9.690247751883717	38.6247708787573	-9.383763007862225	45.215400057859995	47.331365482422925	55.28313899093514	-71.38944110116627	51.50766555068242	-89.5695177913061	
-86.98764167502905	-87.82802402617989	-76.45258746591963	84.86925284346137	-75.04788623170273	-69.20476712729317	81.88382522468567	-45.93145684040191	-88.61569901935144	-72.99068638850008	77.51902235939836	-38.65677562157531	28.260639633200938	-36.42706045499581	84.47238924483047	-26.941040107693667	57.13748355954485	-26.848156493947663	30.47877693645723	-53.20540950102821	62.081165701730384	-9.690247751883717	38.6247708787573	-9.383763007862225	45.215400057859995	47.331365482422925	55.28313899093514	-71.38944110116627	51.50766555068242	-89.5695177913061	
