50.625110596331865	-79.53929352844466	-38.69013562706056	69.48654077986956	-92.98567921904095	39.69464950553157	13.615416228151304	10.301022962065275	-33.39286671642259	-69.68873076631374	90.16527231161163	52.94588559388208	61.15024879909515	-80.46407662770416	56.81595527557829	-56.30224498204084	-60.14734825319501	6.994276847814973	21.96611068274504	-75.83847915663836	52.97727166132751	16.48876692116754	79.87662255175226	84.7871487866303	37.85563159652975	-27.195887105257015	90.20491955813193	43.71296734646427	-41.82338474957077	71.52269308372209	
54.06899035244674	-92.7612380979952	-37.35810503230126	66.37873664173533	-99.01151500972611	29.415042983337468	46.60939626036596	-58.7711166715262	-33.196117743302146	-78.06637914545175	87.34663988910133	56.0020026879228	99.88730746336898	-71.61142491565018	66.9077972636091	-56.196199055091725	-57.50297158818359	-26.046924835979056	19.583415733401438	-83.44119626122028	75.22271608499265	54.13356335517738	78.54701069591994	99.6527632740241	23.57055746087535	-63.62999139868414	97.91535646104157	26.50361870613813	-72.14179769808698	75.40536790791299	
-100.0	2.730949732882877	-100.0	8.680875145637504	-47.05655326704005	52.16837039641364	70.8761118093994	-89.47099588078612	-20.494308366459176	-97.27333811882026	90.49310412607736	84.30737209448206	31.644498328581015	-81.58741927327821	29.636755910830466	-71.92070454937407	44.51734027347267	-42.367576621469205	43.91901307197281	-36.095831574552676	78.07313326390073	-3.0161405823888963	-75.61073662038253	-53.284503135236335	95.88767361484459	25.460906495553836	8.960988741802609	-9.262572422369253	18.07462682027788	-100.0	
-100.0	-81.66290877168079	-44.76293908690759	54.857801208576475	-67.36445832366584	32.785014032746496	67.55525424300554	-100.0	-29.50996190291	-50.8944940395634	100.0	87.66288211166611	50.93486699768882	-85.68670292399358	67.69760423355213	-48.27801800900951	4.173419282183142	-62.12812362872743	43.44256906476524	-19.47664686473836	71.51207660371074	-6.406720579470768	22.15994756775223	25.180602712507444	49.35665915621437	-52.58180392234215	80.9352380017676	0.8500516750406142	-3.0302124127703003	-100.0	
-76.84354330933762	-91.73403911843528	-51.75680614898913	56.3421479404103	-67.58065733255336	50.99119261351818	67.39888301085101	-96.6400165018352	-32.60027727359477	-49.17791996101167	90.16618360337115	96.21602221887866	37.811272898184015	-87.69960221840984	73.07670461540619	-29.92887002790752	-11.434737032812706	-65.62131481856694	44.11146845629167	-19.072522356645322	80.79205408674534	11.738829204874033	6.57004359107607	-2.6549390924973117	59.46085810860038	-84.30646379252532	84.6370340587769	2.4721545367984277	-5.643411737096507	-97.8913896273501	
-16.201879651082194	-51.14766629713209	-65.78760860634134	16.86208765604804	-88.15402792477099	23.960231872076378	91.06910860218524	-78.55882969024294	-20.713302247226242	6.483820194893643	14.741313883611122	77.85392361491874	96.74203660364446	-90.83606338273256	33.04412548856196	46.924954527070064	-14.15658055110394	-25.28095723256892	11.999175503486578	-79.42529094051059	50.98869346548535	-66.68159672529825	62.85150656438455	-50.094310922687114	4.379055014942857	-8.829937469651393	95.45583378920787	-95.65656416893653	89.35345661179797	-67.59893829802992	
-19.657018860240058	-78.46151110272844	-55.898064061902105	27.206293201266053	-71.31699952921664	36.42130851751458	72.5814115564737	-100.0	-69.12739566900153	-10.498838823902952	20.896638325309908	43.772726371381815	57.728688574252104	-71.87427185654185	71.74981193998028	-79.36742575381274	18.151767349812282	65.07469595592904	30.95235360888004	-47.28585613494776	56.94818379247793	-30.614871827528088	18.466210489483835	-65.40194593029615	1.8768358870727493	11.356525943421877	86.97014355227728	-69.11185156486728	12.044524682364173	-28.332757912040414	
-19.657018860240058	-78.46151110272844	-55.898064061902105	27.206293201266053	-71.31699952921664	36.42130851751458	72.5814115564737	-100.0	-69.12739566900153	-10.498838823902952	20.896638325309908	43.772726371381815	57.728688574252104	-71.87427185654185	71.74981193998028	-79.36742575381274	18.151767349812282	65.07469595592904	30.95235360888004	-47.28585613494776	56.94818379247793	-30.614871827528088	18.466210489483835	-65.40194593029615	1.8768358870727493	11.356525943421877	86.97014355227728	-69.11185156486728	12.044524682364173	-28.332757912040414	
-44.64492028030901	-83.10809132174892	-67.94466669735506	24.40826719654513	-60.75444194457617	25.450137018351445	76.20940589536215	-99.36087855926074	-74.82753707137663	-9.904894682973394	26.880449878829584	25.47781197545039	58.87432087390674	-69.49261329614458	75.57793582422477	-58.041398600637265	13.515206839366632	25.234917598453166	30.406332474030915	-26.818814216885848	51.76996419832446	-32.11373383587169	20.541434116554257	-73.56617745551632	-0.6870725114617668	10.349748339368098	83.98759169555773	-75.16900941313749	15.503104058910104	-29.82534989332956	
-32.88579043885906	-77.4785035304651	-93.50170458640014	41.29456873322192	-89.31032867390692	16.880172708100517	65.47476552728921	-81.82043298305194	-35.82293464929001	-39.71892658557062	45.41115347255436	46.18607129486289	53.10861071665521	-59.16308627040413	51.04610336305677	-16.163376555170927	42.67180696689881	-25.536116126129166	7.834560642728036	-47.939298364074006	72.41927480640852	-30.584810125658628	28.600074303191935	-29.29292011048829	23.535576778228634	19.318778369416407	62.128316836501654	-12.447428905493483	20.645035858319115	-69.69741575150638	
