65.1583338197438	24.002576826345575	-92.50484510227679	13.522576776341992	-79.91000180146074	42.009997156832924	90.08015772497376	-83.24405639711554	-80.03589666199433	53.79973621276747	67.71902055971202	77.59831264420299	-85.07453189386823	-17.81112726668978	76.99277984909958	59.56932926001036	21.20347555774056	27.62059154656656	-7.631673559449936	35.65587128409493	-62.278502853253315	45.967297408109204	0.8217612576588067	82.27243045820342	-17.38435854887821	0.9033777798476166	91.12918420497519	56.79234186630666	97.26562796500991	-68.34439605465339	
41.19587878344905	-32.3612187344879	-22.935170613006235	-8.232909415712202	21.67054026686378	-100.0	82.50080877104993	-87.01129279690716	-84.45739944596689	-75.21691440117306	64.35987396030863	79.73276448546066	73.24710909649662	-100.0	35.114338541562674	-12.026281101059148	100.0	44.41777540570059	46.57755226165824	-100.0	-77.24080537016485	-98.70742587313426	-50.6435802537316	15.912001208343668	56.19699753512599	77.06480787939059	27.250203584746547	-77.78726026306903	-100.0	-9.881774047154176	
-26.892917007525163	-80.47535451531317	-57.45336917760976	-97.52492635420838	-67.09100084295596	6.917948723467717	68.69530087243962	-83.38932675997162	-89.70263651647392	55.955602349824616	65.68902660436916	20.93037601143957	90.04591287130789	-42.31343542433654	60.02641324685525	-78.08478863720553	-56.860943254167886	-83.9425912661573	-22.080330373635093	-62.40255546579452	99.52862046252895	-49.642131776552375	-9.561976398739521	-52.475884455653	84.71685172787718	-77.37510339764302	71.17407696389301	16.614294258245103	29.300726017846983	-85.92405178961027	
-2.609351779548007	-73.88230444844865	-88.00010606186288	-58.75472310323646	-65.8245421274194	5.551714413982783	74.72244673183543	-74.38352475899723	-88.37220945075747	5.137290197129815	64.86750151739761	24.354388960370457	28.98485390560596	-41.79286443290741	61.07056046859491	-58.88842093313868	-61.3558015695924	-88.27069627767972	-25.550011491298292	-57.28706557241172	99.55716058701472	-65.25756682052918	-13.065756777889268	-71.83545294153491	84.69769929334619	-57.1129623293424	74.83115483592495	2.122153718664322	39.01204246688394	-62.866700575930416	
-72.66598203780947	-56.710352982718845	-36.44309663418128	27.834520328509576	-57.508590569406564	-19.436906398769132	79.8205519948558	-60.70301667658907	-93.7127763190139	-50.121995916461366	74.36087605405308	55.12856420176268	13.089311368022845	-70.94393936547509	64.06883319760551	-48.95087600432254	43.34661193831148	-8.07776401368291	32.57248213527111	-57.188516202717146	37.629688195046484	-67.90377472042812	9.238862268955534	7.749106916746173	48.27990929487842	-7.360281597019549	19.157081659274034	-90.96451799738873	52.14391148600246	-40.93080154788939	
-93.80444402731085	-49.13220855539021	-31.052648188505415	36.89197726847108	-67.68992976421794	-43.72773248194001	85.62662814382449	-88.13745648867263	-93.88189333229292	-86.79594983909061	74.22510242350198	54.27487876520838	5.9258693320226925	-70.44327678012472	63.72232971934145	-47.51478307505717	53.579861649613	11.783458668217897	28.189131147999067	-43.25064508825358	50.04228427681795	-70.89617256089977	21.872228171534587	59.100309287846386	23.32577059423971	18.80672470954957	20.69392302430922	-98.28302368579462	72.56017009589723	-35.49802360150285	
-73.71958096055074	-66.59941026640585	-74.64292663740291	11.220987600507577	-53.260355711000706	4.193868789010118	71.14023909943965	-57.71277896505903	-90.640833941893	-13.699551389866642	69.86171817554224	26.42803181741155	12.351969741037394	-54.45442090139426	57.934726517808045	-56.626970612652656	-8.40440242673538	-24.861699755750564	27.93553462490333	-38.1402892890191	59.260450331514704	-56.46695764611465	47.1946365943936	-37.590033740341305	34.91284714576041	-27.219302083308165	94.27447391950874	-59.28669729022533	33.78317461095758	-49.22394936594126	
-76.30956981899277	-75.48119379832542	-24.861029845616127	43.41534778265168	-64.61716336747232	-12.321170040946976	94.32580163582328	-92.94544104982798	-75.3658065591331	-69.51059061033347	2.486387370750819	18.594922410553863	17.044977131662428	-38.936459115022956	37.26134250857557	-19.24909033543951	-56.852374400802596	-6.271720525382467	19.18574328944784	-94.70247207252011	42.64467761021132	-38.09604642575192	14.383041929102705	-43.9537285969316	54.68946017371492	44.47654450742767	57.585243482868904	-52.174821722717496	82.93305321944979	-64.8392338561401	
-76.30956981899277	-75.48119379832542	-24.861029845616127	43.41534778265168	-64.61716336747232	-12.321170040946976	94.32580163582328	-92.94544104982798	-75.3658065591331	-69.51059061033347	2.486387370750819	18.594922410553863	17.044977131662428	-38.936459115022956	37.26134250857557	-19.24909033543951	-56.852374400802596	-6.271720525382467	19.18574328944784	-94.70247207252011	42.64467761021132	-38.09604642575192	14.383041929102705	-43.9537285969316	54.68946017371492	44.47654450742767	57.585243482868904	-52.174821722717496	82.93305321944979	-64.8392338561401	
-76.30956981899277	-75.48119379832542	-24.861029845616127	43.41534778265168	-64.61716336747232	-12.321170040946976	94.32580163582328	-92.94544104982798	-75.3658065591331	-69.51059061033347	2.486387370750819	18.594922410553863	17.044977131662428	-38.936459115022956	37.26134250857557	-19.24909033543951	-56.852374400802596	-6.271720525382467	19.18574328944784	-94.70247207252011	42.64467761021132	-38.09604642575192	14.383041929102705	-43.9537285969316	54.68946017371492	44.47654450742767	57.585243482868904	-52.174821722717496	82.93305321944979	-64.8392338561401	
