79.35968631465767	46.75371766773608	85.5011324254834	18.30461712679113	-16.901187327840475	-2.12935544794351	26.64139390076039	-94.70190292133952	45.46999041746642	-11.096236931029253	52.68568970444636	-75.09421344447959	86.59109337473933	-29.057068020400962	6.062599420266963	23.10159676705183	-55.93327609168648	94.27284417698885	-66.53614591624421	57.23054865739138	73.68526581238385	58.371267805918336	-40.18670832422306	53.96029211419153	63.826382412993894	64.87403683677701	-98.00869676287127	-82.5570778698967	-1.4566747572785488	36.07614042055218	
54.76421598724127	-76.70636223939265	-70.65587906641194	-69.02595595341022	-2.7716709538080675	-13.876243750332634	-38.283579516093596	93.92551582733358	98.30958795576407	19.99468908003464	50.79966146656588	-100.0	80.20498962489027	-23.336941718610653	-24.476486889310408	-72.46599159301138	24.45890063998533	82.74693452668815	-54.95320259531454	-0.9258326804127073	4.917811450069557	53.91094148862059	-88.74190173330607	82.94118896280754	84.31674595834531	64.76474944048825	-57.08383150881363	100.0	20.005023144245648	58.415193564796304	
25.59387788561554	-58.97461146422833	24.167052497239176	36.71535578054498	76.86864198803134	10.881523814650954	13.808946375291068	-98.78427515964854	71.05399147217767	18.362916771215925	59.95781633741363	-43.46805228599408	42.70941074817693	-34.24571088241603	12.902956224219771	-63.08270075806015	25.042919484119057	-5.236367937102187	-71.12112958742435	28.08331166312321	-15.99216168791871	-2.8681682541526925	8.010297517047206	98.62548890273206	40.95597653922816	-5.7020060431837365	-9.12332213452801	62.38558374891289	-17.655213920243625	98.38651224413135	
9.545453280664773	-55.6207094093803	35.923009933793224	24.532308592460005	72.40020370628199	-4.707064002206735	29.403836090099308	-49.19740887217256	82.6359365292143	28.13420523517424	61.828135357185026	-41.66627090326591	53.44416612935988	-33.01503475541617	22.730606293754697	-71.15408205764462	17.232627626804888	5.971579112796462	-55.987501624249376	32.01597173276641	6.485301124958298	2.829447275780243	12.221436233274906	89.48220684734173	43.980388389765906	16.7462280804095	-20.981986151404936	60.96014420090156	-5.985130316624307	78.42250992688705	
61.886806955637596	48.51640780251281	32.37609043029739	-34.106559827505706	-18.808853299407104	-57.641973722824396	71.42585148509666	86.42436796351814	67.84091843654173	38.2596399270136	56.35868331982651	25.519948484914345	65.27882136622713	-20.67623804209173	-25.2813263168512	-95.74918867576427	20.088292080393277	66.02524311337555	-54.082750536602546	29.529893678433528	42.58821262988508	-59.36409426907486	-55.5237121770563	41.75206292655972	59.52593921253275	-50.68384815385774	-38.98636441419156	66.73210357046158	-82.57517396956268	44.4179684747725	
80.78210426515803	-18.664106668940086	-78.25762292496336	-54.90991429277418	-29.64520698289775	-71.7110704109017	-46.226665369328245	6.913267392324272	84.58198294474877	25.856556980205287	48.76717155527562	-68.0653914972594	81.08268264022847	-39.05888665057063	-40.46749791540999	-84.0162078411173	1.0288687138115336	81.24146389366557	-48.004053139968796	21.209072321793222	2.389526882446912	72.96622492934462	-52.341493199351284	27.111856854610807	64.42241263183692	74.31038694566901	-37.142676551417715	-9.012266774900695	2.876883579904921	83.5479173417257	
55.597071730353115	71.34049355892625	58.28081362793426	-74.1710181107385	28.074733269298456	-58.285718963220155	37.786562143654955	32.35857504139736	67.406052294642	42.19784086430828	62.79879610511529	-43.338796307749625	53.155828417498526	-35.311489173146484	4.864549607149998	-76.46201334885089	29.46883858628182	-14.269388063515501	-50.358792656199334	31.830742476097	21.44550524997007	-49.9145714595214	-35.21794074170991	38.59122647722613	59.97342551211468	2.8901394805645744	-46.084999318212155	69.81416978459309	-17.45320199615702	49.66386548766082	
57.08290522348938	-7.842330886032869	-12.88084899572564	-13.38189824395866	-20.58447984013639	-26.491290580791066	34.51388674802259	22.404402055687473	79.06171381563293	27.99974106488857	51.94320453390235	-41.30142487819133	70.50742004083132	-36.94097209422835	-30.42509177095641	-61.381639145788114	4.112156447525679	28.923848541418366	-53.8511290005912	24.158434005285777	32.545261692929444	50.1876722949672	-62.271897953234685	37.24460027713178	62.560373548408435	25.97548467480503	-35.96484015336324	1.6546725193491767	-7.607432792162207	61.1199018354498	
58.28235042461523	19.21883106776317	-41.6874394009339	-51.315429842862265	-42.22966833907629	-41.46905839465431	-3.447869511941761	26.102929544353316	82.29187999897307	33.75477033103149	57.15056432848761	-47.13185313424629	65.92997350728712	-33.19817615336887	47.30644023564924	-73.20306793364995	20.804470398984904	-53.93292175045906	-52.50310468722315	26.685263587050663	-67.26589074733226	42.58610948599291	-6.987741117291158	40.79656829403231	58.47842420775257	35.80569149518638	-35.554878842404136	15.92962624578698	-5.969489886687555	77.34095962395895	
45.23519793312752	-0.42146945662333835	-37.73940673822059	-44.02304501271793	-23.053649112796712	-15.14195958478961	-47.082414763953906	15.603699004703191	78.51696641970726	33.74292381278243	57.27339355721218	-39.82294989539938	64.14650420677275	-33.70267064218952	1.5774070759436487	-58.650214873428936	15.930105608368743	-15.711002657662426	-51.06138571550315	25.28031881101861	-45.3119190650138	25.229223917036588	13.752611952613758	41.278751551825884	57.40633757711656	27.111145654306256	-20.069953614804312	13.928091894188807	18.518742284139012	52.501534278936504	
