-38.29326290399357	14.180799303715673	15.271488399368607	-47.73240053202199	19.751826844927663	-83.3714698919823	-0.799949220419947	89.00615099538129	93.76892270147519	53.32094544440784	-25.48349202398954	10.002718376254833	15.163073181122527	8.19105189211615	19.602136435545717	86.81787765300061	-4.624620547798642	85.53125018486696	-36.452582366965224	63.8841696631695	3.5530033948346613	-55.592486760322714	82.39362790028392	83.20247999768347	-29.00198348932841	8.06817787360697	2.35890976392848	-65.69040730779214	78.63047147668973	27.060705240393986	
-26.792545256336922	21.63361694640858	37.91521288333742	-38.17090035073898	41.38747396209409	-79.52173164012144	-8.144583158520255	92.30871826364138	90.49987376555805	63.80785512088099	-17.775142545889803	9.332177892217215	15.678503662303395	40.51837012104426	20.630113815200374	78.29625135693705	0.28296107918962576	90.71792295339645	-10.406296789712318	70.44348418964347	3.852872065087354	2.257111940335804	80.67707698047484	31.329105645129545	-59.2165995994635	-5.917398959237389	-11.859013071282469	-57.39227037814034	84.39304476048538	14.515530209474612	
-37.453856946262945	19.74601477996891	27.936679296525327	-39.661254108773676	42.05661466102505	-63.56655056448552	-19.623684943071606	36.45297085618347	87.710609844994	71.5609811176828	-14.898966176281306	6.316479676203411	17.68625977539326	54.475141061975336	40.971164023799034	68.35227923508211	0.4959958605012073	92.11772229429849	-9.297419789518655	73.48051418734254	10.009918925990645	-15.75480992592026	77.22370191960908	47.47674888199041	-60.59233428557771	-6.394935020264237	-14.997699458093145	-48.675404590847315	74.18776630567667	14.546051285644024	
-28.733165946933443	19.428443994152932	24.065999114940897	-28.29203226527496	66.51749316733942	-50.305933465957324	-29.849697592290322	36.80617766838939	82.4150175491125	75.58806452546295	-15.97468515119118	7.989376354918413	21.913962664535667	65.26599287282602	39.42355270019288	62.51900722380509	3.708344228313079	91.50402645562562	-10.373628992450348	73.86202066872522	1.9138999829842618	-25.180163939793104	76.20253598841036	54.64203877527158	-43.02715822909407	-4.690589234424648	-12.656704913899432	-49.20447754413391	74.8540928436381	25.610017190222553	
-62.67909753314267	18.080732564064107	4.575080735166031	12.051747638215176	26.389252822760533	-26.146354868192738	-66.66917153046418	34.42050890041635	-1.5352850448196094	20.139208494511237	-27.904988819028826	-1.6568263864920851	31.33795740210866	45.26882031640142	20.08199166527808	8.450292376389006	9.457055922145313	65.55754091840929	-13.790667755119618	-11.203386717848689	14.213129423450212	8.870846668125665	44.64559049772427	59.78374938222254	-53.01123255659611	18.767367666086805	-15.257831835470423	-41.500801069057694	64.69884868719365	-10.257507213315193	
-19.68848968985694	-15.602677660713779	5.6892777134865415	13.533783978864802	50.84260607457352	-34.743789032223155	-52.54469584743908	21.196593968565086	-22.20790769673568	73.40820018179136	-32.86817097613139	-1.6449171127287503	4.998217409207443	51.1001048239993	7.430702939169231	23.225980851148215	-14.74266329663481	94.30334716214507	-59.87519305403103	20.7078363909546	-35.76625596462155	-2.644757130813857	88.12967311643297	37.000352781619945	9.215760233597347	0.5648716297737089	-1.6968640259838565	-35.031083186394255	-12.964725471173562	-2.6245741114643932	
-89.57190195239706	8.703252339477237	38.92849100468639	17.59771730326863	66.3822030154854	-38.020606415990734	-61.579114409828556	41.7157630682533	18.16953462279354	36.779414871360366	-52.94292765684838	16.77546852728427	-1.5185916540556175	85.55244302119152	3.5356621054541715	18.206110182516902	-32.67779386781435	48.72308034264005	-50.01837709587552	34.480869716680644	-30.365733935227944	-30.974313072855978	58.00284927365643	54.61948777684579	-5.737575320525979	15.117986827839122	-25.129331359758716	-31.686445585045984	70.63238403770332	3.7683720922443156	
-52.65973266215974	0.28404855790395445	-1.1491677865153145	16.22702864985682	33.372784860425895	-71.11718750672398	-64.19496955764508	34.27093386267009	19.134586090839218	68.5467473927986	-23.634950568035656	6.573874690660062	11.271663164782536	50.22834042144111	51.67218317005399	45.90713889943917	-32.188074815182695	80.12293601334852	-59.36552963169843	-1.6100187376558033	-10.133462836715475	-8.06448182850988	76.52758261673716	38.81704918775275	-14.635119400021903	24.808480326963068	-9.542217501587825	-51.597523218694384	36.56534073355729	-15.883654643919119	
-47.81570240844567	18.09003386206234	16.14286632888294	5.953958925706424	35.42477833845367	-19.16261201685212	-80.55316145585225	20.822813066715746	4.617350773057357	57.75895491462291	-41.89012517783794	-0.3340654559973366	15.145864959696471	47.7915009586311	14.677450388852938	24.54740190913057	-13.217062804911361	54.09399440728923	-39.70812690625492	-11.253036440352176	-14.53467081161206	-1.4170682969895267	61.926575333564166	25.171996124580655	-18.785578967946222	33.90727491474463	-32.778957767344195	-36.36531932816162	39.157213779498555	1.8832458938401038	
-51.02957257080339	16.92835012276135	23.62040321111158	3.1114618645941627	36.38242599039778	-33.45715941549451	-68.81295716484499	18.16473390368951	-0.3137138159098143	64.42817656658981	-44.73949813860615	-7.102083454478651	4.066046871101108	47.79916920247885	13.800419403705941	28.527200838561168	-24.06533322599831	57.66165173746963	-33.30576998941445	-17.930329425195957	-15.080392998414814	11.367544005242236	57.82534566969337	30.8361612797309	-10.448899346962538	30.95384473072981	-30.646723957611748	-42.96507131627604	29.281344425821864	5.28983449442827	
