1000	438362377.90255874
2175	179411509.86954242
3334	110558863.27813798
4488	53565975.63819462
5631	44564056.63088612
6773	41467950.20392914
7911	19083598.263289362
9049	19083598.263289362
10201	19083598.263289362
11339	19083598.263289362
12484	17555665.726201687
13620	17555665.726201687
14753	11367136.264025347
15891	11367136.264025347
17024	11258560.63041493
18158	11258560.63041493
19290	10725048.376408778
20420	10631723.005388245
21551	10631723.005388245
22684	10631723.005388245
23817	8105461.871116885
24951	8105461.871116885
26082	8105461.871116885
27216	7196153.368666552
28342	7196153.368666552
29471	7196153.368666552
30604	7196153.368666552
31733	7196153.368666552
32864	6154900.633154465
33996	6154900.633154465
35129	5845247.816192281
36268	5845247.816192281
37401	5845247.816192281
38531	5633219.690618493
39662	4998458.864470473
40795	4700332.41654108
41927	4700332.41654108
43061	4281792.82804159
44194	3951605.3696802547
45325	3759053.789629875
46454	3759053.789629875
262642	33775.23653834517
393874	18270.02232968007
395006	18270.02232968007
396140	18270.02232968007
397268	18270.02232968007
398402	18270.02232968007
399533	18270.02232968007
400663	18270.02232968007
401794	18270.02232968007
402924	18270.02232968007
404055	18270.02232968007
405190	18270.02232968007
406316	18270.02232968007
407445	18270.02232968007
408573	18270.02232968007
409701	18270.02232968007
410839	18270.02232968007
411970	18270.02232968007
413103	18270.02232968007
414236	18270.02232968007
530415	18270.02232968007
531551	18270.02232968007
532687	18270.02232968007
533826	18270.02232968007
534960	18270.02232968007
536099	18270.02232968007
537231	18270.02232968007
538363	18270.02232968007
539499	18270.02232968007
540632	18270.02232968007
541766	18270.02232968007
542900	18270.02232968007
544036	18270.02232968007
545172	18270.02232968007
546309	18270.02232968007
547442	18270.02232968007
548575	18270.02232968007
549707	18270.02232968007
550842	18270.02232968007
551973	18270.02232968007
668165	18270.02232968007
669303	18270.02232968007
670442	18270.02232968007
671574	18270.02232968007
672708	18270.02232968007
673850	18270.02232968007
674988	18270.02232968007
676131	18270.02232968007
677271	18270.02232968007
678410	18270.02232968007
679544	18270.02232968007
680681	18270.02232968007
681816	18270.02232968007
682948	18270.02232968007
684084	18270.02232968007
685226	18270.02232968007
686362	18270.02232968007
687497	18270.02232968007
688627	18270.02232968007
689766	18270.02232968007
805948	18270.02232968007
807081	18270.02232968007
808220	18270.02232968007
809360	18270.02232968007
810503	18270.02232968007
811641	18270.02232968007
812786	18270.02232968007
813927	18270.02232968007
815070	18270.02232968007
816213	18270.02232968007
817353	18270.02232968007
818492	18270.02232968007
819624	18270.02232968007
820758	18270.02232968007
821898	18270.02232968007
823036	18270.02232968007
824171	18270.02232968007
825303	18270.02232968007
826443	18270.02232968007
827578	18270.02232968007
943764	18270.02232968007
944900	18270.02232968007
946032	18270.02232968007
947166	18270.02232968007
948302	18270.02232968007
949439	18270.02232968007
950574	18270.02232968007
951707	18270.02232968007
952844	18270.02232968007
953979	18270.02232968007
955113	18270.02232968007
956248	18270.02232968007
957379	18270.02232968007
958519	18270.02232968007
959658	18270.02232968007
960794	18270.02232968007
961932	18270.02232968007
963071	18270.02232968007
964212	18270.02232968007
965349	18270.02232968007
1081537	18270.02232968007
