1000	226270974.17832905
2168	77245339.99835266
3326	77245339.99835266
4477	49726500.62840452
5623	25209928.924072433
6767	25209928.924072433
7907	25209928.924072433
9045	12470805.163296143
10183	12470805.163296143
11323	12470805.163296143
12458	12470805.163296143
13593	11601689.00916749
14722	11601689.00916749
15858	11601689.00916749
16994	11601689.00916749
18127	11065646.946833849
19261	6110107.862920825
20397	6110107.862920825
21534	6110107.862920825
22664	5987543.961927065
23794	5987543.961927065
24920	4470051.805505952
26049	4470051.805505952
27180	4470051.805505952
28310	4111787.0563635193
29443	4111787.0563635193
30576	4111787.0563635193
31708	3531527.3293748447
32841	3531527.3293748447
33975	3531527.3293748447
35105	3531527.3293748447
36240	3531527.3293748447
37371	3531527.3293748447
38500	3478503.241728487
39631	3359770.60746228
40761	3359770.60746228
41892	2959137.051460694
43019	2959137.051460694
44150	2618060.6025928953
45277	2610181.580274572
46405	2610181.580274572
47538	2610181.580274572
263716	32984.09321422779
394947	11900.462115440667
396077	11900.462115440667
397205	11900.462115440667
398330	11900.462115440667
399454	11900.462115440667
400584	11900.462115440667
401709	11900.462115440667
402838	11900.462115440667
403965	11900.462115440667
405095	11900.462115440667
406222	11900.462115440667
407352	11900.462115440667
408481	11900.462115440667
409609	11900.462115440667
410737	11900.462115440667
411863	11900.462115440667
412993	11900.462115440667
414123	11900.462115440667
415253	11900.462115440667
416383	11900.462115440667
417516	11900.462115440667
418652	11900.462115440667
419787	11900.462115440667
420920	11900.462115440667
422051	11900.462115440667
423185	11900.462115440667
424317	11900.462115440667
425453	11900.462115440667
541634	11900.462115440667
542763	11900.462115440667
543894	11900.462115440667
545026	11900.462115440667
546155	11900.462115440667
547284	11900.462115440667
548415	11900.462115440667
549545	11900.462115440667
550675	11900.462115440667
551806	11900.462115440667
667985	11900.462115440667
669120	11900.462115440667
670255	11900.462115440667
671393	11900.462115440667
672527	11900.462115440667
673663	11900.462115440667
674802	11900.462115440667
675937	11900.462115440667
677072	11900.462115440667
678206	11900.462115440667
679345	11900.462115440667
680481	11900.462115440667
681619	11900.462115440667
682751	11900.462115440667
683883	11900.462115440667
685015	11900.462115440667
686151	11900.462115440667
687282	11900.462115440667
688416	11900.462115440667
689555	11900.462115440667
805738	11900.462115440667
806870	11900.462115440667
807999	11900.462115440667
809127	11900.462115440667
810259	11900.462115440667
811391	11900.462115440667
812523	11900.462115440667
813655	11900.462115440667
814793	11900.462115440667
815925	11900.462115440667
817058	11900.462115440667
818194	11900.462115440667
819324	11900.462115440667
820459	11900.462115440667
821590	11900.462115440667
822724	11900.462115440667
823858	11900.462115440667
824989	11900.462115440667
826124	11900.462115440667
827260	11900.462115440667
943440	11900.462115440667
944571	11900.462115440667
945701	11900.462115440667
946828	11900.462115440667
947961	11900.462115440667
949091	11900.462115440667
950219	11900.462115440667
951353	11900.462115440667
952480	11900.462115440667
953610	11900.462115440667
954737	11900.462115440667
955866	11900.462115440667
956994	11900.462115440667
958125	11900.462115440667
959255	11900.462115440667
960385	11900.462115440667
961511	11900.462115440667
962638	11900.462115440667
963766	11900.462115440667
964894	11900.462115440667
1081070	11900.462115440667
