1000	409442683.83704513
2166	199882984.12422
3325	99018245.82339981
4476	59775620.749480225
5623	50466669.17304057
6766	50466669.17304057
7909	19495465.8491686
9046	19495465.8491686
10180	13110602.538175903
11311	13110602.538175903
12444	6997482.835257891
13572	6997482.835257891
14702	6997482.835257891
15837	6997482.835257891
16966	6997482.835257891
18099	6997482.835257891
19229	6997482.835257891
20357	6997482.835257891
21484	6997482.835257891
22611	6997482.835257891
23740	6997482.835257891
24866	6997482.835257891
25990	6997482.835257891
27120	6658923.40477116
28248	6658923.40477116
29373	6658923.40477116
30500	6658923.40477116
31628	6658923.40477116
32755	6658923.40477116
33884	6658923.40477116
35015	6658923.40477116
36145	6658923.40477116
37274	6658923.40477116
38407	5262446.166342229
39536	4726643.15843478
40667	4726643.15843478
41798	4726643.15843478
42931	4726643.15843478
44061	4726643.15843478
45193	4726643.15843478
46323	4726643.15843478
47450	4726643.15843478
48577	4726643.15843478
264755	21637.47638258709
395980	6688.654414498535
397107	6688.654414498535
398236	6688.654414498535
399365	6688.654414498535
400493	6688.654414498535
401623	6688.654414498535
402751	6688.654414498535
403877	6688.654414498535
405003	6688.654414498535
406128	6688.654414498535
407257	6688.654414498535
408388	6688.654414498535
409517	6688.654414498535
410647	6688.654414498535
411775	6688.654414498535
412901	6688.654414498535
414026	6688.654414498535
415152	6688.654414498535
416281	6688.654414498535
417407	6688.654414498535
418541	6688.654414498535
419671	6688.654414498535
420807	6688.654414498535
421941	6688.654414498535
423074	6688.654414498535
424204	6688.654414498535
425333	6688.654414498535
541512	6688.654414498535
542640	6688.654414498535
543772	6688.654414498535
544902	6688.654414498535
546038	6688.654414498535
547169	6688.654414498535
548297	6688.654414498535
549432	6688.654414498535
550564	6688.654414498535
551696	6688.654414498535
667881	6688.654414498535
669014	6688.654414498535
670147	6688.654414498535
671282	6688.654414498535
672416	6688.654414498535
673550	6688.654414498535
674682	6688.654414498535
675817	6688.654414498535
676947	6688.654414498535
678077	6688.654414498535
679212	6688.654414498535
680344	6688.654414498535
681479	6688.654414498535
682612	6688.654414498535
683740	6688.654414498535
684867	6688.654414498535
685996	6688.654414498535
687127	6688.654414498535
688257	6688.654414498535
689388	6688.654414498535
805567	6688.654414498535
806699	6688.654414498535
807832	6688.654414498535
808965	6688.654414498535
810098	6688.654414498535
811233	6688.654414498535
812367	6688.654414498535
813503	6688.654414498535
814639	6688.654414498535
815769	6688.654414498535
816903	6688.654414498535
818041	6688.654414498535
819171	6688.654414498535
820302	6688.654414498535
821433	6688.654414498535
822563	6688.654414498535
823695	6688.654414498535
824832	6688.654414498535
825965	6688.654414498535
827101	6688.654414498535
943280	6688.654414498535
944419	6688.654414498535
945554	6688.654414498535
946691	6688.654414498535
947828	6688.654414498535
948960	6688.654414498535
950098	6688.654414498535
951240	6688.654414498535
952376	6688.654414498535
953514	6688.654414498535
954655	6688.654414498535
955793	6688.654414498535
956931	6688.654414498535
958067	6688.654414498535
959198	6688.654414498535
960331	6688.654414498535
961470	6688.654414498535
962608	6688.654414498535
963746	6688.654414498535
964889	6688.654414498535
1081075	6688.654414498535
