1000	270977872.9689555
2180	158735756.18309885
3342	93021561.2369147
4497	64277715.931277566
5639	53831505.71535804
6777	53831505.71535804
7921	37440150.5392657
9062	28565883.87676074
10203	28565883.87676074
11339	22788601.15137269
12475	17811344.88344157
13614	17811344.88344157
14748	17811344.88344157
15883	14232761.249977432
17022	10992181.259149946
18157	10992181.259149946
19290	10992181.259149946
20425	10992181.259149946
21562	9686639.207702536
22697	9686639.207702536
23837	7567046.574720804
24968	7567046.574720804
26100	7567046.574720804
27229	7567046.574720804
28362	7567046.574720804
29491	7567046.574720804
30620	7567046.574720804
31747	7567046.574720804
32877	6805459.491373257
34005	6805459.491373257
35134	6313815.314540797
36259	6313815.314540797
37390	6313815.314540797
38518	6313815.314540797
39648	6313815.314540797
40780	6313815.314540797
41910	5215549.69367609
43038	5215549.69367609
44164	5215549.69367609
45297	5116043.044068972
46433	5116043.044068972
262712	34258.211481271086
393937	12895.176771041672
395064	12895.176771041672
396193	12895.176771041672
397324	12895.176771041672
398457	12895.176771041672
399589	12895.176771041672
400718	12895.176771041672
401847	12895.176771041672
402978	12895.176771041672
404106	12895.176771041672
405235	12895.176771041672
406363	12895.176771041672
407497	12895.176771041672
408626	12895.176771041672
409751	12895.176771041672
410880	12895.176771041672
412011	12895.176771041672
413136	12895.176771041672
414265	12895.176771041672
530442	12895.176771041672
531571	12895.176771041672
532702	12895.176771041672
533835	12895.176771041672
534970	12895.176771041672
536101	12895.176771041672
537234	12895.176771041672
538366	12895.176771041672
539497	12895.176771041672
540630	12895.176771041672
541765	12895.176771041672
542901	12895.176771041672
544036	12895.176771041672
545167	12895.176771041672
546301	12895.176771041672
547437	12895.176771041672
548570	12895.176771041672
549710	12895.176771041672
550845	12895.176771041672
551974	12895.176771041672
668154	12895.176771041672
669283	12895.176771041672
670416	12895.176771041672
671553	12895.176771041672
672680	12895.176771041672
673808	12895.176771041672
674938	12895.176771041672
676072	12895.176771041672
677204	12895.176771041672
678340	12895.176771041672
679470	12895.176771041672
680603	12895.176771041672
681732	12895.176771041672
682861	12895.176771041672
683989	12895.176771041672
685118	12895.176771041672
686247	12895.176771041672
687373	12895.176771041672
688504	12895.176771041672
689633	12895.176771041672
805813	12895.176771041672
806943	12895.176771041672
808076	12895.176771041672
809204	12895.176771041672
810331	12895.176771041672
811456	12895.176771041672
812581	12895.176771041672
813707	12895.176771041672
814835	12895.176771041672
815963	12895.176771041672
817092	12895.176771041672
818226	12895.176771041672
819364	12895.176771041672
820501	12895.176771041672
821636	12895.176771041672
822773	12895.176771041672
823910	12895.176771041672
825046	12895.176771041672
826187	12895.176771041672
827321	12895.176771041672
943505	12895.176771041672
944639	12895.176771041672
945774	12895.176771041672
946904	12895.176771041672
948044	12895.176771041672
949184	12895.176771041672
950320	12895.176771041672
951457	12895.176771041672
952591	12895.176771041672
953728	12895.176771041672
954860	12895.176771041672
955991	12895.176771041672
957125	12895.176771041672
958258	12895.176771041672
959394	12895.176771041672
960524	12895.176771041672
961654	12895.176771041672
962787	12895.176771041672
963924	12895.176771041672
965059	12895.176771041672
1081243	12895.176771041672
