-76.99662477563342	65.2235844235783	-96.06179493077858	4.3853025851800425	96.82871706034095	-81.57278938195194	-76.25411854206574	77.70481505076768	-92.50288597500243	-92.55090339047779	40.47134808064487	9.212875295887613	-65.46122298146045	89.92067214395891	24.486190513719762	14.050965836026293	67.08633560657853	16.257364954616577	73.10632290155948	-2.586475713098025	-16.89535241453808	-77.65947313148644	14.267559953603154	38.12526975606107	-52.94243179043319	86.3815910774182	28.55172381176706	66.98824520269005	10.70576387958289	34.164540833595424	
-13.538664775103793	12.057792564847219	-93.5300795820391	-25.171927122185178	-1.557866133097901	-24.389633328794854	-13.89812505993951	-73.31113688772406	-12.685024605450709	-60.32189818777617	42.10531237492019	-52.46557521564036	-54.83745972330401	-33.45247020965975	12.103688987750246	6.375577229379268	-99.97618188726494	84.94914308422985	-11.447821983220807	2.7454186909862655	18.73566348826552	-56.561773239619924	21.903540837151148	52.74466182368185	21.172632534578153	68.95586733351122	58.14910715153921	38.536562320284006	-58.146763837540874	23.774958415781814	
8.490957512882915	20.966886065251092	-86.98909902485833	38.65360935990316	21.02490110037051	-25.869247678396395	-8.378175180001467	-66.97040538118547	-10.960952509629571	-59.48050626583381	45.9273524797622	-50.907241870127876	-28.727624065337125	-33.56257480919551	89.6903811296804	97.27993532634461	-33.9035097249926	84.90311083447222	-15.882824312358467	2.566030972345049	47.662669137879654	-51.37659500023685	27.951258414157632	-19.105796866443104	38.71504405152163	-1.1504077435491364	57.981803293415865	38.485514558761125	41.62451939985446	53.58889805723461	
88.60488178929943	20.96649594809478	-81.99072386201843	-19.582666280040634	7.922916927074917	78.26759818310512	-8.767397977479618	-67.3538433130089	-11.873678513390878	-58.83908893192736	45.36457645556845	-49.16493290829753	-28.72701991420248	-33.6502643501819	-99.9972784076472	-7.859490864688184	-47.79557271833502	84.86888287680598	-22.69124377328584	2.444655247245155	45.35911866482422	-50.19979932264161	36.83261232026359	11.447703866550707	-93.35060720875823	86.69654800312266	57.85214659050455	38.44196615653608	-2.478664879039217	-43.25294619954107	
-72.58868377829484	20.966681226554076	-72.84193180731052	-15.840636871532675	7.922102540673814	-73.43331563619832	-6.089907094835978	-67.3478318192543	-10.670831196136733	-57.668622395122455	47.321538114210625	-47.90810275681755	-28.72496083420326	-33.81674892146431	-29.569941062180142	-18.737933706944673	-31.417257519944176	84.80790828352258	-22.693615082392913	1.1748231059042826	87.4824514281204	-48.89677016566757	36.83344205459204	-54.56165412976844	-84.52703478190051	36.88134659578025	57.611910539016	38.35450671827954	-21.476240152827984	-59.097425533210874	
-21.045999937640786	20.96685791089218	-72.09347751191511	26.330985606600727	7.922332487496603	24.464958619093956	-5.944417118246597	-67.3478113461628	-10.460926660521844	-57.573922683078806	47.392394267116245	-47.73059640474033	-28.72501732831024	-33.83116144844271	15.33082587948192	-36.39987176098714	22.899841058243393	84.80318895648118	-22.69263334899849	1.0748204142697955	24.916869160171363	-48.71446942083797	36.83360139146778	-24.148901397922188	22.530121083972944	29.934641301199065	57.59193984195854	38.34626896450873	-24.370092602179398	-64.91154075780769	
42.40911289957804	20.96682534734228	-71.87518369384846	68.74795797860224	7.922356211752719	-24.587633496343944	-5.894931392894689	-67.34808613472482	-10.47128769670635	-57.54632507914151	47.42459151691651	-47.64645445040693	-28.72510753074784	-33.83538673743301	-23.680266126116777	-21.99603736250028	19.858055293144552	84.80181918111612	-22.692708889835107	1.026005512490619	-27.442492390876286	-48.67276311837114	36.83350789726326	-22.904021447360993	59.789210188275554	26.186988413530738	57.586105459601384	38.34383730805455	-20.43804812057588	-22.964987119266738	
26.881649808604777	20.966792120528595	-71.74328171197425	-21.922828814453794	7.922342127652257	-56.960631120089175	-5.867533264787972	-67.34825990922592	-10.464382259372426	-57.529653110753166	47.441053472504315	-47.60504771627666	-28.725156867000173	-33.8379433420582	41.87188242431776	20.514095813896883	-38.33427198114514	84.80099260073617	-22.69277973373982	1.0023493957164364	29.002813628274126	-48.64712485250093	36.833467734215716	36.10408235362945	22.232882381340442	28.019179991532145	57.58257855460432	38.34236330312731	-22.505747243205914	-62.0535906091166	
36.68135581232789	20.96666105829951	-69.53398427198591	-22.364879071872796	7.9222361154577285	98.05749719106211	-5.459105670746093	-67.34871204524457	-10.356483748977372	-57.250745609646	47.72224562726253	-47.536890096821516	-28.725268132222407	-33.88109529745792	-18.178373384136325	-3.186113206743869	-68.64692279526143	84.78725037318033	-22.693182025590573	1.061343949741029	28.353819208065815	-48.2079363377287	36.83334699421089	20.520281018553803	19.409320135237465	26.01703844886561	57.523360380669786	38.31723302322615	-23.781053150168898	-17.748899434260082	
36.61735236408985	20.966753384045038	-62.36007987743608	-22.36797630544482	7.922359793923747	10.992047558129489	-4.482521080877105	-67.34892875854165	-10.314591639889395	-56.35017133160164	48.33663668833936	-47.27248994741464	-28.725344394868152	-34.02614376640693	-70.44156256338566	-98.87136702479698	28.38144048710749	84.74415422968845	-22.692625876676995	1.4815091635881186	28.291268934717703	-46.672784588995626	36.833370822795544	4.527026599080273	19.458225839607266	25.996019511553655	57.32891701375426	38.22904083044973	-23.78779397023823	20.44108211688176	
36.61636639946143	20.966691959628278	-61.003966559151905	-22.368092782627624	7.922322284209136	-79.32489101845047	-4.355563892591749	-67.348756147669	-10.363808718158307	-56.18124824840278	48.39676711746346	-47.129865773240006	-28.725315418835983	-34.054841315800445	98.73707038429039	10.39760558880756	3.306366438186622	84.73640173287029	-22.692977641413176	1.544846693441344	28.29029344373602	-46.35885261242639	36.83335541924845	13.98386459293526	19.45902991033778	25.99568917914255	57.29160150690973	38.210659860274944	-23.787923245514325	49.097865316139476	
36.61631351177216	20.966683667853598	-54.32281069643036	-22.36810157586773	7.922455042952728	29.067057424855996	-3.827365675684334	-67.34962347738522	-10.672333936543957	-55.35305880979548	48.65395324041014	-47.06391168976606	-28.7253180482351	-34.20015798057905	34.99784207554905	8.118306493276169	99.6018054107848	84.69940988874626	-22.691868837595415	2.379878291784265	28.290241979309258	-44.752810050548796	36.83331081486631	-17.793973798026105	19.459073588520408	25.995671052622814	57.10603768247135	38.114844108198746	-23.787930961519468	60.86666452577203	
36.61631407476703	20.96658700460613	-50.77437972322912	-22.368101496517674	7.922290898410278	17.566820051841653	-3.5529330676992665	-67.34948301330456	-10.870312367088102	-54.91846229932526	48.77603201725554	-46.98930656795927	-28.725499691601467	-34.282461951193305	-67.44508601864756	-42.28414865095255	-99.71424007599748	84.68132133579006	-22.69307008357022	2.845759380621194	28.290242538691196	-43.83556727076299	36.833209854169255	-76.76047715703636	19.459073117448295	25.995671248574773	57.00523746869041	38.05710355844368	-23.787930882997383	-5.154893298557123	
36.61631407757112	20.96660689122058	-50.58974960569562	-22.368101493968798	7.9222645481384095	17.905444723327804	-3.5380307655277807	-67.34923531065074	-10.881733446189756	-54.895953923986475	48.78108740108314	-46.96164563996059	-28.7254281374709	-34.286846084422784	-16.960137503695588	78.02239845092566	-47.66942666725428	84.68041081823561	-22.693119844876417	2.8544405623632874	28.29024253660695	-43.78664473408561	36.833261156504335	-46.249610973354365	19.45907311942897	25.995671249159283	56.99994805698168	38.05396323049387	-23.787930882686616	98.24752730839579	
36.61631407708118	20.96668233087019	-50.19227563612864	-22.36810149411616	7.922379391915603	-2.5941715327977874	-3.507642474157059	-67.34933714257157	-10.907964256672518	-54.847523423626775	48.79013569262716	-46.90002450739221	-28.725501314935745	-34.296309478560204	-61.218450203018534	7.2919454933781935	75.42198660676995	84.67845820746103	-22.692816255379228	2.872979201181086	28.290242536464003	-43.680823223145076	36.8332459121637	-97.19451054158269	19.459073119550723	25.995671249050947	56.98854989736412	38.04716903666243	-23.787930882735044	-7.20478033451127	
36.616314077085455	20.966632871819325	-50.061675820964965	-22.368101494048343	7.92232834592021	-11.12979055570897	-3.498080544032485	-67.34927736753089	-10.918049134882558	-54.83162201878356	48.79202061784442	-46.86946542899229	-28.725446795285887	-34.29943025056963	-98.29483991634078	-38.900231810800896	30.452410339544357	84.6778200346016	-22.69298144082737	2.8725348219213838	28.29024253646184	-43.64586278617509	36.83323995044022	-41.765277181150005	19.459073119532047	25.995671249062116	56.984799775031796	38.044921476549675	-23.78793088271615	37.22528979207959	
36.616314076990406	20.96667842033192	-49.717558666725985	-22.368101494229574	7.922329040163994	-32.18384374167879	-3.4751903888306526	-67.34926150242038	-10.943640708165615	-54.78974204534407	48.79600828453432	-46.79927114193961	-28.725473253112707	-34.307671319454116	11.958701230670886	-52.824318005584864	-33.80526622778609	84.6761439612178	-22.692810630193026	2.879491830512625	28.29024253648613	-43.55328726395253	36.83331266140274	0.8094214640180137	19.459073119566206	25.995671248981534	56.97491061841807	38.038975118775994	-23.78793088275528	98.99307493513069	
36.61631407866001	20.966657080434025	-47.263711015563096	-22.36810149361853	7.922311667772978	-12.44575312484787	-3.333539410599826	-67.34877853776285	-11.13256675505183	-54.49195701228972	48.83707095865201	-46.743205386100726	-28.724993864215847	-34.36727152877882	55.81451243713047	-71.37818218751917	33.36424337784133	84.6644421108191	-22.692296828443663	3.2502254002725253	28.290242536646232	-42.881466421071906	36.83342228747027	-99.99997176465801	19.45907311921653	25.995671250659978	56.9040262418443	37.995457210890514	-23.78793088267069	-92.87392358901539	
36.61631407610362	20.966778256222785	-46.27251250215691	-22.368101495430928	7.922422775845202	-8.641229293789486	-3.272096454252263	-67.34884783223454	-11.208987433419988	-54.37219379386902	48.855067761871574	-46.70043298315205	-28.725357728006017	-34.39185697446049	21.134474829157313	2.4376647108417693	98.40313138411275	84.65986797657136	-22.692488752430634	3.3881570845757043	28.290242536835514	-42.60453622309734	36.833409010341654	2.373117998676694	19.459073119112695	25.995671248182376	56.87516917830794	37.977196045842994	-23.787930883125686	71.429429129751	
36.6163140769661	20.966772738563257	-45.46602976606198	-22.36810149400894	7.922425342042287	-4.7719892715206225	-3.2235752806279865	-67.34884427935893	-11.275471311698297	-54.27498782539698	48.8651757395834	-46.62405886790591	-28.72534269694143	-34.41209396295655	-43.95277447217059	-9.871814823836253	60.0331890395531	84.65621574459198	-22.692469707240495	3.4751178420094817	28.290242536154906	-42.37627969688907	36.83340892602309	23.820236017910744	19.459073119799246	25.995671249007362	56.85158736268485	37.96202627976869	-23.787930882759337	96.2915192995436	
36.616314077050056	20.966703446149296	-43.05717987548134	-22.368101495003877	7.922378775805764	-57.27990307767312	-3.1064740927464833	-67.34895579316243	-11.497425835958715	-53.98569079918163	48.87610796141385	-46.46280754068746	-28.725361804992144	-34.473558995846965	-98.19011320774388	-63.41859433160481	54.6980746297303	84.6456101787469	-22.69286582072069	3.8048522070295308	28.290242537481333	-41.67980124832457	36.83328275946053	-34.50463808447579	19.459073119188925	25.99567124990054	56.780703575376805	37.91535303987675	-23.78793088230897	50.09329801011905	
36.6163140769264	20.96670566292267	-40.449344376609076	-22.368101494133505	7.922304063900133	97.49178286727773	-2.9664154004378	-67.34875845220392	-11.733261431916898	-53.674784725322674	48.90498019688785	-46.40841945012947	-28.72530539154141	-34.5423400790779	-45.409705497499	-22.480875901041923	-59.4990970139963	84.63479132929315	-22.692953410903847	4.253547329610519	28.29024253643444	-40.90186739882635	36.83336268719232	-29.481961333742618	19.459073119656125	25.995671250630767	56.70298011714934	37.861832372248806	-23.787930882830384	-49.38502748289513	
