93.26567223432227	-23.970446340095307	9.098703912382277	23.243329162609	90.54912213156831	-35.687332066413106	35.72420078101925	-84.85404182061602	-89.12080577449579	-43.01577601241575	23.37027940486513	18.623576017019843	9.54171926912241	-29.542364404877205	-61.45569936879811	-83.84529978941484	-41.67144783729984	86.93270577444693	0.3583356536119169	-38.80291266036655	38.31632401980241	-34.89769949056141	-20.63718991939463	63.092980916809694	6.326892574733449	22.80227413516694	48.733896097646266	64.5030764887569	-18.812655214930743	75.54122193855665	
-29.796727655682822	99.23958699313832	79.36931096183415	90.54035336592702	64.49274110803769	57.86430469910985	-17.996607333785214	100.0	-51.708562107030446	-26.543045022632086	36.59795747983052	46.26059269683898	-100.0	-93.16587608852186	-67.18804055763553	21.358818875782138	51.11726457445168	-25.3499277628703	-41.73935101260774	8.300912651328167	100.0	33.83799287620735	-63.732659645358424	-100.0	-100.0	-66.61840936719685	42.377048044208784	-60.86202065956156	-100.0	41.88364123335471	
-29.796727655682822	99.23958699313832	79.36931096183415	90.54035336592702	64.49274110803769	57.86430469910985	-17.996607333785214	100.0	-51.708562107030446	-26.543045022632086	36.59795747983052	46.26059269683898	-100.0	-93.16587608852186	-67.18804055763553	21.358818875782138	51.11726457445168	-25.3499277628703	-41.73935101260774	8.300912651328167	100.0	33.83799287620735	-63.732659645358424	-100.0	-100.0	-66.61840936719685	42.377048044208784	-60.86202065956156	-100.0	41.88364123335471	
-51.76979170780342	100.0	-3.2100979891233905	30.78255074863256	21.98936403002753	-28.384898000797605	67.66982536094793	69.88077553426648	-60.47125404922076	-100.0	100.0	-32.443219283930446	-34.519560018175206	-28.37160282126157	2.70888236099362	100.0	-25.404395336803717	54.75005486961923	92.5786486817214	49.61129966529022	-94.80327303123704	76.34446006010927	30.915188750436357	100.0	99.94085492523384	-16.736353436437305	-100.0	80.2978423896248	5.0760347834095905	-79.78015276188017	
-51.76979170780342	100.0	-3.2100979891233905	30.78255074863256	21.98936403002753	-28.384898000797605	67.66982536094793	69.88077553426648	-60.47125404922076	-100.0	100.0	-32.443219283930446	-34.519560018175206	-28.37160282126157	2.70888236099362	100.0	-25.404395336803717	54.75005486961923	92.5786486817214	49.61129966529022	-94.80327303123704	76.34446006010927	30.915188750436357	100.0	99.94085492523384	-16.736353436437305	-100.0	80.2978423896248	5.0760347834095905	-79.78015276188017	
-51.76979170780342	100.0	-3.2100979891233905	30.78255074863256	21.98936403002753	-28.384898000797605	67.66982536094793	69.88077553426648	-60.47125404922076	-100.0	100.0	-32.443219283930446	-34.519560018175206	-28.37160282126157	2.70888236099362	100.0	-25.404395336803717	54.75005486961923	92.5786486817214	49.61129966529022	-94.80327303123704	76.34446006010927	30.915188750436357	100.0	99.94085492523384	-16.736353436437305	-100.0	80.2978423896248	5.0760347834095905	-79.78015276188017	
7.821895691503158	96.7211422092645	100.0	66.5685278774159	35.92971567182957	7.2999614725003585	74.78341902097796	-92.55484848220472	-7.612592365033532	-100.0	100.0	-62.28088493963146	64.10625441475902	80.80822777064398	57.17065332483039	100.0	-23.234974164069754	-100.0	100.0	18.2614853867714	67.6836562350123	7.357856128725899	79.82520581980037	56.8817755488489	72.58144141866711	90.74448638818416	100.0	-100.0	-32.384951320452856	95.13283921537135	
7.821895691503158	96.7211422092645	100.0	66.5685278774159	35.92971567182957	7.2999614725003585	74.78341902097796	-92.55484848220472	-7.612592365033532	-100.0	100.0	-62.28088493963146	64.10625441475902	80.80822777064398	57.17065332483039	100.0	-23.234974164069754	-100.0	100.0	18.2614853867714	67.6836562350123	7.357856128725899	79.82520581980037	56.8817755488489	72.58144141866711	90.74448638818416	100.0	-100.0	-32.384951320452856	95.13283921537135	
7.821895691503158	96.7211422092645	100.0	66.5685278774159	35.92971567182957	7.2999614725003585	74.78341902097796	-92.55484848220472	-7.612592365033532	-100.0	100.0	-62.28088493963146	64.10625441475902	80.80822777064398	57.17065332483039	100.0	-23.234974164069754	-100.0	100.0	18.2614853867714	67.6836562350123	7.357856128725899	79.82520581980037	56.8817755488489	72.58144141866711	90.74448638818416	100.0	-100.0	-32.384951320452856	95.13283921537135	
7.821895691503158	96.7211422092645	100.0	66.5685278774159	35.92971567182957	7.2999614725003585	74.78341902097796	-92.55484848220472	-7.612592365033532	-100.0	100.0	-62.28088493963146	64.10625441475902	80.80822777064398	57.17065332483039	100.0	-23.234974164069754	-100.0	100.0	18.2614853867714	67.6836562350123	7.357856128725899	79.82520581980037	56.8817755488489	72.58144141866711	90.74448638818416	100.0	-100.0	-32.384951320452856	95.13283921537135	
7.821895691503158	96.7211422092645	100.0	66.5685278774159	35.92971567182957	7.2999614725003585	74.78341902097796	-92.55484848220472	-7.612592365033532	-100.0	100.0	-62.28088493963146	64.10625441475902	80.80822777064398	57.17065332483039	100.0	-23.234974164069754	-100.0	100.0	18.2614853867714	67.6836562350123	7.357856128725899	79.82520581980037	56.8817755488489	72.58144141866711	90.74448638818416	100.0	-100.0	-32.384951320452856	95.13283921537135	
-14.796371667197107	74.02096266450039	29.2958314495978	72.60420120966236	57.24292575850661	-2.022225346300815	-15.017567799557082	2.0034877754397833	-61.68236701982414	-100.0	19.90868175609769	82.96824373965339	9.476021559287489	-20.13884225770288	-13.374249574958007	-90.14358382037885	-4.139731787655041	25.001760004124236	89.24185331378756	-69.2337004605358	-53.467345370991566	-43.14840736862137	-100.0	58.532012448380634	-32.54375878691573	60.74825495561669	84.85643644957143	-73.60965995024797	75.86890076527808	-17.19120601202131	
-14.796371667197107	74.02096266450039	29.2958314495978	72.60420120966236	57.24292575850661	-2.022225346300815	-15.017567799557082	2.0034877754397833	-61.68236701982414	-100.0	19.90868175609769	82.96824373965339	9.476021559287489	-20.13884225770288	-13.374249574958007	-90.14358382037885	-4.139731787655041	25.001760004124236	89.24185331378756	-69.2337004605358	-53.467345370991566	-43.14840736862137	-100.0	58.532012448380634	-32.54375878691573	60.74825495561669	84.85643644957143	-73.60965995024797	75.86890076527808	-17.19120601202131	
-14.796371667197107	74.02096266450039	29.2958314495978	72.60420120966236	57.24292575850661	-2.022225346300815	-15.017567799557082	2.0034877754397833	-61.68236701982414	-100.0	19.90868175609769	82.96824373965339	9.476021559287489	-20.13884225770288	-13.374249574958007	-90.14358382037885	-4.139731787655041	25.001760004124236	89.24185331378756	-69.2337004605358	-53.467345370991566	-43.14840736862137	-100.0	58.532012448380634	-32.54375878691573	60.74825495561669	84.85643644957143	-73.60965995024797	75.86890076527808	-17.19120601202131	
-14.796371667197107	74.02096266450039	29.2958314495978	72.60420120966236	57.24292575850661	-2.022225346300815	-15.017567799557082	2.0034877754397833	-61.68236701982414	-100.0	19.90868175609769	82.96824373965339	9.476021559287489	-20.13884225770288	-13.374249574958007	-90.14358382037885	-4.139731787655041	25.001760004124236	89.24185331378756	-69.2337004605358	-53.467345370991566	-43.14840736862137	-100.0	58.532012448380634	-32.54375878691573	60.74825495561669	84.85643644957143	-73.60965995024797	75.86890076527808	-17.19120601202131	
-14.796371667197107	74.02096266450039	29.2958314495978	72.60420120966236	57.24292575850661	-2.022225346300815	-15.017567799557082	2.0034877754397833	-61.68236701982414	-100.0	19.90868175609769	82.96824373965339	9.476021559287489	-20.13884225770288	-13.374249574958007	-90.14358382037885	-4.139731787655041	25.001760004124236	89.24185331378756	-69.2337004605358	-53.467345370991566	-43.14840736862137	-100.0	58.532012448380634	-32.54375878691573	60.74825495561669	84.85643644957143	-73.60965995024797	75.86890076527808	-17.19120601202131	
-14.796371667197107	74.02096266450039	29.2958314495978	72.60420120966236	57.24292575850661	-2.022225346300815	-15.017567799557082	2.0034877754397833	-61.68236701982414	-100.0	19.90868175609769	82.96824373965339	9.476021559287489	-20.13884225770288	-13.374249574958007	-90.14358382037885	-4.139731787655041	25.001760004124236	89.24185331378756	-69.2337004605358	-53.467345370991566	-43.14840736862137	-100.0	58.532012448380634	-32.54375878691573	60.74825495561669	84.85643644957143	-73.60965995024797	75.86890076527808	-17.19120601202131	
-14.796371667197107	74.02096266450039	29.2958314495978	72.60420120966236	57.24292575850661	-2.022225346300815	-15.017567799557082	2.0034877754397833	-61.68236701982414	-100.0	19.90868175609769	82.96824373965339	9.476021559287489	-20.13884225770288	-13.374249574958007	-90.14358382037885	-4.139731787655041	25.001760004124236	89.24185331378756	-69.2337004605358	-53.467345370991566	-43.14840736862137	-100.0	58.532012448380634	-32.54375878691573	60.74825495561669	84.85643644957143	-73.60965995024797	75.86890076527808	-17.19120601202131	
-14.796371667197107	74.02096266450039	29.2958314495978	72.60420120966236	57.24292575850661	-2.022225346300815	-15.017567799557082	2.0034877754397833	-61.68236701982414	-100.0	19.90868175609769	82.96824373965339	9.476021559287489	-20.13884225770288	-13.374249574958007	-90.14358382037885	-4.139731787655041	25.001760004124236	89.24185331378756	-69.2337004605358	-53.467345370991566	-43.14840736862137	-100.0	58.532012448380634	-32.54375878691573	60.74825495561669	84.85643644957143	-73.60965995024797	75.86890076527808	-17.19120601202131	
-14.796371667197107	74.02096266450039	29.2958314495978	72.60420120966236	57.24292575850661	-2.022225346300815	-15.017567799557082	2.0034877754397833	-61.68236701982414	-100.0	19.90868175609769	82.96824373965339	9.476021559287489	-20.13884225770288	-13.374249574958007	-90.14358382037885	-4.139731787655041	25.001760004124236	89.24185331378756	-69.2337004605358	-53.467345370991566	-43.14840736862137	-100.0	58.532012448380634	-32.54375878691573	60.74825495561669	84.85643644957143	-73.60965995024797	75.86890076527808	-17.19120601202131	
39.369108600790156	-7.2131881141500465	-84.56884864340901	-14.910402366753953	35.24791541429488	-73.01119220026723	-23.657798569344838	77.4168153094417	-100.0	-100.0	43.43299941821296	-100.0	-3.6711551712382833	57.862476693763405	17.37599864759562	-50.39650387133947	-22.61386276998546	-21.580900610744674	1.9328252113612336	97.5130037089139	-55.1790931244831	13.942876823825307	7.983993024294854	-64.21650566354052	21.860195643281163	-100.0	-71.11408940814773	73.0461536998721	-100.0	27.751689695566775	
39.369108600790156	-7.2131881141500465	-84.56884864340901	-14.910402366753953	35.24791541429488	-73.01119220026723	-23.657798569344838	77.4168153094417	-100.0	-100.0	43.43299941821296	-100.0	-3.6711551712382833	57.862476693763405	17.37599864759562	-50.39650387133947	-22.61386276998546	-21.580900610744674	1.9328252113612336	97.5130037089139	-55.1790931244831	13.942876823825307	7.983993024294854	-64.21650566354052	21.860195643281163	-100.0	-71.11408940814773	73.0461536998721	-100.0	27.751689695566775	
39.369108600790156	-7.2131881141500465	-84.56884864340901	-14.910402366753953	35.24791541429488	-73.01119220026723	-23.657798569344838	77.4168153094417	-100.0	-100.0	43.43299941821296	-100.0	-3.6711551712382833	57.862476693763405	17.37599864759562	-50.39650387133947	-22.61386276998546	-21.580900610744674	1.9328252113612336	97.5130037089139	-55.1790931244831	13.942876823825307	7.983993024294854	-64.21650566354052	21.860195643281163	-100.0	-71.11408940814773	73.0461536998721	-100.0	27.751689695566775	
100.0	-41.12996286455817	31.303012651909096	100.0	-44.09625759842797	-69.15322057146008	-53.76317403238376	54.511731454605055	-7.630983343491506	-100.0	-12.379864810723065	52.29494282453561	82.31697397880448	29.062184915683176	71.63192481816196	57.494605664219506	-84.81636485346313	7.842468343647845	59.135205750278416	-71.54815845510394	-48.33660741271412	-86.96371729484387	14.610368621117903	-50.810304150193055	-49.45960433692823	1.3413319959251169	86.50628207570682	-46.38174675265464	24.062276192716894	-87.39720154155209	
100.0	-41.12996286455817	31.303012651909096	100.0	-44.09625759842797	-69.15322057146008	-53.76317403238376	54.511731454605055	-7.630983343491506	-100.0	-12.379864810723065	52.29494282453561	82.31697397880448	29.062184915683176	71.63192481816196	57.494605664219506	-84.81636485346313	7.842468343647845	59.135205750278416	-71.54815845510394	-48.33660741271412	-86.96371729484387	14.610368621117903	-50.810304150193055	-49.45960433692823	1.3413319959251169	86.50628207570682	-46.38174675265464	24.062276192716894	-87.39720154155209	
100.0	-41.12996286455817	31.303012651909096	100.0	-44.09625759842797	-69.15322057146008	-53.76317403238376	54.511731454605055	-7.630983343491506	-100.0	-12.379864810723065	52.29494282453561	82.31697397880448	29.062184915683176	71.63192481816196	57.494605664219506	-84.81636485346313	7.842468343647845	59.135205750278416	-71.54815845510394	-48.33660741271412	-86.96371729484387	14.610368621117903	-50.810304150193055	-49.45960433692823	1.3413319959251169	86.50628207570682	-46.38174675265464	24.062276192716894	-87.39720154155209	
100.0	-41.12996286455817	31.303012651909096	100.0	-44.09625759842797	-69.15322057146008	-53.76317403238376	54.511731454605055	-7.630983343491506	-100.0	-12.379864810723065	52.29494282453561	82.31697397880448	29.062184915683176	71.63192481816196	57.494605664219506	-84.81636485346313	7.842468343647845	59.135205750278416	-71.54815845510394	-48.33660741271412	-86.96371729484387	14.610368621117903	-50.810304150193055	-49.45960433692823	1.3413319959251169	86.50628207570682	-46.38174675265464	24.062276192716894	-87.39720154155209	
-44.72045064925995	-15.287053383604361	-60.44248260255307	100.0	-100.0	-100.0	-12.036011602948545	100.0	-30.561183304389353	-100.0	16.42871727463993	-42.16380795878698	-69.51825120931099	2.3351535945749955	100.0	-64.60880322256304	-39.86500173972297	-79.37518669357038	72.05267271408854	100.0	-76.12484027377924	98.17476029409715	100.0	-52.71850023359625	19.903041596784284	26.550663946681517	-100.0	6.492424448612795	-95.39219743514724	15.601835439193543	
-44.72045064925995	-15.287053383604361	-60.44248260255307	100.0	-100.0	-100.0	-12.036011602948545	100.0	-30.561183304389353	-100.0	16.42871727463993	-42.16380795878698	-69.51825120931099	2.3351535945749955	100.0	-64.60880322256304	-39.86500173972297	-79.37518669357038	72.05267271408854	100.0	-76.12484027377924	98.17476029409715	100.0	-52.71850023359625	19.903041596784284	26.550663946681517	-100.0	6.492424448612795	-95.39219743514724	15.601835439193543	
-44.72045064925995	-15.287053383604361	-60.44248260255307	100.0	-100.0	-100.0	-12.036011602948545	100.0	-30.561183304389353	-100.0	16.42871727463993	-42.16380795878698	-69.51825120931099	2.3351535945749955	100.0	-64.60880322256304	-39.86500173972297	-79.37518669357038	72.05267271408854	100.0	-76.12484027377924	98.17476029409715	100.0	-52.71850023359625	19.903041596784284	26.550663946681517	-100.0	6.492424448612795	-95.39219743514724	15.601835439193543	
-44.72045064925995	-15.287053383604361	-60.44248260255307	100.0	-100.0	-100.0	-12.036011602948545	100.0	-30.561183304389353	-100.0	16.42871727463993	-42.16380795878698	-69.51825120931099	2.3351535945749955	100.0	-64.60880322256304	-39.86500173972297	-79.37518669357038	72.05267271408854	100.0	-76.12484027377924	98.17476029409715	100.0	-52.71850023359625	19.903041596784284	26.550663946681517	-100.0	6.492424448612795	-95.39219743514724	15.601835439193543	
-44.72045064925995	-15.287053383604361	-60.44248260255307	100.0	-100.0	-100.0	-12.036011602948545	100.0	-30.561183304389353	-100.0	16.42871727463993	-42.16380795878698	-69.51825120931099	2.3351535945749955	100.0	-64.60880322256304	-39.86500173972297	-79.37518669357038	72.05267271408854	100.0	-76.12484027377924	98.17476029409715	100.0	-52.71850023359625	19.903041596784284	26.550663946681517	-100.0	6.492424448612795	-95.39219743514724	15.601835439193543	
-44.72045064925995	-15.287053383604361	-60.44248260255307	100.0	-100.0	-100.0	-12.036011602948545	100.0	-30.561183304389353	-100.0	16.42871727463993	-42.16380795878698	-69.51825120931099	2.3351535945749955	100.0	-64.60880322256304	-39.86500173972297	-79.37518669357038	72.05267271408854	100.0	-76.12484027377924	98.17476029409715	100.0	-52.71850023359625	19.903041596784284	26.550663946681517	-100.0	6.492424448612795	-95.39219743514724	15.601835439193543	
-44.72045064925995	-15.287053383604361	-60.44248260255307	100.0	-100.0	-100.0	-12.036011602948545	100.0	-30.561183304389353	-100.0	16.42871727463993	-42.16380795878698	-69.51825120931099	2.3351535945749955	100.0	-64.60880322256304	-39.86500173972297	-79.37518669357038	72.05267271408854	100.0	-76.12484027377924	98.17476029409715	100.0	-52.71850023359625	19.903041596784284	26.550663946681517	-100.0	6.492424448612795	-95.39219743514724	15.601835439193543	
-44.72045064925995	-15.287053383604361	-60.44248260255307	100.0	-100.0	-100.0	-12.036011602948545	100.0	-30.561183304389353	-100.0	16.42871727463993	-42.16380795878698	-69.51825120931099	2.3351535945749955	100.0	-64.60880322256304	-39.86500173972297	-79.37518669357038	72.05267271408854	100.0	-76.12484027377924	98.17476029409715	100.0	-52.71850023359625	19.903041596784284	26.550663946681517	-100.0	6.492424448612795	-95.39219743514724	15.601835439193543	
-44.72045064925995	-15.287053383604361	-60.44248260255307	100.0	-100.0	-100.0	-12.036011602948545	100.0	-30.561183304389353	-100.0	16.42871727463993	-42.16380795878698	-69.51825120931099	2.3351535945749955	100.0	-64.60880322256304	-39.86500173972297	-79.37518669357038	72.05267271408854	100.0	-76.12484027377924	98.17476029409715	100.0	-52.71850023359625	19.903041596784284	26.550663946681517	-100.0	6.492424448612795	-95.39219743514724	15.601835439193543	
-44.72045064925995	-15.287053383604361	-60.44248260255307	100.0	-100.0	-100.0	-12.036011602948545	100.0	-30.561183304389353	-100.0	16.42871727463993	-42.16380795878698	-69.51825120931099	2.3351535945749955	100.0	-64.60880322256304	-39.86500173972297	-79.37518669357038	72.05267271408854	100.0	-76.12484027377924	98.17476029409715	100.0	-52.71850023359625	19.903041596784284	26.550663946681517	-100.0	6.492424448612795	-95.39219743514724	15.601835439193543	
-44.72045064925995	-15.287053383604361	-60.44248260255307	100.0	-100.0	-100.0	-12.036011602948545	100.0	-30.561183304389353	-100.0	16.42871727463993	-42.16380795878698	-69.51825120931099	2.3351535945749955	100.0	-64.60880322256304	-39.86500173972297	-79.37518669357038	72.05267271408854	100.0	-76.12484027377924	98.17476029409715	100.0	-52.71850023359625	19.903041596784284	26.550663946681517	-100.0	6.492424448612795	-95.39219743514724	15.601835439193543	
-44.72045064925995	-15.287053383604361	-60.44248260255307	100.0	-100.0	-100.0	-12.036011602948545	100.0	-30.561183304389353	-100.0	16.42871727463993	-42.16380795878698	-69.51825120931099	2.3351535945749955	100.0	-64.60880322256304	-39.86500173972297	-79.37518669357038	72.05267271408854	100.0	-76.12484027377924	98.17476029409715	100.0	-52.71850023359625	19.903041596784284	26.550663946681517	-100.0	6.492424448612795	-95.39219743514724	15.601835439193543	
-44.72045064925995	-15.287053383604361	-60.44248260255307	100.0	-100.0	-100.0	-12.036011602948545	100.0	-30.561183304389353	-100.0	16.42871727463993	-42.16380795878698	-69.51825120931099	2.3351535945749955	100.0	-64.60880322256304	-39.86500173972297	-79.37518669357038	72.05267271408854	100.0	-76.12484027377924	98.17476029409715	100.0	-52.71850023359625	19.903041596784284	26.550663946681517	-100.0	6.492424448612795	-95.39219743514724	15.601835439193543	
-44.72045064925995	-15.287053383604361	-60.44248260255307	100.0	-100.0	-100.0	-12.036011602948545	100.0	-30.561183304389353	-100.0	16.42871727463993	-42.16380795878698	-69.51825120931099	2.3351535945749955	100.0	-64.60880322256304	-39.86500173972297	-79.37518669357038	72.05267271408854	100.0	-76.12484027377924	98.17476029409715	100.0	-52.71850023359625	19.903041596784284	26.550663946681517	-100.0	6.492424448612795	-95.39219743514724	15.601835439193543	
-44.72045064925995	-15.287053383604361	-60.44248260255307	100.0	-100.0	-100.0	-12.036011602948545	100.0	-30.561183304389353	-100.0	16.42871727463993	-42.16380795878698	-69.51825120931099	2.3351535945749955	100.0	-64.60880322256304	-39.86500173972297	-79.37518669357038	72.05267271408854	100.0	-76.12484027377924	98.17476029409715	100.0	-52.71850023359625	19.903041596784284	26.550663946681517	-100.0	6.492424448612795	-95.39219743514724	15.601835439193543	
-44.72045064925995	-15.287053383604361	-60.44248260255307	100.0	-100.0	-100.0	-12.036011602948545	100.0	-30.561183304389353	-100.0	16.42871727463993	-42.16380795878698	-69.51825120931099	2.3351535945749955	100.0	-64.60880322256304	-39.86500173972297	-79.37518669357038	72.05267271408854	100.0	-76.12484027377924	98.17476029409715	100.0	-52.71850023359625	19.903041596784284	26.550663946681517	-100.0	6.492424448612795	-95.39219743514724	15.601835439193543	
-44.72045064925995	-15.287053383604361	-60.44248260255307	100.0	-100.0	-100.0	-12.036011602948545	100.0	-30.561183304389353	-100.0	16.42871727463993	-42.16380795878698	-69.51825120931099	2.3351535945749955	100.0	-64.60880322256304	-39.86500173972297	-79.37518669357038	72.05267271408854	100.0	-76.12484027377924	98.17476029409715	100.0	-52.71850023359625	19.903041596784284	26.550663946681517	-100.0	6.492424448612795	-95.39219743514724	15.601835439193543	
-44.72045064925995	-15.287053383604361	-60.44248260255307	100.0	-100.0	-100.0	-12.036011602948545	100.0	-30.561183304389353	-100.0	16.42871727463993	-42.16380795878698	-69.51825120931099	2.3351535945749955	100.0	-64.60880322256304	-39.86500173972297	-79.37518669357038	72.05267271408854	100.0	-76.12484027377924	98.17476029409715	100.0	-52.71850023359625	19.903041596784284	26.550663946681517	-100.0	6.492424448612795	-95.39219743514724	15.601835439193543	
-44.72045064925995	-15.287053383604361	-60.44248260255307	100.0	-100.0	-100.0	-12.036011602948545	100.0	-30.561183304389353	-100.0	16.42871727463993	-42.16380795878698	-69.51825120931099	2.3351535945749955	100.0	-64.60880322256304	-39.86500173972297	-79.37518669357038	72.05267271408854	100.0	-76.12484027377924	98.17476029409715	100.0	-52.71850023359625	19.903041596784284	26.550663946681517	-100.0	6.492424448612795	-95.39219743514724	15.601835439193543	
-44.72045064925995	-15.287053383604361	-60.44248260255307	100.0	-100.0	-100.0	-12.036011602948545	100.0	-30.561183304389353	-100.0	16.42871727463993	-42.16380795878698	-69.51825120931099	2.3351535945749955	100.0	-64.60880322256304	-39.86500173972297	-79.37518669357038	72.05267271408854	100.0	-76.12484027377924	98.17476029409715	100.0	-52.71850023359625	19.903041596784284	26.550663946681517	-100.0	6.492424448612795	-95.39219743514724	15.601835439193543	
-44.72045064925995	-15.287053383604361	-60.44248260255307	100.0	-100.0	-100.0	-12.036011602948545	100.0	-30.561183304389353	-100.0	16.42871727463993	-42.16380795878698	-69.51825120931099	2.3351535945749955	100.0	-64.60880322256304	-39.86500173972297	-79.37518669357038	72.05267271408854	100.0	-76.12484027377924	98.17476029409715	100.0	-52.71850023359625	19.903041596784284	26.550663946681517	-100.0	6.492424448612795	-95.39219743514724	15.601835439193543	
27.378305168693792	5.887141897154325	38.843235295263945	-30.76090965423853	-5.664220660745497	23.834183455231535	76.90111074261236	-79.62098918836897	-9.001764595046202	-74.77598060566186	99.9999335625205	-79.5525946982029	-52.419480629772245	18.382048096544565	-23.629439745701724	81.82991545540389	27.881497535390892	-99.57201836041602	-12.082669694359904	86.23343416957029	72.86969140051706	99.9999335625205	24.88667283389011	-82.53401632470562	-22.490390598665144	54.552414298412955	-41.23011384229939	-21.355472658367017	14.648378893712401	54.28408472658177	
-97.35341756426726	99.10189387489864	17.66520780338708	94.0372109746588	99.0844367612165	-8.815220440074249	-63.51078970320995	-74.3809063754977	-60.84301926261025	-69.19992239793238	-5.464698799468972	19.277989071991104	96.86419180543575	-77.22274612864392	-36.63013724759806	98.29525609826044	-55.46388396614331	42.523522592111114	96.76812089511867	-6.437139718682013	96.99983752033137	-37.10546264708125	48.04186925501504	98.1161704125535	100.0	96.94612457653847	59.856559985195254	-50.52216665110999	-100.0	73.19370492969742	
-100.0	95.71455953738985	18.06209940370862	92.35797047876187	95.60910429123783	-11.543532391737527	-63.68807314123864	-73.36510144421005	-60.82312705832205	-68.34161575525842	-5.576889255965037	19.35118874298249	89.05945263349578	-75.46165126337972	-36.849314598100605	100.0	-57.51237912262907	41.65372211117768	88.61735116672058	-6.6492721204129825	97.56102801847146	-37.45916788322405	49.96582308337977	97.4395368569243	100.0	88.05245968441832	60.24025356149399	-49.22495056802225	-98.34081279538302	72.68605055410048	
-100.0	95.71455953738985	18.06209940370862	92.35797047876187	95.60910429123783	-11.543532391737527	-63.68807314123864	-73.36510144421005	-60.82312705832205	-68.34161575525842	-5.576889255965037	19.35118874298249	89.05945263349578	-75.46165126337972	-36.849314598100605	100.0	-57.51237912262907	41.65372211117768	88.61735116672058	-6.6492721204129825	97.56102801847146	-37.45916788322405	49.96582308337977	97.4395368569243	100.0	88.05245968441832	60.24025356149399	-49.22495056802225	-98.34081279538302	72.68605055410048	
-100.0	95.71455953738985	18.06209940370862	92.35797047876187	95.60910429123783	-11.543532391737527	-63.68807314123864	-73.36510144421005	-60.82312705832205	-68.34161575525842	-5.576889255965037	19.35118874298249	89.05945263349578	-75.46165126337972	-36.849314598100605	100.0	-57.51237912262907	41.65372211117768	88.61735116672058	-6.6492721204129825	97.56102801847146	-37.45916788322405	49.96582308337977	97.4395368569243	100.0	88.05245968441832	60.24025356149399	-49.22495056802225	-98.34081279538302	72.68605055410048	
-100.0	95.71455953738985	18.06209940370862	92.35797047876187	95.60910429123783	-11.543532391737527	-63.68807314123864	-73.36510144421005	-60.82312705832205	-68.34161575525842	-5.576889255965037	19.35118874298249	89.05945263349578	-75.46165126337972	-36.849314598100605	100.0	-57.51237912262907	41.65372211117768	88.61735116672058	-6.6492721204129825	97.56102801847146	-37.45916788322405	49.96582308337977	97.4395368569243	100.0	88.05245968441832	60.24025356149399	-49.22495056802225	-98.34081279538302	72.68605055410048	
-100.0	95.71455953738985	18.06209940370862	92.35797047876187	95.60910429123783	-11.543532391737527	-63.68807314123864	-73.36510144421005	-60.82312705832205	-68.34161575525842	-5.576889255965037	19.35118874298249	89.05945263349578	-75.46165126337972	-36.849314598100605	100.0	-57.51237912262907	41.65372211117768	88.61735116672058	-6.6492721204129825	97.56102801847146	-37.45916788322405	49.96582308337977	97.4395368569243	100.0	88.05245968441832	60.24025356149399	-49.22495056802225	-98.34081279538302	72.68605055410048	
-100.0	95.71455953738985	18.06209940370862	92.35797047876187	95.60910429123783	-11.543532391737527	-63.68807314123864	-73.36510144421005	-60.82312705832205	-68.34161575525842	-5.576889255965037	19.35118874298249	89.05945263349578	-75.46165126337972	-36.849314598100605	100.0	-57.51237912262907	41.65372211117768	88.61735116672058	-6.6492721204129825	97.56102801847146	-37.45916788322405	49.96582308337977	97.4395368569243	100.0	88.05245968441832	60.24025356149399	-49.22495056802225	-98.34081279538302	72.68605055410048	
-100.0	95.71455953738985	18.06209940370862	92.35797047876187	95.60910429123783	-11.543532391737527	-63.68807314123864	-73.36510144421005	-60.82312705832205	-68.34161575525842	-5.576889255965037	19.35118874298249	89.05945263349578	-75.46165126337972	-36.849314598100605	100.0	-57.51237912262907	41.65372211117768	88.61735116672058	-6.6492721204129825	97.56102801847146	-37.45916788322405	49.96582308337977	97.4395368569243	100.0	88.05245968441832	60.24025356149399	-49.22495056802225	-98.34081279538302	72.68605055410048	
-100.0	95.71455953738985	18.06209940370862	92.35797047876187	95.60910429123783	-11.543532391737527	-63.68807314123864	-73.36510144421005	-60.82312705832205	-68.34161575525842	-5.576889255965037	19.35118874298249	89.05945263349578	-75.46165126337972	-36.849314598100605	100.0	-57.51237912262907	41.65372211117768	88.61735116672058	-6.6492721204129825	97.56102801847146	-37.45916788322405	49.96582308337977	97.4395368569243	100.0	88.05245968441832	60.24025356149399	-49.22495056802225	-98.34081279538302	72.68605055410048	
-100.0	95.71455953738985	18.06209940370862	92.35797047876187	95.60910429123783	-11.543532391737527	-63.68807314123864	-73.36510144421005	-60.82312705832205	-68.34161575525842	-5.576889255965037	19.35118874298249	89.05945263349578	-75.46165126337972	-36.849314598100605	100.0	-57.51237912262907	41.65372211117768	88.61735116672058	-6.6492721204129825	97.56102801847146	-37.45916788322405	49.96582308337977	97.4395368569243	100.0	88.05245968441832	60.24025356149399	-49.22495056802225	-98.34081279538302	72.68605055410048	
-100.0	95.71455953738985	18.06209940370862	92.35797047876187	95.60910429123783	-11.543532391737527	-63.68807314123864	-73.36510144421005	-60.82312705832205	-68.34161575525842	-5.576889255965037	19.35118874298249	89.05945263349578	-75.46165126337972	-36.849314598100605	100.0	-57.51237912262907	41.65372211117768	88.61735116672058	-6.6492721204129825	97.56102801847146	-37.45916788322405	49.96582308337977	97.4395368569243	100.0	88.05245968441832	60.24025356149399	-49.22495056802225	-98.34081279538302	72.68605055410048	
-100.0	95.71455953738985	18.06209940370862	92.35797047876187	95.60910429123783	-11.543532391737527	-63.68807314123864	-73.36510144421005	-60.82312705832205	-68.34161575525842	-5.576889255965037	19.35118874298249	89.05945263349578	-75.46165126337972	-36.849314598100605	100.0	-57.51237912262907	41.65372211117768	88.61735116672058	-6.6492721204129825	97.56102801847146	-37.45916788322405	49.96582308337977	97.4395368569243	100.0	88.05245968441832	60.24025356149399	-49.22495056802225	-98.34081279538302	72.68605055410048	
-100.0	95.71455953738985	18.06209940370862	92.35797047876187	95.60910429123783	-11.543532391737527	-63.68807314123864	-73.36510144421005	-60.82312705832205	-68.34161575525842	-5.576889255965037	19.35118874298249	89.05945263349578	-75.46165126337972	-36.849314598100605	100.0	-57.51237912262907	41.65372211117768	88.61735116672058	-6.6492721204129825	97.56102801847146	-37.45916788322405	49.96582308337977	97.4395368569243	100.0	88.05245968441832	60.24025356149399	-49.22495056802225	-98.34081279538302	72.68605055410048	
-100.0	95.71455953738985	18.06209940370862	92.35797047876187	95.60910429123783	-11.543532391737527	-63.68807314123864	-73.36510144421005	-60.82312705832205	-68.34161575525842	-5.576889255965037	19.35118874298249	89.05945263349578	-75.46165126337972	-36.849314598100605	100.0	-57.51237912262907	41.65372211117768	88.61735116672058	-6.6492721204129825	97.56102801847146	-37.45916788322405	49.96582308337977	97.4395368569243	100.0	88.05245968441832	60.24025356149399	-49.22495056802225	-98.34081279538302	72.68605055410048	
-100.0	95.71455953738985	18.06209940370862	92.35797047876187	95.60910429123783	-11.543532391737527	-63.68807314123864	-73.36510144421005	-60.82312705832205	-68.34161575525842	-5.576889255965037	19.35118874298249	89.05945263349578	-75.46165126337972	-36.849314598100605	100.0	-57.51237912262907	41.65372211117768	88.61735116672058	-6.6492721204129825	97.56102801847146	-37.45916788322405	49.96582308337977	97.4395368569243	100.0	88.05245968441832	60.24025356149399	-49.22495056802225	-98.34081279538302	72.68605055410048	
-100.0	95.71455953738985	18.06209940370862	92.35797047876187	95.60910429123783	-11.543532391737527	-63.68807314123864	-73.36510144421005	-60.82312705832205	-68.34161575525842	-5.576889255965037	19.35118874298249	89.05945263349578	-75.46165126337972	-36.849314598100605	100.0	-57.51237912262907	41.65372211117768	88.61735116672058	-6.6492721204129825	97.56102801847146	-37.45916788322405	49.96582308337977	97.4395368569243	100.0	88.05245968441832	60.24025356149399	-49.22495056802225	-98.34081279538302	72.68605055410048	
-100.0	95.71455953738985	18.06209940370862	92.35797047876187	95.60910429123783	-11.543532391737527	-63.68807314123864	-73.36510144421005	-60.82312705832205	-68.34161575525842	-5.576889255965037	19.35118874298249	89.05945263349578	-75.46165126337972	-36.849314598100605	100.0	-57.51237912262907	41.65372211117768	88.61735116672058	-6.6492721204129825	97.56102801847146	-37.45916788322405	49.96582308337977	97.4395368569243	100.0	88.05245968441832	60.24025356149399	-49.22495056802225	-98.34081279538302	72.68605055410048	
-100.0	95.71455953738985	18.06209940370862	92.35797047876187	95.60910429123783	-11.543532391737527	-63.68807314123864	-73.36510144421005	-60.82312705832205	-68.34161575525842	-5.576889255965037	19.35118874298249	89.05945263349578	-75.46165126337972	-36.849314598100605	100.0	-57.51237912262907	41.65372211117768	88.61735116672058	-6.6492721204129825	97.56102801847146	-37.45916788322405	49.96582308337977	97.4395368569243	100.0	88.05245968441832	60.24025356149399	-49.22495056802225	-98.34081279538302	72.68605055410048	
-100.0	95.71455953738985	18.06209940370862	92.35797047876187	95.60910429123783	-11.543532391737527	-63.68807314123864	-73.36510144421005	-60.82312705832205	-68.34161575525842	-5.576889255965037	19.35118874298249	89.05945263349578	-75.46165126337972	-36.849314598100605	100.0	-57.51237912262907	41.65372211117768	88.61735116672058	-6.6492721204129825	97.56102801847146	-37.45916788322405	49.96582308337977	97.4395368569243	100.0	88.05245968441832	60.24025356149399	-49.22495056802225	-98.34081279538302	72.68605055410048	
-100.0	95.71455953738985	18.06209940370862	92.35797047876187	95.60910429123783	-11.543532391737527	-63.68807314123864	-73.36510144421005	-60.82312705832205	-68.34161575525842	-5.576889255965037	19.35118874298249	89.05945263349578	-75.46165126337972	-36.849314598100605	100.0	-57.51237912262907	41.65372211117768	88.61735116672058	-6.6492721204129825	97.56102801847146	-37.45916788322405	49.96582308337977	97.4395368569243	100.0	88.05245968441832	60.24025356149399	-49.22495056802225	-98.34081279538302	72.68605055410048	
-100.0	95.71455953738985	18.06209940370862	92.35797047876187	95.60910429123783	-11.543532391737527	-63.68807314123864	-73.36510144421005	-60.82312705832205	-68.34161575525842	-5.576889255965037	19.35118874298249	89.05945263349578	-75.46165126337972	-36.849314598100605	100.0	-57.51237912262907	41.65372211117768	88.61735116672058	-6.6492721204129825	97.56102801847146	-37.45916788322405	49.96582308337977	97.4395368569243	100.0	88.05245968441832	60.24025356149399	-49.22495056802225	-98.34081279538302	72.68605055410048	
-100.0	95.71455953738985	18.06209940370862	92.35797047876187	95.60910429123783	-11.543532391737527	-63.68807314123864	-73.36510144421005	-60.82312705832205	-68.34161575525842	-5.576889255965037	19.35118874298249	89.05945263349578	-75.46165126337972	-36.849314598100605	100.0	-57.51237912262907	41.65372211117768	88.61735116672058	-6.6492721204129825	97.56102801847146	-37.45916788322405	49.96582308337977	97.4395368569243	100.0	88.05245968441832	60.24025356149399	-49.22495056802225	-98.34081279538302	72.68605055410048	
-100.0	95.71455953738985	18.06209940370862	92.35797047876187	95.60910429123783	-11.543532391737527	-63.68807314123864	-73.36510144421005	-60.82312705832205	-68.34161575525842	-5.576889255965037	19.35118874298249	89.05945263349578	-75.46165126337972	-36.849314598100605	100.0	-57.51237912262907	41.65372211117768	88.61735116672058	-6.6492721204129825	97.56102801847146	-37.45916788322405	49.96582308337977	97.4395368569243	100.0	88.05245968441832	60.24025356149399	-49.22495056802225	-98.34081279538302	72.68605055410048	
-100.0	95.71455953738985	18.06209940370862	92.35797047876187	95.60910429123783	-11.543532391737527	-63.68807314123864	-73.36510144421005	-60.82312705832205	-68.34161575525842	-5.576889255965037	19.35118874298249	89.05945263349578	-75.46165126337972	-36.849314598100605	100.0	-57.51237912262907	41.65372211117768	88.61735116672058	-6.6492721204129825	97.56102801847146	-37.45916788322405	49.96582308337977	97.4395368569243	100.0	88.05245968441832	60.24025356149399	-49.22495056802225	-98.34081279538302	72.68605055410048	
-100.0	95.71455953738985	18.06209940370862	92.35797047876187	95.60910429123783	-11.543532391737527	-63.68807314123864	-73.36510144421005	-60.82312705832205	-68.34161575525842	-5.576889255965037	19.35118874298249	89.05945263349578	-75.46165126337972	-36.849314598100605	100.0	-57.51237912262907	41.65372211117768	88.61735116672058	-6.6492721204129825	97.56102801847146	-37.45916788322405	49.96582308337977	97.4395368569243	100.0	88.05245968441832	60.24025356149399	-49.22495056802225	-98.34081279538302	72.68605055410048	
-100.0	95.71455953738985	18.06209940370862	92.35797047876187	95.60910429123783	-11.543532391737527	-63.68807314123864	-73.36510144421005	-60.82312705832205	-68.34161575525842	-5.576889255965037	19.35118874298249	89.05945263349578	-75.46165126337972	-36.849314598100605	100.0	-57.51237912262907	41.65372211117768	88.61735116672058	-6.6492721204129825	97.56102801847146	-37.45916788322405	49.96582308337977	97.4395368569243	100.0	88.05245968441832	60.24025356149399	-49.22495056802225	-98.34081279538302	72.68605055410048	
-100.0	95.71455953738985	18.06209940370862	92.35797047876187	95.60910429123783	-11.543532391737527	-63.68807314123864	-73.36510144421005	-60.82312705832205	-68.34161575525842	-5.576889255965037	19.35118874298249	89.05945263349578	-75.46165126337972	-36.849314598100605	100.0	-57.51237912262907	41.65372211117768	88.61735116672058	-6.6492721204129825	97.56102801847146	-37.45916788322405	49.96582308337977	97.4395368569243	100.0	88.05245968441832	60.24025356149399	-49.22495056802225	-98.34081279538302	72.68605055410048	
-100.0	95.71455953738985	18.06209940370862	92.35797047876187	95.60910429123783	-11.543532391737527	-63.68807314123864	-73.36510144421005	-60.82312705832205	-68.34161575525842	-5.576889255965037	19.35118874298249	89.05945263349578	-75.46165126337972	-36.849314598100605	100.0	-57.51237912262907	41.65372211117768	88.61735116672058	-6.6492721204129825	97.56102801847146	-37.45916788322405	49.96582308337977	97.4395368569243	100.0	88.05245968441832	60.24025356149399	-49.22495056802225	-98.34081279538302	72.68605055410048	
-100.0	95.71455953738985	18.06209940370862	92.35797047876187	95.60910429123783	-11.543532391737527	-63.68807314123864	-73.36510144421005	-60.82312705832205	-68.34161575525842	-5.576889255965037	19.35118874298249	89.05945263349578	-75.46165126337972	-36.849314598100605	100.0	-57.51237912262907	41.65372211117768	88.61735116672058	-6.6492721204129825	97.56102801847146	-37.45916788322405	49.96582308337977	97.4395368569243	100.0	88.05245968441832	60.24025356149399	-49.22495056802225	-98.34081279538302	72.68605055410048	
-100.0	95.71455953738985	18.06209940370862	92.35797047876187	95.60910429123783	-11.543532391737527	-63.68807314123864	-73.36510144421005	-60.82312705832205	-68.34161575525842	-5.576889255965037	19.35118874298249	89.05945263349578	-75.46165126337972	-36.849314598100605	100.0	-57.51237912262907	41.65372211117768	88.61735116672058	-6.6492721204129825	97.56102801847146	-37.45916788322405	49.96582308337977	97.4395368569243	100.0	88.05245968441832	60.24025356149399	-49.22495056802225	-98.34081279538302	72.68605055410048	
-100.0	95.71455953738985	18.06209940370862	92.35797047876187	95.60910429123783	-11.543532391737527	-63.68807314123864	-73.36510144421005	-60.82312705832205	-68.34161575525842	-5.576889255965037	19.35118874298249	89.05945263349578	-75.46165126337972	-36.849314598100605	100.0	-57.51237912262907	41.65372211117768	88.61735116672058	-6.6492721204129825	97.56102801847146	-37.45916788322405	49.96582308337977	97.4395368569243	100.0	88.05245968441832	60.24025356149399	-49.22495056802225	-98.34081279538302	72.68605055410048	
-100.0	95.71455953738985	18.06209940370862	92.35797047876187	95.60910429123783	-11.543532391737527	-63.68807314123864	-73.36510144421005	-60.82312705832205	-68.34161575525842	-5.576889255965037	19.35118874298249	89.05945263349578	-75.46165126337972	-36.849314598100605	100.0	-57.51237912262907	41.65372211117768	88.61735116672058	-6.6492721204129825	97.56102801847146	-37.45916788322405	49.96582308337977	97.4395368569243	100.0	88.05245968441832	60.24025356149399	-49.22495056802225	-98.34081279538302	72.68605055410048	
-100.0	95.71455953738985	18.06209940370862	92.35797047876187	95.60910429123783	-11.543532391737527	-63.68807314123864	-73.36510144421005	-60.82312705832205	-68.34161575525842	-5.576889255965037	19.35118874298249	89.05945263349578	-75.46165126337972	-36.849314598100605	100.0	-57.51237912262907	41.65372211117768	88.61735116672058	-6.6492721204129825	97.56102801847146	-37.45916788322405	49.96582308337977	97.4395368569243	100.0	88.05245968441832	60.24025356149399	-49.22495056802225	-98.34081279538302	72.68605055410048	
-100.0	95.71455953738985	18.06209940370862	92.35797047876187	95.60910429123783	-11.543532391737527	-63.68807314123864	-73.36510144421005	-60.82312705832205	-68.34161575525842	-5.576889255965037	19.35118874298249	89.05945263349578	-75.46165126337972	-36.849314598100605	100.0	-57.51237912262907	41.65372211117768	88.61735116672058	-6.6492721204129825	97.56102801847146	-37.45916788322405	49.96582308337977	97.4395368569243	100.0	88.05245968441832	60.24025356149399	-49.22495056802225	-98.34081279538302	72.68605055410048	
-100.0	95.71455953738985	18.06209940370862	92.35797047876187	95.60910429123783	-11.543532391737527	-63.68807314123864	-73.36510144421005	-60.82312705832205	-68.34161575525842	-5.576889255965037	19.35118874298249	89.05945263349578	-75.46165126337972	-36.849314598100605	100.0	-57.51237912262907	41.65372211117768	88.61735116672058	-6.6492721204129825	97.56102801847146	-37.45916788322405	49.96582308337977	97.4395368569243	100.0	88.05245968441832	60.24025356149399	-49.22495056802225	-98.34081279538302	72.68605055410048	
-100.0	95.71455953738985	18.06209940370862	92.35797047876187	95.60910429123783	-11.543532391737527	-63.68807314123864	-73.36510144421005	-60.82312705832205	-68.34161575525842	-5.576889255965037	19.35118874298249	89.05945263349578	-75.46165126337972	-36.849314598100605	100.0	-57.51237912262907	41.65372211117768	88.61735116672058	-6.6492721204129825	97.56102801847146	-37.45916788322405	49.96582308337977	97.4395368569243	100.0	88.05245968441832	60.24025356149399	-49.22495056802225	-98.34081279538302	72.68605055410048	
-100.0	95.71455953738985	18.06209940370862	92.35797047876187	95.60910429123783	-11.543532391737527	-63.68807314123864	-73.36510144421005	-60.82312705832205	-68.34161575525842	-5.576889255965037	19.35118874298249	89.05945263349578	-75.46165126337972	-36.849314598100605	100.0	-57.51237912262907	41.65372211117768	88.61735116672058	-6.6492721204129825	97.56102801847146	-37.45916788322405	49.96582308337977	97.4395368569243	100.0	88.05245968441832	60.24025356149399	-49.22495056802225	-98.34081279538302	72.68605055410048	
-100.0	95.71455953738985	18.06209940370862	92.35797047876187	95.60910429123783	-11.543532391737527	-63.68807314123864	-73.36510144421005	-60.82312705832205	-68.34161575525842	-5.576889255965037	19.35118874298249	89.05945263349578	-75.46165126337972	-36.849314598100605	100.0	-57.51237912262907	41.65372211117768	88.61735116672058	-6.6492721204129825	97.56102801847146	-37.45916788322405	49.96582308337977	97.4395368569243	100.0	88.05245968441832	60.24025356149399	-49.22495056802225	-98.34081279538302	72.68605055410048	
-100.0	95.71455953738985	18.06209940370862	92.35797047876187	95.60910429123783	-11.543532391737527	-63.68807314123864	-73.36510144421005	-60.82312705832205	-68.34161575525842	-5.576889255965037	19.35118874298249	89.05945263349578	-75.46165126337972	-36.849314598100605	100.0	-57.51237912262907	41.65372211117768	88.61735116672058	-6.6492721204129825	97.56102801847146	-37.45916788322405	49.96582308337977	97.4395368569243	100.0	88.05245968441832	60.24025356149399	-49.22495056802225	-98.34081279538302	72.68605055410048	
-100.0	95.71455953738985	18.06209940370862	92.35797047876187	95.60910429123783	-11.543532391737527	-63.68807314123864	-73.36510144421005	-60.82312705832205	-68.34161575525842	-5.576889255965037	19.35118874298249	89.05945263349578	-75.46165126337972	-36.849314598100605	100.0	-57.51237912262907	41.65372211117768	88.61735116672058	-6.6492721204129825	97.56102801847146	-37.45916788322405	49.96582308337977	97.4395368569243	100.0	88.05245968441832	60.24025356149399	-49.22495056802225	-98.34081279538302	72.68605055410048	
-100.0	95.71455953738985	18.06209940370862	92.35797047876187	95.60910429123783	-11.543532391737527	-63.68807314123864	-73.36510144421005	-60.82312705832205	-68.34161575525842	-5.576889255965037	19.35118874298249	89.05945263349578	-75.46165126337972	-36.849314598100605	100.0	-57.51237912262907	41.65372211117768	88.61735116672058	-6.6492721204129825	97.56102801847146	-37.45916788322405	49.96582308337977	97.4395368569243	100.0	88.05245968441832	60.24025356149399	-49.22495056802225	-98.34081279538302	72.68605055410048	
-100.0	95.71455953738985	18.06209940370862	92.35797047876187	95.60910429123783	-11.543532391737527	-63.68807314123864	-73.36510144421005	-60.82312705832205	-68.34161575525842	-5.576889255965037	19.35118874298249	89.05945263349578	-75.46165126337972	-36.849314598100605	100.0	-57.51237912262907	41.65372211117768	88.61735116672058	-6.6492721204129825	97.56102801847146	-37.45916788322405	49.96582308337977	97.4395368569243	100.0	88.05245968441832	60.24025356149399	-49.22495056802225	-98.34081279538302	72.68605055410048	
-100.0	95.71455953738985	18.06209940370862	92.35797047876187	95.60910429123783	-11.543532391737527	-63.68807314123864	-73.36510144421005	-60.82312705832205	-68.34161575525842	-5.576889255965037	19.35118874298249	89.05945263349578	-75.46165126337972	-36.849314598100605	100.0	-57.51237912262907	41.65372211117768	88.61735116672058	-6.6492721204129825	97.56102801847146	-37.45916788322405	49.96582308337977	97.4395368569243	100.0	88.05245968441832	60.24025356149399	-49.22495056802225	-98.34081279538302	72.68605055410048	
-100.0	95.71455953738985	18.06209940370862	92.35797047876187	95.60910429123783	-11.543532391737527	-63.68807314123864	-73.36510144421005	-60.82312705832205	-68.34161575525842	-5.576889255965037	19.35118874298249	89.05945263349578	-75.46165126337972	-36.849314598100605	100.0	-57.51237912262907	41.65372211117768	88.61735116672058	-6.6492721204129825	97.56102801847146	-37.45916788322405	49.96582308337977	97.4395368569243	100.0	88.05245968441832	60.24025356149399	-49.22495056802225	-98.34081279538302	72.68605055410048	
-100.0	95.71455953738985	18.06209940370862	92.35797047876187	95.60910429123783	-11.543532391737527	-63.68807314123864	-73.36510144421005	-60.82312705832205	-68.34161575525842	-5.576889255965037	19.35118874298249	89.05945263349578	-75.46165126337972	-36.849314598100605	100.0	-57.51237912262907	41.65372211117768	88.61735116672058	-6.6492721204129825	97.56102801847146	-37.45916788322405	49.96582308337977	97.4395368569243	100.0	88.05245968441832	60.24025356149399	-49.22495056802225	-98.34081279538302	72.68605055410048	
-100.0	95.71455953738985	18.06209940370862	92.35797047876187	95.60910429123783	-11.543532391737527	-63.68807314123864	-73.36510144421005	-60.82312705832205	-68.34161575525842	-5.576889255965037	19.35118874298249	89.05945263349578	-75.46165126337972	-36.849314598100605	100.0	-57.51237912262907	41.65372211117768	88.61735116672058	-6.6492721204129825	97.56102801847146	-37.45916788322405	49.96582308337977	97.4395368569243	100.0	88.05245968441832	60.24025356149399	-49.22495056802225	-98.34081279538302	72.68605055410048	
-100.0	95.71455953738985	18.06209940370862	92.35797047876187	95.60910429123783	-11.543532391737527	-63.68807314123864	-73.36510144421005	-60.82312705832205	-68.34161575525842	-5.576889255965037	19.35118874298249	89.05945263349578	-75.46165126337972	-36.849314598100605	100.0	-57.51237912262907	41.65372211117768	88.61735116672058	-6.6492721204129825	97.56102801847146	-37.45916788322405	49.96582308337977	97.4395368569243	100.0	88.05245968441832	60.24025356149399	-49.22495056802225	-98.34081279538302	72.68605055410048	
-100.0	95.71455953738985	18.06209940370862	92.35797047876187	95.60910429123783	-11.543532391737527	-63.68807314123864	-73.36510144421005	-60.82312705832205	-68.34161575525842	-5.576889255965037	19.35118874298249	89.05945263349578	-75.46165126337972	-36.849314598100605	100.0	-57.51237912262907	41.65372211117768	88.61735116672058	-6.6492721204129825	97.56102801847146	-37.45916788322405	49.96582308337977	97.4395368569243	100.0	88.05245968441832	60.24025356149399	-49.22495056802225	-98.34081279538302	72.68605055410048	
-100.0	95.71455953738985	18.06209940370862	92.35797047876187	95.60910429123783	-11.543532391737527	-63.68807314123864	-73.36510144421005	-60.82312705832205	-68.34161575525842	-5.576889255965037	19.35118874298249	89.05945263349578	-75.46165126337972	-36.849314598100605	100.0	-57.51237912262907	41.65372211117768	88.61735116672058	-6.6492721204129825	97.56102801847146	-37.45916788322405	49.96582308337977	97.4395368569243	100.0	88.05245968441832	60.24025356149399	-49.22495056802225	-98.34081279538302	72.68605055410048	
-100.0	95.71455953738985	18.06209940370862	92.35797047876187	95.60910429123783	-11.543532391737527	-63.68807314123864	-73.36510144421005	-60.82312705832205	-68.34161575525842	-5.576889255965037	19.35118874298249	89.05945263349578	-75.46165126337972	-36.849314598100605	100.0	-57.51237912262907	41.65372211117768	88.61735116672058	-6.6492721204129825	97.56102801847146	-37.45916788322405	49.96582308337977	97.4395368569243	100.0	88.05245968441832	60.24025356149399	-49.22495056802225	-98.34081279538302	72.68605055410048	
-100.0	95.71455953738985	18.06209940370862	92.35797047876187	95.60910429123783	-11.543532391737527	-63.68807314123864	-73.36510144421005	-60.82312705832205	-68.34161575525842	-5.576889255965037	19.35118874298249	89.05945263349578	-75.46165126337972	-36.849314598100605	100.0	-57.51237912262907	41.65372211117768	88.61735116672058	-6.6492721204129825	97.56102801847146	-37.45916788322405	49.96582308337977	97.4395368569243	100.0	88.05245968441832	60.24025356149399	-49.22495056802225	-98.34081279538302	72.68605055410048	
-100.0	95.71455953738985	18.06209940370862	92.35797047876187	95.60910429123783	-11.543532391737527	-63.68807314123864	-73.36510144421005	-60.82312705832205	-68.34161575525842	-5.576889255965037	19.35118874298249	89.05945263349578	-75.46165126337972	-36.849314598100605	100.0	-57.51237912262907	41.65372211117768	88.61735116672058	-6.6492721204129825	97.56102801847146	-37.45916788322405	49.96582308337977	97.4395368569243	100.0	88.05245968441832	60.24025356149399	-49.22495056802225	-98.34081279538302	72.68605055410048	
-100.0	95.71455953738985	18.06209940370862	92.35797047876187	95.60910429123783	-11.543532391737527	-63.68807314123864	-73.36510144421005	-60.82312705832205	-68.34161575525842	-5.576889255965037	19.35118874298249	89.05945263349578	-75.46165126337972	-36.849314598100605	100.0	-57.51237912262907	41.65372211117768	88.61735116672058	-6.6492721204129825	97.56102801847146	-37.45916788322405	49.96582308337977	97.4395368569243	100.0	88.05245968441832	60.24025356149399	-49.22495056802225	-98.34081279538302	72.68605055410048	
-100.0	95.71455953738985	18.06209940370862	92.35797047876187	95.60910429123783	-11.543532391737527	-63.68807314123864	-73.36510144421005	-60.82312705832205	-68.34161575525842	-5.576889255965037	19.35118874298249	89.05945263349578	-75.46165126337972	-36.849314598100605	100.0	-57.51237912262907	41.65372211117768	88.61735116672058	-6.6492721204129825	97.56102801847146	-37.45916788322405	49.96582308337977	97.4395368569243	100.0	88.05245968441832	60.24025356149399	-49.22495056802225	-98.34081279538302	72.68605055410048	
-100.0	95.71455953738985	18.06209940370862	92.35797047876187	95.60910429123783	-11.543532391737527	-63.68807314123864	-73.36510144421005	-60.82312705832205	-68.34161575525842	-5.576889255965037	19.35118874298249	89.05945263349578	-75.46165126337972	-36.849314598100605	100.0	-57.51237912262907	41.65372211117768	88.61735116672058	-6.6492721204129825	97.56102801847146	-37.45916788322405	49.96582308337977	97.4395368569243	100.0	88.05245968441832	60.24025356149399	-49.22495056802225	-98.34081279538302	72.68605055410048	
-100.0	95.71455953738985	18.06209940370862	92.35797047876187	95.60910429123783	-11.543532391737527	-63.68807314123864	-73.36510144421005	-60.82312705832205	-68.34161575525842	-5.576889255965037	19.35118874298249	89.05945263349578	-75.46165126337972	-36.849314598100605	100.0	-57.51237912262907	41.65372211117768	88.61735116672058	-6.6492721204129825	97.56102801847146	-37.45916788322405	49.96582308337977	97.4395368569243	100.0	88.05245968441832	60.24025356149399	-49.22495056802225	-98.34081279538302	72.68605055410048	
-100.0	95.71455953738985	18.06209940370862	92.35797047876187	95.60910429123783	-11.543532391737527	-63.68807314123864	-73.36510144421005	-60.82312705832205	-68.34161575525842	-5.576889255965037	19.35118874298249	89.05945263349578	-75.46165126337972	-36.849314598100605	100.0	-57.51237912262907	41.65372211117768	88.61735116672058	-6.6492721204129825	97.56102801847146	-37.45916788322405	49.96582308337977	97.4395368569243	100.0	88.05245968441832	60.24025356149399	-49.22495056802225	-98.34081279538302	72.68605055410048	
-100.0	95.71455953738985	18.06209940370862	92.35797047876187	95.60910429123783	-11.543532391737527	-63.68807314123864	-73.36510144421005	-60.82312705832205	-68.34161575525842	-5.576889255965037	19.35118874298249	89.05945263349578	-75.46165126337972	-36.849314598100605	100.0	-57.51237912262907	41.65372211117768	88.61735116672058	-6.6492721204129825	97.56102801847146	-37.45916788322405	49.96582308337977	97.4395368569243	100.0	88.05245968441832	60.24025356149399	-49.22495056802225	-98.34081279538302	72.68605055410048	
-100.0	95.71455953738985	18.06209940370862	92.35797047876187	95.60910429123783	-11.543532391737527	-63.68807314123864	-73.36510144421005	-60.82312705832205	-68.34161575525842	-5.576889255965037	19.35118874298249	89.05945263349578	-75.46165126337972	-36.849314598100605	100.0	-57.51237912262907	41.65372211117768	88.61735116672058	-6.6492721204129825	97.56102801847146	-37.45916788322405	49.96582308337977	97.4395368569243	100.0	88.05245968441832	60.24025356149399	-49.22495056802225	-98.34081279538302	72.68605055410048	
-100.0	95.71455953738985	18.06209940370862	92.35797047876187	95.60910429123783	-11.543532391737527	-63.68807314123864	-73.36510144421005	-60.82312705832205	-68.34161575525842	-5.576889255965037	19.35118874298249	89.05945263349578	-75.46165126337972	-36.849314598100605	100.0	-57.51237912262907	41.65372211117768	88.61735116672058	-6.6492721204129825	97.56102801847146	-37.45916788322405	49.96582308337977	97.4395368569243	100.0	88.05245968441832	60.24025356149399	-49.22495056802225	-98.34081279538302	72.68605055410048	
-100.0	95.71455953738985	18.06209940370862	92.35797047876187	95.60910429123783	-11.543532391737527	-63.68807314123864	-73.36510144421005	-60.82312705832205	-68.34161575525842	-5.576889255965037	19.35118874298249	89.05945263349578	-75.46165126337972	-36.849314598100605	100.0	-57.51237912262907	41.65372211117768	88.61735116672058	-6.6492721204129825	97.56102801847146	-37.45916788322405	49.96582308337977	97.4395368569243	100.0	88.05245968441832	60.24025356149399	-49.22495056802225	-98.34081279538302	72.68605055410048	
-100.0	95.71455953738985	18.06209940370862	92.35797047876187	95.60910429123783	-11.543532391737527	-63.68807314123864	-73.36510144421005	-60.82312705832205	-68.34161575525842	-5.576889255965037	19.35118874298249	89.05945263349578	-75.46165126337972	-36.849314598100605	100.0	-57.51237912262907	41.65372211117768	88.61735116672058	-6.6492721204129825	97.56102801847146	-37.45916788322405	49.96582308337977	97.4395368569243	100.0	88.05245968441832	60.24025356149399	-49.22495056802225	-98.34081279538302	72.68605055410048	
81.74111748146134	-8.963418302966842	18.555438882301882	82.97890784070803	-99.00483344571134	99.69735412003004	-63.87462540502701	67.35973965753654	-60.99870809667191	-68.81536340932723	-5.749696859961797	19.55000919874908	99.26158336926576	-75.43095945653938	-99.99941542441954	-99.00297324708934	-100.0	41.74739120441783	65.91087864033983	-6.64271982857059	86.7382889403151	-37.396218883666684	99.12368041674429	97.17560399471209	18.757401207249973	47.393332349442055	59.454423610138555	-49.193736829721985	98.1829851461997	55.31571712707363	
