300	174930466.4425513
630	174930466.4425513
953	122444199.80296016
1273	27308970.75066548
1592	18662728.873321936
1910	18662728.873321936
2221	18662728.873321936
2534	18662728.873321936
2842	18662728.873321936
3151	3442270.410276048
3460	3442270.410276048
3769	3442270.410276048
4081	3442270.410276048
4391	3442270.410276048
4700	3442270.410276048
5010	3442270.410276048
5320	3442270.410276048
5629	3442270.410276048
5938	2246570.557242098
6247	1445812.158955327
6554	1445812.158955327
6865	1445812.158955327
7171	1445812.158955327
7478	921064.2536891002
7786	921064.2536891002
8095	921064.2536891002
8406	921064.2536891002
8717	921064.2536891002
9027	921064.2536891002
9335	921064.2536891002
9642	921064.2536891002
9949	921064.2536891002
10256	921064.2536891002
10564	921064.2536891002
10873	921064.2536891002
11181	921064.2536891002
11491	921064.2536891002
11800	921064.2536891002
12111	921064.2536891002
12423	921064.2536891002
12733	921064.2536891002
13044	921064.2536891002
13352	921064.2536891002
13660	921064.2536891002
74774	2195.353275860669
105091	2033.897851663193
149762	2023.1991677406652
150070	2023.1991677406652
150378	2023.1991677406652
150688	2023.1991677406652
150998	2023.1991677406652
151307	2023.1991677406652
151615	2023.1991677406652
151923	2023.1991677406652
152231	2023.1991677406652
152542	2023.1991677406652
152852	2023.1991677406652
153160	2023.1991677406652
153468	2023.1991677406652
153775	2023.1991677406652
154083	2023.1991677406652
154390	2023.1991677406652
154697	2023.1991677406652
155004	2023.1991677406652
155311	2023.1991677406652
155620	2023.1991677406652
155932	2023.1991677406652
156245	2023.1991677406652
156561	2023.1991677406652
156872	2023.1991677406652
157183	2023.1991677406652
202497	2023.1991677406652
202807	2023.1991677406652
203118	2023.1991677406652
203427	2023.1991677406652
203737	2023.1991677406652
204045	2023.1991677406652
204353	2023.1991677406652
204661	2023.1991677406652
204971	2023.1991677406652
205281	2023.1991677406652
205593	2023.1991677406652
205903	2023.1991677406652
206212	2023.1991677406652
206524	2023.1991677406652
206835	2023.1991677406652
207146	2023.1991677406652
207457	2023.1991677406652
207765	2023.1991677406652
208077	2023.1991677406652
208388	2023.1991677406652
253700	2023.1991677406652
254011	2023.1991677406652
254325	2023.1991677406652
254634	2023.1991677406652
254944	2023.1991677406652
255254	2023.1991677406652
255569	2023.1991677406652
255878	2023.1991677406652
256186	2023.1991677406652
256496	2023.1991677406652
301811	2023.1991677406652
