-57.52496197669294	-32.81445113026045	-12.1221999015863	-49.37570051849249	13.646317020235202	-85.30687932433796	-15.312854339236608	-8.345059661938834	20.827761147747736	-71.3995818474935	31.117936381669608	-7.576831403033708	85.03032040306633	-72.40082169945639	-19.8152566357612	56.58604778818051	87.05312567908629	62.05809569299191	77.98894313271475	-12.388153439641329	-54.8535411353267	-48.40397155200093	27.11400908682971	32.53405826961432	-15.104620416287347	-61.797574274126646	74.97865328157641	-34.959609479876704	-51.9826757894893	66.61641609777567	
32.133266659262645	-99.47009204435668	-12.40714638762276	-28.7446651663004	37.89630059969645	-100.0	15.337123003445043	31.3037585258976	41.951975771597404	-81.46712365676697	72.29469446326685	4.805081675567444	100.0	-80.65537819903831	-0.7201581836546396	96.34110904236486	58.92865382775657	75.84857094203585	100.0	-83.30156705184018	-20.592884286935703	-100.0	100.0	24.788295605246873	-9.416152228494461	-52.668268974645514	100.0	-79.96035916809629	-70.48078970135565	100.0	
-86.28382058359604	-100.0	-65.44415935523455	73.74833271312214	54.95323625634251	98.73948902985478	46.91152243133726	78.70638474370537	-100.0	-100.0	89.21054675880484	69.9005636948264	-92.04320914830726	100.0	-6.546399422946752	-18.492209235372663	-25.236896043819023	-34.6363616840426	-6.261792456046813	-21.138766022320986	-31.42842782407569	53.19035127976875	-3.370821672463407	41.96017491782123	-30.74924302229899	73.02093666328909	-70.48334566799261	88.8483855376135	38.56408800110009	5.989681350602339	
-86.28382058359604	-100.0	-65.44415935523455	73.74833271312214	54.95323625634251	98.73948902985478	46.91152243133726	78.70638474370537	-100.0	-100.0	89.21054675880484	69.9005636948264	-92.04320914830726	100.0	-6.546399422946752	-18.492209235372663	-25.236896043819023	-34.6363616840426	-6.261792456046813	-21.138766022320986	-31.42842782407569	53.19035127976875	-3.370821672463407	41.96017491782123	-30.74924302229899	73.02093666328909	-70.48334566799261	88.8483855376135	38.56408800110009	5.989681350602339	
-86.28382058359604	-100.0	-65.44415935523455	73.74833271312214	54.95323625634251	98.73948902985478	46.91152243133726	78.70638474370537	-100.0	-100.0	89.21054675880484	69.9005636948264	-92.04320914830726	100.0	-6.546399422946752	-18.492209235372663	-25.236896043819023	-34.6363616840426	-6.261792456046813	-21.138766022320986	-31.42842782407569	53.19035127976875	-3.370821672463407	41.96017491782123	-30.74924302229899	73.02093666328909	-70.48334566799261	88.8483855376135	38.56408800110009	5.989681350602339	
-86.28382058359604	-100.0	-65.44415935523455	73.74833271312214	54.95323625634251	98.73948902985478	46.91152243133726	78.70638474370537	-100.0	-100.0	89.21054675880484	69.9005636948264	-92.04320914830726	100.0	-6.546399422946752	-18.492209235372663	-25.236896043819023	-34.6363616840426	-6.261792456046813	-21.138766022320986	-31.42842782407569	53.19035127976875	-3.370821672463407	41.96017491782123	-30.74924302229899	73.02093666328909	-70.48334566799261	88.8483855376135	38.56408800110009	5.989681350602339	
-86.28382058359604	-100.0	-65.44415935523455	73.74833271312214	54.95323625634251	98.73948902985478	46.91152243133726	78.70638474370537	-100.0	-100.0	89.21054675880484	69.9005636948264	-92.04320914830726	100.0	-6.546399422946752	-18.492209235372663	-25.236896043819023	-34.6363616840426	-6.261792456046813	-21.138766022320986	-31.42842782407569	53.19035127976875	-3.370821672463407	41.96017491782123	-30.74924302229899	73.02093666328909	-70.48334566799261	88.8483855376135	38.56408800110009	5.989681350602339	
100.0	100.0	36.52628987178006	78.64390956037177	44.02030277199283	51.69755813394012	-18.232260871309364	100.0	-27.064914460609163	-14.186509905149464	26.168410460935448	-100.0	100.0	3.800525056376486	-29.175173017618754	100.0	-56.95354039722707	100.0	100.0	43.96284058977294	-100.0	-53.55408434340884	-43.89889826901252	81.4743032254369	-1.050287551174348	-100.0	100.0	82.81621467168706	42.030778011863795	-58.43536135494355	
100.0	100.0	36.52628987178006	78.64390956037177	44.02030277199283	51.69755813394012	-18.232260871309364	100.0	-27.064914460609163	-14.186509905149464	26.168410460935448	-100.0	100.0	3.800525056376486	-29.175173017618754	100.0	-56.95354039722707	100.0	100.0	43.96284058977294	-100.0	-53.55408434340884	-43.89889826901252	81.4743032254369	-1.050287551174348	-100.0	100.0	82.81621467168706	42.030778011863795	-58.43536135494355	
100.0	100.0	36.52628987178006	78.64390956037177	44.02030277199283	51.69755813394012	-18.232260871309364	100.0	-27.064914460609163	-14.186509905149464	26.168410460935448	-100.0	100.0	3.800525056376486	-29.175173017618754	100.0	-56.95354039722707	100.0	100.0	43.96284058977294	-100.0	-53.55408434340884	-43.89889826901252	81.4743032254369	-1.050287551174348	-100.0	100.0	82.81621467168706	42.030778011863795	-58.43536135494355	
100.0	100.0	36.52628987178006	78.64390956037177	44.02030277199283	51.69755813394012	-18.232260871309364	100.0	-27.064914460609163	-14.186509905149464	26.168410460935448	-100.0	100.0	3.800525056376486	-29.175173017618754	100.0	-56.95354039722707	100.0	100.0	43.96284058977294	-100.0	-53.55408434340884	-43.89889826901252	81.4743032254369	-1.050287551174348	-100.0	100.0	82.81621467168706	42.030778011863795	-58.43536135494355	
-100.0	-28.541628591913543	-100.0	47.07262779340385	-31.66952350100191	80.9061753719358	40.42955797980929	47.974994615893785	-79.17788867413113	-31.719198783178154	71.27258876770648	56.457720946627155	17.47751126002836	55.149896503902205	-100.0	-48.38749093674488	-60.17188432544989	-100.0	-66.66159480325815	4.521339246804789	100.0	84.10672040549764	-3.4229369256367495	-6.263447985598589	-24.39460467107208	47.17295016138932	-52.24466700886686	80.22214118440401	28.654414959368594	-100.0	
-100.0	-28.541628591913543	-100.0	47.07262779340385	-31.66952350100191	80.9061753719358	40.42955797980929	47.974994615893785	-79.17788867413113	-31.719198783178154	71.27258876770648	56.457720946627155	17.47751126002836	55.149896503902205	-100.0	-48.38749093674488	-60.17188432544989	-100.0	-66.66159480325815	4.521339246804789	100.0	84.10672040549764	-3.4229369256367495	-6.263447985598589	-24.39460467107208	47.17295016138932	-52.24466700886686	80.22214118440401	28.654414959368594	-100.0	
-100.0	-28.541628591913543	-100.0	47.07262779340385	-31.66952350100191	80.9061753719358	40.42955797980929	47.974994615893785	-79.17788867413113	-31.719198783178154	71.27258876770648	56.457720946627155	17.47751126002836	55.149896503902205	-100.0	-48.38749093674488	-60.17188432544989	-100.0	-66.66159480325815	4.521339246804789	100.0	84.10672040549764	-3.4229369256367495	-6.263447985598589	-24.39460467107208	47.17295016138932	-52.24466700886686	80.22214118440401	28.654414959368594	-100.0	
-100.0	-28.541628591913543	-100.0	47.07262779340385	-31.66952350100191	80.9061753719358	40.42955797980929	47.974994615893785	-79.17788867413113	-31.719198783178154	71.27258876770648	56.457720946627155	17.47751126002836	55.149896503902205	-100.0	-48.38749093674488	-60.17188432544989	-100.0	-66.66159480325815	4.521339246804789	100.0	84.10672040549764	-3.4229369256367495	-6.263447985598589	-24.39460467107208	47.17295016138932	-52.24466700886686	80.22214118440401	28.654414959368594	-100.0	
-100.0	-28.541628591913543	-100.0	47.07262779340385	-31.66952350100191	80.9061753719358	40.42955797980929	47.974994615893785	-79.17788867413113	-31.719198783178154	71.27258876770648	56.457720946627155	17.47751126002836	55.149896503902205	-100.0	-48.38749093674488	-60.17188432544989	-100.0	-66.66159480325815	4.521339246804789	100.0	84.10672040549764	-3.4229369256367495	-6.263447985598589	-24.39460467107208	47.17295016138932	-52.24466700886686	80.22214118440401	28.654414959368594	-100.0	
-100.0	-28.541628591913543	-100.0	47.07262779340385	-31.66952350100191	80.9061753719358	40.42955797980929	47.974994615893785	-79.17788867413113	-31.719198783178154	71.27258876770648	56.457720946627155	17.47751126002836	55.149896503902205	-100.0	-48.38749093674488	-60.17188432544989	-100.0	-66.66159480325815	4.521339246804789	100.0	84.10672040549764	-3.4229369256367495	-6.263447985598589	-24.39460467107208	47.17295016138932	-52.24466700886686	80.22214118440401	28.654414959368594	-100.0	
-100.0	-28.541628591913543	-100.0	47.07262779340385	-31.66952350100191	80.9061753719358	40.42955797980929	47.974994615893785	-79.17788867413113	-31.719198783178154	71.27258876770648	56.457720946627155	17.47751126002836	55.149896503902205	-100.0	-48.38749093674488	-60.17188432544989	-100.0	-66.66159480325815	4.521339246804789	100.0	84.10672040549764	-3.4229369256367495	-6.263447985598589	-24.39460467107208	47.17295016138932	-52.24466700886686	80.22214118440401	28.654414959368594	-100.0	
-100.0	-28.541628591913543	-100.0	47.07262779340385	-31.66952350100191	80.9061753719358	40.42955797980929	47.974994615893785	-79.17788867413113	-31.719198783178154	71.27258876770648	56.457720946627155	17.47751126002836	55.149896503902205	-100.0	-48.38749093674488	-60.17188432544989	-100.0	-66.66159480325815	4.521339246804789	100.0	84.10672040549764	-3.4229369256367495	-6.263447985598589	-24.39460467107208	47.17295016138932	-52.24466700886686	80.22214118440401	28.654414959368594	-100.0	
-100.0	-28.541628591913543	-100.0	47.07262779340385	-31.66952350100191	80.9061753719358	40.42955797980929	47.974994615893785	-79.17788867413113	-31.719198783178154	71.27258876770648	56.457720946627155	17.47751126002836	55.149896503902205	-100.0	-48.38749093674488	-60.17188432544989	-100.0	-66.66159480325815	4.521339246804789	100.0	84.10672040549764	-3.4229369256367495	-6.263447985598589	-24.39460467107208	47.17295016138932	-52.24466700886686	80.22214118440401	28.654414959368594	-100.0	
-100.0	-28.541628591913543	-100.0	47.07262779340385	-31.66952350100191	80.9061753719358	40.42955797980929	47.974994615893785	-79.17788867413113	-31.719198783178154	71.27258876770648	56.457720946627155	17.47751126002836	55.149896503902205	-100.0	-48.38749093674488	-60.17188432544989	-100.0	-66.66159480325815	4.521339246804789	100.0	84.10672040549764	-3.4229369256367495	-6.263447985598589	-24.39460467107208	47.17295016138932	-52.24466700886686	80.22214118440401	28.654414959368594	-100.0	
-100.0	-28.541628591913543	-100.0	47.07262779340385	-31.66952350100191	80.9061753719358	40.42955797980929	47.974994615893785	-79.17788867413113	-31.719198783178154	71.27258876770648	56.457720946627155	17.47751126002836	55.149896503902205	-100.0	-48.38749093674488	-60.17188432544989	-100.0	-66.66159480325815	4.521339246804789	100.0	84.10672040549764	-3.4229369256367495	-6.263447985598589	-24.39460467107208	47.17295016138932	-52.24466700886686	80.22214118440401	28.654414959368594	-100.0	
-100.0	-28.541628591913543	-100.0	47.07262779340385	-31.66952350100191	80.9061753719358	40.42955797980929	47.974994615893785	-79.17788867413113	-31.719198783178154	71.27258876770648	56.457720946627155	17.47751126002836	55.149896503902205	-100.0	-48.38749093674488	-60.17188432544989	-100.0	-66.66159480325815	4.521339246804789	100.0	84.10672040549764	-3.4229369256367495	-6.263447985598589	-24.39460467107208	47.17295016138932	-52.24466700886686	80.22214118440401	28.654414959368594	-100.0	
-100.0	-28.541628591913543	-100.0	47.07262779340385	-31.66952350100191	80.9061753719358	40.42955797980929	47.974994615893785	-79.17788867413113	-31.719198783178154	71.27258876770648	56.457720946627155	17.47751126002836	55.149896503902205	-100.0	-48.38749093674488	-60.17188432544989	-100.0	-66.66159480325815	4.521339246804789	100.0	84.10672040549764	-3.4229369256367495	-6.263447985598589	-24.39460467107208	47.17295016138932	-52.24466700886686	80.22214118440401	28.654414959368594	-100.0	
-100.0	-28.541628591913543	-100.0	47.07262779340385	-31.66952350100191	80.9061753719358	40.42955797980929	47.974994615893785	-79.17788867413113	-31.719198783178154	71.27258876770648	56.457720946627155	17.47751126002836	55.149896503902205	-100.0	-48.38749093674488	-60.17188432544989	-100.0	-66.66159480325815	4.521339246804789	100.0	84.10672040549764	-3.4229369256367495	-6.263447985598589	-24.39460467107208	47.17295016138932	-52.24466700886686	80.22214118440401	28.654414959368594	-100.0	
-100.0	-28.541628591913543	-100.0	47.07262779340385	-31.66952350100191	80.9061753719358	40.42955797980929	47.974994615893785	-79.17788867413113	-31.719198783178154	71.27258876770648	56.457720946627155	17.47751126002836	55.149896503902205	-100.0	-48.38749093674488	-60.17188432544989	-100.0	-66.66159480325815	4.521339246804789	100.0	84.10672040549764	-3.4229369256367495	-6.263447985598589	-24.39460467107208	47.17295016138932	-52.24466700886686	80.22214118440401	28.654414959368594	-100.0	
-100.0	-28.541628591913543	-100.0	47.07262779340385	-31.66952350100191	80.9061753719358	40.42955797980929	47.974994615893785	-79.17788867413113	-31.719198783178154	71.27258876770648	56.457720946627155	17.47751126002836	55.149896503902205	-100.0	-48.38749093674488	-60.17188432544989	-100.0	-66.66159480325815	4.521339246804789	100.0	84.10672040549764	-3.4229369256367495	-6.263447985598589	-24.39460467107208	47.17295016138932	-52.24466700886686	80.22214118440401	28.654414959368594	-100.0	
-100.0	-28.541628591913543	-100.0	47.07262779340385	-31.66952350100191	80.9061753719358	40.42955797980929	47.974994615893785	-79.17788867413113	-31.719198783178154	71.27258876770648	56.457720946627155	17.47751126002836	55.149896503902205	-100.0	-48.38749093674488	-60.17188432544989	-100.0	-66.66159480325815	4.521339246804789	100.0	84.10672040549764	-3.4229369256367495	-6.263447985598589	-24.39460467107208	47.17295016138932	-52.24466700886686	80.22214118440401	28.654414959368594	-100.0	
-100.0	-28.541628591913543	-100.0	47.07262779340385	-31.66952350100191	80.9061753719358	40.42955797980929	47.974994615893785	-79.17788867413113	-31.719198783178154	71.27258876770648	56.457720946627155	17.47751126002836	55.149896503902205	-100.0	-48.38749093674488	-60.17188432544989	-100.0	-66.66159480325815	4.521339246804789	100.0	84.10672040549764	-3.4229369256367495	-6.263447985598589	-24.39460467107208	47.17295016138932	-52.24466700886686	80.22214118440401	28.654414959368594	-100.0	
-100.0	-28.541628591913543	-100.0	47.07262779340385	-31.66952350100191	80.9061753719358	40.42955797980929	47.974994615893785	-79.17788867413113	-31.719198783178154	71.27258876770648	56.457720946627155	17.47751126002836	55.149896503902205	-100.0	-48.38749093674488	-60.17188432544989	-100.0	-66.66159480325815	4.521339246804789	100.0	84.10672040549764	-3.4229369256367495	-6.263447985598589	-24.39460467107208	47.17295016138932	-52.24466700886686	80.22214118440401	28.654414959368594	-100.0	
-100.0	-28.541628591913543	-100.0	47.07262779340385	-31.66952350100191	80.9061753719358	40.42955797980929	47.974994615893785	-79.17788867413113	-31.719198783178154	71.27258876770648	56.457720946627155	17.47751126002836	55.149896503902205	-100.0	-48.38749093674488	-60.17188432544989	-100.0	-66.66159480325815	4.521339246804789	100.0	84.10672040549764	-3.4229369256367495	-6.263447985598589	-24.39460467107208	47.17295016138932	-52.24466700886686	80.22214118440401	28.654414959368594	-100.0	
-100.0	-28.541628591913543	-100.0	47.07262779340385	-31.66952350100191	80.9061753719358	40.42955797980929	47.974994615893785	-79.17788867413113	-31.719198783178154	71.27258876770648	56.457720946627155	17.47751126002836	55.149896503902205	-100.0	-48.38749093674488	-60.17188432544989	-100.0	-66.66159480325815	4.521339246804789	100.0	84.10672040549764	-3.4229369256367495	-6.263447985598589	-24.39460467107208	47.17295016138932	-52.24466700886686	80.22214118440401	28.654414959368594	-100.0	
-53.18870551209848	-3.0913034292402237	17.424313245350334	-81.61663005831038	27.75821096714504	-3.029197945567136	-63.60012299869516	96.68645660556736	-60.88297233162184	-68.32277810094662	-5.535053845442083	19.3670016118692	-96.5383434780038	-74.82949619864773	96.96802538767126	-64.8126597328349	99.05604973231993	41.41795047448783	31.22663717289321	-6.508975535966135	21.07328202183894	-37.18661549807064	45.1745877484788	100.0	-98.4123491701786	11.788712798228735	61.06295172634572	-49.3610598714233	-100.0	-63.7166090929701	
-52.83532587591718	16.17907386946761	21.35034879911093	-85.85219594384009	20.166557874517235	-30.859567349322994	-63.93702408202789	8.77800026145935	-61.02448878018386	-66.93752372383778	-5.798926910423895	19.5956199685033	-57.79955612623714	-77.69993231106231	94.7197581837562	-78.68129031317811	57.785186889505894	44.02242595453791	-1.6606505808222833	-6.675419940909996	33.049729382240976	-37.44300134710429	39.022372789070204	97.4378748070246	-99.56758205667771	-9.597373594973345	60.246767713819494	-48.184974760928576	-99.92453752622816	-72.12538811751568	
-52.83532587591718	16.17907386946761	21.35034879911093	-85.85219594384009	20.166557874517235	-30.859567349322994	-63.93702408202789	8.77800026145935	-61.02448878018386	-66.93752372383778	-5.798926910423895	19.5956199685033	-57.79955612623714	-77.69993231106231	94.7197581837562	-78.68129031317811	57.785186889505894	44.02242595453791	-1.6606505808222833	-6.675419940909996	33.049729382240976	-37.44300134710429	39.022372789070204	97.4378748070246	-99.56758205667771	-9.597373594973345	60.246767713819494	-48.184974760928576	-99.92453752622816	-72.12538811751568	
-52.83532587591718	16.17907386946761	21.35034879911093	-85.85219594384009	20.166557874517235	-30.859567349322994	-63.93702408202789	8.77800026145935	-61.02448878018386	-66.93752372383778	-5.798926910423895	19.5956199685033	-57.79955612623714	-77.69993231106231	94.7197581837562	-78.68129031317811	57.785186889505894	44.02242595453791	-1.6606505808222833	-6.675419940909996	33.049729382240976	-37.44300134710429	39.022372789070204	97.4378748070246	-99.56758205667771	-9.597373594973345	60.246767713819494	-48.184974760928576	-99.92453752622816	-72.12538811751568	
-52.83532587591718	16.17907386946761	21.35034879911093	-85.85219594384009	20.166557874517235	-30.859567349322994	-63.93702408202789	8.77800026145935	-61.02448878018386	-66.93752372383778	-5.798926910423895	19.5956199685033	-57.79955612623714	-77.69993231106231	94.7197581837562	-78.68129031317811	57.785186889505894	44.02242595453791	-1.6606505808222833	-6.675419940909996	33.049729382240976	-37.44300134710429	39.022372789070204	97.4378748070246	-99.56758205667771	-9.597373594973345	60.246767713819494	-48.184974760928576	-99.92453752622816	-72.12538811751568	
-52.83532587591718	16.17907386946761	21.35034879911093	-85.85219594384009	20.166557874517235	-30.859567349322994	-63.93702408202789	8.77800026145935	-61.02448878018386	-66.93752372383778	-5.798926910423895	19.5956199685033	-57.79955612623714	-77.69993231106231	94.7197581837562	-78.68129031317811	57.785186889505894	44.02242595453791	-1.6606505808222833	-6.675419940909996	33.049729382240976	-37.44300134710429	39.022372789070204	97.4378748070246	-99.56758205667771	-9.597373594973345	60.246767713819494	-48.184974760928576	-99.92453752622816	-72.12538811751568	
-52.83532587591718	16.17907386946761	21.35034879911093	-85.85219594384009	20.166557874517235	-30.859567349322994	-63.93702408202789	8.77800026145935	-61.02448878018386	-66.93752372383778	-5.798926910423895	19.5956199685033	-57.79955612623714	-77.69993231106231	94.7197581837562	-78.68129031317811	57.785186889505894	44.02242595453791	-1.6606505808222833	-6.675419940909996	33.049729382240976	-37.44300134710429	39.022372789070204	97.4378748070246	-99.56758205667771	-9.597373594973345	60.246767713819494	-48.184974760928576	-99.92453752622816	-72.12538811751568	
-52.83532587591718	16.17907386946761	21.35034879911093	-85.85219594384009	20.166557874517235	-30.859567349322994	-63.93702408202789	8.77800026145935	-61.02448878018386	-66.93752372383778	-5.798926910423895	19.5956199685033	-57.79955612623714	-77.69993231106231	94.7197581837562	-78.68129031317811	57.785186889505894	44.02242595453791	-1.6606505808222833	-6.675419940909996	33.049729382240976	-37.44300134710429	39.022372789070204	97.4378748070246	-99.56758205667771	-9.597373594973345	60.246767713819494	-48.184974760928576	-99.92453752622816	-72.12538811751568	
-52.83532587591718	16.17907386946761	21.35034879911093	-85.85219594384009	20.166557874517235	-30.859567349322994	-63.93702408202789	8.77800026145935	-61.02448878018386	-66.93752372383778	-5.798926910423895	19.5956199685033	-57.79955612623714	-77.69993231106231	94.7197581837562	-78.68129031317811	57.785186889505894	44.02242595453791	-1.6606505808222833	-6.675419940909996	33.049729382240976	-37.44300134710429	39.022372789070204	97.4378748070246	-99.56758205667771	-9.597373594973345	60.246767713819494	-48.184974760928576	-99.92453752622816	-72.12538811751568	
-52.83532587591718	16.17907386946761	21.35034879911093	-85.85219594384009	20.166557874517235	-30.859567349322994	-63.93702408202789	8.77800026145935	-61.02448878018386	-66.93752372383778	-5.798926910423895	19.5956199685033	-57.79955612623714	-77.69993231106231	94.7197581837562	-78.68129031317811	57.785186889505894	44.02242595453791	-1.6606505808222833	-6.675419940909996	33.049729382240976	-37.44300134710429	39.022372789070204	97.4378748070246	-99.56758205667771	-9.597373594973345	60.246767713819494	-48.184974760928576	-99.92453752622816	-72.12538811751568	
-52.83532587591718	16.17907386946761	21.35034879911093	-85.85219594384009	20.166557874517235	-30.859567349322994	-63.93702408202789	8.77800026145935	-61.02448878018386	-66.93752372383778	-5.798926910423895	19.5956199685033	-57.79955612623714	-77.69993231106231	94.7197581837562	-78.68129031317811	57.785186889505894	44.02242595453791	-1.6606505808222833	-6.675419940909996	33.049729382240976	-37.44300134710429	39.022372789070204	97.4378748070246	-99.56758205667771	-9.597373594973345	60.246767713819494	-48.184974760928576	-99.92453752622816	-72.12538811751568	
-52.83532587591718	16.17907386946761	21.35034879911093	-85.85219594384009	20.166557874517235	-30.859567349322994	-63.93702408202789	8.77800026145935	-61.02448878018386	-66.93752372383778	-5.798926910423895	19.5956199685033	-57.79955612623714	-77.69993231106231	94.7197581837562	-78.68129031317811	57.785186889505894	44.02242595453791	-1.6606505808222833	-6.675419940909996	33.049729382240976	-37.44300134710429	39.022372789070204	97.4378748070246	-99.56758205667771	-9.597373594973345	60.246767713819494	-48.184974760928576	-99.92453752622816	-72.12538811751568	
-52.83532587591718	16.17907386946761	21.35034879911093	-85.85219594384009	20.166557874517235	-30.859567349322994	-63.93702408202789	8.77800026145935	-61.02448878018386	-66.93752372383778	-5.798926910423895	19.5956199685033	-57.79955612623714	-77.69993231106231	94.7197581837562	-78.68129031317811	57.785186889505894	44.02242595453791	-1.6606505808222833	-6.675419940909996	33.049729382240976	-37.44300134710429	39.022372789070204	97.4378748070246	-99.56758205667771	-9.597373594973345	60.246767713819494	-48.184974760928576	-99.92453752622816	-72.12538811751568	
-52.83532587591718	16.17907386946761	21.35034879911093	-85.85219594384009	20.166557874517235	-30.859567349322994	-63.93702408202789	8.77800026145935	-61.02448878018386	-66.93752372383778	-5.798926910423895	19.5956199685033	-57.79955612623714	-77.69993231106231	94.7197581837562	-78.68129031317811	57.785186889505894	44.02242595453791	-1.6606505808222833	-6.675419940909996	33.049729382240976	-37.44300134710429	39.022372789070204	97.4378748070246	-99.56758205667771	-9.597373594973345	60.246767713819494	-48.184974760928576	-99.92453752622816	-72.12538811751568	
-52.83532587591718	16.17907386946761	21.35034879911093	-85.85219594384009	20.166557874517235	-30.859567349322994	-63.93702408202789	8.77800026145935	-61.02448878018386	-66.93752372383778	-5.798926910423895	19.5956199685033	-57.79955612623714	-77.69993231106231	94.7197581837562	-78.68129031317811	57.785186889505894	44.02242595453791	-1.6606505808222833	-6.675419940909996	33.049729382240976	-37.44300134710429	39.022372789070204	97.4378748070246	-99.56758205667771	-9.597373594973345	60.246767713819494	-48.184974760928576	-99.92453752622816	-72.12538811751568	
-52.83532587591718	16.17907386946761	21.35034879911093	-85.85219594384009	20.166557874517235	-30.859567349322994	-63.93702408202789	8.77800026145935	-61.02448878018386	-66.93752372383778	-5.798926910423895	19.5956199685033	-57.79955612623714	-77.69993231106231	94.7197581837562	-78.68129031317811	57.785186889505894	44.02242595453791	-1.6606505808222833	-6.675419940909996	33.049729382240976	-37.44300134710429	39.022372789070204	97.4378748070246	-99.56758205667771	-9.597373594973345	60.246767713819494	-48.184974760928576	-99.92453752622816	-72.12538811751568	
-52.83532587591718	16.17907386946761	21.35034879911093	-85.85219594384009	20.166557874517235	-30.859567349322994	-63.93702408202789	8.77800026145935	-61.02448878018386	-66.93752372383778	-5.798926910423895	19.5956199685033	-57.79955612623714	-77.69993231106231	94.7197581837562	-78.68129031317811	57.785186889505894	44.02242595453791	-1.6606505808222833	-6.675419940909996	33.049729382240976	-37.44300134710429	39.022372789070204	97.4378748070246	-99.56758205667771	-9.597373594973345	60.246767713819494	-48.184974760928576	-99.92453752622816	-72.12538811751568	
-52.83532587591718	16.17907386946761	21.35034879911093	-85.85219594384009	20.166557874517235	-30.859567349322994	-63.93702408202789	8.77800026145935	-61.02448878018386	-66.93752372383778	-5.798926910423895	19.5956199685033	-57.79955612623714	-77.69993231106231	94.7197581837562	-78.68129031317811	57.785186889505894	44.02242595453791	-1.6606505808222833	-6.675419940909996	33.049729382240976	-37.44300134710429	39.022372789070204	97.4378748070246	-99.56758205667771	-9.597373594973345	60.246767713819494	-48.184974760928576	-99.92453752622816	-72.12538811751568	
-52.83532587591718	16.17907386946761	21.35034879911093	-85.85219594384009	20.166557874517235	-30.859567349322994	-63.93702408202789	8.77800026145935	-61.02448878018386	-66.93752372383778	-5.798926910423895	19.5956199685033	-57.79955612623714	-77.69993231106231	94.7197581837562	-78.68129031317811	57.785186889505894	44.02242595453791	-1.6606505808222833	-6.675419940909996	33.049729382240976	-37.44300134710429	39.022372789070204	97.4378748070246	-99.56758205667771	-9.597373594973345	60.246767713819494	-48.184974760928576	-99.92453752622816	-72.12538811751568	
-52.83532587591718	16.17907386946761	21.35034879911093	-85.85219594384009	20.166557874517235	-30.859567349322994	-63.93702408202789	8.77800026145935	-61.02448878018386	-66.93752372383778	-5.798926910423895	19.5956199685033	-57.79955612623714	-77.69993231106231	94.7197581837562	-78.68129031317811	57.785186889505894	44.02242595453791	-1.6606505808222833	-6.675419940909996	33.049729382240976	-37.44300134710429	39.022372789070204	97.4378748070246	-99.56758205667771	-9.597373594973345	60.246767713819494	-48.184974760928576	-99.92453752622816	-72.12538811751568	
-52.83532587591718	16.17907386946761	21.35034879911093	-85.85219594384009	20.166557874517235	-30.859567349322994	-63.93702408202789	8.77800026145935	-61.02448878018386	-66.93752372383778	-5.798926910423895	19.5956199685033	-57.79955612623714	-77.69993231106231	94.7197581837562	-78.68129031317811	57.785186889505894	44.02242595453791	-1.6606505808222833	-6.675419940909996	33.049729382240976	-37.44300134710429	39.022372789070204	97.4378748070246	-99.56758205667771	-9.597373594973345	60.246767713819494	-48.184974760928576	-99.92453752622816	-72.12538811751568	
-52.83532587591718	16.17907386946761	21.35034879911093	-85.85219594384009	20.166557874517235	-30.859567349322994	-63.93702408202789	8.77800026145935	-61.02448878018386	-66.93752372383778	-5.798926910423895	19.5956199685033	-57.79955612623714	-77.69993231106231	94.7197581837562	-78.68129031317811	57.785186889505894	44.02242595453791	-1.6606505808222833	-6.675419940909996	33.049729382240976	-37.44300134710429	39.022372789070204	97.4378748070246	-99.56758205667771	-9.597373594973345	60.246767713819494	-48.184974760928576	-99.92453752622816	-72.12538811751568	
-52.83532587591718	16.17907386946761	21.35034879911093	-85.85219594384009	20.166557874517235	-30.859567349322994	-63.93702408202789	8.77800026145935	-61.02448878018386	-66.93752372383778	-5.798926910423895	19.5956199685033	-57.79955612623714	-77.69993231106231	94.7197581837562	-78.68129031317811	57.785186889505894	44.02242595453791	-1.6606505808222833	-6.675419940909996	33.049729382240976	-37.44300134710429	39.022372789070204	97.4378748070246	-99.56758205667771	-9.597373594973345	60.246767713819494	-48.184974760928576	-99.92453752622816	-72.12538811751568	
-52.83532587591718	16.17907386946761	21.35034879911093	-85.85219594384009	20.166557874517235	-30.859567349322994	-63.93702408202789	8.77800026145935	-61.02448878018386	-66.93752372383778	-5.798926910423895	19.5956199685033	-57.79955612623714	-77.69993231106231	94.7197581837562	-78.68129031317811	57.785186889505894	44.02242595453791	-1.6606505808222833	-6.675419940909996	33.049729382240976	-37.44300134710429	39.022372789070204	97.4378748070246	-99.56758205667771	-9.597373594973345	60.246767713819494	-48.184974760928576	-99.92453752622816	-72.12538811751568	
-52.83532587591718	16.17907386946761	21.35034879911093	-85.85219594384009	20.166557874517235	-30.859567349322994	-63.93702408202789	8.77800026145935	-61.02448878018386	-66.93752372383778	-5.798926910423895	19.5956199685033	-57.79955612623714	-77.69993231106231	94.7197581837562	-78.68129031317811	57.785186889505894	44.02242595453791	-1.6606505808222833	-6.675419940909996	33.049729382240976	-37.44300134710429	39.022372789070204	97.4378748070246	-99.56758205667771	-9.597373594973345	60.246767713819494	-48.184974760928576	-99.92453752622816	-72.12538811751568	
-52.83532587591718	16.17907386946761	21.35034879911093	-85.85219594384009	20.166557874517235	-30.859567349322994	-63.93702408202789	8.77800026145935	-61.02448878018386	-66.93752372383778	-5.798926910423895	19.5956199685033	-57.79955612623714	-77.69993231106231	94.7197581837562	-78.68129031317811	57.785186889505894	44.02242595453791	-1.6606505808222833	-6.675419940909996	33.049729382240976	-37.44300134710429	39.022372789070204	97.4378748070246	-99.56758205667771	-9.597373594973345	60.246767713819494	-48.184974760928576	-99.92453752622816	-72.12538811751568	
-52.83532587591718	16.17907386946761	21.35034879911093	-85.85219594384009	20.166557874517235	-30.859567349322994	-63.93702408202789	8.77800026145935	-61.02448878018386	-66.93752372383778	-5.798926910423895	19.5956199685033	-57.79955612623714	-77.69993231106231	94.7197581837562	-78.68129031317811	57.785186889505894	44.02242595453791	-1.6606505808222833	-6.675419940909996	33.049729382240976	-37.44300134710429	39.022372789070204	97.4378748070246	-99.56758205667771	-9.597373594973345	60.246767713819494	-48.184974760928576	-99.92453752622816	-72.12538811751568	
-52.83532587591718	16.17907386946761	21.35034879911093	-85.85219594384009	20.166557874517235	-30.859567349322994	-63.93702408202789	8.77800026145935	-61.02448878018386	-66.93752372383778	-5.798926910423895	19.5956199685033	-57.79955612623714	-77.69993231106231	94.7197581837562	-78.68129031317811	57.785186889505894	44.02242595453791	-1.6606505808222833	-6.675419940909996	33.049729382240976	-37.44300134710429	39.022372789070204	97.4378748070246	-99.56758205667771	-9.597373594973345	60.246767713819494	-48.184974760928576	-99.92453752622816	-72.12538811751568	
-52.83532587591718	16.17907386946761	21.35034879911093	-85.85219594384009	20.166557874517235	-30.859567349322994	-63.93702408202789	8.77800026145935	-61.02448878018386	-66.93752372383778	-5.798926910423895	19.5956199685033	-57.79955612623714	-77.69993231106231	94.7197581837562	-78.68129031317811	57.785186889505894	44.02242595453791	-1.6606505808222833	-6.675419940909996	33.049729382240976	-37.44300134710429	39.022372789070204	97.4378748070246	-99.56758205667771	-9.597373594973345	60.246767713819494	-48.184974760928576	-99.92453752622816	-72.12538811751568	
-52.83532587591718	16.17907386946761	21.35034879911093	-85.85219594384009	20.166557874517235	-30.859567349322994	-63.93702408202789	8.77800026145935	-61.02448878018386	-66.93752372383778	-5.798926910423895	19.5956199685033	-57.79955612623714	-77.69993231106231	94.7197581837562	-78.68129031317811	57.785186889505894	44.02242595453791	-1.6606505808222833	-6.675419940909996	33.049729382240976	-37.44300134710429	39.022372789070204	97.4378748070246	-99.56758205667771	-9.597373594973345	60.246767713819494	-48.184974760928576	-99.92453752622816	-72.12538811751568	
-52.83532587591718	16.17907386946761	21.35034879911093	-85.85219594384009	20.166557874517235	-30.859567349322994	-63.93702408202789	8.77800026145935	-61.02448878018386	-66.93752372383778	-5.798926910423895	19.5956199685033	-57.79955612623714	-77.69993231106231	94.7197581837562	-78.68129031317811	57.785186889505894	44.02242595453791	-1.6606505808222833	-6.675419940909996	33.049729382240976	-37.44300134710429	39.022372789070204	97.4378748070246	-99.56758205667771	-9.597373594973345	60.246767713819494	-48.184974760928576	-99.92453752622816	-72.12538811751568	
-52.83532587591718	16.17907386946761	21.35034879911093	-85.85219594384009	20.166557874517235	-30.859567349322994	-63.93702408202789	8.77800026145935	-61.02448878018386	-66.93752372383778	-5.798926910423895	19.5956199685033	-57.79955612623714	-77.69993231106231	94.7197581837562	-78.68129031317811	57.785186889505894	44.02242595453791	-1.6606505808222833	-6.675419940909996	33.049729382240976	-37.44300134710429	39.022372789070204	97.4378748070246	-99.56758205667771	-9.597373594973345	60.246767713819494	-48.184974760928576	-99.92453752622816	-72.12538811751568	
-52.83532587591718	16.17907386946761	21.35034879911093	-85.85219594384009	20.166557874517235	-30.859567349322994	-63.93702408202789	8.77800026145935	-61.02448878018386	-66.93752372383778	-5.798926910423895	19.5956199685033	-57.79955612623714	-77.69993231106231	94.7197581837562	-78.68129031317811	57.785186889505894	44.02242595453791	-1.6606505808222833	-6.675419940909996	33.049729382240976	-37.44300134710429	39.022372789070204	97.4378748070246	-99.56758205667771	-9.597373594973345	60.246767713819494	-48.184974760928576	-99.92453752622816	-72.12538811751568	
-52.83532587591718	16.17907386946761	21.35034879911093	-85.85219594384009	20.166557874517235	-30.859567349322994	-63.93702408202789	8.77800026145935	-61.02448878018386	-66.93752372383778	-5.798926910423895	19.5956199685033	-57.79955612623714	-77.69993231106231	94.7197581837562	-78.68129031317811	57.785186889505894	44.02242595453791	-1.6606505808222833	-6.675419940909996	33.049729382240976	-37.44300134710429	39.022372789070204	97.4378748070246	-99.56758205667771	-9.597373594973345	60.246767713819494	-48.184974760928576	-99.92453752622816	-72.12538811751568	
-52.83532587591718	16.17907386946761	21.35034879911093	-85.85219594384009	20.166557874517235	-30.859567349322994	-63.93702408202789	8.77800026145935	-61.02448878018386	-66.93752372383778	-5.798926910423895	19.5956199685033	-57.79955612623714	-77.69993231106231	94.7197581837562	-78.68129031317811	57.785186889505894	44.02242595453791	-1.6606505808222833	-6.675419940909996	33.049729382240976	-37.44300134710429	39.022372789070204	97.4378748070246	-99.56758205667771	-9.597373594973345	60.246767713819494	-48.184974760928576	-99.92453752622816	-72.12538811751568	
-52.83532587591718	16.17907386946761	21.35034879911093	-85.85219594384009	20.166557874517235	-30.859567349322994	-63.93702408202789	8.77800026145935	-61.02448878018386	-66.93752372383778	-5.798926910423895	19.5956199685033	-57.79955612623714	-77.69993231106231	94.7197581837562	-78.68129031317811	57.785186889505894	44.02242595453791	-1.6606505808222833	-6.675419940909996	33.049729382240976	-37.44300134710429	39.022372789070204	97.4378748070246	-99.56758205667771	-9.597373594973345	60.246767713819494	-48.184974760928576	-99.92453752622816	-72.12538811751568	
-52.83532587591718	16.17907386946761	21.35034879911093	-85.85219594384009	20.166557874517235	-30.859567349322994	-63.93702408202789	8.77800026145935	-61.02448878018386	-66.93752372383778	-5.798926910423895	19.5956199685033	-57.79955612623714	-77.69993231106231	94.7197581837562	-78.68129031317811	57.785186889505894	44.02242595453791	-1.6606505808222833	-6.675419940909996	33.049729382240976	-37.44300134710429	39.022372789070204	97.4378748070246	-99.56758205667771	-9.597373594973345	60.246767713819494	-48.184974760928576	-99.92453752622816	-72.12538811751568	
-52.83532587591718	16.17907386946761	21.35034879911093	-85.85219594384009	20.166557874517235	-30.859567349322994	-63.93702408202789	8.77800026145935	-61.02448878018386	-66.93752372383778	-5.798926910423895	19.5956199685033	-57.79955612623714	-77.69993231106231	94.7197581837562	-78.68129031317811	57.785186889505894	44.02242595453791	-1.6606505808222833	-6.675419940909996	33.049729382240976	-37.44300134710429	39.022372789070204	97.4378748070246	-99.56758205667771	-9.597373594973345	60.246767713819494	-48.184974760928576	-99.92453752622816	-72.12538811751568	
-52.83532587591718	16.17907386946761	21.35034879911093	-85.85219594384009	20.166557874517235	-30.859567349322994	-63.93702408202789	8.77800026145935	-61.02448878018386	-66.93752372383778	-5.798926910423895	19.5956199685033	-57.79955612623714	-77.69993231106231	94.7197581837562	-78.68129031317811	57.785186889505894	44.02242595453791	-1.6606505808222833	-6.675419940909996	33.049729382240976	-37.44300134710429	39.022372789070204	97.4378748070246	-99.56758205667771	-9.597373594973345	60.246767713819494	-48.184974760928576	-99.92453752622816	-72.12538811751568	
-52.83532587591718	16.17907386946761	21.35034879911093	-85.85219594384009	20.166557874517235	-30.859567349322994	-63.93702408202789	8.77800026145935	-61.02448878018386	-66.93752372383778	-5.798926910423895	19.5956199685033	-57.79955612623714	-77.69993231106231	94.7197581837562	-78.68129031317811	57.785186889505894	44.02242595453791	-1.6606505808222833	-6.675419940909996	33.049729382240976	-37.44300134710429	39.022372789070204	97.4378748070246	-99.56758205667771	-9.597373594973345	60.246767713819494	-48.184974760928576	-99.92453752622816	-72.12538811751568	
-52.83532587591718	16.17907386946761	21.35034879911093	-85.85219594384009	20.166557874517235	-30.859567349322994	-63.93702408202789	8.77800026145935	-61.02448878018386	-66.93752372383778	-5.798926910423895	19.5956199685033	-57.79955612623714	-77.69993231106231	94.7197581837562	-78.68129031317811	57.785186889505894	44.02242595453791	-1.6606505808222833	-6.675419940909996	33.049729382240976	-37.44300134710429	39.022372789070204	97.4378748070246	-99.56758205667771	-9.597373594973345	60.246767713819494	-48.184974760928576	-99.92453752622816	-72.12538811751568	
-52.83532587591718	16.17907386946761	21.35034879911093	-85.85219594384009	20.166557874517235	-30.859567349322994	-63.93702408202789	8.77800026145935	-61.02448878018386	-66.93752372383778	-5.798926910423895	19.5956199685033	-57.79955612623714	-77.69993231106231	94.7197581837562	-78.68129031317811	57.785186889505894	44.02242595453791	-1.6606505808222833	-6.675419940909996	33.049729382240976	-37.44300134710429	39.022372789070204	97.4378748070246	-99.56758205667771	-9.597373594973345	60.246767713819494	-48.184974760928576	-99.92453752622816	-72.12538811751568	
-52.83532587591718	16.17907386946761	21.35034879911093	-85.85219594384009	20.166557874517235	-30.859567349322994	-63.93702408202789	8.77800026145935	-61.02448878018386	-66.93752372383778	-5.798926910423895	19.5956199685033	-57.79955612623714	-77.69993231106231	94.7197581837562	-78.68129031317811	57.785186889505894	44.02242595453791	-1.6606505808222833	-6.675419940909996	33.049729382240976	-37.44300134710429	39.022372789070204	97.4378748070246	-99.56758205667771	-9.597373594973345	60.246767713819494	-48.184974760928576	-99.92453752622816	-72.12538811751568	
-52.83532587591718	16.17907386946761	21.35034879911093	-85.85219594384009	20.166557874517235	-30.859567349322994	-63.93702408202789	8.77800026145935	-61.02448878018386	-66.93752372383778	-5.798926910423895	19.5956199685033	-57.79955612623714	-77.69993231106231	94.7197581837562	-78.68129031317811	57.785186889505894	44.02242595453791	-1.6606505808222833	-6.675419940909996	33.049729382240976	-37.44300134710429	39.022372789070204	97.4378748070246	-99.56758205667771	-9.597373594973345	60.246767713819494	-48.184974760928576	-99.92453752622816	-72.12538811751568	
-52.83532587591718	16.17907386946761	21.35034879911093	-85.85219594384009	20.166557874517235	-30.859567349322994	-63.93702408202789	8.77800026145935	-61.02448878018386	-66.93752372383778	-5.798926910423895	19.5956199685033	-57.79955612623714	-77.69993231106231	94.7197581837562	-78.68129031317811	57.785186889505894	44.02242595453791	-1.6606505808222833	-6.675419940909996	33.049729382240976	-37.44300134710429	39.022372789070204	97.4378748070246	-99.56758205667771	-9.597373594973345	60.246767713819494	-48.184974760928576	-99.92453752622816	-72.12538811751568	
-52.83532587591718	16.17907386946761	21.35034879911093	-85.85219594384009	20.166557874517235	-30.859567349322994	-63.93702408202789	8.77800026145935	-61.02448878018386	-66.93752372383778	-5.798926910423895	19.5956199685033	-57.79955612623714	-77.69993231106231	94.7197581837562	-78.68129031317811	57.785186889505894	44.02242595453791	-1.6606505808222833	-6.675419940909996	33.049729382240976	-37.44300134710429	39.022372789070204	97.4378748070246	-99.56758205667771	-9.597373594973345	60.246767713819494	-48.184974760928576	-99.92453752622816	-72.12538811751568	
-52.83532587591718	16.17907386946761	21.35034879911093	-85.85219594384009	20.166557874517235	-30.859567349322994	-63.93702408202789	8.77800026145935	-61.02448878018386	-66.93752372383778	-5.798926910423895	19.5956199685033	-57.79955612623714	-77.69993231106231	94.7197581837562	-78.68129031317811	57.785186889505894	44.02242595453791	-1.6606505808222833	-6.675419940909996	33.049729382240976	-37.44300134710429	39.022372789070204	97.4378748070246	-99.56758205667771	-9.597373594973345	60.246767713819494	-48.184974760928576	-99.92453752622816	-72.12538811751568	
-52.83532587591718	16.17907386946761	21.35034879911093	-85.85219594384009	20.166557874517235	-30.859567349322994	-63.93702408202789	8.77800026145935	-61.02448878018386	-66.93752372383778	-5.798926910423895	19.5956199685033	-57.79955612623714	-77.69993231106231	94.7197581837562	-78.68129031317811	57.785186889505894	44.02242595453791	-1.6606505808222833	-6.675419940909996	33.049729382240976	-37.44300134710429	39.022372789070204	97.4378748070246	-99.56758205667771	-9.597373594973345	60.246767713819494	-48.184974760928576	-99.92453752622816	-72.12538811751568	
-52.83532587591718	16.17907386946761	21.35034879911093	-85.85219594384009	20.166557874517235	-30.859567349322994	-63.93702408202789	8.77800026145935	-61.02448878018386	-66.93752372383778	-5.798926910423895	19.5956199685033	-57.79955612623714	-77.69993231106231	94.7197581837562	-78.68129031317811	57.785186889505894	44.02242595453791	-1.6606505808222833	-6.675419940909996	33.049729382240976	-37.44300134710429	39.022372789070204	97.4378748070246	-99.56758205667771	-9.597373594973345	60.246767713819494	-48.184974760928576	-99.92453752622816	-72.12538811751568	
-52.83532587591718	16.17907386946761	21.35034879911093	-85.85219594384009	20.166557874517235	-30.859567349322994	-63.93702408202789	8.77800026145935	-61.02448878018386	-66.93752372383778	-5.798926910423895	19.5956199685033	-57.79955612623714	-77.69993231106231	94.7197581837562	-78.68129031317811	57.785186889505894	44.02242595453791	-1.6606505808222833	-6.675419940909996	33.049729382240976	-37.44300134710429	39.022372789070204	97.4378748070246	-99.56758205667771	-9.597373594973345	60.246767713819494	-48.184974760928576	-99.92453752622816	-72.12538811751568	
-52.83532587591718	16.17907386946761	21.35034879911093	-85.85219594384009	20.166557874517235	-30.859567349322994	-63.93702408202789	8.77800026145935	-61.02448878018386	-66.93752372383778	-5.798926910423895	19.5956199685033	-57.79955612623714	-77.69993231106231	94.7197581837562	-78.68129031317811	57.785186889505894	44.02242595453791	-1.6606505808222833	-6.675419940909996	33.049729382240976	-37.44300134710429	39.022372789070204	97.4378748070246	-99.56758205667771	-9.597373594973345	60.246767713819494	-48.184974760928576	-99.92453752622816	-72.12538811751568	
-52.83532587591718	16.17907386946761	21.35034879911093	-85.85219594384009	20.166557874517235	-30.859567349322994	-63.93702408202789	8.77800026145935	-61.02448878018386	-66.93752372383778	-5.798926910423895	19.5956199685033	-57.79955612623714	-77.69993231106231	94.7197581837562	-78.68129031317811	57.785186889505894	44.02242595453791	-1.6606505808222833	-6.675419940909996	33.049729382240976	-37.44300134710429	39.022372789070204	97.4378748070246	-99.56758205667771	-9.597373594973345	60.246767713819494	-48.184974760928576	-99.92453752622816	-72.12538811751568	
-52.83532587591718	16.17907386946761	21.35034879911093	-85.85219594384009	20.166557874517235	-30.859567349322994	-63.93702408202789	8.77800026145935	-61.02448878018386	-66.93752372383778	-5.798926910423895	19.5956199685033	-57.79955612623714	-77.69993231106231	94.7197581837562	-78.68129031317811	57.785186889505894	44.02242595453791	-1.6606505808222833	-6.675419940909996	33.049729382240976	-37.44300134710429	39.022372789070204	97.4378748070246	-99.56758205667771	-9.597373594973345	60.246767713819494	-48.184974760928576	-99.92453752622816	-72.12538811751568	
-52.83532587591718	16.17907386946761	21.35034879911093	-85.85219594384009	20.166557874517235	-30.859567349322994	-63.93702408202789	8.77800026145935	-61.02448878018386	-66.93752372383778	-5.798926910423895	19.5956199685033	-57.79955612623714	-77.69993231106231	94.7197581837562	-78.68129031317811	57.785186889505894	44.02242595453791	-1.6606505808222833	-6.675419940909996	33.049729382240976	-37.44300134710429	39.022372789070204	97.4378748070246	-99.56758205667771	-9.597373594973345	60.246767713819494	-48.184974760928576	-99.92453752622816	-72.12538811751568	
-52.83532587591718	16.17907386946761	21.35034879911093	-85.85219594384009	20.166557874517235	-30.859567349322994	-63.93702408202789	8.77800026145935	-61.02448878018386	-66.93752372383778	-5.798926910423895	19.5956199685033	-57.79955612623714	-77.69993231106231	94.7197581837562	-78.68129031317811	57.785186889505894	44.02242595453791	-1.6606505808222833	-6.675419940909996	33.049729382240976	-37.44300134710429	39.022372789070204	97.4378748070246	-99.56758205667771	-9.597373594973345	60.246767713819494	-48.184974760928576	-99.92453752622816	-72.12538811751568	
-52.83532587591718	16.17907386946761	21.35034879911093	-85.85219594384009	20.166557874517235	-30.859567349322994	-63.93702408202789	8.77800026145935	-61.02448878018386	-66.93752372383778	-5.798926910423895	19.5956199685033	-57.79955612623714	-77.69993231106231	94.7197581837562	-78.68129031317811	57.785186889505894	44.02242595453791	-1.6606505808222833	-6.675419940909996	33.049729382240976	-37.44300134710429	39.022372789070204	97.4378748070246	-99.56758205667771	-9.597373594973345	60.246767713819494	-48.184974760928576	-99.92453752622816	-72.12538811751568	
-52.83532587591718	16.17907386946761	21.35034879911093	-85.85219594384009	20.166557874517235	-30.859567349322994	-63.93702408202789	8.77800026145935	-61.02448878018386	-66.93752372383778	-5.798926910423895	19.5956199685033	-57.79955612623714	-77.69993231106231	94.7197581837562	-78.68129031317811	57.785186889505894	44.02242595453791	-1.6606505808222833	-6.675419940909996	33.049729382240976	-37.44300134710429	39.022372789070204	97.4378748070246	-99.56758205667771	-9.597373594973345	60.246767713819494	-48.184974760928576	-99.92453752622816	-72.12538811751568	
-52.83532587591718	16.17907386946761	21.35034879911093	-85.85219594384009	20.166557874517235	-30.859567349322994	-63.93702408202789	8.77800026145935	-61.02448878018386	-66.93752372383778	-5.798926910423895	19.5956199685033	-57.79955612623714	-77.69993231106231	94.7197581837562	-78.68129031317811	57.785186889505894	44.02242595453791	-1.6606505808222833	-6.675419940909996	33.049729382240976	-37.44300134710429	39.022372789070204	97.4378748070246	-99.56758205667771	-9.597373594973345	60.246767713819494	-48.184974760928576	-99.92453752622816	-72.12538811751568	
-52.83532587591718	16.17907386946761	21.35034879911093	-85.85219594384009	20.166557874517235	-30.859567349322994	-63.93702408202789	8.77800026145935	-61.02448878018386	-66.93752372383778	-5.798926910423895	19.5956199685033	-57.79955612623714	-77.69993231106231	94.7197581837562	-78.68129031317811	57.785186889505894	44.02242595453791	-1.6606505808222833	-6.675419940909996	33.049729382240976	-37.44300134710429	39.022372789070204	97.4378748070246	-99.56758205667771	-9.597373594973345	60.246767713819494	-48.184974760928576	-99.92453752622816	-72.12538811751568	
-52.83532587591718	16.17907386946761	21.35034879911093	-85.85219594384009	20.166557874517235	-30.859567349322994	-63.93702408202789	8.77800026145935	-61.02448878018386	-66.93752372383778	-5.798926910423895	19.5956199685033	-57.79955612623714	-77.69993231106231	94.7197581837562	-78.68129031317811	57.785186889505894	44.02242595453791	-1.6606505808222833	-6.675419940909996	33.049729382240976	-37.44300134710429	39.022372789070204	97.4378748070246	-99.56758205667771	-9.597373594973345	60.246767713819494	-48.184974760928576	-99.92453752622816	-72.12538811751568	
-52.83532587591718	16.17907386946761	21.35034879911093	-85.85219594384009	20.166557874517235	-30.859567349322994	-63.93702408202789	8.77800026145935	-61.02448878018386	-66.93752372383778	-5.798926910423895	19.5956199685033	-57.79955612623714	-77.69993231106231	94.7197581837562	-78.68129031317811	57.785186889505894	44.02242595453791	-1.6606505808222833	-6.675419940909996	33.049729382240976	-37.44300134710429	39.022372789070204	97.4378748070246	-99.56758205667771	-9.597373594973345	60.246767713819494	-48.184974760928576	-99.92453752622816	-72.12538811751568	
-52.83532587591718	16.17907386946761	21.35034879911093	-85.85219594384009	20.166557874517235	-30.859567349322994	-63.93702408202789	8.77800026145935	-61.02448878018386	-66.93752372383778	-5.798926910423895	19.5956199685033	-57.79955612623714	-77.69993231106231	94.7197581837562	-78.68129031317811	57.785186889505894	44.02242595453791	-1.6606505808222833	-6.675419940909996	33.049729382240976	-37.44300134710429	39.022372789070204	97.4378748070246	-99.56758205667771	-9.597373594973345	60.246767713819494	-48.184974760928576	-99.92453752622816	-72.12538811751568	
-52.83532587591718	16.17907386946761	21.35034879911093	-85.85219594384009	20.166557874517235	-30.859567349322994	-63.93702408202789	8.77800026145935	-61.02448878018386	-66.93752372383778	-5.798926910423895	19.5956199685033	-57.79955612623714	-77.69993231106231	94.7197581837562	-78.68129031317811	57.785186889505894	44.02242595453791	-1.6606505808222833	-6.675419940909996	33.049729382240976	-37.44300134710429	39.022372789070204	97.4378748070246	-99.56758205667771	-9.597373594973345	60.246767713819494	-48.184974760928576	-99.92453752622816	-72.12538811751568	
-52.83532587591718	16.17907386946761	21.35034879911093	-85.85219594384009	20.166557874517235	-30.859567349322994	-63.93702408202789	8.77800026145935	-61.02448878018386	-66.93752372383778	-5.798926910423895	19.5956199685033	-57.79955612623714	-77.69993231106231	94.7197581837562	-78.68129031317811	57.785186889505894	44.02242595453791	-1.6606505808222833	-6.675419940909996	33.049729382240976	-37.44300134710429	39.022372789070204	97.4378748070246	-99.56758205667771	-9.597373594973345	60.246767713819494	-48.184974760928576	-99.92453752622816	-72.12538811751568	
-52.83532587591718	16.17907386946761	21.35034879911093	-85.85219594384009	20.166557874517235	-30.859567349322994	-63.93702408202789	8.77800026145935	-61.02448878018386	-66.93752372383778	-5.798926910423895	19.5956199685033	-57.79955612623714	-77.69993231106231	94.7197581837562	-78.68129031317811	57.785186889505894	44.02242595453791	-1.6606505808222833	-6.675419940909996	33.049729382240976	-37.44300134710429	39.022372789070204	97.4378748070246	-99.56758205667771	-9.597373594973345	60.246767713819494	-48.184974760928576	-99.92453752622816	-72.12538811751568	
-52.83532587591718	16.17907386946761	21.35034879911093	-85.85219594384009	20.166557874517235	-30.859567349322994	-63.93702408202789	8.77800026145935	-61.02448878018386	-66.93752372383778	-5.798926910423895	19.5956199685033	-57.79955612623714	-77.69993231106231	94.7197581837562	-78.68129031317811	57.785186889505894	44.02242595453791	-1.6606505808222833	-6.675419940909996	33.049729382240976	-37.44300134710429	39.022372789070204	97.4378748070246	-99.56758205667771	-9.597373594973345	60.246767713819494	-48.184974760928576	-99.92453752622816	-72.12538811751568	
-52.83532587591718	16.17907386946761	21.35034879911093	-85.85219594384009	20.166557874517235	-30.859567349322994	-63.93702408202789	8.77800026145935	-61.02448878018386	-66.93752372383778	-5.798926910423895	19.5956199685033	-57.79955612623714	-77.69993231106231	94.7197581837562	-78.68129031317811	57.785186889505894	44.02242595453791	-1.6606505808222833	-6.675419940909996	33.049729382240976	-37.44300134710429	39.022372789070204	97.4378748070246	-99.56758205667771	-9.597373594973345	60.246767713819494	-48.184974760928576	-99.92453752622816	-72.12538811751568	
-52.83532587591718	16.17907386946761	21.35034879911093	-85.85219594384009	20.166557874517235	-30.859567349322994	-63.93702408202789	8.77800026145935	-61.02448878018386	-66.93752372383778	-5.798926910423895	19.5956199685033	-57.79955612623714	-77.69993231106231	94.7197581837562	-78.68129031317811	57.785186889505894	44.02242595453791	-1.6606505808222833	-6.675419940909996	33.049729382240976	-37.44300134710429	39.022372789070204	97.4378748070246	-99.56758205667771	-9.597373594973345	60.246767713819494	-48.184974760928576	-99.92453752622816	-72.12538811751568	
-52.83532587591718	16.17907386946761	21.35034879911093	-85.85219594384009	20.166557874517235	-30.859567349322994	-63.93702408202789	8.77800026145935	-61.02448878018386	-66.93752372383778	-5.798926910423895	19.5956199685033	-57.79955612623714	-77.69993231106231	94.7197581837562	-78.68129031317811	57.785186889505894	44.02242595453791	-1.6606505808222833	-6.675419940909996	33.049729382240976	-37.44300134710429	39.022372789070204	97.4378748070246	-99.56758205667771	-9.597373594973345	60.246767713819494	-48.184974760928576	-99.92453752622816	-72.12538811751568	
-52.83532587591718	16.17907386946761	21.35034879911093	-85.85219594384009	20.166557874517235	-30.859567349322994	-63.93702408202789	8.77800026145935	-61.02448878018386	-66.93752372383778	-5.798926910423895	19.5956199685033	-57.79955612623714	-77.69993231106231	94.7197581837562	-78.68129031317811	57.785186889505894	44.02242595453791	-1.6606505808222833	-6.675419940909996	33.049729382240976	-37.44300134710429	39.022372789070204	97.4378748070246	-99.56758205667771	-9.597373594973345	60.246767713819494	-48.184974760928576	-99.92453752622816	-72.12538811751568	
-52.83532587591718	16.17907386946761	21.35034879911093	-85.85219594384009	20.166557874517235	-30.859567349322994	-63.93702408202789	8.77800026145935	-61.02448878018386	-66.93752372383778	-5.798926910423895	19.5956199685033	-57.79955612623714	-77.69993231106231	94.7197581837562	-78.68129031317811	57.785186889505894	44.02242595453791	-1.6606505808222833	-6.675419940909996	33.049729382240976	-37.44300134710429	39.022372789070204	97.4378748070246	-99.56758205667771	-9.597373594973345	60.246767713819494	-48.184974760928576	-99.92453752622816	-72.12538811751568	
-52.83532587591718	16.17907386946761	21.35034879911093	-85.85219594384009	20.166557874517235	-30.859567349322994	-63.93702408202789	8.77800026145935	-61.02448878018386	-66.93752372383778	-5.798926910423895	19.5956199685033	-57.79955612623714	-77.69993231106231	94.7197581837562	-78.68129031317811	57.785186889505894	44.02242595453791	-1.6606505808222833	-6.675419940909996	33.049729382240976	-37.44300134710429	39.022372789070204	97.4378748070246	-99.56758205667771	-9.597373594973345	60.246767713819494	-48.184974760928576	-99.92453752622816	-72.12538811751568	
-52.83532587591718	16.17907386946761	21.35034879911093	-85.85219594384009	20.166557874517235	-30.859567349322994	-63.93702408202789	8.77800026145935	-61.02448878018386	-66.93752372383778	-5.798926910423895	19.5956199685033	-57.79955612623714	-77.69993231106231	94.7197581837562	-78.68129031317811	57.785186889505894	44.02242595453791	-1.6606505808222833	-6.675419940909996	33.049729382240976	-37.44300134710429	39.022372789070204	97.4378748070246	-99.56758205667771	-9.597373594973345	60.246767713819494	-48.184974760928576	-99.92453752622816	-72.12538811751568	
-52.83532587591718	16.17907386946761	21.35034879911093	-85.85219594384009	20.166557874517235	-30.859567349322994	-63.93702408202789	8.77800026145935	-61.02448878018386	-66.93752372383778	-5.798926910423895	19.5956199685033	-57.79955612623714	-77.69993231106231	94.7197581837562	-78.68129031317811	57.785186889505894	44.02242595453791	-1.6606505808222833	-6.675419940909996	33.049729382240976	-37.44300134710429	39.022372789070204	97.4378748070246	-99.56758205667771	-9.597373594973345	60.246767713819494	-48.184974760928576	-99.92453752622816	-72.12538811751568	
-52.83532587591718	16.17907386946761	21.35034879911093	-85.85219594384009	20.166557874517235	-30.859567349322994	-63.93702408202789	8.77800026145935	-61.02448878018386	-66.93752372383778	-5.798926910423895	19.5956199685033	-57.79955612623714	-77.69993231106231	94.7197581837562	-78.68129031317811	57.785186889505894	44.02242595453791	-1.6606505808222833	-6.675419940909996	33.049729382240976	-37.44300134710429	39.022372789070204	97.4378748070246	-99.56758205667771	-9.597373594973345	60.246767713819494	-48.184974760928576	-99.92453752622816	-72.12538811751568	
-52.83532587591718	16.17907386946761	21.35034879911093	-85.85219594384009	20.166557874517235	-30.859567349322994	-63.93702408202789	8.77800026145935	-61.02448878018386	-66.93752372383778	-5.798926910423895	19.5956199685033	-57.79955612623714	-77.69993231106231	94.7197581837562	-78.68129031317811	57.785186889505894	44.02242595453791	-1.6606505808222833	-6.675419940909996	33.049729382240976	-37.44300134710429	39.022372789070204	97.4378748070246	-99.56758205667771	-9.597373594973345	60.246767713819494	-48.184974760928576	-99.92453752622816	-72.12538811751568	
-52.83532587591718	16.17907386946761	21.35034879911093	-85.85219594384009	20.166557874517235	-30.859567349322994	-63.93702408202789	8.77800026145935	-61.02448878018386	-66.93752372383778	-5.798926910423895	19.5956199685033	-57.79955612623714	-77.69993231106231	94.7197581837562	-78.68129031317811	57.785186889505894	44.02242595453791	-1.6606505808222833	-6.675419940909996	33.049729382240976	-37.44300134710429	39.022372789070204	97.4378748070246	-99.56758205667771	-9.597373594973345	60.246767713819494	-48.184974760928576	-99.92453752622816	-72.12538811751568	
-52.83532587591718	16.17907386946761	21.35034879911093	-85.85219594384009	20.166557874517235	-30.859567349322994	-63.93702408202789	8.77800026145935	-61.02448878018386	-66.93752372383778	-5.798926910423895	19.5956199685033	-57.79955612623714	-77.69993231106231	94.7197581837562	-78.68129031317811	57.785186889505894	44.02242595453791	-1.6606505808222833	-6.675419940909996	33.049729382240976	-37.44300134710429	39.022372789070204	97.4378748070246	-99.56758205667771	-9.597373594973345	60.246767713819494	-48.184974760928576	-99.92453752622816	-72.12538811751568	
-52.83532587591718	16.17907386946761	21.35034879911093	-85.85219594384009	20.166557874517235	-30.859567349322994	-63.93702408202789	8.77800026145935	-61.02448878018386	-66.93752372383778	-5.798926910423895	19.5956199685033	-57.79955612623714	-77.69993231106231	94.7197581837562	-78.68129031317811	57.785186889505894	44.02242595453791	-1.6606505808222833	-6.675419940909996	33.049729382240976	-37.44300134710429	39.022372789070204	97.4378748070246	-99.56758205667771	-9.597373594973345	60.246767713819494	-48.184974760928576	-99.92453752622816	-72.12538811751568	
-52.83532587591718	16.17907386946761	21.35034879911093	-85.85219594384009	20.166557874517235	-30.859567349322994	-63.93702408202789	8.77800026145935	-61.02448878018386	-66.93752372383778	-5.798926910423895	19.5956199685033	-57.79955612623714	-77.69993231106231	94.7197581837562	-78.68129031317811	57.785186889505894	44.02242595453791	-1.6606505808222833	-6.675419940909996	33.049729382240976	-37.44300134710429	39.022372789070204	97.4378748070246	-99.56758205667771	-9.597373594973345	60.246767713819494	-48.184974760928576	-99.92453752622816	-72.12538811751568	
