-54.12082578423201	43.224847489221276	62.64254458087345	80.95990826276949	97.34536449908055	92.40610198902365	-52.07484359140837	13.358331587823201	-73.98206475112339	8.88375166228947	40.03337473909116	26.535101690659474	96.38292945153128	-24.873545887966642	-15.154410568009595	80.26251735887473	59.7270116114816	-62.89429117022893	-20.981808086677802	54.912637568392114	-88.08002280682365	63.138963045944394	78.93341488847193	29.574949832058792	-76.2545482098324	10.418511266975642	-69.1999156143878	77.74547234740234	-50.00027142735646	-89.81920689172912	
-86.31840782616841	-97.2242562567993	15.651458586111431	87.85613919548669	-100.0	36.70197901280872	100.0	76.2455612427164	-100.0	2.2725907396473133	100.0	-27.43337809972746	-94.33427431299239	-100.0	0.4228892993242823	100.0	76.58898235330406	19.538824643009953	-40.27138379619531	54.22455302646976	72.94849308675599	100.0	100.0	-100.0	-51.7863041831034	29.34600613976948	-71.79822276968378	90.50284340991163	-100.0	100.0	
-86.31840782616841	-97.2242562567993	15.651458586111431	87.85613919548669	-100.0	36.70197901280872	100.0	76.2455612427164	-100.0	2.2725907396473133	100.0	-27.43337809972746	-94.33427431299239	-100.0	0.4228892993242823	100.0	76.58898235330406	19.538824643009953	-40.27138379619531	54.22455302646976	72.94849308675599	100.0	100.0	-100.0	-51.7863041831034	29.34600613976948	-71.79822276968378	90.50284340991163	-100.0	100.0	
-1.2496111211989671	23.551114749214783	-6.960713616995855	-14.24438167207056	-67.68171051057753	-100.0	71.77845959340644	-68.80028198511997	68.54131999477048	-100.0	65.04485643595388	24.334105274577823	54.91701077228845	-9.883586890762626	-4.956703159721872	-71.89539832533728	-37.13691419376807	0.8705436564974178	51.34733546762071	-25.16926041022557	-29.69864431081357	56.848842271191174	-61.18636414063103	44.07470984224281	25.122017900540996	-100.0	50.74318854025555	-59.03455873023897	63.17795440277414	-100.0	
-58.700610824104295	12.330044843271278	26.451742150365032	-10.051015960616787	26.897377821501365	-31.749994271143287	-11.822870248702138	-35.679602101985544	-27.15534447263828	-15.675933941301079	50.185201691726405	21.64451308815073	-45.64343428958926	-46.55376941711042	69.8847379844924	-17.914083450119815	-90.67343584444222	100.0	-32.14090639509947	-46.25788101669599	34.9639246194396	-49.080401333372215	-13.707766203746289	-92.27560850907103	-81.83838150008235	-92.7817577863066	100.0	39.272414357786296	-93.99430384074563	68.44179621065219	
-79.35628163950216	-66.03485286479471	33.004278553972014	7.302190568010378	-35.92762198100514	-72.44498685812982	100.0	19.218805838035202	21.072786786486937	-10.02912378075203	100.0	-100.0	-1.854299972757639	-100.0	100.0	100.0	-12.791842264695262	49.6380854967661	-27.818180942942305	88.24469253800767	42.14911116963526	100.0	-53.46095609998045	-92.08190874387088	30.39693406976172	2.6765451301331034	-8.105726437735319	41.117244000574914	100.0	90.47902012942569	
12.380430750062075	37.59231841264346	100.0	-27.50504382593663	42.45929974645899	94.5423615818971	8.220640014807756	4.074142118110437	-33.08373348114414	30.888175740833127	42.026113523817536	-62.65204177494232	10.378006440949719	-31.29388239440778	-100.0	15.166199523500506	-6.617400457311341	-100.0	-10.849473440510822	64.40036699756857	-78.04816331286636	28.969214997487747	7.423294521648572	-34.878067162451735	-100.0	17.85859746243444	-31.71831554592544	41.481506832779054	-68.40063888250477	-49.61160037029402	
12.380430750062075	37.59231841264346	100.0	-27.50504382593663	42.45929974645899	94.5423615818971	8.220640014807756	4.074142118110437	-33.08373348114414	30.888175740833127	42.026113523817536	-62.65204177494232	10.378006440949719	-31.29388239440778	-100.0	15.166199523500506	-6.617400457311341	-100.0	-10.849473440510822	64.40036699756857	-78.04816331286636	28.969214997487747	7.423294521648572	-34.878067162451735	-100.0	17.85859746243444	-31.71831554592544	41.481506832779054	-68.40063888250477	-49.61160037029402	
12.380430750062075	37.59231841264346	100.0	-27.50504382593663	42.45929974645899	94.5423615818971	8.220640014807756	4.074142118110437	-33.08373348114414	30.888175740833127	42.026113523817536	-62.65204177494232	10.378006440949719	-31.29388239440778	-100.0	15.166199523500506	-6.617400457311341	-100.0	-10.849473440510822	64.40036699756857	-78.04816331286636	28.969214997487747	7.423294521648572	-34.878067162451735	-100.0	17.85859746243444	-31.71831554592544	41.481506832779054	-68.40063888250477	-49.61160037029402	
12.380430750062075	37.59231841264346	100.0	-27.50504382593663	42.45929974645899	94.5423615818971	8.220640014807756	4.074142118110437	-33.08373348114414	30.888175740833127	42.026113523817536	-62.65204177494232	10.378006440949719	-31.29388239440778	-100.0	15.166199523500506	-6.617400457311341	-100.0	-10.849473440510822	64.40036699756857	-78.04816331286636	28.969214997487747	7.423294521648572	-34.878067162451735	-100.0	17.85859746243444	-31.71831554592544	41.481506832779054	-68.40063888250477	-49.61160037029402	
12.380430750062075	37.59231841264346	100.0	-27.50504382593663	42.45929974645899	94.5423615818971	8.220640014807756	4.074142118110437	-33.08373348114414	30.888175740833127	42.026113523817536	-62.65204177494232	10.378006440949719	-31.29388239440778	-100.0	15.166199523500506	-6.617400457311341	-100.0	-10.849473440510822	64.40036699756857	-78.04816331286636	28.969214997487747	7.423294521648572	-34.878067162451735	-100.0	17.85859746243444	-31.71831554592544	41.481506832779054	-68.40063888250477	-49.61160037029402	
93.55819063873821	91.90161546778725	62.31269830977748	-71.49484021061164	82.34321717343904	72.07006682193565	30.678607005868344	-12.736348489185094	-16.19062615642464	3.673107805181388	80.24031990996664	-68.14083514381414	6.7750132516844435	12.39026463042493	-27.37594860284942	-1.4894364711110342	-23.602646627915103	-59.02680184097103	-31.757299380683634	40.52041163838358	-100.0	7.231543084156584	61.740742937869996	-49.067828167896636	-55.312447300289776	62.93781215921072	-25.376572583240787	71.49858316570038	-57.412067726968914	-90.22488669486057	
93.55819063873821	91.90161546778725	62.31269830977748	-71.49484021061164	82.34321717343904	72.07006682193565	30.678607005868344	-12.736348489185094	-16.19062615642464	3.673107805181388	80.24031990996664	-68.14083514381414	6.7750132516844435	12.39026463042493	-27.37594860284942	-1.4894364711110342	-23.602646627915103	-59.02680184097103	-31.757299380683634	40.52041163838358	-100.0	7.231543084156584	61.740742937869996	-49.067828167896636	-55.312447300289776	62.93781215921072	-25.376572583240787	71.49858316570038	-57.412067726968914	-90.22488669486057	
93.55819063873821	91.90161546778725	62.31269830977748	-71.49484021061164	82.34321717343904	72.07006682193565	30.678607005868344	-12.736348489185094	-16.19062615642464	3.673107805181388	80.24031990996664	-68.14083514381414	6.7750132516844435	12.39026463042493	-27.37594860284942	-1.4894364711110342	-23.602646627915103	-59.02680184097103	-31.757299380683634	40.52041163838358	-100.0	7.231543084156584	61.740742937869996	-49.067828167896636	-55.312447300289776	62.93781215921072	-25.376572583240787	71.49858316570038	-57.412067726968914	-90.22488669486057	
93.55819063873821	91.90161546778725	62.31269830977748	-71.49484021061164	82.34321717343904	72.07006682193565	30.678607005868344	-12.736348489185094	-16.19062615642464	3.673107805181388	80.24031990996664	-68.14083514381414	6.7750132516844435	12.39026463042493	-27.37594860284942	-1.4894364711110342	-23.602646627915103	-59.02680184097103	-31.757299380683634	40.52041163838358	-100.0	7.231543084156584	61.740742937869996	-49.067828167896636	-55.312447300289776	62.93781215921072	-25.376572583240787	71.49858316570038	-57.412067726968914	-90.22488669486057	
93.55819063873821	91.90161546778725	62.31269830977748	-71.49484021061164	82.34321717343904	72.07006682193565	30.678607005868344	-12.736348489185094	-16.19062615642464	3.673107805181388	80.24031990996664	-68.14083514381414	6.7750132516844435	12.39026463042493	-27.37594860284942	-1.4894364711110342	-23.602646627915103	-59.02680184097103	-31.757299380683634	40.52041163838358	-100.0	7.231543084156584	61.740742937869996	-49.067828167896636	-55.312447300289776	62.93781215921072	-25.376572583240787	71.49858316570038	-57.412067726968914	-90.22488669486057	
93.55819063873821	91.90161546778725	62.31269830977748	-71.49484021061164	82.34321717343904	72.07006682193565	30.678607005868344	-12.736348489185094	-16.19062615642464	3.673107805181388	80.24031990996664	-68.14083514381414	6.7750132516844435	12.39026463042493	-27.37594860284942	-1.4894364711110342	-23.602646627915103	-59.02680184097103	-31.757299380683634	40.52041163838358	-100.0	7.231543084156584	61.740742937869996	-49.067828167896636	-55.312447300289776	62.93781215921072	-25.376572583240787	71.49858316570038	-57.412067726968914	-90.22488669486057	
93.55819063873821	91.90161546778725	62.31269830977748	-71.49484021061164	82.34321717343904	72.07006682193565	30.678607005868344	-12.736348489185094	-16.19062615642464	3.673107805181388	80.24031990996664	-68.14083514381414	6.7750132516844435	12.39026463042493	-27.37594860284942	-1.4894364711110342	-23.602646627915103	-59.02680184097103	-31.757299380683634	40.52041163838358	-100.0	7.231543084156584	61.740742937869996	-49.067828167896636	-55.312447300289776	62.93781215921072	-25.376572583240787	71.49858316570038	-57.412067726968914	-90.22488669486057	
93.55819063873821	91.90161546778725	62.31269830977748	-71.49484021061164	82.34321717343904	72.07006682193565	30.678607005868344	-12.736348489185094	-16.19062615642464	3.673107805181388	80.24031990996664	-68.14083514381414	6.7750132516844435	12.39026463042493	-27.37594860284942	-1.4894364711110342	-23.602646627915103	-59.02680184097103	-31.757299380683634	40.52041163838358	-100.0	7.231543084156584	61.740742937869996	-49.067828167896636	-55.312447300289776	62.93781215921072	-25.376572583240787	71.49858316570038	-57.412067726968914	-90.22488669486057	
93.55819063873821	91.90161546778725	62.31269830977748	-71.49484021061164	82.34321717343904	72.07006682193565	30.678607005868344	-12.736348489185094	-16.19062615642464	3.673107805181388	80.24031990996664	-68.14083514381414	6.7750132516844435	12.39026463042493	-27.37594860284942	-1.4894364711110342	-23.602646627915103	-59.02680184097103	-31.757299380683634	40.52041163838358	-100.0	7.231543084156584	61.740742937869996	-49.067828167896636	-55.312447300289776	62.93781215921072	-25.376572583240787	71.49858316570038	-57.412067726968914	-90.22488669486057	
93.55819063873821	91.90161546778725	62.31269830977748	-71.49484021061164	82.34321717343904	72.07006682193565	30.678607005868344	-12.736348489185094	-16.19062615642464	3.673107805181388	80.24031990996664	-68.14083514381414	6.7750132516844435	12.39026463042493	-27.37594860284942	-1.4894364711110342	-23.602646627915103	-59.02680184097103	-31.757299380683634	40.52041163838358	-100.0	7.231543084156584	61.740742937869996	-49.067828167896636	-55.312447300289776	62.93781215921072	-25.376572583240787	71.49858316570038	-57.412067726968914	-90.22488669486057	
93.55819063873821	91.90161546778725	62.31269830977748	-71.49484021061164	82.34321717343904	72.07006682193565	30.678607005868344	-12.736348489185094	-16.19062615642464	3.673107805181388	80.24031990996664	-68.14083514381414	6.7750132516844435	12.39026463042493	-27.37594860284942	-1.4894364711110342	-23.602646627915103	-59.02680184097103	-31.757299380683634	40.52041163838358	-100.0	7.231543084156584	61.740742937869996	-49.067828167896636	-55.312447300289776	62.93781215921072	-25.376572583240787	71.49858316570038	-57.412067726968914	-90.22488669486057	
93.55819063873821	91.90161546778725	62.31269830977748	-71.49484021061164	82.34321717343904	72.07006682193565	30.678607005868344	-12.736348489185094	-16.19062615642464	3.673107805181388	80.24031990996664	-68.14083514381414	6.7750132516844435	12.39026463042493	-27.37594860284942	-1.4894364711110342	-23.602646627915103	-59.02680184097103	-31.757299380683634	40.52041163838358	-100.0	7.231543084156584	61.740742937869996	-49.067828167896636	-55.312447300289776	62.93781215921072	-25.376572583240787	71.49858316570038	-57.412067726968914	-90.22488669486057	
93.55819063873821	91.90161546778725	62.31269830977748	-71.49484021061164	82.34321717343904	72.07006682193565	30.678607005868344	-12.736348489185094	-16.19062615642464	3.673107805181388	80.24031990996664	-68.14083514381414	6.7750132516844435	12.39026463042493	-27.37594860284942	-1.4894364711110342	-23.602646627915103	-59.02680184097103	-31.757299380683634	40.52041163838358	-100.0	7.231543084156584	61.740742937869996	-49.067828167896636	-55.312447300289776	62.93781215921072	-25.376572583240787	71.49858316570038	-57.412067726968914	-90.22488669486057	
93.55819063873821	91.90161546778725	62.31269830977748	-71.49484021061164	82.34321717343904	72.07006682193565	30.678607005868344	-12.736348489185094	-16.19062615642464	3.673107805181388	80.24031990996664	-68.14083514381414	6.7750132516844435	12.39026463042493	-27.37594860284942	-1.4894364711110342	-23.602646627915103	-59.02680184097103	-31.757299380683634	40.52041163838358	-100.0	7.231543084156584	61.740742937869996	-49.067828167896636	-55.312447300289776	62.93781215921072	-25.376572583240787	71.49858316570038	-57.412067726968914	-90.22488669486057	
93.55819063873821	91.90161546778725	62.31269830977748	-71.49484021061164	82.34321717343904	72.07006682193565	30.678607005868344	-12.736348489185094	-16.19062615642464	3.673107805181388	80.24031990996664	-68.14083514381414	6.7750132516844435	12.39026463042493	-27.37594860284942	-1.4894364711110342	-23.602646627915103	-59.02680184097103	-31.757299380683634	40.52041163838358	-100.0	7.231543084156584	61.740742937869996	-49.067828167896636	-55.312447300289776	62.93781215921072	-25.376572583240787	71.49858316570038	-57.412067726968914	-90.22488669486057	
93.55819063873821	91.90161546778725	62.31269830977748	-71.49484021061164	82.34321717343904	72.07006682193565	30.678607005868344	-12.736348489185094	-16.19062615642464	3.673107805181388	80.24031990996664	-68.14083514381414	6.7750132516844435	12.39026463042493	-27.37594860284942	-1.4894364711110342	-23.602646627915103	-59.02680184097103	-31.757299380683634	40.52041163838358	-100.0	7.231543084156584	61.740742937869996	-49.067828167896636	-55.312447300289776	62.93781215921072	-25.376572583240787	71.49858316570038	-57.412067726968914	-90.22488669486057	
93.55819063873821	91.90161546778725	62.31269830977748	-71.49484021061164	82.34321717343904	72.07006682193565	30.678607005868344	-12.736348489185094	-16.19062615642464	3.673107805181388	80.24031990996664	-68.14083514381414	6.7750132516844435	12.39026463042493	-27.37594860284942	-1.4894364711110342	-23.602646627915103	-59.02680184097103	-31.757299380683634	40.52041163838358	-100.0	7.231543084156584	61.740742937869996	-49.067828167896636	-55.312447300289776	62.93781215921072	-25.376572583240787	71.49858316570038	-57.412067726968914	-90.22488669486057	
93.55819063873821	91.90161546778725	62.31269830977748	-71.49484021061164	82.34321717343904	72.07006682193565	30.678607005868344	-12.736348489185094	-16.19062615642464	3.673107805181388	80.24031990996664	-68.14083514381414	6.7750132516844435	12.39026463042493	-27.37594860284942	-1.4894364711110342	-23.602646627915103	-59.02680184097103	-31.757299380683634	40.52041163838358	-100.0	7.231543084156584	61.740742937869996	-49.067828167896636	-55.312447300289776	62.93781215921072	-25.376572583240787	71.49858316570038	-57.412067726968914	-90.22488669486057	
93.55819063873821	91.90161546778725	62.31269830977748	-71.49484021061164	82.34321717343904	72.07006682193565	30.678607005868344	-12.736348489185094	-16.19062615642464	3.673107805181388	80.24031990996664	-68.14083514381414	6.7750132516844435	12.39026463042493	-27.37594860284942	-1.4894364711110342	-23.602646627915103	-59.02680184097103	-31.757299380683634	40.52041163838358	-100.0	7.231543084156584	61.740742937869996	-49.067828167896636	-55.312447300289776	62.93781215921072	-25.376572583240787	71.49858316570038	-57.412067726968914	-90.22488669486057	
93.55819063873821	91.90161546778725	62.31269830977748	-71.49484021061164	82.34321717343904	72.07006682193565	30.678607005868344	-12.736348489185094	-16.19062615642464	3.673107805181388	80.24031990996664	-68.14083514381414	6.7750132516844435	12.39026463042493	-27.37594860284942	-1.4894364711110342	-23.602646627915103	-59.02680184097103	-31.757299380683634	40.52041163838358	-100.0	7.231543084156584	61.740742937869996	-49.067828167896636	-55.312447300289776	62.93781215921072	-25.376572583240787	71.49858316570038	-57.412067726968914	-90.22488669486057	
93.55819063873821	91.90161546778725	62.31269830977748	-71.49484021061164	82.34321717343904	72.07006682193565	30.678607005868344	-12.736348489185094	-16.19062615642464	3.673107805181388	80.24031990996664	-68.14083514381414	6.7750132516844435	12.39026463042493	-27.37594860284942	-1.4894364711110342	-23.602646627915103	-59.02680184097103	-31.757299380683634	40.52041163838358	-100.0	7.231543084156584	61.740742937869996	-49.067828167896636	-55.312447300289776	62.93781215921072	-25.376572583240787	71.49858316570038	-57.412067726968914	-90.22488669486057	
100.0	98.79107325477143	17.77359576900213	-90.3628761517452	-21.37128453812916	-66.25428497014684	-64.19045959192769	-31.129793662775743	-60.916019286168314	-68.83545078823688	-5.9365273122422595	19.649697475827338	59.62575900260411	-75.12435613378433	42.680452471002354	24.55399012945388	-54.84722265189115	41.40988775963582	-23.36109724065532	-7.077182690643385	-1.2830082603320045	-38.13447900833964	-69.62926519562392	-99.65427390690822	-66.03100451921736	-4.08300667607789	59.81561392223926	-49.35336052679044	95.04772533932494	-9.766730107114924	
100.0	91.78219317885667	17.365077011307964	-91.12773964173732	-21.008484672143823	-64.48908432148683	-63.889942940760584	-32.62151248209166	-60.940541892545646	-68.29817844894266	-5.743328452239922	19.522450381438674	52.67124808597461	-75.91237567757413	41.45297762178601	24.19995344081373	-52.20198677623179	41.87643264036117	-23.360430014893836	-6.731925141484518	-0.8642315726346748	-37.55812062603255	-58.61509155648877	-97.47757067433588	-65.9727022189584	-10.81659079566166	60.97232533175977	-49.74145559954437	97.51132801598732	-6.716606405070263	
100.0	91.78219317885667	17.365077011307964	-91.12773964173732	-21.008484672143823	-64.48908432148683	-63.889942940760584	-32.62151248209166	-60.940541892545646	-68.29817844894266	-5.743328452239922	19.522450381438674	52.67124808597461	-75.91237567757413	41.45297762178601	24.19995344081373	-52.20198677623179	41.87643264036117	-23.360430014893836	-6.731925141484518	-0.8642315726346748	-37.55812062603255	-58.61509155648877	-97.47757067433588	-65.9727022189584	-10.81659079566166	60.97232533175977	-49.74145559954437	97.51132801598732	-6.716606405070263	
100.0	91.78219317885667	17.365077011307964	-91.12773964173732	-21.008484672143823	-64.48908432148683	-63.889942940760584	-32.62151248209166	-60.940541892545646	-68.29817844894266	-5.743328452239922	19.522450381438674	52.67124808597461	-75.91237567757413	41.45297762178601	24.19995344081373	-52.20198677623179	41.87643264036117	-23.360430014893836	-6.731925141484518	-0.8642315726346748	-37.55812062603255	-58.61509155648877	-97.47757067433588	-65.9727022189584	-10.81659079566166	60.97232533175977	-49.74145559954437	97.51132801598732	-6.716606405070263	
100.0	91.78219317885667	17.365077011307964	-91.12773964173732	-21.008484672143823	-64.48908432148683	-63.889942940760584	-32.62151248209166	-60.940541892545646	-68.29817844894266	-5.743328452239922	19.522450381438674	52.67124808597461	-75.91237567757413	41.45297762178601	24.19995344081373	-52.20198677623179	41.87643264036117	-23.360430014893836	-6.731925141484518	-0.8642315726346748	-37.55812062603255	-58.61509155648877	-97.47757067433588	-65.9727022189584	-10.81659079566166	60.97232533175977	-49.74145559954437	97.51132801598732	-6.716606405070263	
100.0	91.78219317885667	17.365077011307964	-91.12773964173732	-21.008484672143823	-64.48908432148683	-63.889942940760584	-32.62151248209166	-60.940541892545646	-68.29817844894266	-5.743328452239922	19.522450381438674	52.67124808597461	-75.91237567757413	41.45297762178601	24.19995344081373	-52.20198677623179	41.87643264036117	-23.360430014893836	-6.731925141484518	-0.8642315726346748	-37.55812062603255	-58.61509155648877	-97.47757067433588	-65.9727022189584	-10.81659079566166	60.97232533175977	-49.74145559954437	97.51132801598732	-6.716606405070263	
100.0	91.78219317885667	17.365077011307964	-91.12773964173732	-21.008484672143823	-64.48908432148683	-63.889942940760584	-32.62151248209166	-60.940541892545646	-68.29817844894266	-5.743328452239922	19.522450381438674	52.67124808597461	-75.91237567757413	41.45297762178601	24.19995344081373	-52.20198677623179	41.87643264036117	-23.360430014893836	-6.731925141484518	-0.8642315726346748	-37.55812062603255	-58.61509155648877	-97.47757067433588	-65.9727022189584	-10.81659079566166	60.97232533175977	-49.74145559954437	97.51132801598732	-6.716606405070263	
100.0	91.78219317885667	17.365077011307964	-91.12773964173732	-21.008484672143823	-64.48908432148683	-63.889942940760584	-32.62151248209166	-60.940541892545646	-68.29817844894266	-5.743328452239922	19.522450381438674	52.67124808597461	-75.91237567757413	41.45297762178601	24.19995344081373	-52.20198677623179	41.87643264036117	-23.360430014893836	-6.731925141484518	-0.8642315726346748	-37.55812062603255	-58.61509155648877	-97.47757067433588	-65.9727022189584	-10.81659079566166	60.97232533175977	-49.74145559954437	97.51132801598732	-6.716606405070263	
100.0	91.78219317885667	17.365077011307964	-91.12773964173732	-21.008484672143823	-64.48908432148683	-63.889942940760584	-32.62151248209166	-60.940541892545646	-68.29817844894266	-5.743328452239922	19.522450381438674	52.67124808597461	-75.91237567757413	41.45297762178601	24.19995344081373	-52.20198677623179	41.87643264036117	-23.360430014893836	-6.731925141484518	-0.8642315726346748	-37.55812062603255	-58.61509155648877	-97.47757067433588	-65.9727022189584	-10.81659079566166	60.97232533175977	-49.74145559954437	97.51132801598732	-6.716606405070263	
100.0	91.78219317885667	17.365077011307964	-91.12773964173732	-21.008484672143823	-64.48908432148683	-63.889942940760584	-32.62151248209166	-60.940541892545646	-68.29817844894266	-5.743328452239922	19.522450381438674	52.67124808597461	-75.91237567757413	41.45297762178601	24.19995344081373	-52.20198677623179	41.87643264036117	-23.360430014893836	-6.731925141484518	-0.8642315726346748	-37.55812062603255	-58.61509155648877	-97.47757067433588	-65.9727022189584	-10.81659079566166	60.97232533175977	-49.74145559954437	97.51132801598732	-6.716606405070263	
100.0	91.78219317885667	17.365077011307964	-91.12773964173732	-21.008484672143823	-64.48908432148683	-63.889942940760584	-32.62151248209166	-60.940541892545646	-68.29817844894266	-5.743328452239922	19.522450381438674	52.67124808597461	-75.91237567757413	41.45297762178601	24.19995344081373	-52.20198677623179	41.87643264036117	-23.360430014893836	-6.731925141484518	-0.8642315726346748	-37.55812062603255	-58.61509155648877	-97.47757067433588	-65.9727022189584	-10.81659079566166	60.97232533175977	-49.74145559954437	97.51132801598732	-6.716606405070263	
100.0	91.78219317885667	17.365077011307964	-91.12773964173732	-21.008484672143823	-64.48908432148683	-63.889942940760584	-32.62151248209166	-60.940541892545646	-68.29817844894266	-5.743328452239922	19.522450381438674	52.67124808597461	-75.91237567757413	41.45297762178601	24.19995344081373	-52.20198677623179	41.87643264036117	-23.360430014893836	-6.731925141484518	-0.8642315726346748	-37.55812062603255	-58.61509155648877	-97.47757067433588	-65.9727022189584	-10.81659079566166	60.97232533175977	-49.74145559954437	97.51132801598732	-6.716606405070263	
100.0	91.78219317885667	17.365077011307964	-91.12773964173732	-21.008484672143823	-64.48908432148683	-63.889942940760584	-32.62151248209166	-60.940541892545646	-68.29817844894266	-5.743328452239922	19.522450381438674	52.67124808597461	-75.91237567757413	41.45297762178601	24.19995344081373	-52.20198677623179	41.87643264036117	-23.360430014893836	-6.731925141484518	-0.8642315726346748	-37.55812062603255	-58.61509155648877	-97.47757067433588	-65.9727022189584	-10.81659079566166	60.97232533175977	-49.74145559954437	97.51132801598732	-6.716606405070263	
100.0	91.78219317885667	17.365077011307964	-91.12773964173732	-21.008484672143823	-64.48908432148683	-63.889942940760584	-32.62151248209166	-60.940541892545646	-68.29817844894266	-5.743328452239922	19.522450381438674	52.67124808597461	-75.91237567757413	41.45297762178601	24.19995344081373	-52.20198677623179	41.87643264036117	-23.360430014893836	-6.731925141484518	-0.8642315726346748	-37.55812062603255	-58.61509155648877	-97.47757067433588	-65.9727022189584	-10.81659079566166	60.97232533175977	-49.74145559954437	97.51132801598732	-6.716606405070263	
100.0	91.78219317885667	17.365077011307964	-91.12773964173732	-21.008484672143823	-64.48908432148683	-63.889942940760584	-32.62151248209166	-60.940541892545646	-68.29817844894266	-5.743328452239922	19.522450381438674	52.67124808597461	-75.91237567757413	41.45297762178601	24.19995344081373	-52.20198677623179	41.87643264036117	-23.360430014893836	-6.731925141484518	-0.8642315726346748	-37.55812062603255	-58.61509155648877	-97.47757067433588	-65.9727022189584	-10.81659079566166	60.97232533175977	-49.74145559954437	97.51132801598732	-6.716606405070263	
100.0	91.78219317885667	17.365077011307964	-91.12773964173732	-21.008484672143823	-64.48908432148683	-63.889942940760584	-32.62151248209166	-60.940541892545646	-68.29817844894266	-5.743328452239922	19.522450381438674	52.67124808597461	-75.91237567757413	41.45297762178601	24.19995344081373	-52.20198677623179	41.87643264036117	-23.360430014893836	-6.731925141484518	-0.8642315726346748	-37.55812062603255	-58.61509155648877	-97.47757067433588	-65.9727022189584	-10.81659079566166	60.97232533175977	-49.74145559954437	97.51132801598732	-6.716606405070263	
100.0	91.78219317885667	17.365077011307964	-91.12773964173732	-21.008484672143823	-64.48908432148683	-63.889942940760584	-32.62151248209166	-60.940541892545646	-68.29817844894266	-5.743328452239922	19.522450381438674	52.67124808597461	-75.91237567757413	41.45297762178601	24.19995344081373	-52.20198677623179	41.87643264036117	-23.360430014893836	-6.731925141484518	-0.8642315726346748	-37.55812062603255	-58.61509155648877	-97.47757067433588	-65.9727022189584	-10.81659079566166	60.97232533175977	-49.74145559954437	97.51132801598732	-6.716606405070263	
100.0	91.78219317885667	17.365077011307964	-91.12773964173732	-21.008484672143823	-64.48908432148683	-63.889942940760584	-32.62151248209166	-60.940541892545646	-68.29817844894266	-5.743328452239922	19.522450381438674	52.67124808597461	-75.91237567757413	41.45297762178601	24.19995344081373	-52.20198677623179	41.87643264036117	-23.360430014893836	-6.731925141484518	-0.8642315726346748	-37.55812062603255	-58.61509155648877	-97.47757067433588	-65.9727022189584	-10.81659079566166	60.97232533175977	-49.74145559954437	97.51132801598732	-6.716606405070263	
100.0	91.78219317885667	17.365077011307964	-91.12773964173732	-21.008484672143823	-64.48908432148683	-63.889942940760584	-32.62151248209166	-60.940541892545646	-68.29817844894266	-5.743328452239922	19.522450381438674	52.67124808597461	-75.91237567757413	41.45297762178601	24.19995344081373	-52.20198677623179	41.87643264036117	-23.360430014893836	-6.731925141484518	-0.8642315726346748	-37.55812062603255	-58.61509155648877	-97.47757067433588	-65.9727022189584	-10.81659079566166	60.97232533175977	-49.74145559954437	97.51132801598732	-6.716606405070263	
100.0	91.78219317885667	17.365077011307964	-91.12773964173732	-21.008484672143823	-64.48908432148683	-63.889942940760584	-32.62151248209166	-60.940541892545646	-68.29817844894266	-5.743328452239922	19.522450381438674	52.67124808597461	-75.91237567757413	41.45297762178601	24.19995344081373	-52.20198677623179	41.87643264036117	-23.360430014893836	-6.731925141484518	-0.8642315726346748	-37.55812062603255	-58.61509155648877	-97.47757067433588	-65.9727022189584	-10.81659079566166	60.97232533175977	-49.74145559954437	97.51132801598732	-6.716606405070263	
100.0	91.78219317885667	17.365077011307964	-91.12773964173732	-21.008484672143823	-64.48908432148683	-63.889942940760584	-32.62151248209166	-60.940541892545646	-68.29817844894266	-5.743328452239922	19.522450381438674	52.67124808597461	-75.91237567757413	41.45297762178601	24.19995344081373	-52.20198677623179	41.87643264036117	-23.360430014893836	-6.731925141484518	-0.8642315726346748	-37.55812062603255	-58.61509155648877	-97.47757067433588	-65.9727022189584	-10.81659079566166	60.97232533175977	-49.74145559954437	97.51132801598732	-6.716606405070263	
100.0	91.78219317885667	17.365077011307964	-91.12773964173732	-21.008484672143823	-64.48908432148683	-63.889942940760584	-32.62151248209166	-60.940541892545646	-68.29817844894266	-5.743328452239922	19.522450381438674	52.67124808597461	-75.91237567757413	41.45297762178601	24.19995344081373	-52.20198677623179	41.87643264036117	-23.360430014893836	-6.731925141484518	-0.8642315726346748	-37.55812062603255	-58.61509155648877	-97.47757067433588	-65.9727022189584	-10.81659079566166	60.97232533175977	-49.74145559954437	97.51132801598732	-6.716606405070263	
100.0	91.78219317885667	17.365077011307964	-91.12773964173732	-21.008484672143823	-64.48908432148683	-63.889942940760584	-32.62151248209166	-60.940541892545646	-68.29817844894266	-5.743328452239922	19.522450381438674	52.67124808597461	-75.91237567757413	41.45297762178601	24.19995344081373	-52.20198677623179	41.87643264036117	-23.360430014893836	-6.731925141484518	-0.8642315726346748	-37.55812062603255	-58.61509155648877	-97.47757067433588	-65.9727022189584	-10.81659079566166	60.97232533175977	-49.74145559954437	97.51132801598732	-6.716606405070263	
100.0	91.78219317885667	17.365077011307964	-91.12773964173732	-21.008484672143823	-64.48908432148683	-63.889942940760584	-32.62151248209166	-60.940541892545646	-68.29817844894266	-5.743328452239922	19.522450381438674	52.67124808597461	-75.91237567757413	41.45297762178601	24.19995344081373	-52.20198677623179	41.87643264036117	-23.360430014893836	-6.731925141484518	-0.8642315726346748	-37.55812062603255	-58.61509155648877	-97.47757067433588	-65.9727022189584	-10.81659079566166	60.97232533175977	-49.74145559954437	97.51132801598732	-6.716606405070263	
100.0	91.78219317885667	17.365077011307964	-91.12773964173732	-21.008484672143823	-64.48908432148683	-63.889942940760584	-32.62151248209166	-60.940541892545646	-68.29817844894266	-5.743328452239922	19.522450381438674	52.67124808597461	-75.91237567757413	41.45297762178601	24.19995344081373	-52.20198677623179	41.87643264036117	-23.360430014893836	-6.731925141484518	-0.8642315726346748	-37.55812062603255	-58.61509155648877	-97.47757067433588	-65.9727022189584	-10.81659079566166	60.97232533175977	-49.74145559954437	97.51132801598732	-6.716606405070263	
100.0	91.78219317885667	17.365077011307964	-91.12773964173732	-21.008484672143823	-64.48908432148683	-63.889942940760584	-32.62151248209166	-60.940541892545646	-68.29817844894266	-5.743328452239922	19.522450381438674	52.67124808597461	-75.91237567757413	41.45297762178601	24.19995344081373	-52.20198677623179	41.87643264036117	-23.360430014893836	-6.731925141484518	-0.8642315726346748	-37.55812062603255	-58.61509155648877	-97.47757067433588	-65.9727022189584	-10.81659079566166	60.97232533175977	-49.74145559954437	97.51132801598732	-6.716606405070263	
100.0	91.78219317885667	17.365077011307964	-91.12773964173732	-21.008484672143823	-64.48908432148683	-63.889942940760584	-32.62151248209166	-60.940541892545646	-68.29817844894266	-5.743328452239922	19.522450381438674	52.67124808597461	-75.91237567757413	41.45297762178601	24.19995344081373	-52.20198677623179	41.87643264036117	-23.360430014893836	-6.731925141484518	-0.8642315726346748	-37.55812062603255	-58.61509155648877	-97.47757067433588	-65.9727022189584	-10.81659079566166	60.97232533175977	-49.74145559954437	97.51132801598732	-6.716606405070263	
100.0	91.78219317885667	17.365077011307964	-91.12773964173732	-21.008484672143823	-64.48908432148683	-63.889942940760584	-32.62151248209166	-60.940541892545646	-68.29817844894266	-5.743328452239922	19.522450381438674	52.67124808597461	-75.91237567757413	41.45297762178601	24.19995344081373	-52.20198677623179	41.87643264036117	-23.360430014893836	-6.731925141484518	-0.8642315726346748	-37.55812062603255	-58.61509155648877	-97.47757067433588	-65.9727022189584	-10.81659079566166	60.97232533175977	-49.74145559954437	97.51132801598732	-6.716606405070263	
100.0	91.78219317885667	17.365077011307964	-91.12773964173732	-21.008484672143823	-64.48908432148683	-63.889942940760584	-32.62151248209166	-60.940541892545646	-68.29817844894266	-5.743328452239922	19.522450381438674	52.67124808597461	-75.91237567757413	41.45297762178601	24.19995344081373	-52.20198677623179	41.87643264036117	-23.360430014893836	-6.731925141484518	-0.8642315726346748	-37.55812062603255	-58.61509155648877	-97.47757067433588	-65.9727022189584	-10.81659079566166	60.97232533175977	-49.74145559954437	97.51132801598732	-6.716606405070263	
-26.308857290267067	60.97126758615572	18.586310879326863	17.90938805039838	-98.19395264288336	-15.030998727268548	-63.96590270607054	-21.379954562007367	-60.845682183137335	-68.30082475745634	-5.766649545141198	19.479750532680708	-34.26289442016827	-76.15683777980607	-100.0	-82.83983824326089	-99.98402211020317	42.25726355547536	-98.73142314579748	-6.905762191772636	-58.33189433461352	-37.894675960567874	98.80333921457485	-87.17517973833856	-56.96686479618396	67.31677120533737	60.27155381039063	-49.36740890994527	-43.997963352560824	-99.81163141247602	
64.30784964238077	55.36726458684709	17.779762531860914	-25.166446223971814	-58.073861563952306	-90.7656868725753	-63.688114607075576	-22.923055325085894	-60.86802859493015	-68.54503266589441	-5.587694454821583	19.348340603172574	-82.02148296459703	-75.29388650400182	-100.0	97.4157381747427	-68.28177524953696	41.66143622737773	-98.41084061290208	-6.573999623380471	-96.3982533467817	-37.35694028609702	50.67077563880243	-61.823612616619755	98.91411184608728	51.77950807666934	60.73898716503777	-49.607190358317894	-63.806548350904684	-99.91453764666802	
62.97329806170705	46.85852110270055	18.31131384253399	-26.443008801672516	-42.45741015881315	-96.46665074226823	-63.69240762146383	-32.17838004080304	-60.92460379354744	-68.49205481131914	-5.615852509269975	19.422455301940204	-63.4613129924394	-74.92833458204899	-99.5970543369239	99.99996182508194	-61.12642982750936	41.22610774287377	-77.44165951898114	-6.520118410833763	-96.36350845202158	-37.21215970680863	45.87525855249203	-55.76052938022443	99.20336483264923	46.19060324084392	60.43963509723528	-49.46391755982721	-63.84491662723342	-99.28717220581943	
62.97329806170705	46.85852110270055	18.31131384253399	-26.443008801672516	-42.45741015881315	-96.46665074226823	-63.69240762146383	-32.17838004080304	-60.92460379354744	-68.49205481131914	-5.615852509269975	19.422455301940204	-63.4613129924394	-74.92833458204899	-99.5970543369239	99.99996182508194	-61.12642982750936	41.22610774287377	-77.44165951898114	-6.520118410833763	-96.36350845202158	-37.21215970680863	45.87525855249203	-55.76052938022443	99.20336483264923	46.19060324084392	60.43963509723528	-49.46391755982721	-63.84491662723342	-99.28717220581943	
62.97329806170705	46.85852110270055	18.31131384253399	-26.443008801672516	-42.45741015881315	-96.46665074226823	-63.69240762146383	-32.17838004080304	-60.92460379354744	-68.49205481131914	-5.615852509269975	19.422455301940204	-63.4613129924394	-74.92833458204899	-99.5970543369239	99.99996182508194	-61.12642982750936	41.22610774287377	-77.44165951898114	-6.520118410833763	-96.36350845202158	-37.21215970680863	45.87525855249203	-55.76052938022443	99.20336483264923	46.19060324084392	60.43963509723528	-49.46391755982721	-63.84491662723342	-99.28717220581943	
62.97329806170705	46.85852110270055	18.31131384253399	-26.443008801672516	-42.45741015881315	-96.46665074226823	-63.69240762146383	-32.17838004080304	-60.92460379354744	-68.49205481131914	-5.615852509269975	19.422455301940204	-63.4613129924394	-74.92833458204899	-99.5970543369239	99.99996182508194	-61.12642982750936	41.22610774287377	-77.44165951898114	-6.520118410833763	-96.36350845202158	-37.21215970680863	45.87525855249203	-55.76052938022443	99.20336483264923	46.19060324084392	60.43963509723528	-49.46391755982721	-63.84491662723342	-99.28717220581943	
62.97329806170705	46.85852110270055	18.31131384253399	-26.443008801672516	-42.45741015881315	-96.46665074226823	-63.69240762146383	-32.17838004080304	-60.92460379354744	-68.49205481131914	-5.615852509269975	19.422455301940204	-63.4613129924394	-74.92833458204899	-99.5970543369239	99.99996182508194	-61.12642982750936	41.22610774287377	-77.44165951898114	-6.520118410833763	-96.36350845202158	-37.21215970680863	45.87525855249203	-55.76052938022443	99.20336483264923	46.19060324084392	60.43963509723528	-49.46391755982721	-63.84491662723342	-99.28717220581943	
62.97329806170705	46.85852110270055	18.31131384253399	-26.443008801672516	-42.45741015881315	-96.46665074226823	-63.69240762146383	-32.17838004080304	-60.92460379354744	-68.49205481131914	-5.615852509269975	19.422455301940204	-63.4613129924394	-74.92833458204899	-99.5970543369239	99.99996182508194	-61.12642982750936	41.22610774287377	-77.44165951898114	-6.520118410833763	-96.36350845202158	-37.21215970680863	45.87525855249203	-55.76052938022443	99.20336483264923	46.19060324084392	60.43963509723528	-49.46391755982721	-63.84491662723342	-99.28717220581943	
62.97329806170705	46.85852110270055	18.31131384253399	-26.443008801672516	-42.45741015881315	-96.46665074226823	-63.69240762146383	-32.17838004080304	-60.92460379354744	-68.49205481131914	-5.615852509269975	19.422455301940204	-63.4613129924394	-74.92833458204899	-99.5970543369239	99.99996182508194	-61.12642982750936	41.22610774287377	-77.44165951898114	-6.520118410833763	-96.36350845202158	-37.21215970680863	45.87525855249203	-55.76052938022443	99.20336483264923	46.19060324084392	60.43963509723528	-49.46391755982721	-63.84491662723342	-99.28717220581943	
62.97329806170705	46.85852110270055	18.31131384253399	-26.443008801672516	-42.45741015881315	-96.46665074226823	-63.69240762146383	-32.17838004080304	-60.92460379354744	-68.49205481131914	-5.615852509269975	19.422455301940204	-63.4613129924394	-74.92833458204899	-99.5970543369239	99.99996182508194	-61.12642982750936	41.22610774287377	-77.44165951898114	-6.520118410833763	-96.36350845202158	-37.21215970680863	45.87525855249203	-55.76052938022443	99.20336483264923	46.19060324084392	60.43963509723528	-49.46391755982721	-63.84491662723342	-99.28717220581943	
62.97329806170705	46.85852110270055	18.31131384253399	-26.443008801672516	-42.45741015881315	-96.46665074226823	-63.69240762146383	-32.17838004080304	-60.92460379354744	-68.49205481131914	-5.615852509269975	19.422455301940204	-63.4613129924394	-74.92833458204899	-99.5970543369239	99.99996182508194	-61.12642982750936	41.22610774287377	-77.44165951898114	-6.520118410833763	-96.36350845202158	-37.21215970680863	45.87525855249203	-55.76052938022443	99.20336483264923	46.19060324084392	60.43963509723528	-49.46391755982721	-63.84491662723342	-99.28717220581943	
62.97329806170705	46.85852110270055	18.31131384253399	-26.443008801672516	-42.45741015881315	-96.46665074226823	-63.69240762146383	-32.17838004080304	-60.92460379354744	-68.49205481131914	-5.615852509269975	19.422455301940204	-63.4613129924394	-74.92833458204899	-99.5970543369239	99.99996182508194	-61.12642982750936	41.22610774287377	-77.44165951898114	-6.520118410833763	-96.36350845202158	-37.21215970680863	45.87525855249203	-55.76052938022443	99.20336483264923	46.19060324084392	60.43963509723528	-49.46391755982721	-63.84491662723342	-99.28717220581943	
62.97329806170705	46.85852110270055	18.31131384253399	-26.443008801672516	-42.45741015881315	-96.46665074226823	-63.69240762146383	-32.17838004080304	-60.92460379354744	-68.49205481131914	-5.615852509269975	19.422455301940204	-63.4613129924394	-74.92833458204899	-99.5970543369239	99.99996182508194	-61.12642982750936	41.22610774287377	-77.44165951898114	-6.520118410833763	-96.36350845202158	-37.21215970680863	45.87525855249203	-55.76052938022443	99.20336483264923	46.19060324084392	60.43963509723528	-49.46391755982721	-63.84491662723342	-99.28717220581943	
62.97329806170705	46.85852110270055	18.31131384253399	-26.443008801672516	-42.45741015881315	-96.46665074226823	-63.69240762146383	-32.17838004080304	-60.92460379354744	-68.49205481131914	-5.615852509269975	19.422455301940204	-63.4613129924394	-74.92833458204899	-99.5970543369239	99.99996182508194	-61.12642982750936	41.22610774287377	-77.44165951898114	-6.520118410833763	-96.36350845202158	-37.21215970680863	45.87525855249203	-55.76052938022443	99.20336483264923	46.19060324084392	60.43963509723528	-49.46391755982721	-63.84491662723342	-99.28717220581943	
62.97329806170705	46.85852110270055	18.31131384253399	-26.443008801672516	-42.45741015881315	-96.46665074226823	-63.69240762146383	-32.17838004080304	-60.92460379354744	-68.49205481131914	-5.615852509269975	19.422455301940204	-63.4613129924394	-74.92833458204899	-99.5970543369239	99.99996182508194	-61.12642982750936	41.22610774287377	-77.44165951898114	-6.520118410833763	-96.36350845202158	-37.21215970680863	45.87525855249203	-55.76052938022443	99.20336483264923	46.19060324084392	60.43963509723528	-49.46391755982721	-63.84491662723342	-99.28717220581943	
62.97329806170705	46.85852110270055	18.31131384253399	-26.443008801672516	-42.45741015881315	-96.46665074226823	-63.69240762146383	-32.17838004080304	-60.92460379354744	-68.49205481131914	-5.615852509269975	19.422455301940204	-63.4613129924394	-74.92833458204899	-99.5970543369239	99.99996182508194	-61.12642982750936	41.22610774287377	-77.44165951898114	-6.520118410833763	-96.36350845202158	-37.21215970680863	45.87525855249203	-55.76052938022443	99.20336483264923	46.19060324084392	60.43963509723528	-49.46391755982721	-63.84491662723342	-99.28717220581943	
62.97329806170705	46.85852110270055	18.31131384253399	-26.443008801672516	-42.45741015881315	-96.46665074226823	-63.69240762146383	-32.17838004080304	-60.92460379354744	-68.49205481131914	-5.615852509269975	19.422455301940204	-63.4613129924394	-74.92833458204899	-99.5970543369239	99.99996182508194	-61.12642982750936	41.22610774287377	-77.44165951898114	-6.520118410833763	-96.36350845202158	-37.21215970680863	45.87525855249203	-55.76052938022443	99.20336483264923	46.19060324084392	60.43963509723528	-49.46391755982721	-63.84491662723342	-99.28717220581943	
62.97329806170705	46.85852110270055	18.31131384253399	-26.443008801672516	-42.45741015881315	-96.46665074226823	-63.69240762146383	-32.17838004080304	-60.92460379354744	-68.49205481131914	-5.615852509269975	19.422455301940204	-63.4613129924394	-74.92833458204899	-99.5970543369239	99.99996182508194	-61.12642982750936	41.22610774287377	-77.44165951898114	-6.520118410833763	-96.36350845202158	-37.21215970680863	45.87525855249203	-55.76052938022443	99.20336483264923	46.19060324084392	60.43963509723528	-49.46391755982721	-63.84491662723342	-99.28717220581943	
62.97329806170705	46.85852110270055	18.31131384253399	-26.443008801672516	-42.45741015881315	-96.46665074226823	-63.69240762146383	-32.17838004080304	-60.92460379354744	-68.49205481131914	-5.615852509269975	19.422455301940204	-63.4613129924394	-74.92833458204899	-99.5970543369239	99.99996182508194	-61.12642982750936	41.22610774287377	-77.44165951898114	-6.520118410833763	-96.36350845202158	-37.21215970680863	45.87525855249203	-55.76052938022443	99.20336483264923	46.19060324084392	60.43963509723528	-49.46391755982721	-63.84491662723342	-99.28717220581943	
62.97329806170705	46.85852110270055	18.31131384253399	-26.443008801672516	-42.45741015881315	-96.46665074226823	-63.69240762146383	-32.17838004080304	-60.92460379354744	-68.49205481131914	-5.615852509269975	19.422455301940204	-63.4613129924394	-74.92833458204899	-99.5970543369239	99.99996182508194	-61.12642982750936	41.22610774287377	-77.44165951898114	-6.520118410833763	-96.36350845202158	-37.21215970680863	45.87525855249203	-55.76052938022443	99.20336483264923	46.19060324084392	60.43963509723528	-49.46391755982721	-63.84491662723342	-99.28717220581943	
62.97329806170705	46.85852110270055	18.31131384253399	-26.443008801672516	-42.45741015881315	-96.46665074226823	-63.69240762146383	-32.17838004080304	-60.92460379354744	-68.49205481131914	-5.615852509269975	19.422455301940204	-63.4613129924394	-74.92833458204899	-99.5970543369239	99.99996182508194	-61.12642982750936	41.22610774287377	-77.44165951898114	-6.520118410833763	-96.36350845202158	-37.21215970680863	45.87525855249203	-55.76052938022443	99.20336483264923	46.19060324084392	60.43963509723528	-49.46391755982721	-63.84491662723342	-99.28717220581943	
62.97329806170705	46.85852110270055	18.31131384253399	-26.443008801672516	-42.45741015881315	-96.46665074226823	-63.69240762146383	-32.17838004080304	-60.92460379354744	-68.49205481131914	-5.615852509269975	19.422455301940204	-63.4613129924394	-74.92833458204899	-99.5970543369239	99.99996182508194	-61.12642982750936	41.22610774287377	-77.44165951898114	-6.520118410833763	-96.36350845202158	-37.21215970680863	45.87525855249203	-55.76052938022443	99.20336483264923	46.19060324084392	60.43963509723528	-49.46391755982721	-63.84491662723342	-99.28717220581943	
62.97329806170705	46.85852110270055	18.31131384253399	-26.443008801672516	-42.45741015881315	-96.46665074226823	-63.69240762146383	-32.17838004080304	-60.92460379354744	-68.49205481131914	-5.615852509269975	19.422455301940204	-63.4613129924394	-74.92833458204899	-99.5970543369239	99.99996182508194	-61.12642982750936	41.22610774287377	-77.44165951898114	-6.520118410833763	-96.36350845202158	-37.21215970680863	45.87525855249203	-55.76052938022443	99.20336483264923	46.19060324084392	60.43963509723528	-49.46391755982721	-63.84491662723342	-99.28717220581943	
62.97329806170705	46.85852110270055	18.31131384253399	-26.443008801672516	-42.45741015881315	-96.46665074226823	-63.69240762146383	-32.17838004080304	-60.92460379354744	-68.49205481131914	-5.615852509269975	19.422455301940204	-63.4613129924394	-74.92833458204899	-99.5970543369239	99.99996182508194	-61.12642982750936	41.22610774287377	-77.44165951898114	-6.520118410833763	-96.36350845202158	-37.21215970680863	45.87525855249203	-55.76052938022443	99.20336483264923	46.19060324084392	60.43963509723528	-49.46391755982721	-63.84491662723342	-99.28717220581943	
62.97329806170705	46.85852110270055	18.31131384253399	-26.443008801672516	-42.45741015881315	-96.46665074226823	-63.69240762146383	-32.17838004080304	-60.92460379354744	-68.49205481131914	-5.615852509269975	19.422455301940204	-63.4613129924394	-74.92833458204899	-99.5970543369239	99.99996182508194	-61.12642982750936	41.22610774287377	-77.44165951898114	-6.520118410833763	-96.36350845202158	-37.21215970680863	45.87525855249203	-55.76052938022443	99.20336483264923	46.19060324084392	60.43963509723528	-49.46391755982721	-63.84491662723342	-99.28717220581943	
62.97329806170705	46.85852110270055	18.31131384253399	-26.443008801672516	-42.45741015881315	-96.46665074226823	-63.69240762146383	-32.17838004080304	-60.92460379354744	-68.49205481131914	-5.615852509269975	19.422455301940204	-63.4613129924394	-74.92833458204899	-99.5970543369239	99.99996182508194	-61.12642982750936	41.22610774287377	-77.44165951898114	-6.520118410833763	-96.36350845202158	-37.21215970680863	45.87525855249203	-55.76052938022443	99.20336483264923	46.19060324084392	60.43963509723528	-49.46391755982721	-63.84491662723342	-99.28717220581943	
62.97329806170705	46.85852110270055	18.31131384253399	-26.443008801672516	-42.45741015881315	-96.46665074226823	-63.69240762146383	-32.17838004080304	-60.92460379354744	-68.49205481131914	-5.615852509269975	19.422455301940204	-63.4613129924394	-74.92833458204899	-99.5970543369239	99.99996182508194	-61.12642982750936	41.22610774287377	-77.44165951898114	-6.520118410833763	-96.36350845202158	-37.21215970680863	45.87525855249203	-55.76052938022443	99.20336483264923	46.19060324084392	60.43963509723528	-49.46391755982721	-63.84491662723342	-99.28717220581943	
62.97329806170705	46.85852110270055	18.31131384253399	-26.443008801672516	-42.45741015881315	-96.46665074226823	-63.69240762146383	-32.17838004080304	-60.92460379354744	-68.49205481131914	-5.615852509269975	19.422455301940204	-63.4613129924394	-74.92833458204899	-99.5970543369239	99.99996182508194	-61.12642982750936	41.22610774287377	-77.44165951898114	-6.520118410833763	-96.36350845202158	-37.21215970680863	45.87525855249203	-55.76052938022443	99.20336483264923	46.19060324084392	60.43963509723528	-49.46391755982721	-63.84491662723342	-99.28717220581943	
62.97329806170705	46.85852110270055	18.31131384253399	-26.443008801672516	-42.45741015881315	-96.46665074226823	-63.69240762146383	-32.17838004080304	-60.92460379354744	-68.49205481131914	-5.615852509269975	19.422455301940204	-63.4613129924394	-74.92833458204899	-99.5970543369239	99.99996182508194	-61.12642982750936	41.22610774287377	-77.44165951898114	-6.520118410833763	-96.36350845202158	-37.21215970680863	45.87525855249203	-55.76052938022443	99.20336483264923	46.19060324084392	60.43963509723528	-49.46391755982721	-63.84491662723342	-99.28717220581943	
62.97329806170705	46.85852110270055	18.31131384253399	-26.443008801672516	-42.45741015881315	-96.46665074226823	-63.69240762146383	-32.17838004080304	-60.92460379354744	-68.49205481131914	-5.615852509269975	19.422455301940204	-63.4613129924394	-74.92833458204899	-99.5970543369239	99.99996182508194	-61.12642982750936	41.22610774287377	-77.44165951898114	-6.520118410833763	-96.36350845202158	-37.21215970680863	45.87525855249203	-55.76052938022443	99.20336483264923	46.19060324084392	60.43963509723528	-49.46391755982721	-63.84491662723342	-99.28717220581943	
62.97329806170705	46.85852110270055	18.31131384253399	-26.443008801672516	-42.45741015881315	-96.46665074226823	-63.69240762146383	-32.17838004080304	-60.92460379354744	-68.49205481131914	-5.615852509269975	19.422455301940204	-63.4613129924394	-74.92833458204899	-99.5970543369239	99.99996182508194	-61.12642982750936	41.22610774287377	-77.44165951898114	-6.520118410833763	-96.36350845202158	-37.21215970680863	45.87525855249203	-55.76052938022443	99.20336483264923	46.19060324084392	60.43963509723528	-49.46391755982721	-63.84491662723342	-99.28717220581943	
62.97329806170705	46.85852110270055	18.31131384253399	-26.443008801672516	-42.45741015881315	-96.46665074226823	-63.69240762146383	-32.17838004080304	-60.92460379354744	-68.49205481131914	-5.615852509269975	19.422455301940204	-63.4613129924394	-74.92833458204899	-99.5970543369239	99.99996182508194	-61.12642982750936	41.22610774287377	-77.44165951898114	-6.520118410833763	-96.36350845202158	-37.21215970680863	45.87525855249203	-55.76052938022443	99.20336483264923	46.19060324084392	60.43963509723528	-49.46391755982721	-63.84491662723342	-99.28717220581943	
62.97329806170705	46.85852110270055	18.31131384253399	-26.443008801672516	-42.45741015881315	-96.46665074226823	-63.69240762146383	-32.17838004080304	-60.92460379354744	-68.49205481131914	-5.615852509269975	19.422455301940204	-63.4613129924394	-74.92833458204899	-99.5970543369239	99.99996182508194	-61.12642982750936	41.22610774287377	-77.44165951898114	-6.520118410833763	-96.36350845202158	-37.21215970680863	45.87525855249203	-55.76052938022443	99.20336483264923	46.19060324084392	60.43963509723528	-49.46391755982721	-63.84491662723342	-99.28717220581943	
62.97329806170705	46.85852110270055	18.31131384253399	-26.443008801672516	-42.45741015881315	-96.46665074226823	-63.69240762146383	-32.17838004080304	-60.92460379354744	-68.49205481131914	-5.615852509269975	19.422455301940204	-63.4613129924394	-74.92833458204899	-99.5970543369239	99.99996182508194	-61.12642982750936	41.22610774287377	-77.44165951898114	-6.520118410833763	-96.36350845202158	-37.21215970680863	45.87525855249203	-55.76052938022443	99.20336483264923	46.19060324084392	60.43963509723528	-49.46391755982721	-63.84491662723342	-99.28717220581943	
62.97329806170705	46.85852110270055	18.31131384253399	-26.443008801672516	-42.45741015881315	-96.46665074226823	-63.69240762146383	-32.17838004080304	-60.92460379354744	-68.49205481131914	-5.615852509269975	19.422455301940204	-63.4613129924394	-74.92833458204899	-99.5970543369239	99.99996182508194	-61.12642982750936	41.22610774287377	-77.44165951898114	-6.520118410833763	-96.36350845202158	-37.21215970680863	45.87525855249203	-55.76052938022443	99.20336483264923	46.19060324084392	60.43963509723528	-49.46391755982721	-63.84491662723342	-99.28717220581943	
62.97329806170705	46.85852110270055	18.31131384253399	-26.443008801672516	-42.45741015881315	-96.46665074226823	-63.69240762146383	-32.17838004080304	-60.92460379354744	-68.49205481131914	-5.615852509269975	19.422455301940204	-63.4613129924394	-74.92833458204899	-99.5970543369239	99.99996182508194	-61.12642982750936	41.22610774287377	-77.44165951898114	-6.520118410833763	-96.36350845202158	-37.21215970680863	45.87525855249203	-55.76052938022443	99.20336483264923	46.19060324084392	60.43963509723528	-49.46391755982721	-63.84491662723342	-99.28717220581943	
62.97329806170705	46.85852110270055	18.31131384253399	-26.443008801672516	-42.45741015881315	-96.46665074226823	-63.69240762146383	-32.17838004080304	-60.92460379354744	-68.49205481131914	-5.615852509269975	19.422455301940204	-63.4613129924394	-74.92833458204899	-99.5970543369239	99.99996182508194	-61.12642982750936	41.22610774287377	-77.44165951898114	-6.520118410833763	-96.36350845202158	-37.21215970680863	45.87525855249203	-55.76052938022443	99.20336483264923	46.19060324084392	60.43963509723528	-49.46391755982721	-63.84491662723342	-99.28717220581943	
62.97329806170705	46.85852110270055	18.31131384253399	-26.443008801672516	-42.45741015881315	-96.46665074226823	-63.69240762146383	-32.17838004080304	-60.92460379354744	-68.49205481131914	-5.615852509269975	19.422455301940204	-63.4613129924394	-74.92833458204899	-99.5970543369239	99.99996182508194	-61.12642982750936	41.22610774287377	-77.44165951898114	-6.520118410833763	-96.36350845202158	-37.21215970680863	45.87525855249203	-55.76052938022443	99.20336483264923	46.19060324084392	60.43963509723528	-49.46391755982721	-63.84491662723342	-99.28717220581943	
62.97329806170705	46.85852110270055	18.31131384253399	-26.443008801672516	-42.45741015881315	-96.46665074226823	-63.69240762146383	-32.17838004080304	-60.92460379354744	-68.49205481131914	-5.615852509269975	19.422455301940204	-63.4613129924394	-74.92833458204899	-99.5970543369239	99.99996182508194	-61.12642982750936	41.22610774287377	-77.44165951898114	-6.520118410833763	-96.36350845202158	-37.21215970680863	45.87525855249203	-55.76052938022443	99.20336483264923	46.19060324084392	60.43963509723528	-49.46391755982721	-63.84491662723342	-99.28717220581943	
62.97329806170705	46.85852110270055	18.31131384253399	-26.443008801672516	-42.45741015881315	-96.46665074226823	-63.69240762146383	-32.17838004080304	-60.92460379354744	-68.49205481131914	-5.615852509269975	19.422455301940204	-63.4613129924394	-74.92833458204899	-99.5970543369239	99.99996182508194	-61.12642982750936	41.22610774287377	-77.44165951898114	-6.520118410833763	-96.36350845202158	-37.21215970680863	45.87525855249203	-55.76052938022443	99.20336483264923	46.19060324084392	60.43963509723528	-49.46391755982721	-63.84491662723342	-99.28717220581943	
62.97329806170705	46.85852110270055	18.31131384253399	-26.443008801672516	-42.45741015881315	-96.46665074226823	-63.69240762146383	-32.17838004080304	-60.92460379354744	-68.49205481131914	-5.615852509269975	19.422455301940204	-63.4613129924394	-74.92833458204899	-99.5970543369239	99.99996182508194	-61.12642982750936	41.22610774287377	-77.44165951898114	-6.520118410833763	-96.36350845202158	-37.21215970680863	45.87525855249203	-55.76052938022443	99.20336483264923	46.19060324084392	60.43963509723528	-49.46391755982721	-63.84491662723342	-99.28717220581943	
