300	3858.1066994424677
651	3465.414030816415
986	3274.075507105669
1312	3222.6705849228138
1640	3182.626172079643
1969	3102.9149005829986
2290	3045.748581921275
2609	3045.748581921275
2928	3018.1830352376537
3247	3003.094937312657
3566	2994.173076270391
3885	2974.8569106090354
4203	2954.4803177618514
4514	2954.4803177618514
4826	2934.1639225220097
5136	2934.1639225220097
5448	2924.7021075957737
5759	2924.7021075957737
6076	2908.485207518846
6386	2908.485207518846
6694	2908.485207518846
7002	2908.485207518846
7311	2908.485207518846
7619	2908.485207518846
7930	2892.8527030689024
8239	2892.8527030689024
8551	2892.8527030689024
8858	2892.8527030689024
9167	2892.8527030689024
9475	2892.8527030689024
9781	2892.8527030689024
10090	2892.8527030689024
10398	2892.8527030689024
10704	2892.8527030689024
11014	2884.9505612132766
11324	2884.9505612132766
11636	2884.9505612132766
11946	2884.9505612132766
12259	2856.504084541827
12569	2856.504084541827
12878	2856.504084541827
13185	2856.504084541827
13493	2856.504084541827
13804	2856.504084541827
14113	2856.504084541827
14427	2856.504084541827
14734	2856.504084541827
15041	2856.504084541827
15354	2856.504084541827
15663	2856.504084541827
15975	2856.504084541827
16283	2856.504084541827
18697	2766.8397004808135
19846	2756.264820633989
21323	2756.2648196537384
21638	2756.2648196537384
21948	2756.2648196537384
22259	2756.2648196537384
22567	2756.2648196537384
22878	2756.2648196537384
23195	2756.2648196537384
23511	2756.2648196537384
23826	2756.2648196537384
24137	2756.2648196537384
24452	2756.2648196537384
24760	2756.2648196537384
25076	2756.2648196537384
25389	2756.2648196537384
25702	2756.2648196537384
26017	2756.2648196537384
26330	2756.2648196537384
26643	2756.2648196537384
26959	2756.2648196537384
27274	2756.2648196537384
27590	2756.2648196537384
27909	2756.2648196537384
28219	2756.2648196537384
28531	2756.2648196537384
28842	2756.2648196537384
29155	2756.2648196537384
29467	2756.2648196537384
32646	2756.2648196537384
32960	2756.2648196537384
33271	2756.2648196537384
33579	2756.2648196537384
33892	2756.2648196537384
34208	2756.2648196537384
34517	2756.2648196537384
34825	2756.2648196537384
35135	2756.2648196537384
35448	2756.2648196537384
38462	2723.3823042218187
42998	2723.3823042218187
43313	2723.3823042218187
43624	2723.3823042218187
43943	2723.3823042218187
44259	2723.3823042218187
44571	2723.3823042218187
44887	2723.3823042218187
45202	2723.3823042218187
45516	2723.3823042218187
45828	2723.3823042218187
46142	2723.3823042218187
46457	2723.3823042218187
46773	2723.3823042218187
47092	2723.3823042218187
47411	2723.3823042218187
47727	2723.3823042218187
48049	2723.3823042218187
48364	2723.3823042218187
48680	2723.3823042218187
53462	2722.8036252998413
56908	2722.8036252998413
57225	2722.8036252998413
57536	2722.8036252998413
57852	2722.8036252998413
58166	2722.8036252998413
58478	2722.8036252998413
58794	2722.8036252998413
59107	2722.8036252998413
59423	2722.8036252998413
62875	2722.6019821011228
63185	2722.6019821011228
63503	2722.6019821011228
63820	2722.6019821011228
64136	2722.6019821011228
64453	2722.6019821011228
64774	2722.6019821011228
69053	2722.369470954629
72808	2722.347902037366
77064	2720.968725450757
78655	2720.9687252062326
78981	2720.9687252062326
79302	2720.9687252062326
79621	2720.9687252062326
79940	2720.9687252062326
80258	2720.9687252062326
80571	2720.9687252062326
80891	2720.9687252062326
81210	2720.9687252062326
81528	2720.9687252062326
81847	2720.9687252062326
82166	2720.9687252062326
82479	2720.9687252062326
82801	2720.9687252062326
83116	2720.9687252062326
83438	2720.9687252062326
83758	2720.9687252062326
84076	2720.9687252062326
84393	2720.9687252062326
84717	2720.9687252062326
87580	2720.9687252062326
87903	2720.9687252062326
88228	2720.9687252062326
88549	2720.9687252062326
88871	2720.9687252062326
89197	2720.9687252062326
89517	2720.9687252062326
89832	2720.9687252062326
90162	2720.9687252062326
90486	2720.9687252062326
90805	2720.9687252062326
91127	2720.9687252062326
91453	2720.9687252062326
91773	2720.9687252062326
92097	2720.9687252062326
92416	2720.9687252062326
92738	2720.9687252062326
93053	2720.9687252062326
93371	2720.9687252062326
93689	2720.9687252062326
97985	2720.9687252062326
98307	2720.9687252062326
98630	2720.9687252062326
98944	2720.9687252062326
99262	2720.9687252062326
99585	2720.9687252062326
99900	2720.9687252062326
100219	2720.9687252062326
100540	2720.9687252062326
100858	2720.9687252062326
101177	2720.9687252062326
101497	2720.9687252062326
101817	2720.9687252062326
102138	2720.9687252062326
102462	2720.9687252062326
102789	2720.9687252062326
103116	2720.9687252062326
103435	2720.9687252062326
103756	2720.9687252062326
104075	2720.9687252062326
105419	2720.9687252062326
105739	2720.9687252062326
106055	2720.9687252062326
106374	2720.9687252062326
106698	2720.9687252062326
107018	2720.9687252062326
107339	2720.9687252062326
107657	2720.9687252062326
107977	2720.9687252062326
108300	2720.9687252062326
108623	2720.9687252062326
108944	2720.9687252062326
109259	2720.9687252062326
109576	2720.9687252062326
109898	2720.9687252062326
110213	2720.9687252062326
110535	2720.9687252062326
110855	2720.9687252062326
111169	2720.9687252062326
111495	2720.9687252062326
112434	2705.0748671372917
115675	2705.0748670096855
115997	2705.0748670096855
116328	2705.0748670096855
116650	2705.0748670096855
116964	2705.0748670096855
117288	2705.0748670096855
117609	2705.0748670096855
117931	2705.0748670096855
118245	2705.0748670096855
118560	2705.0748670096855
118881	2705.0748670096855
119202	2705.0748670096855
119521	2705.0748670096855
119841	2705.0748670096855
120155	2705.0748670096855
120474	2705.0748670096855
120797	2705.0748670096855
121116	2705.0748670096855
121435	2705.0748670096855
122435	2703.9287143727424
124328	2703.928712537108
124645	2703.928712537108
124968	2703.928712537108
125288	2703.928712537108
125610	2703.928712537108
125931	2703.928712537108
126244	2703.928712537108
126563	2703.928712537108
126880	2703.928712537108
127196	2703.928712537108
127522	2703.928712537108
127842	2703.928712537108
128159	2703.928712537108
128482	2703.928712537108
128793	2703.928712537108
129104	2703.928712537108
129424	2703.928712537108
129744	2703.928712537108
130055	2703.928712537108
131461	2703.928712537108
131781	2703.928712537108
132097	2703.928712537108
132418	2703.928712537108
132740	2703.928712537108
133060	2703.928712537108
133374	2703.928712537108
133689	2703.928712537108
134007	2703.928712537108
134329	2703.928712537108
134652	2703.928712537108
134974	2703.928712537108
135299	2703.928712537108
135618	2703.928712537108
135934	2703.928712537108
136249	2703.928712537108
136564	2703.928712537108
136885	2703.928712537108
137201	2703.928712537108
137518	2703.928712537108
139159	2703.928712537108
139479	2703.928712537108
139802	2703.928712537108
140119	2703.928712537108
140437	2703.928712537108
140757	2703.928712537108
141083	2703.928712537108
141401	2703.928712537108
141719	2703.928712537108
142032	2703.928712537108
142353	2703.928712537108
142675	2703.928712537108
142998	2703.928712537108
143321	2703.928712537108
143642	2703.928712537108
143960	2703.928712537108
144283	2703.928712537108
144602	2703.928712537108
144922	2703.928712537108
145239	2703.928712537108
146827	2703.928712537108
147149	2703.928712537108
147470	2703.928712537108
147789	2703.928712537108
148106	2703.928712537108
148422	2703.928712537108
148743	2703.928712537108
149065	2703.928712537108
149385	2703.928712537108
149707	2703.928712537108
150030	2703.928712537108
150351	2703.928712537108
150674	2703.928712537108
150999	2703.928712537108
151334	2703.928712537108
151660	2703.928712537108
151985	2703.928712537108
152308	2703.928712537108
152633	2703.928712537108
152959	2703.928712537108
155672	2703.928712537108
156003	2703.928712537108
156326	2703.928712537108
156649	2703.928712537108
156972	2703.928712537108
157290	2703.928712537108
157612	2703.928712537108
157938	2703.928712537108
158262	2703.928712537108
158582	2703.928712537108
158904	2703.928712537108
159227	2703.928712537108
159555	2703.928712537108
159877	2703.928712537108
160203	2703.928712537108
160522	2703.928712537108
160846	2703.928712537108
161171	2703.928712537108
161499	2703.928712537108
161832	2703.928712537108
164152	2703.928712537108
164473	2703.928712537108
164799	2703.928712537108
165120	2703.928712537108
165444	2703.928712537108
165770	2703.928712537108
166088	2703.928712537108
166410	2703.928712537108
166728	2703.928712537108
167047	2703.928712537108
170735	2703.928712537108
171053	2703.928712537108
171372	2703.928712537108
171689	2703.928712537108
172010	2703.928712537108
172329	2703.928712537108
172653	2703.928712537108
172975	2703.928712537108
173294	2703.928712537108
173611	2703.928712537108
173927	2703.928712537108
174247	2703.928712537108
174563	2703.928712537108
174878	2703.928712537108
175191	2703.928712537108
175507	2703.928712537108
175828	2703.928712537108
176157	2703.928712537108
176476	2703.928712537108
176795	2703.928712537108
178134	2702.82975358317
179580	2702.829753196792
179900	2702.829753196792
180217	2702.829753196792
180533	2702.829753196792
180849	2702.829753196792
181165	2702.829753196792
181478	2702.829753196792
181796	2702.829753196792
182111	2702.829753196792
182424	2702.829753196792
182740	2702.829753196792
183057	2702.829753196792
183371	2702.829753196792
183688	2702.829753196792
183999	2702.829753196792
184314	2702.829753196792
184629	2702.829753196792
184940	2702.829753196792
185255	2702.829753196792
189445	2698.638390038079
191787	2698.638390038079
192102	2698.638390038079
192420	2698.638390038079
192739	2698.638390038079
193060	2698.638390038079
193373	2698.638390038079
193687	2698.638390038079
194009	2698.638390038079
194327	2698.638390038079
194647	2698.638390038079
194965	2698.638390038079
195286	2698.638390038079
195595	2698.638390038079
195916	2698.638390038079
196229	2698.638390038079
196542	2698.638390038079
196857	2698.638390038079
197179	2698.638390038079
197496	2698.638390038079
200765	2698.638390038079
201081	2698.638390038079
201398	2698.638390038079
201713	2698.638390038079
202031	2698.638390038079
202343	2698.638390038079
202656	2698.638390038079
202971	2698.638390038079
203289	2698.638390038079
203607	2698.638390038079
203922	2698.638390038079
204241	2698.638390038079
204558	2698.638390038079
204878	2698.638390038079
205194	2698.638390038079
205513	2698.638390038079
205836	2698.638390038079
206156	2698.638390038079
206480	2698.638390038079
206793	2698.638390038079
208181	2698.638390038079
208496	2698.638390038079
208809	2698.638390038079
209129	2698.638390038079
209446	2698.638390038079
209760	2698.638390038079
210079	2698.638390038079
210399	2698.638390038079
210719	2698.638390038079
211039	2698.638390038079
211356	2698.638390038079
211678	2698.638390038079
211997	2698.638390038079
212315	2698.638390038079
212633	2698.638390038079
212954	2698.638390038079
213277	2698.638390038079
213591	2698.638390038079
213907	2698.638390038079
214224	2698.638390038079
215606	2698.638390038079
215923	2698.638390038079
216246	2698.638390038079
216562	2698.638390038079
216879	2698.638390038079
217201	2698.638390038079
217525	2698.638390038079
219180	2697.6400028792145
220496	2697.6400025471607
220819	2697.6400025471607
221137	2697.6400025471607
221452	2697.6400025471607
221767	2697.6400025471607
222083	2697.6400025471607
222401	2697.6400025471607
222721	2697.6400025471607
223037	2697.6400025471607
223350	2697.6400025471607
223666	2697.6400025471607
223983	2697.6400025471607
224298	2697.6400025471607
224612	2697.6400025471607
224931	2697.6400025471607
225247	2697.6400025471607
225568	2697.6400025471607
225893	2697.6400025471607
226214	2697.6400025471607
226530	2697.6400025471607
226844	2697.6400025471607
227160	2697.6400025471607
228285	2695.7408633377972
229649	2695.7408629961888
229963	2695.7408629961888
230282	2695.7408629961888
230600	2695.7408629961888
230917	2695.7408629961888
231234	2695.7408629961888
231551	2695.7408629961888
231862	2695.7408629961888
232178	2695.7408629961888
232488	2695.7408629961888
232807	2695.7408629961888
233128	2695.7408629961888
233448	2695.7408629961888
233770	2695.7408629961888
234091	2695.7408629961888
234404	2695.7408629961888
234722	2695.7408629961888
235037	2695.7408629961888
235351	2695.7408629961888
236455	2695.7408629961888
236770	2695.7408629961888
237088	2695.7408629961888
237403	2695.7408629961888
237722	2695.7408629961888
238034	2695.7408629961888
238346	2695.7408629961888
238671	2695.7408629961888
238994	2695.7408629961888
239309	2695.7408629961888
239630	2695.7408629961888
239946	2695.7408629961888
240265	2695.7408629961888
240587	2695.7408629961888
240903	2695.7408629961888
241221	2695.7408629961888
241539	2695.7408629961888
241850	2695.7408629961888
242161	2695.7408629961888
242478	2695.7408629961888
245859	2695.7408629961888
246184	2695.7408629961888
246503	2695.7408629961888
246820	2695.7408629961888
247140	2695.7408629961888
247460	2695.7408629961888
247777	2695.7408629961888
248097	2695.7408629961888
248416	2695.7408629961888
248730	2695.7408629961888
249049	2695.7408629961888
249367	2695.7408629961888
249684	2695.7408629961888
250001	2695.7408629961888
250320	2695.7408629961888
250635	2695.7408629961888
250954	2695.7408629961888
251274	2695.7408629961888
251592	2695.7408629961888
251915	2695.7408629961888
252762	2695.471256494252
253638	2693.5290807848037
255003	2693.52907983678
255325	2693.52907983678
255645	2693.52907983678
255968	2693.52907983678
256287	2693.52907983678
256607	2693.52907983678
256927	2693.52907983678
257247	2693.52907983678
257571	2693.52907983678
257891	2693.52907983678
258213	2693.52907983678
258535	2693.52907983678
258850	2693.52907983678
259166	2693.52907983678
259485	2693.52907983678
259806	2693.52907983678
260127	2693.52907983678
260446	2693.52907983678
260767	2693.52907983678
261091	2693.52907983678
261409	2693.52907983678
261733	2693.52907983678
262053	2693.52907983678
262373	2693.52907983678
262700	2693.52907983678
263023	2693.52907983678
263338	2693.52907983678
263659	2693.52907983678
265039	2693.52907983678
265363	2693.52907983678
265684	2693.52907983678
266005	2693.52907983678
266324	2693.52907983678
266639	2693.52907983678
266960	2693.52907983678
267282	2693.52907983678
267602	2693.52907983678
267920	2693.52907983678
269435	2693.52907983678
269761	2693.52907983678
270077	2693.52907983678
270391	2693.52907983678
270712	2693.52907983678
271034	2693.52907983678
271356	2693.52907983678
271679	2693.52907983678
271991	2693.52907983678
272314	2693.52907983678
272631	2693.52907983678
272950	2693.52907983678
273268	2693.52907983678
273585	2693.52907983678
273904	2693.52907983678
274220	2693.52907983678
274545	2693.52907983678
274866	2693.52907983678
275185	2693.52907983678
275517	2693.52907983678
277850	2692.231927984705
279380	2690.5824511809774
280505	2690.052208855441
281923	2690.052208738828
282244	2690.052208738828
282564	2690.052208738828
282881	2690.052208738828
283200	2690.052208738828
283520	2690.052208738828
283838	2690.052208738828
284155	2690.052208738828
284473	2690.052208738828
284793	2690.052208738828
285114	2690.052208738828
285430	2690.052208738828
285749	2690.052208738828
286067	2690.052208738828
286384	2690.052208738828
286698	2690.052208738828
287015	2690.052208738828
287337	2690.052208738828
287653	2690.052208738828
287969	2690.052208738828
288289	2690.052208738828
288608	2690.052208738828
288929	2690.052208738828
289246	2690.052208738828
289568	2690.052208738828
289888	2690.052208738828
290208	2690.052208738828
291906	2690.052208738828
292230	2690.052208738828
292549	2690.052208738828
292865	2690.052208738828
293185	2690.052208738828
293511	2690.052208738828
293828	2690.052208738828
294152	2690.052208738828
294476	2690.052208738828
294793	2690.052208738828
296272	2690.052208738828
296590	2690.052208738828
296914	2690.052208738828
297231	2690.052208738828
297551	2690.052208738828
297868	2690.052208738828
298186	2690.052208738828
298514	2690.052208738828
298834	2690.052208738828
299155	2690.052208738828
299475	2690.052208738828
299793	2690.052208738828
300116	2690.052208738828
