300	26843.295003466497
3990	2028.6412795481463
13117	1131.9361899513854
13763	1131.9297590453123
14410	1131.9276791093
15054	1131.9269184218872
15701	1131.9264116282468
16351	1131.9259793830488
16995	1131.92558234827
17647	1131.9252051408303
18295	1131.9248401714708
18940	1131.9244834154365
19593	1131.9241326561837
20243	1131.9237866099133
20891	1131.9234444768335
21546	1131.9231057128104
22203	1131.922769916094
22858	1131.9224367726317
23511	1131.9221060298325
24162	1131.9217774832077
24815	1131.9214509682897
25464	1131.921126354487
26115	1131.920803539598
26771	1131.9204824447029
27427	1131.9201630094717
28075	1131.9198451880195
28725	1131.9195289453937
29375	1131.9192142547083
30022	1131.918901094893
30670	1131.9185894489763
31321	1131.918279302818
31970	1131.9179706442003
32616	1131.9176634621865
33264	1131.917357746687
33913	1131.9170534881712
34558	1131.9167506774716
35208	1131.9164493056694
35857	1131.916149364017
36506	1131.915850843891
37151	1131.9155537367665
37796	1131.915258034201
38441	1131.9149637278235
39087	1131.914670809329
39732	1131.9143792704797
40377	1131.9140891030968
41024	1131.9138002990628
41669	1131.9135128503185
42312	1131.9132267488658
42958	1131.9129419867622
43602	1131.9126585561244
44241	1131.9123764491264
44882	1131.9120956579973
45520	1131.9118161750241
46164	1131.9115379925472
46805	1131.9112611029655
47446	1131.9109854987319
48089	1131.910711172352
48729	1131.9104381163881
49371	1131.9101663234549
50011	1131.9098957862209
50652	1131.9096264974078
51296	1131.9093584497896
51934	1131.9090916361922
52574	1131.9088260494937
53219	1131.9085616826233
53868	1131.9082985285618
54509	1131.9080365803395
55148	1131.9077758310373
55793	1131.9075162737843
56434	1131.9072579017607
57078	1131.9070007081941
57729	1131.906744686361
58372	1131.9064898295862
59014	1131.9062361312406
59662	1131.9059835847436
60303	1131.9057321835605
60949	1131.905481921202
61601	1131.9052327912266
62248	1131.9049847872377
62899	1131.9047379028812
63541	1131.9044921318514
64183	1131.9042474678845
64828	1131.9040039047622
65473	1131.9037614363085
66116	1131.9035200563906
66759	1131.9032797589186
67402	1131.9030405378458
68047	1131.902802387167
68695	1131.9025653009178
69339	1131.9023292731765
69993	1131.9020942980628
70642	1131.9018603697357
71292	1131.9016274823944
71945	1131.9013956302792
72587	1131.9011648076698
73234	1131.9009350088847
73887	1131.900706228281
74538	1131.9004784602555
75190	1131.900251699243
75841	1131.9000259397167
76492	1131.8998011761862
77140	1131.8995774032
77795	1131.8993546153426
78444	1131.899132807236
79086	1131.8989119735375
79735	1131.898692108942
80377	1131.8984732081794
81030	1131.8982552660152
81681	1131.8980382772504
82323	1131.8978222367214
82972	1131.8976071392992
83625	1131.897392979887
84280	1131.897179753426
84932	1131.8969674548885
85594	1131.896756079281
86253	1131.896545621644
86920	1131.8963360770501
87574	1131.896127440605
88224	1131.8959197074475
88882	1131.895712872747
89539	1131.8955069317074
90194	1131.895301879562
90855	1131.895097711577
91515	1131.8948944230492
92179	1131.894692009306
92835	1131.8944904657062
93500	1131.8942897876393
94163	1131.894089970525
94818	1131.8938910098107
95473	1131.8936929009772
96143	1131.893495639532
96795	1131.8932992210143
97451	1131.8931036409895
98105	1131.8929088950545
98769	1131.892714978833
99431	1131.8925218879783
100087	1131.8923296181702
100743	1131.8921381688897
101399	1131.8919474275572
102054	1131.8917574673926
102712	1131.891568302076
103380	1131.8913799352413
104037	1131.8911923640117
104705	1131.8910055847632
105364	1131.8908195936137
106030	1131.890634386594
106701	1131.8904499597068
107368	1131.890266308951
108030	1131.8900834303386
108696	1131.8899013198993
109357	1131.889719973684
110027	1131.8895393877667
110693	1131.8893595582467
111362	1131.8891804812454
112018	1131.8890021529094
112685	1131.8888245694104
113349	1131.8886477269423
114017	1131.8884716217242
114684	1131.8882962447337
115347	1131.8881216119935
116004	1131.8879477126281
116671	1131.8877745382927
117332	1131.8876020833281
117997	1131.8874303434989
118663	1131.8872593150497
119327	1131.887088994357
119993	1131.8869193778464
120652	1131.8867506060617
121315	1131.886582554098
121973	1131.8864151842165
122640	1131.886248502391
123303	1131.8860825059471
123963	1131.8859171916718
124627	1131.8857525562216
125295	1131.885588596229
125964	1131.8854253083268
126626	1131.8852626891646
127293	1131.8851007354097
127960	1131.8849394437489
128629	1131.8847788108883
129288	1131.8846188335565
129959	1131.8844595085009
130638	1131.8843008324889
131300	1131.8841428023065
131962	1131.8839854147625
132630	1131.8838286666814
133299	1131.883672554909
133958	1131.8835170763098
134622	1131.8833622277677
135286	1131.8832080061836
135951	1131.8830544084794
136613	1131.8829014315936
137280	1131.8827490724843
137941	1131.8825973272162
138608	1131.8824461917143
139275	1131.8822956635215
139933	1131.8821457397594
140597	1131.8819964175248
141264	1131.8818476939084
141933	1131.8816995660118
142596	1131.8815520309502
143253	1131.8814050858555
143919	1131.881258727876
144585	1131.8811129541775
145244	1131.8809677619413
145913	1131.880823148366
146577	1131.880679110667
147243	1131.8805356460748
147910	1131.8803927518375
148570	1131.8802504252178
149239	1131.8801086634962
149898	1131.8799674639683
150570	1131.8798268239455
151241	1131.8796867407546
151908	1131.8795472117383
152572	1131.8794082342545
153235	1131.8792698056775
153908	1131.8791319233953
154576	1131.8789945848125
155239	1131.8788577873477
155911	1131.8787215284344
156586	1131.878585805522
157254	1131.8784506160737
157925	1131.8783159575676
158586	1131.8781818274958
159252	1131.8780482233656
159919	1131.877915142699
160576	1131.8777825830305
161240	1131.87765054191
161907	1131.8775190169022
162572	1131.8773880055837
163231	1131.8772575055464
163906	1131.8771275143954
164574	1131.8769980297495
165243	1131.8768690492407
165906	1131.8767407365588
166562	1131.876612865928
167226	1131.8764854849328
167891	1131.876358594737
168550	1131.876232195377
169219	1131.8761062852725
169885	1131.8759808623972
170547	1131.875855924578
171214	1131.8757314696024
171877	1131.875607495249
172546	1131.8754839993023
173217	1131.875360979557
173885	1131.8752384338168
174551	1131.8751163598988
175215	1131.8749947556305
175872	1131.8748736188531
176534	1131.8747529474188
177202	1131.8746327391914
177862	1131.874512992047
178528	1131.8743937038735
179186	1131.8742748725708
179850	1131.87415649605
180512	1131.874038572234
181181	1131.8739210990568
181847	1131.8738040744645
182511	1131.8736874964143
183171	1131.873571362874
183835	1131.8734556718234
184502	1131.8733404212535
185177	1131.8732256091655
185845	1131.873111233572
186516	1131.8729972924966
187185	1131.872883783974
187853	1131.872770706049
188527	1131.8726580567782
189197	1131.872545834227
189867	1131.872434036473
190530	1131.8723226616028
191202	1131.872211707715
191871	1131.8721011729176
192540	1131.8719910553289
193204	1131.871881353078
193873	1131.8717720643033
194539	1131.871663187154
195195	1131.8715547197885
195866	1131.8714466603758
196530	1131.8713390070948
197194	1131.8712317581337
197868	1131.8711249116902
198546	1131.8710184659735
199208	1131.8709124191998
199884	1131.8708067695973
200554	1131.8707015154018
201213	1131.8705966548605
201876	1131.8704921862277
202531	1131.8703881077683
203197	1131.8702844177567
203864	1131.8701811144756
204535	1131.870078196218
205214	1131.8699756612843
205882	1131.869873507985
206551	1131.8697717346402
207225	1131.869670339578
207889	1131.8695693211357
208556	1131.8694686776585
209217	1131.8693684075022
209881	1131.8692685090298
210539	1131.869168980613
211208	1131.8690698206328
211867	1131.8689710274773
212539	1131.868872599545
213204	1131.8687745352415
213868	1131.868676832982
214537	1131.8685794911878
215205	1131.86848250829
215873	1131.8683858827285
216540	1131.8682896129505
217196	1131.8681936974108
217862	1131.868098134573
218520	1131.868002922908
219190	1131.8679080608974
219855	1131.867813547025
220517	1131.8677193797876
221180	1131.8676255576875
221851	1131.8675320792368
222514	1131.8674389429543
223182	1131.8673461473556
223845	1131.867253801797
224511	1131.8671617581456
225189	1131.867070047344
225861	1131.8669786702062
226528	1131.8668876267805
227199	1131.8667969160751
227864	1131.866706536811
228540	1131.8666164876183
229202	1131.8665267670926
229873	1131.8664373738295
230536	1131.866348306424
231208	1131.8662595634803
231875	1131.8661711436034
232541	1131.8660830454107
233208	1131.8659951317359
233878	1131.8659075839253
234551	1131.8658203598159
235212	1131.8657334551344
235868	1131.8656468666395
236532	1131.8655605924125
237193	1131.8654746309142
237855	1131.8653889807413
238522	1131.8653036405412
239188	1131.8652186089835
239849	1131.8651338847528
240506	1131.8650494665405
241169	1131.864965353047
241822	1131.8648815429808
242487	1131.8647980350556
243149	1131.8647148279922
243815	1131.8646319205181
244486	1131.8645493113677
245152	1131.864466999281
245816	1131.8643849830046
246474	1131.864303261292
247132	1131.864221832902
247796	1131.8641406966012
248463	1131.8640598511602
249121	1131.863979295358
249787	1131.8638990279783
250456	1131.863819047811
251121	1131.8637393536524
251790	1131.8636599443055
252453	1131.863580818578
253119	1131.8635019752837
253793	1131.8634234132435
254466	1131.8633451312833
255130	1131.8632671282353
255798	1131.8631894029365
256472	1131.8631119542306
257139	1131.863034780967
257811	1131.8629578820007
258474	1131.862881256192
259137	1131.8628049024069
259803	1131.8627288195178
260468	1131.8626530064016
261132	1131.8625774619418
261803	1131.8625021850266
262464	1131.8624271745502
263124	1131.862352429412
263795	1131.8622779485163
264457	1131.8622037307734
265127	1131.8621297750994
265795	1131.8620560804152
266467	1131.8619826456463
267133	1131.8619094697247
267802	1131.8618365515865
268470	1131.8617638901737
269138	1131.8616914844333
269793	1131.8616193333175
270458	1131.861547435784
271125	1131.8614757907942
271799	1131.8614043973162
272469	1131.861333254322
273133	1131.8612623607892
273798	1131.8611917157004
274464	1131.861121318042
275127	1131.8610511668069
275792	1131.8609812609918
276459	1131.8609115995985
277136	1131.8608421816339
277803	1131.8607730061092
278474	1131.8607040720412
279145	1131.8606353784505
279813	1131.860566924363
280480	1131.860498708809
281162	1131.8604307308233
281833	1131.860362989446
282500	1131.8602954837208
283170	1131.8602282126976
283843	1131.8601611754286
284516	1131.8600943709723
285185	1131.8600277983908
285853	1131.8599614567515
286513	1131.859895345125
287179	1131.8598294625879
287846	1131.8597638082197
288507	1131.8596983811055
289179	1131.8596331803335
289854	1131.8595682049975
290523	1131.8595034541945
291191	1131.8594389270265
291854	1131.8593746225997
292520	1131.8593105400244
293180	1131.8592466784144
293847	1131.8591830368885
294509	1131.8591196145699
295179	1131.8590564105853
295839	1131.8589934240658
296499	1131.8589306541464
297167	1131.8588680999667
297832	1131.8588057606692
298498	1131.8587436354017
299160	1131.858681723315
299831	1131.8586200235645
300492	1131.8585585353096
