300	20423.50871834861
632	20423.50871834861
952	13329.994043617922
1276	12456.209921525806
1599	9820.290133665334
1920	9820.290133665334
2241	7559.363617585927
2560	6970.1792993595345
2881	6606.445773168664
3206	4386.215254131336
3529	4386.215254131336
3850	3598.7919437215114
4175	2932.161564353123
4498	2932.161564353123
4823	2809.451070123773
5149	2079.7652756109887
5478	2015.4125535881599
5805	2015.4125535881599
6138	1974.924107872769
6466	1795.3766107456308
6793	1635.9344654141314
7117	1499.4853030632312
7445	1446.0505704902248
7773	1446.0505704902248
8098	1419.242813609746
8418	1419.242813609746
8741	1394.6715577663886
9061	1364.506686363532
9385	1349.6554734731578
9704	1319.4845525304047
10021	1286.222070105624
10338	1286.222070105624
10658	1286.222070105624
10969	1286.222070105624
11286	1273.7927737930365
11601	1273.7927737930365
11916	1273.7927737930365
12226	1273.7927737930365
12538	1273.3642055793935
12851	1268.8115373209519
13160	1265.3094752338895
22733	1123.8790030099753
23046	1123.8790030099753
23360	1123.8790030099753
23674	1123.8790030099753
23989	1123.8790030099753
24300	1123.8790030099753
24614	1123.8790030099753
24927	1123.8790030099753
25242	1123.8790030099753
25556	1123.8790030099753
25868	1123.8790030099753
26181	1123.8790030099753
26496	1123.8790030099753
26809	1123.8790030099753
27122	1123.8790030099753
27436	1123.8790030099753
27749	1123.8790030099753
28060	1123.8790030099753
28372	1123.8790030099753
28690	1123.8790030099753
32293	1118.9042073097023
36138	1118.9042072952345
36450	1118.9042072952345
36762	1118.9042072952345
37077	1118.9042072952345
37391	1118.9042072952345
37713	1118.9042072952345
38025	1118.9042072952345
38337	1118.9042072952345
38649	1118.9042072952345
38961	1118.9042072952345
39272	1118.9042072952345
39587	1118.9042072952345
39900	1118.9042072952345
40212	1118.9042072952345
40525	1118.9042072952345
40833	1118.9042072952345
41142	1118.9042072952345
41457	1118.9042072952345
41776	1118.9042072952345
46072	1118.9042072952345
46389	1118.9042072952345
46708	1118.9042072952345
47025	1118.9042072952345
47343	1118.9042072952345
47660	1118.9042072952345
47981	1118.9042072952345
48301	1118.9042072952345
48623	1118.9042072952345
48944	1118.9042072952345
49260	1118.9042072952345
49579	1118.9042072952345
49898	1118.9042072952345
50212	1118.9042072952345
50535	1118.9042072952345
50857	1118.9042072952345
51183	1118.9042072952345
51500	1118.9042072952345
51820	1118.9042072952345
52139	1118.9042072952345
55307	1118.9042072952345
55633	1118.9042072952345
55952	1118.9042072952345
56271	1118.9042072952345
56586	1118.9042072952345
56906	1118.9042072952345
57222	1118.9042072952345
57545	1118.9042072952345
57866	1118.9042072952345
58185	1118.9042072952345
58504	1118.9042072952345
58833	1118.9042072952345
59149	1118.9042072952345
59469	1118.9042072952345
59797	1118.9042072952345
60121	1118.9042072952345
60444	1118.9042072952345
60769	1118.9042072952345
61096	1118.9042072952345
61416	1118.9042072952345
63250	1118.9042072952345
63573	1118.9042072952345
63898	1118.9042072952345
64222	1118.9042072952345
64549	1118.9042072952345
64872	1118.9042072952345
65199	1118.9042072952345
65524	1118.9042072952345
65849	1118.9042072952345
66173	1118.9042072952345
66504	1118.9042072952345
66838	1118.9042072952345
67161	1118.9042072952345
67493	1118.9042072952345
67822	1118.9042072952345
68152	1118.9042072952345
68478	1118.9042072952345
68810	1118.9042072952345
69139	1118.9042072952345
69468	1118.9042072952345
73265	1118.9042072952345
73596	1118.9042072952345
73922	1118.9042072952345
74250	1118.9042072952345
74577	1118.9042072952345
74909	1118.9042072952345
75240	1118.9042072952345
75568	1118.9042072952345
75896	1118.9042072952345
76229	1118.9042072952345
76564	1118.9042072952345
76885	1118.9042072952345
77207	1118.9042072952345
77538	1118.9042072952345
77866	1118.9042072952345
78192	1118.9042072952345
78521	1118.9042072952345
78861	1118.9042072952345
79192	1118.9042072952345
79523	1118.9042072952345
80843	1115.9263579863389
82480	1115.9263573162366
82811	1115.9263573162366
83136	1115.9263573162366
83463	1115.9263573162366
83793	1115.9263573162366
84127	1115.9263573162366
84462	1115.9263573162366
84793	1115.9263573162366
85124	1115.9263573162366
85457	1115.9263573162366
85795	1115.9263573162366
86125	1115.9263573162366
86455	1115.9263573162366
86785	1115.9263573162366
87120	1115.9263573162366
87447	1115.9263573162366
87777	1115.9263573162366
88105	1115.9263573162366
88433	1115.9263573162366
89940	1115.9263573162366
90265	1115.9263573162366
90596	1115.9263573162366
90922	1115.9263573162366
91251	1115.9263573162366
91579	1115.9263573162366
91906	1115.9263573162366
92240	1115.9263573162366
92565	1115.9263573162366
92892	1115.9263573162366
93220	1115.9263573162366
93556	1115.9263573162366
93885	1115.9263573162366
94210	1115.9263573162366
94533	1115.9263573162366
94859	1115.9263573162366
95183	1115.9263573162366
95510	1115.9263573162366
95838	1115.9263573162366
96172	1115.9263573162366
117604	1115.9263573162366
117929	1115.9263573162366
118254	1115.9263573162366
118581	1115.9263573162366
118913	1115.9263573162366
119238	1115.9263573162366
119565	1115.9263573162366
119889	1115.9263573162366
120213	1115.9263573162366
120538	1115.9263573162366
120861	1115.9263573162366
121189	1115.9263573162366
121521	1115.9263573162366
121850	1115.9263573162366
122173	1115.9263573162366
122497	1115.9263573162366
122822	1115.9263573162366
123152	1115.9263573162366
123478	1115.9263573162366
123809	1115.9263573162366
125746	1115.919337023099
128356	1115.9193365162623
128693	1115.9193365162623
129013	1115.9193365162623
129339	1115.9193365162623
129674	1115.9193365162623
130003	1115.9193365162623
130329	1115.9193365162623
130664	1115.9193365162623
130993	1115.9193365162623
131324	1115.9193365162623
131648	1115.9193365162623
131976	1115.9193365162623
132312	1115.9193365162623
132637	1115.9193365162623
132964	1115.9193365162623
133299	1115.9193365162623
133629	1115.9193365162623
133958	1115.9193365162623
134286	1115.9193365162623
138367	1115.9193365162623
138692	1115.9193365162623
139019	1115.9193365162623
139352	1115.9193365162623
139687	1115.9193365162623
140014	1115.9193365162623
140342	1115.9193365162623
140673	1115.9193365162623
140999	1115.9193365162623
141324	1115.9193365162623
141650	1115.9193365162623
141980	1115.9193365162623
142310	1115.9193365162623
142634	1115.9193365162623
142960	1115.9193365162623
143288	1115.9193365162623
143619	1115.9193365162623
143946	1115.9193365162623
144274	1115.9193365162623
144602	1115.9193365162623
146712	1115.9193365162623
147037	1115.9193365162623
147360	1115.9193365162623
147688	1115.9193365162623
148014	1115.9193365162623
148345	1115.9193365162623
148674	1115.9193365162623
148999	1115.9193365162623
149327	1115.9193365162623
149661	1115.9193365162623
149985	1115.9193365162623
150316	1115.9193365162623
150647	1115.9193365162623
150980	1115.9193365162623
151307	1115.9193365162623
151633	1115.9193365162623
151970	1115.9193365162623
152298	1115.9193365162623
152633	1115.9193365162623
152964	1115.9193365162623
155999	1114.9243764965229
159745	1114.9243764633459
160082	1114.9243764633459
160423	1114.9243764633459
160758	1114.9243764633459
161091	1114.9243764633459
161418	1114.9243764633459
161746	1114.9243764633459
162082	1114.9243764633459
162414	1114.9243764633459
162745	1114.9243764633459
163073	1114.9243764633459
163400	1114.9243764633459
163731	1114.9243764633459
164064	1114.9243764633459
164394	1114.9243764633459
164728	1114.9243764633459
165056	1114.9243764633459
165379	1114.9243764633459
165705	1114.9243764633459
170229	1114.9243764633459
170555	1114.9243764633459
170887	1114.9243764633459
171212	1114.9243764633459
171537	1114.9243764633459
171858	1114.9243764633459
172184	1114.9243764633459
172508	1114.9243764633459
172837	1114.9243764633459
173167	1114.9243764633459
173500	1114.9243764633459
173836	1114.9243764633459
174167	1114.9243764633459
174497	1114.9243764633459
174837	1114.9243764633459
175174	1114.9243764633459
175509	1114.9243764633459
175843	1114.9243764633459
176174	1114.9243764633459
176514	1114.9243764633459
178328	1114.9243764633459
178656	1114.9243764633459
178991	1114.9243764633459
179329	1114.9243764633459
179661	1114.9243764633459
179986	1114.9243764633459
180310	1114.9243764633459
180636	1114.9243764633459
180973	1114.9243764633459
181298	1114.9243764633459
181620	1114.9243764633459
181963	1114.9243764633459
182297	1114.9243764633459
182621	1114.9243764633459
182950	1114.9243764633459
183274	1114.9243764633459
183602	1114.9243764633459
183934	1114.9243764633459
184261	1114.9243764633459
184591	1114.9243764633459
186301	1114.9243764633459
186632	1114.9243764633459
186965	1114.9243764633459
187297	1114.9243764633459
187623	1114.9243764633459
187962	1114.9243764633459
188291	1114.9243764633459
188618	1114.9243764633459
188950	1114.9243764633459
189276	1114.9243764633459
189601	1114.9243764633459
189925	1114.9243764633459
190254	1114.9243764633459
190583	1114.9243764633459
190906	1114.9243764633459
191236	1114.9243764633459
191569	1114.9243764633459
191902	1114.9243764633459
192233	1114.9243764633459
192565	1114.9243764633459
206668	1114.9243764633459
207000	1114.9243764633459
207334	1114.9243764633459
207662	1114.9243764633459
207989	1114.9243764633459
208319	1114.9243764633459
208649	1114.9243764633459
208985	1114.9243764633459
209318	1114.9243764633459
209644	1114.9243764633459
209978	1114.9243764633459
210314	1114.9243764633459
210654	1114.9243764633459
210985	1114.9243764633459
211328	1114.9243764633459
211660	1114.9243764633459
211995	1114.9243764633459
212337	1114.9243764633459
212681	1114.9243764633459
213021	1114.9243764633459
227686	1114.9243764633459
228022	1114.9243764633459
228350	1114.9243764633459
228687	1114.9243764633459
229017	1114.9243764633459
229349	1114.9243764633459
229673	1114.9243764633459
230007	1114.9243764633459
230339	1114.9243764633459
230675	1114.9243764633459
235721	1114.9243764633459
236063	1114.9243764633459
236395	1114.9243764633459
236729	1114.9243764633459
237067	1114.9243764633459
237403	1114.9243764633459
237740	1114.9243764633459
238067	1114.9243764633459
238401	1114.9243764633459
238738	1114.9243764633459
239062	1114.9243764633459
239393	1114.9243764633459
239726	1114.9243764633459
240063	1114.9243764633459
240396	1114.9243764633459
240726	1114.9243764633459
241054	1114.9243764633459
241383	1114.9243764633459
241712	1114.9243764633459
242044	1114.9243764633459
243630	1114.9243764633459
243969	1114.9243764633459
244298	1114.9243764633459
244626	1114.9243764633459
244952	1114.9243764633459
245280	1114.9243764633459
245611	1114.9243764633459
245934	1114.9243764633459
246272	1114.9243764633459
246604	1114.9243764633459
246941	1114.9243764633459
247271	1114.9243764633459
247597	1114.9243764633459
247930	1114.9243764633459
248263	1114.9243764633459
248598	1114.9243764633459
248932	1114.9243764633459
249261	1114.9243764633459
249591	1114.9243764633459
249933	1114.9243764633459
251156	1114.9243764633459
251488	1114.9243764633459
251818	1114.9243764633459
252151	1114.9243764633459
252486	1114.9243764633459
252827	1114.9243764633459
253162	1114.9243764633459
253494	1114.9243764633459
253836	1114.9243764633459
254183	1114.9243764633459
254524	1114.9243764633459
254864	1114.9243764633459
255193	1114.9243764633459
255534	1114.9243764633459
255860	1114.9243764633459
256193	1114.9243764633459
256531	1114.9243764633459
256872	1114.9243764633459
257212	1114.9243764633459
257561	1114.9243764633459
269433	1114.9243764633459
269773	1114.9243764633459
270113	1114.9243764633459
270447	1114.9243764633459
270782	1114.9243764633459
271116	1114.9243764633459
271462	1114.9243764633459
271801	1114.9243764633459
272138	1114.9243764633459
272480	1114.9243764633459
272811	1114.9243764633459
273144	1114.9243764633459
273482	1114.9243764633459
273819	1114.9243764633459
274154	1114.9243764633459
274486	1114.9243764633459
274820	1114.9243764633459
275152	1114.9243764633459
275488	1114.9243764633459
275819	1114.9243764633459
278564	1114.9243764633459
278892	1114.9243764633459
279216	1114.9243764633459
279555	1114.9243764633459
279892	1114.9243764633459
280230	1114.9243764633459
280566	1114.9243764633459
280903	1114.9243764633459
281240	1114.9243764633459
281581	1114.9243764633459
284464	1114.9243764633459
284800	1114.9243764633459
285137	1114.9243764633459
285473	1114.9243764633459
285808	1114.9243764633459
286141	1114.9243764633459
286486	1114.9243764633459
286817	1114.9243764633459
287161	1114.9243764633459
287496	1114.9243764633459
287823	1114.9243764633459
288157	1114.9243764633459
288497	1114.9243764633459
288825	1114.9243764633459
289158	1114.9243764633459
289487	1114.9243764633459
289827	1114.9243764633459
290152	1114.9243764633459
290476	1114.9243764633459
290807	1114.9243764633459
293835	1114.9243764633459
294161	1114.9243764633459
294495	1114.9243764633459
294826	1114.9243764633459
295149	1114.9243764633459
295479	1114.9243764633459
295803	1114.9243764633459
296131	1114.9243764633459
296470	1114.9243764633459
296796	1114.9243764633459
297125	1114.9243764633459
297451	1114.9243764633459
297785	1114.9243764633459
298113	1114.9243764633459
298443	1114.9243764633459
298773	1114.9243764633459
299106	1114.9243764633459
299439	1114.9243764633459
299771	1114.9243764633459
300103	1114.9243764633459
