300	27066.176874535322
625	23952.06805138194
947	16593.46224234788
1259	16593.46224234788
1579	11697.520796232291
1897	10347.670222632016
2214	10347.670222632016
2530	9125.520542540318
2850	7519.677384647757
3168	4834.309673430523
3485	4834.309673430523
3804	4764.948833072305
4125	4066.1650690298284
4444	4066.1650690298284
4763	3763.4524920998824
5084	3283.404998041308
5406	3100.2958190802055
5725	2677.6866552915644
6045	2334.1179812234195
6365	2323.959978937125
6688	2176.1556608864803
7011	2054.9658983530608
7334	1849.8706736389001
7655	1662.586724719226
7979	1646.9423271300348
8303	1641.2963384687964
8625	1614.2295786608543
8949	1564.8043648404919
9271	1534.224834832357
9592	1480.7182823784942
9908	1480.7182823784942
10227	1480.7182823784942
10544	1478.8995758668293
10863	1422.3386899803452
11183	1412.3997074360273
11496	1412.3997074360273
11810	1412.3997074360273
12125	1393.6283775585275
12445	1393.6283775585275
12762	1390.2987187678357
13079	1354.9946259564265
13395	1354.9946259564265
23773	1191.5355057994382
30783	1144.7730143577155
36929	1142.783149775705
43785	1142.7831494784232
44105	1142.7831494784232
44421	1142.7831494784232
44733	1142.7831494784232
45051	1142.7831494784232
45369	1142.7831494784232
45684	1142.7831494784232
45996	1142.7831494784232
46307	1142.7831494784232
46620	1142.7831494784232
46931	1142.7831494784232
47240	1142.7831494784232
47554	1142.7831494784232
47864	1142.7831494784232
48173	1142.7831494784232
48482	1142.7831494784232
48791	1142.7831494784232
49098	1142.7831494784232
49411	1142.7831494784232
49723	1142.7831494784232
50036	1142.7831494784232
50350	1142.7831494784232
50663	1142.7831494784232
50978	1142.7831494784232
51290	1142.7831494784232
51606	1142.7831494784232
56889	1142.7831494784232
57201	1142.7831494784232
57509	1142.7831494784232
57820	1142.7831494784232
58131	1142.7831494784232
58445	1142.7831494784232
58759	1142.7831494784232
59077	1142.7831494784232
59398	1142.7831494784232
59711	1142.7831494784232
60025	1142.7831494784232
60340	1142.7831494784232
60652	1142.7831494784232
60968	1142.7831494784232
61289	1142.7831494784232
61607	1142.7831494784232
61922	1142.7831494784232
62240	1142.7831494784232
62557	1142.7831494784232
62874	1142.7831494784232
68243	1142.7831494784232
68561	1142.7831494784232
68877	1142.7831494784232
69197	1142.7831494784232
69517	1142.7831494784232
69835	1142.7831494784232
70155	1142.7831494784232
70476	1142.7831494784232
70795	1142.7831494784232
71118	1142.7831494784232
76243	1137.8083701333742
78641	1137.8083695637836
78963	1137.8083695637836
79285	1137.8083695637836
79605	1137.8083695637836
79926	1137.8083695637836
80251	1137.8083695637836
80576	1137.8083695637836
80895	1137.8083695637836
81217	1137.8083695637836
81536	1137.8083695637836
81858	1137.8083695637836
82182	1137.8083695637836
82502	1137.8083695637836
82832	1137.8083695637836
83155	1137.8083695637836
83476	1137.8083695637836
83795	1137.8083695637836
84121	1137.8083695637836
84447	1137.8083695637836
88241	1135.8184106136343
89903	1135.8184104201127
90233	1135.8184104201127
90562	1135.8184104201127
90885	1135.8184104201127
91209	1135.8184104201127
91527	1135.8184104201127
91849	1135.8184104201127
92175	1135.8184104201127
92501	1135.8184104201127
92825	1135.8184104201127
93151	1135.8184104201127
93473	1135.8184104201127
93798	1135.8184104201127
94125	1135.8184104201127
94445	1135.8184104201127
94767	1135.8184104201127
95092	1135.8184104201127
95416	1135.8184104201127
95742	1135.8184104201127
97084	1135.8184104201127
97407	1135.8184104201127
97736	1135.8184104201127
98066	1135.8184104201127
98391	1135.8184104201127
98717	1135.8184104201127
99044	1135.8184104201127
99373	1135.8184104201127
99694	1135.8184104201127
100020	1135.8184104201127
100349	1135.8184104201127
100676	1135.8184104201127
101005	1135.8184104201127
101335	1135.8184104201127
101667	1135.8184104201127
101996	1135.8184104201127
102322	1135.8184104201127
102650	1135.8184104201127
102976	1135.8184104201127
103302	1135.8184104201127
104991	1135.8184104201127
105316	1135.8184104201127
105646	1135.8184104201127
105970	1135.8184104201127
106300	1135.8184104201127
106626	1135.8184104201127
106954	1135.8184104201127
107283	1135.8184104201127
107609	1135.8184104201127
107936	1135.8184104201127
108261	1135.8184104201127
108588	1135.8184104201127
108913	1135.8184104201127
109240	1135.8184104201127
109566	1135.8184104201127
109888	1135.8184104201127
110213	1135.8184104201127
110545	1135.8184104201127
110867	1135.8184104201127
111192	1135.8184104201127
112416	1135.8184104201127
112743	1135.8184104201127
113071	1135.8184104201127
113399	1135.8184104201127
113727	1135.8184104201127
114053	1135.8184104201127
114381	1135.8184104201127
114708	1135.8184104201127
115029	1135.8184104201127
115360	1135.8184104201127
115685	1135.8184104201127
116013	1135.8184104201127
116336	1135.8184104201127
116664	1135.8184104201127
116997	1135.8184104201127
117320	1135.8184104201127
117644	1135.8184104201127
117971	1135.8184104201127
118302	1135.8184104201127
118629	1135.8184104201127
119850	1135.8184104201127
120173	1135.8184104201127
120503	1135.8184104201127
120831	1135.8184104201127
121165	1135.8184104201127
121491	1135.8184104201127
121815	1135.8184104201127
122144	1135.8184104201127
122468	1135.8184104201127
122795	1135.8184104201127
123121	1135.8184104201127
123446	1135.8184104201127
123775	1135.8184104201127
124100	1135.8184104201127
124425	1135.8184104201127
124755	1135.8184104201127
125080	1135.8184104201127
125406	1135.8184104201127
125735	1135.8184104201127
126059	1135.8184104201127
127379	1134.823881321674
128476	1133.8315305621409
129755	1133.831530157456
130079	1133.831530157456
130402	1133.831530157456
130726	1133.831530157456
131049	1133.831530157456
131371	1133.831530157456
131691	1133.831530157456
132011	1133.831530157456
132331	1133.831530157456
132651	1133.831530157456
132973	1133.831530157456
133301	1133.831530157456
133626	1133.831530157456
133953	1133.831530157456
134277	1133.831530157456
134602	1133.831530157456
134924	1133.831530157456
135249	1133.831530157456
135574	1133.831530157456
135894	1133.831530157456
136220	1133.831530157456
136550	1133.831530157456
136877	1133.831530157456
137200	1133.831530157456
137527	1133.831530157456
137851	1133.831530157456
138179	1133.831530157456
138502	1133.831530157456
141097	1133.831530157456
141418	1133.831530157456
141744	1133.831530157456
142070	1133.831530157456
142393	1133.831530157456
142716	1133.831530157456
143038	1133.831530157456
143364	1133.831530157456
143688	1133.831530157456
144013	1133.831530157456
145646	1133.831530157456
145969	1133.831530157456
146292	1133.831530157456
146616	1133.831530157456
146945	1133.831530157456
147275	1133.831530157456
147600	1133.831530157456
147920	1133.831530157456
148245	1133.831530157456
148566	1133.831530157456
148888	1133.831530157456
149211	1133.831530157456
149539	1133.831530157456
149868	1133.831530157456
150194	1133.831530157456
150524	1133.831530157456
150851	1133.831530157456
151177	1133.831530157456
151502	1133.831530157456
151829	1133.831530157456
153774	1133.831530157456
154102	1133.831530157456
154423	1133.831530157456
154750	1133.831530157456
155075	1133.831530157456
155396	1133.831530157456
155724	1133.831530157456
156046	1133.831530157456
156370	1133.831530157456
156695	1133.831530157456
157023	1133.831530157456
157345	1133.831530157456
157671	1133.831530157456
157997	1133.831530157456
158320	1133.831530157456
158646	1133.831530157456
158968	1133.831530157456
159293	1133.831530157456
159618	1133.831530157456
159944	1133.831530157456
161249	1133.831530157456
161574	1133.831530157456
161898	1133.831530157456
162229	1133.831530157456
162557	1133.831530157456
162885	1133.831530157456
163211	1133.831530157456
163539	1133.831530157456
163866	1133.831530157456
164191	1133.831530157456
164517	1133.831530157456
164846	1133.831530157456
165175	1133.831530157456
165505	1133.831530157456
165835	1133.831530157456
166169	1133.831530157456
166498	1133.831530157456
166823	1133.831530157456
167146	1133.831530157456
167472	1133.831530157456
171150	1133.831530157456
171474	1133.831530157456
171798	1133.831530157456
172125	1133.831530157456
172456	1133.831530157456
172782	1133.831530157456
173103	1133.831530157456
173427	1133.831530157456
173751	1133.831530157456
174076	1133.831530157456
174404	1133.831530157456
174730	1133.831530157456
175054	1133.831530157456
175378	1133.831530157456
175703	1133.831530157456
176027	1133.831530157456
176356	1133.831530157456
176683	1133.831530157456
177008	1133.831530157456
177333	1133.831530157456
178538	1133.831530157456
178861	1133.831530157456
179187	1133.831530157456
179514	1133.831530157456
179840	1133.831530157456
180165	1133.831530157456
180489	1133.831530157456
180815	1133.831530157456
181146	1133.831530157456
181472	1133.831530157456
182627	1133.831530157456
182957	1133.831530157456
183282	1133.831530157456
183612	1133.831530157456
183937	1133.831530157456
184261	1133.831530157456
184582	1133.831530157456
184904	1133.831530157456
185230	1133.831530157456
185561	1133.831530157456
185883	1133.831530157456
186213	1133.831530157456
186542	1133.831530157456
186874	1133.831530157456
187207	1133.831530157456
187537	1133.831530157456
187866	1133.831530157456
188193	1133.831530157456
188522	1133.831530157456
188850	1133.831530157456
191038	1133.831530157456
191361	1133.831530157456
191689	1133.831530157456
192018	1133.831530157456
192347	1133.831530157456
192681	1133.831530157456
193008	1133.831530157456
193330	1133.831530157456
193659	1133.831530157456
193987	1133.831530157456
194313	1133.831530157456
194637	1133.831530157456
194961	1133.831530157456
195290	1133.831530157456
195616	1133.831530157456
195943	1133.831530157456
196269	1133.831530157456
196594	1133.831530157456
196918	1133.831530157456
197239	1133.831530157456
209454	1133.831530157456
209779	1133.831530157456
210110	1133.831530157456
210431	1133.831530157456
210753	1133.831530157456
211075	1133.831530157456
211399	1133.831530157456
211720	1133.831530157456
212042	1133.831530157456
212367	1133.831530157456
212695	1133.831530157456
213014	1133.831530157456
213336	1133.831530157456
213659	1133.831530157456
213986	1133.831530157456
214308	1133.831530157456
214635	1133.831530157456
214958	1133.831530157456
215284	1133.831530157456
215610	1133.831530157456
217332	1133.831530157456
217659	1133.831530157456
217983	1133.831530157456
218306	1133.831530157456
218632	1133.831530157456
218956	1133.831530157456
219281	1133.831530157456
219608	1133.831530157456
219931	1133.831530157456
220253	1133.831530157456
220579	1133.831530157456
220904	1133.831530157456
221234	1133.831530157456
221568	1133.831530157456
221894	1133.831530157456
222216	1133.831530157456
222543	1133.831530157456
222868	1133.831530157456
223192	1133.831530157456
223519	1133.831530157456
235795	1133.831530157456
236121	1133.831530157456
236445	1133.831530157456
236769	1133.831530157456
237097	1133.831530157456
237422	1133.831530157456
237748	1133.831530157456
238077	1133.831530157456
238401	1133.831530157456
238725	1133.831530157456
241000	1133.831530157456
241326	1133.831530157456
241658	1133.831530157456
241984	1133.831530157456
242310	1133.831530157456
242631	1133.831530157456
242955	1133.831530157456
243284	1133.831530157456
243612	1133.831530157456
243937	1133.831530157456
244264	1133.831530157456
244592	1133.831530157456
244917	1133.831530157456
245250	1133.831530157456
245580	1133.831530157456
245910	1133.831530157456
246239	1133.831530157456
246581	1133.831530157456
246913	1133.831530157456
247243	1133.831530157456
269162	1133.831530157456
269486	1133.831530157456
269811	1133.831530157456
270139	1133.831530157456
270458	1133.831530157456
270780	1133.831530157456
271103	1133.831530157456
271428	1133.831530157456
271746	1133.831530157456
272068	1133.831530157456
272389	1133.831530157456
272710	1133.831530157456
273030	1133.831530157456
273351	1133.831530157456
273670	1133.831530157456
273990	1133.831530157456
274311	1133.831530157456
274634	1133.831530157456
274958	1133.831530157456
275286	1133.831530157456
279095	1133.831530157456
279421	1133.831530157456
279749	1133.831530157456
280078	1133.831530157456
280405	1133.831530157456
280730	1133.831530157456
281055	1133.831530157456
281381	1133.831530157456
281707	1133.831530157456
282035	1133.831530157456
282360	1133.831530157456
282686	1133.831530157456
283012	1133.831530157456
283340	1133.831530157456
283675	1133.831530157456
284005	1133.831530157456
284334	1133.831530157456
284661	1133.831530157456
284993	1133.831530157456
285322	1133.831530157456
286471	1133.831530157456
286804	1133.831530157456
287136	1133.831530157456
287462	1133.831530157456
287791	1133.831530157456
288121	1133.831530157456
288451	1133.831530157456
288784	1133.831530157456
289117	1133.831530157456
289445	1133.831530157456
289777	1133.831530157456
290109	1133.831530157456
290437	1133.831530157456
290771	1133.831530157456
291101	1133.831530157456
291433	1133.831530157456
291766	1133.831530157456
292095	1133.831530157456
292427	1133.831530157456
292764	1133.831530157456
301780	1133.831530157456
