1000	753.2869253858561
2158	732.4685823546049
3313	724.336916642361
4471	707.3681041801685
5620	699.6201626980885
6769	699.6201626980885
7917	698.081749742051
9065	693.449127700465
10211	689.1080792742879
11356	687.1783299571507
12505	683.1595837966382
13647	683.1595837966382
14793	681.6019400833388
15939	676.4483178931837
17086	676.4483178931837
18232	671.4146507719132
19377	671.4146507719132
20516	668.1674146088518
21656	667.803142425733
22802	665.4209074940964
23942	665.0779172745324
25086	663.3326907459182
26223	662.8249975541289
27363	659.4901949991397
28502	659.4901949991397
29642	659.4901949991397
30782	658.2402268355744
31923	655.6727390137318
33061	655.6727390137318
34196	655.6727390137318
35331	654.5368976056643
36471	653.8897386307506
37612	653.4638188478112
38747	652.1020211420768
39881	651.4875509847802
41013	651.4875509847802
42155	651.395373171104
43291	648.0398327055719
44430	648.0398327055719
45565	645.5865003780913
46703	645.5865003780913
47850	645.5865003780913
82372	614.7170431970288
83515	614.7170431970288
84656	614.7170431970288
85802	614.7170431970288
86952	614.7170431970288
88105	614.7170431970288
89255	614.7170431970288
90402	614.7170431970288
91549	614.7170431970288
92689	614.7170431970288
93834	614.7170431970288
94984	614.7170431970288
96133	614.7170431970288
97278	614.7170431970288
98423	614.7170431970288
99568	614.7170431970288
100707	614.7170431970288
101857	614.7170431970288
102995	614.7170431970288
126592	612.3272393217801
157832	612.0085489811031
189077	610.6032355586565
224065	610.5662254334493
225206	610.5662254334493
226348	610.5662254334493
227486	610.5662254334493
228623	610.5662254334493
229753	610.5662254334493
230887	610.5662254334493
232026	610.5662254334493
233162	610.5662254334493
234295	610.5662254334493
235425	610.5662254334493
236557	610.5662254334493
237691	610.5662254334493
238824	610.5662254334493
239963	610.5662254334493
241104	610.5662254334493
242241	610.5662254334493
243381	610.5662254334493
244518	610.5662254334493
245659	610.5662254334493
246806	610.5662254334493
279817	605.7211652336833
280962	605.7211652336833
282111	605.7211652336833
283256	605.7211652336833
284399	605.7211652336833
285540	605.7211652336833
286685	605.7211652336833
287825	605.7211652336833
288963	605.7211652336833
290104	605.7211652336833
291242	605.7211652336833
292385	605.7211652336833
293527	605.7211652336833
294673	605.7211652336833
295816	605.7211652336833
296949	605.7211652336833
298093	605.7211652336833
299234	605.7211652336833
300379	605.7211652336833
301520	605.7211652336833
302661	605.7211652336833
303801	605.7211652336833
304940	605.7211652336833
306077	605.7211652336833
307221	605.7211652336833
308356	605.7211652336833
324544	604.3852162599651
351130	603.9215633987808
382364	603.4995969449004
406836	603.2871754731186
439876	603.2720295128105
441017	603.2720295128105
442153	603.2720295128105
443295	603.2720295128105
444436	603.2720295128105
445575	603.2720295128105
446712	603.2720295128105
447846	603.2720295128105
448980	603.2720295128105
450113	603.2720295128105
451244	603.2720295128105
452372	603.2720295128105
453499	603.2720295128105
454629	603.2720295128105
455762	603.2720295128105
456898	603.2720295128105
458027	603.2720295128105
459157	603.2720295128105
460290	603.2720295128105
461427	603.2720295128105
462570	603.2720295128105
463713	603.2720295128105
464851	603.2720295128105
465994	603.2720295128105
467133	603.2720295128105
468277	603.2720295128105
484461	602.6452734048837
517525	602.638808678242
518663	602.638808678242
519806	602.638808678242
520954	602.638808678242
522092	602.638808678242
523234	602.638808678242
524376	602.638808678242
525517	602.638808678242
526660	602.638808678242
527806	602.638808678242
528943	602.638808678242
530090	602.638808678242
531229	602.638808678242
532375	602.638808678242
533519	602.638808678242
534657	602.638808678242
535792	602.638808678242
536931	602.638808678242
538066	602.638808678242
554256	602.0938455678897
572592	602.0938445528642
573731	602.0938445528642
574870	602.0938445528642
576005	602.0938445528642
577134	602.0938445528642
578268	602.0938445528642
579402	602.0938445528642
580537	602.0938445528642
581676	602.0938445528642
582811	602.0938445528642
583948	602.0938445528642
585083	602.0938445528642
586218	602.0938445528642
587356	602.0938445528642
588492	602.0938445528642
589627	602.0938445528642
590758	602.0938445528642
591897	602.0938445528642
593032	602.0938445528642
611046	602.0938445528642
612182	602.0938445528642
613321	602.0938445528642
614459	602.0938445528642
615597	602.0938445528642
616742	602.0938445528642
617880	602.0938445528642
619018	602.0938445528642
620159	602.0938445528642
621298	602.0938445528642
622435	602.0938445528642
623568	602.0938445528642
624710	602.0938445528642
625850	602.0938445528642
626986	602.0938445528642
628123	602.0938445528642
629265	602.0938445528642
630401	602.0938445528642
631538	602.0938445528642
632680	602.0938445528642
650705	602.0938445528642
651845	602.0938445528642
652983	602.0938445528642
654121	602.0938445528642
655256	602.0938445528642
656392	602.0938445528642
657528	602.0938445528642
658662	602.0938445528642
659796	602.0938445528642
660929	602.0938445528642
662067	602.0938445528642
663197	602.0938445528642
664326	602.0938445528642
665461	602.0938445528642
666597	602.0938445528642
667730	602.0938445528642
668863	602.0938445528642
669996	602.0938445528642
671144	602.0938445528642
672287	602.0938445528642
688473	601.9047312647265
714357	601.8552558335834
747446	601.841971964167
748584	601.841971964167
749724	601.841971964167
750864	601.841971964167
752000	601.841971964167
753135	601.841971964167
754272	601.841971964167
755409	601.841971964167
756545	601.841971964167
757681	601.841971964167
758816	601.841971964167
759949	601.841971964167
761084	601.841971964167
762222	601.841971964167
763360	601.841971964167
764500	601.841971964167
765641	601.841971964167
766773	601.841971964167
767914	601.841971964167
769051	601.841971964167
770194	601.841971964167
771336	601.841971964167
772475	601.841971964167
773618	601.841971964167
774754	601.841971964167
775889	601.841971964167
777024	601.841971964167
778155	601.841971964167
794337	601.7094486688894
816250	601.7093022789591
817379	601.7093022789591
818512	601.7093022789591
819641	601.7093022789591
820775	601.7093022789591
821912	601.7093022789591
823048	601.7093022789591
824180	601.7093022789591
825313	601.7093022789591
826447	601.7093022789591
827580	601.7093022789591
828716	601.7093022789591
829851	601.7093022789591
830990	601.7093022789591
832133	601.7093022789591
833273	601.7093022789591
834417	601.7093022789591
835559	601.7093022789591
836699	601.7093022789591
852895	601.6225293922724
885569	601.620517546679
886706	601.620517546679
887843	601.620517546679
888979	601.620517546679
890113	601.620517546679
891252	601.620517546679
892385	601.620517546679
893525	601.620517546679
894662	601.620517546679
895808	601.620517546679
896946	601.620517546679
898089	601.620517546679
899229	601.620517546679
900366	601.620517546679
901507	601.620517546679
902645	601.620517546679
903787	601.620517546679
904927	601.620517546679
906067	601.620517546679
924255	601.620517546679
925395	601.620517546679
926539	601.620517546679
927682	601.620517546679
928826	601.620517546679
929962	601.620517546679
931101	601.620517546679
932240	601.620517546679
933377	601.620517546679
934514	601.620517546679
935654	601.620517546679
936790	601.620517546679
937932	601.620517546679
939069	601.620517546679
940208	601.620517546679
941347	601.620517546679
942480	601.620517546679
943612	601.620517546679
944745	601.620517546679
945879	601.620517546679
962061	601.5846264060488
986021	601.5719182895317
1000887	601.5657886633594
