-26.259331845035746	-64.06323370908368	-21.009064262087463	0.26499441264462575	-17.01337710747528	-75.52947086424871	4.555001056157721	-39.978105594051016	93.44844437231356	-23.38118537259139	-12.935827783420834	-54.389629691734534	93.76037597636909	-35.6456838842833	29.25065116885378	66.51409324811601	-21.362958074978565	51.06270992185796	-44.24389327453757	-78.09419544593625	-91.56125388790042	-10.207841899177922	74.78765535997297	-59.394268462921815	-11.903832272055155	52.56426872246419	-44.765941260163466	-69.47059392438264	3.8499328066491643	-14.924306945984029	
-27.61369265246022	-34.134919302511776	-49.602266402109265	47.67520351631638	-66.84644007112477	45.33657880443146	50.75793951288526	-30.51694251894922	-59.753456826203426	-40.007528686701676	-5.47446355690079	73.84896156931832	-41.86231985352805	-8.597221008909202	-2.013009384674807	-74.7146019125364	18.906048010059127	9.03163445435538	-10.355836848445913	-67.98393368590503	11.402497613256116	56.508420820593386	-45.079510835293306	7.940206830580323	23.97731386157614	60.751381243198615	-30.757748068861357	-24.179708507848996	-65.63490740005479	-45.19697246008903	
-26.38167897037006	-34.004107363798404	-49.928934292309606	47.61988776624007	-66.54988773245545	45.61443953442575	50.584402273794005	-30.67107523370422	-59.064153393050894	-41.51947491684037	-5.6669097125190016	73.14786202493197	-41.39338841987974	-8.712888215780914	-2.0702458478157486	-74.56237558531993	19.165432530367884	9.395168475012783	-10.347292582041256	-67.76728224432476	11.81046335993612	56.54048448548728	-45.37905265459718	8.249379541087219	24.052903799431853	60.040133508869694	-30.77976444361179	-23.99157611246854	-66.97049095987182	-45.331267759668656	
-26.371947499726573	-34.008429829613824	-49.92963216040274	47.61663300227666	-66.54538414524391	45.61766193604728	50.58365838937762	-30.670935381611304	-59.06588720336441	-41.52282480579555	-5.666849779673252	73.14716654411188	-41.393776482931884	-8.7132769486176	-2.0695043053227997	-74.56451721397099	19.166626110929013	9.395827566640888	-10.34638996418334	-67.76645993883318	11.811847204883065	56.540576774920595	-45.37854077916586	8.249702811396778	24.0528443581166	60.03964110369825	-30.7798139452238	-23.99173930652873	-66.97055013538143	-45.33126615982726	
-26.371947687524454	-34.00844668134362	-49.9296182685735	47.616603661073164	-66.5453698275106	45.617654797252825	50.583655941469196	-30.67094870431567	-59.06587614699847	-41.52281749836537	-5.666858757978249	73.14716724329548	-41.39376350711942	-8.71325114590719	-2.069479395082003	-74.56448470894688	19.166608738448847	9.395825749915641	-10.34639161851843	-67.76646849013493	11.811861295815484	56.540581959063886	-45.37852970137107	8.24971973264736	24.05285606122815	60.03964133009297	-30.779816002296336	-23.991740911772137	-66.97055046170628	-45.33126621521961	
-26.371947687524454	-34.00844668134362	-49.9296182685735	47.616603661073164	-66.5453698275106	45.617654797252825	50.583655941469196	-30.67094870431567	-59.06587614699847	-41.52281749836537	-5.666858757978249	73.14716724329548	-41.39376350711942	-8.71325114590719	-2.069479395082003	-74.56448470894688	19.166608738448847	9.395825749915641	-10.34639161851843	-67.76646849013493	11.811861295815484	56.540581959063886	-45.37852970137107	8.24971973264736	24.05285606122815	60.03964133009297	-30.779816002296336	-23.991740911772137	-66.97055046170628	-45.33126621521961	
-26.371947687524454	-34.00844668134362	-49.9296182685735	47.616603661073164	-66.5453698275106	45.617654797252825	50.583655941469196	-30.67094870431567	-59.06587614699847	-41.52281749836537	-5.666858757978249	73.14716724329548	-41.39376350711942	-8.71325114590719	-2.069479395082003	-74.56448470894688	19.166608738448847	9.395825749915641	-10.34639161851843	-67.76646849013493	11.811861295815484	56.540581959063886	-45.37852970137107	8.24971973264736	24.05285606122815	60.03964133009297	-30.779816002296336	-23.991740911772137	-66.97055046170628	-45.33126621521961	
-26.371947687524454	-34.00844668134362	-49.9296182685735	47.616603661073164	-66.5453698275106	45.617654797252825	50.583655941469196	-30.67094870431567	-59.06587614699847	-41.52281749836537	-5.666858757978249	73.14716724329548	-41.39376350711942	-8.71325114590719	-2.069479395082003	-74.56448470894688	19.166608738448847	9.395825749915641	-10.34639161851843	-67.76646849013493	11.811861295815484	56.540581959063886	-45.37852970137107	8.24971973264736	24.05285606122815	60.03964133009297	-30.779816002296336	-23.991740911772137	-66.97055046170628	-45.33126621521961	
-26.371947687524454	-34.00844668134362	-49.9296182685735	47.616603661073164	-66.5453698275106	45.617654797252825	50.583655941469196	-30.67094870431567	-59.06587614699847	-41.52281749836537	-5.666858757978249	73.14716724329548	-41.39376350711942	-8.71325114590719	-2.069479395082003	-74.56448470894688	19.166608738448847	9.395825749915641	-10.34639161851843	-67.76646849013493	11.811861295815484	56.540581959063886	-45.37852970137107	8.24971973264736	24.05285606122815	60.03964133009297	-30.779816002296336	-23.991740911772137	-66.97055046170628	-45.33126621521961	
-26.371947687524454	-34.00844668134362	-49.9296182685735	47.616603661073164	-66.5453698275106	45.617654797252825	50.583655941469196	-30.67094870431567	-59.06587614699847	-41.52281749836537	-5.666858757978249	73.14716724329548	-41.39376350711942	-8.71325114590719	-2.069479395082003	-74.56448470894688	19.166608738448847	9.395825749915641	-10.34639161851843	-67.76646849013493	11.811861295815484	56.540581959063886	-45.37852970137107	8.24971973264736	24.05285606122815	60.03964133009297	-30.779816002296336	-23.991740911772137	-66.97055046170628	-45.33126621521961	
-26.371947687524454	-34.00844668134362	-49.9296182685735	47.616603661073164	-66.5453698275106	45.617654797252825	50.583655941469196	-30.67094870431567	-59.06587614699847	-41.52281749836537	-5.666858757978249	73.14716724329548	-41.39376350711942	-8.71325114590719	-2.069479395082003	-74.56448470894688	19.166608738448847	9.395825749915641	-10.34639161851843	-67.76646849013493	11.811861295815484	56.540581959063886	-45.37852970137107	8.24971973264736	24.05285606122815	60.03964133009297	-30.779816002296336	-23.991740911772137	-66.97055046170628	-45.33126621521961	
-26.371947687524454	-34.00844668134362	-49.9296182685735	47.616603661073164	-66.5453698275106	45.617654797252825	50.583655941469196	-30.67094870431567	-59.06587614699847	-41.52281749836537	-5.666858757978249	73.14716724329548	-41.39376350711942	-8.71325114590719	-2.069479395082003	-74.56448470894688	19.166608738448847	9.395825749915641	-10.34639161851843	-67.76646849013493	11.811861295815484	56.540581959063886	-45.37852970137107	8.24971973264736	24.05285606122815	60.03964133009297	-30.779816002296336	-23.991740911772137	-66.97055046170628	-45.33126621521961	
-26.371947687524454	-34.00844668134362	-49.9296182685735	47.616603661073164	-66.5453698275106	45.617654797252825	50.583655941469196	-30.67094870431567	-59.06587614699847	-41.52281749836537	-5.666858757978249	73.14716724329548	-41.39376350711942	-8.71325114590719	-2.069479395082003	-74.56448470894688	19.166608738448847	9.395825749915641	-10.34639161851843	-67.76646849013493	11.811861295815484	56.540581959063886	-45.37852970137107	8.24971973264736	24.05285606122815	60.03964133009297	-30.779816002296336	-23.991740911772137	-66.97055046170628	-45.33126621521961	
-26.371947687524454	-34.00844668134362	-49.9296182685735	47.616603661073164	-66.5453698275106	45.617654797252825	50.583655941469196	-30.67094870431567	-59.06587614699847	-41.52281749836537	-5.666858757978249	73.14716724329548	-41.39376350711942	-8.71325114590719	-2.069479395082003	-74.56448470894688	19.166608738448847	9.395825749915641	-10.34639161851843	-67.76646849013493	11.811861295815484	56.540581959063886	-45.37852970137107	8.24971973264736	24.05285606122815	60.03964133009297	-30.779816002296336	-23.991740911772137	-66.97055046170628	-45.33126621521961	
-26.371947687524454	-34.00844668134362	-49.9296182685735	47.616603661073164	-66.5453698275106	45.617654797252825	50.583655941469196	-30.67094870431567	-59.06587614699847	-41.52281749836537	-5.666858757978249	73.14716724329548	-41.39376350711942	-8.71325114590719	-2.069479395082003	-74.56448470894688	19.166608738448847	9.395825749915641	-10.34639161851843	-67.76646849013493	11.811861295815484	56.540581959063886	-45.37852970137107	8.24971973264736	24.05285606122815	60.03964133009297	-30.779816002296336	-23.991740911772137	-66.97055046170628	-45.33126621521961	
-26.371947687524454	-34.00844668134362	-49.9296182685735	47.616603661073164	-66.5453698275106	45.617654797252825	50.583655941469196	-30.67094870431567	-59.06587614699847	-41.52281749836537	-5.666858757978249	73.14716724329548	-41.39376350711942	-8.71325114590719	-2.069479395082003	-74.56448470894688	19.166608738448847	9.395825749915641	-10.34639161851843	-67.76646849013493	11.811861295815484	56.540581959063886	-45.37852970137107	8.24971973264736	24.05285606122815	60.03964133009297	-30.779816002296336	-23.991740911772137	-66.97055046170628	-45.33126621521961	
-26.371947687524454	-34.00844668134362	-49.9296182685735	47.616603661073164	-66.5453698275106	45.617654797252825	50.583655941469196	-30.67094870431567	-59.06587614699847	-41.52281749836537	-5.666858757978249	73.14716724329548	-41.39376350711942	-8.71325114590719	-2.069479395082003	-74.56448470894688	19.166608738448847	9.395825749915641	-10.34639161851843	-67.76646849013493	11.811861295815484	56.540581959063886	-45.37852970137107	8.24971973264736	24.05285606122815	60.03964133009297	-30.779816002296336	-23.991740911772137	-66.97055046170628	-45.33126621521961	
-26.371947687524454	-34.00844668134362	-49.9296182685735	47.616603661073164	-66.5453698275106	45.617654797252825	50.583655941469196	-30.67094870431567	-59.06587614699847	-41.52281749836537	-5.666858757978249	73.14716724329548	-41.39376350711942	-8.71325114590719	-2.069479395082003	-74.56448470894688	19.166608738448847	9.395825749915641	-10.34639161851843	-67.76646849013493	11.811861295815484	56.540581959063886	-45.37852970137107	8.24971973264736	24.05285606122815	60.03964133009297	-30.779816002296336	-23.991740911772137	-66.97055046170628	-45.33126621521961	
-26.371947687524454	-34.00844668134362	-49.9296182685735	47.616603661073164	-66.5453698275106	45.617654797252825	50.583655941469196	-30.67094870431567	-59.06587614699847	-41.52281749836537	-5.666858757978249	73.14716724329548	-41.39376350711942	-8.71325114590719	-2.069479395082003	-74.56448470894688	19.166608738448847	9.395825749915641	-10.34639161851843	-67.76646849013493	11.811861295815484	56.540581959063886	-45.37852970137107	8.24971973264736	24.05285606122815	60.03964133009297	-30.779816002296336	-23.991740911772137	-66.97055046170628	-45.33126621521961	
-26.371947687524454	-34.00844668134362	-49.9296182685735	47.616603661073164	-66.5453698275106	45.617654797252825	50.583655941469196	-30.67094870431567	-59.06587614699847	-41.52281749836537	-5.666858757978249	73.14716724329548	-41.39376350711942	-8.71325114590719	-2.069479395082003	-74.56448470894688	19.166608738448847	9.395825749915641	-10.34639161851843	-67.76646849013493	11.811861295815484	56.540581959063886	-45.37852970137107	8.24971973264736	24.05285606122815	60.03964133009297	-30.779816002296336	-23.991740911772137	-66.97055046170628	-45.33126621521961	
-26.371947687524454	-34.00844668134362	-49.9296182685735	47.616603661073164	-66.5453698275106	45.617654797252825	50.583655941469196	-30.67094870431567	-59.06587614699847	-41.52281749836537	-5.666858757978249	73.14716724329548	-41.39376350711942	-8.71325114590719	-2.069479395082003	-74.56448470894688	19.166608738448847	9.395825749915641	-10.34639161851843	-67.76646849013493	11.811861295815484	56.540581959063886	-45.37852970137107	8.24971973264736	24.05285606122815	60.03964133009297	-30.779816002296336	-23.991740911772137	-66.97055046170628	-45.33126621521961	
-26.371947687524454	-34.00844668134362	-49.9296182685735	47.616603661073164	-66.5453698275106	45.617654797252825	50.583655941469196	-30.67094870431567	-59.06587614699847	-41.52281749836537	-5.666858757978249	73.14716724329548	-41.39376350711942	-8.71325114590719	-2.069479395082003	-74.56448470894688	19.166608738448847	9.395825749915641	-10.34639161851843	-67.76646849013493	11.811861295815484	56.540581959063886	-45.37852970137107	8.24971973264736	24.05285606122815	60.03964133009297	-30.779816002296336	-23.991740911772137	-66.97055046170628	-45.33126621521961	
-26.371947687524454	-34.00844668134362	-49.9296182685735	47.616603661073164	-66.5453698275106	45.617654797252825	50.583655941469196	-30.67094870431567	-59.06587614699847	-41.52281749836537	-5.666858757978249	73.14716724329548	-41.39376350711942	-8.71325114590719	-2.069479395082003	-74.56448470894688	19.166608738448847	9.395825749915641	-10.34639161851843	-67.76646849013493	11.811861295815484	56.540581959063886	-45.37852970137107	8.24971973264736	24.05285606122815	60.03964133009297	-30.779816002296336	-23.991740911772137	-66.97055046170628	-45.33126621521961	
-26.371947687524454	-34.00844668134362	-49.9296182685735	47.616603661073164	-66.5453698275106	45.617654797252825	50.583655941469196	-30.67094870431567	-59.06587614699847	-41.52281749836537	-5.666858757978249	73.14716724329548	-41.39376350711942	-8.71325114590719	-2.069479395082003	-74.56448470894688	19.166608738448847	9.395825749915641	-10.34639161851843	-67.76646849013493	11.811861295815484	56.540581959063886	-45.37852970137107	8.24971973264736	24.05285606122815	60.03964133009297	-30.779816002296336	-23.991740911772137	-66.97055046170628	-45.33126621521961	
-26.371947687524454	-34.00844668134362	-49.9296182685735	47.616603661073164	-66.5453698275106	45.617654797252825	50.583655941469196	-30.67094870431567	-59.06587614699847	-41.52281749836537	-5.666858757978249	73.14716724329548	-41.39376350711942	-8.71325114590719	-2.069479395082003	-74.56448470894688	19.166608738448847	9.395825749915641	-10.34639161851843	-67.76646849013493	11.811861295815484	56.540581959063886	-45.37852970137107	8.24971973264736	24.05285606122815	60.03964133009297	-30.779816002296336	-23.991740911772137	-66.97055046170628	-45.33126621521961	
-26.371947687524454	-34.00844668134362	-49.9296182685735	47.616603661073164	-66.5453698275106	45.617654797252825	50.583655941469196	-30.67094870431567	-59.06587614699847	-41.52281749836537	-5.666858757978249	73.14716724329548	-41.39376350711942	-8.71325114590719	-2.069479395082003	-74.56448470894688	19.166608738448847	9.395825749915641	-10.34639161851843	-67.76646849013493	11.811861295815484	56.540581959063886	-45.37852970137107	8.24971973264736	24.05285606122815	60.03964133009297	-30.779816002296336	-23.991740911772137	-66.97055046170628	-45.33126621521961	
-26.371947687524454	-34.00844668134362	-49.9296182685735	47.616603661073164	-66.5453698275106	45.617654797252825	50.583655941469196	-30.67094870431567	-59.06587614699847	-41.52281749836537	-5.666858757978249	73.14716724329548	-41.39376350711942	-8.71325114590719	-2.069479395082003	-74.56448470894688	19.166608738448847	9.395825749915641	-10.34639161851843	-67.76646849013493	11.811861295815484	56.540581959063886	-45.37852970137107	8.24971973264736	24.05285606122815	60.03964133009297	-30.779816002296336	-23.991740911772137	-66.97055046170628	-45.33126621521961	
-26.371947687524454	-34.00844668134362	-49.9296182685735	47.616603661073164	-66.5453698275106	45.617654797252825	50.583655941469196	-30.67094870431567	-59.06587614699847	-41.52281749836537	-5.666858757978249	73.14716724329548	-41.39376350711942	-8.71325114590719	-2.069479395082003	-74.56448470894688	19.166608738448847	9.395825749915641	-10.34639161851843	-67.76646849013493	11.811861295815484	56.540581959063886	-45.37852970137107	8.24971973264736	24.05285606122815	60.03964133009297	-30.779816002296336	-23.991740911772137	-66.97055046170628	-45.33126621521961	
-26.371947687524454	-34.00844668134362	-49.9296182685735	47.616603661073164	-66.5453698275106	45.617654797252825	50.583655941469196	-30.67094870431567	-59.06587614699847	-41.52281749836537	-5.666858757978249	73.14716724329548	-41.39376350711942	-8.71325114590719	-2.069479395082003	-74.56448470894688	19.166608738448847	9.395825749915641	-10.34639161851843	-67.76646849013493	11.811861295815484	56.540581959063886	-45.37852970137107	8.24971973264736	24.05285606122815	60.03964133009297	-30.779816002296336	-23.991740911772137	-66.97055046170628	-45.33126621521961	
-26.371947687524454	-34.00844668134362	-49.9296182685735	47.616603661073164	-66.5453698275106	45.617654797252825	50.583655941469196	-30.67094870431567	-59.06587614699847	-41.52281749836537	-5.666858757978249	73.14716724329548	-41.39376350711942	-8.71325114590719	-2.069479395082003	-74.56448470894688	19.166608738448847	9.395825749915641	-10.34639161851843	-67.76646849013493	11.811861295815484	56.540581959063886	-45.37852970137107	8.24971973264736	24.05285606122815	60.03964133009297	-30.779816002296336	-23.991740911772137	-66.97055046170628	-45.33126621521961	
-26.371947687524454	-34.00844668134362	-49.9296182685735	47.616603661073164	-66.5453698275106	45.617654797252825	50.583655941469196	-30.67094870431567	-59.06587614699847	-41.52281749836537	-5.666858757978249	73.14716724329548	-41.39376350711942	-8.71325114590719	-2.069479395082003	-74.56448470894688	19.166608738448847	9.395825749915641	-10.34639161851843	-67.76646849013493	11.811861295815484	56.540581959063886	-45.37852970137107	8.24971973264736	24.05285606122815	60.03964133009297	-30.779816002296336	-23.991740911772137	-66.97055046170628	-45.33126621521961	
-26.371947687524454	-34.00844668134362	-49.9296182685735	47.616603661073164	-66.5453698275106	45.617654797252825	50.583655941469196	-30.67094870431567	-59.06587614699847	-41.52281749836537	-5.666858757978249	73.14716724329548	-41.39376350711942	-8.71325114590719	-2.069479395082003	-74.56448470894688	19.166608738448847	9.395825749915641	-10.34639161851843	-67.76646849013493	11.811861295815484	56.540581959063886	-45.37852970137107	8.24971973264736	24.05285606122815	60.03964133009297	-30.779816002296336	-23.991740911772137	-66.97055046170628	-45.33126621521961	
-26.371947687524454	-34.00844668134362	-49.9296182685735	47.616603661073164	-66.5453698275106	45.617654797252825	50.583655941469196	-30.67094870431567	-59.06587614699847	-41.52281749836537	-5.666858757978249	73.14716724329548	-41.39376350711942	-8.71325114590719	-2.069479395082003	-74.56448470894688	19.166608738448847	9.395825749915641	-10.34639161851843	-67.76646849013493	11.811861295815484	56.540581959063886	-45.37852970137107	8.24971973264736	24.05285606122815	60.03964133009297	-30.779816002296336	-23.991740911772137	-66.97055046170628	-45.33126621521961	
-26.371947687524454	-34.00844668134362	-49.9296182685735	47.616603661073164	-66.5453698275106	45.617654797252825	50.583655941469196	-30.67094870431567	-59.06587614699847	-41.52281749836537	-5.666858757978249	73.14716724329548	-41.39376350711942	-8.71325114590719	-2.069479395082003	-74.56448470894688	19.166608738448847	9.395825749915641	-10.34639161851843	-67.76646849013493	11.811861295815484	56.540581959063886	-45.37852970137107	8.24971973264736	24.05285606122815	60.03964133009297	-30.779816002296336	-23.991740911772137	-66.97055046170628	-45.33126621521961	
-26.371947687524454	-34.00844668134362	-49.9296182685735	47.616603661073164	-66.5453698275106	45.617654797252825	50.583655941469196	-30.67094870431567	-59.06587614699847	-41.52281749836537	-5.666858757978249	73.14716724329548	-41.39376350711942	-8.71325114590719	-2.069479395082003	-74.56448470894688	19.166608738448847	9.395825749915641	-10.34639161851843	-67.76646849013493	11.811861295815484	56.540581959063886	-45.37852970137107	8.24971973264736	24.05285606122815	60.03964133009297	-30.779816002296336	-23.991740911772137	-66.97055046170628	-45.33126621521961	
-26.371947687524454	-34.00844668134362	-49.9296182685735	47.616603661073164	-66.5453698275106	45.617654797252825	50.583655941469196	-30.67094870431567	-59.06587614699847	-41.52281749836537	-5.666858757978249	73.14716724329548	-41.39376350711942	-8.71325114590719	-2.069479395082003	-74.56448470894688	19.166608738448847	9.395825749915641	-10.34639161851843	-67.76646849013493	11.811861295815484	56.540581959063886	-45.37852970137107	8.24971973264736	24.05285606122815	60.03964133009297	-30.779816002296336	-23.991740911772137	-66.97055046170628	-45.33126621521961	
-26.371947687524454	-34.00844668134362	-49.9296182685735	47.616603661073164	-66.5453698275106	45.617654797252825	50.583655941469196	-30.67094870431567	-59.06587614699847	-41.52281749836537	-5.666858757978249	73.14716724329548	-41.39376350711942	-8.71325114590719	-2.069479395082003	-74.56448470894688	19.166608738448847	9.395825749915641	-10.34639161851843	-67.76646849013493	11.811861295815484	56.540581959063886	-45.37852970137107	8.24971973264736	24.05285606122815	60.03964133009297	-30.779816002296336	-23.991740911772137	-66.97055046170628	-45.33126621521961	
-26.371947687524454	-34.00844668134362	-49.9296182685735	47.616603661073164	-66.5453698275106	45.617654797252825	50.583655941469196	-30.67094870431567	-59.06587614699847	-41.52281749836537	-5.666858757978249	73.14716724329548	-41.39376350711942	-8.71325114590719	-2.069479395082003	-74.56448470894688	19.166608738448847	9.395825749915641	-10.34639161851843	-67.76646849013493	11.811861295815484	56.540581959063886	-45.37852970137107	8.24971973264736	24.05285606122815	60.03964133009297	-30.779816002296336	-23.991740911772137	-66.97055046170628	-45.33126621521961	
-26.371947687524454	-34.00844668134362	-49.9296182685735	47.616603661073164	-66.5453698275106	45.617654797252825	50.583655941469196	-30.67094870431567	-59.06587614699847	-41.52281749836537	-5.666858757978249	73.14716724329548	-41.39376350711942	-8.71325114590719	-2.069479395082003	-74.56448470894688	19.166608738448847	9.395825749915641	-10.34639161851843	-67.76646849013493	11.811861295815484	56.540581959063886	-45.37852970137107	8.24971973264736	24.05285606122815	60.03964133009297	-30.779816002296336	-23.991740911772137	-66.97055046170628	-45.33126621521961	
-26.371947687524454	-34.00844668134362	-49.9296182685735	47.616603661073164	-66.5453698275106	45.617654797252825	50.583655941469196	-30.67094870431567	-59.06587614699847	-41.52281749836537	-5.666858757978249	73.14716724329548	-41.39376350711942	-8.71325114590719	-2.069479395082003	-74.56448470894688	19.166608738448847	9.395825749915641	-10.34639161851843	-67.76646849013493	11.811861295815484	56.540581959063886	-45.37852970137107	8.24971973264736	24.05285606122815	60.03964133009297	-30.779816002296336	-23.991740911772137	-66.97055046170628	-45.33126621521961	
-26.371947687524454	-34.00844668134362	-49.9296182685735	47.616603661073164	-66.5453698275106	45.617654797252825	50.583655941469196	-30.67094870431567	-59.06587614699847	-41.52281749836537	-5.666858757978249	73.14716724329548	-41.39376350711942	-8.71325114590719	-2.069479395082003	-74.56448470894688	19.166608738448847	9.395825749915641	-10.34639161851843	-67.76646849013493	11.811861295815484	56.540581959063886	-45.37852970137107	8.24971973264736	24.05285606122815	60.03964133009297	-30.779816002296336	-23.991740911772137	-66.97055046170628	-45.33126621521961	
-26.371947687524454	-34.00844668134362	-49.9296182685735	47.616603661073164	-66.5453698275106	45.617654797252825	50.583655941469196	-30.67094870431567	-59.06587614699847	-41.52281749836537	-5.666858757978249	73.14716724329548	-41.39376350711942	-8.71325114590719	-2.069479395082003	-74.56448470894688	19.166608738448847	9.395825749915641	-10.34639161851843	-67.76646849013493	11.811861295815484	56.540581959063886	-45.37852970137107	8.24971973264736	24.05285606122815	60.03964133009297	-30.779816002296336	-23.991740911772137	-66.97055046170628	-45.33126621521961	
-26.371947687524454	-34.00844668134362	-49.9296182685735	47.616603661073164	-66.5453698275106	45.617654797252825	50.583655941469196	-30.67094870431567	-59.06587614699847	-41.52281749836537	-5.666858757978249	73.14716724329548	-41.39376350711942	-8.71325114590719	-2.069479395082003	-74.56448470894688	19.166608738448847	9.395825749915641	-10.34639161851843	-67.76646849013493	11.811861295815484	56.540581959063886	-45.37852970137107	8.24971973264736	24.05285606122815	60.03964133009297	-30.779816002296336	-23.991740911772137	-66.97055046170628	-45.33126621521961	
-26.371947687524454	-34.00844668134362	-49.9296182685735	47.616603661073164	-66.5453698275106	45.617654797252825	50.583655941469196	-30.67094870431567	-59.06587614699847	-41.52281749836537	-5.666858757978249	73.14716724329548	-41.39376350711942	-8.71325114590719	-2.069479395082003	-74.56448470894688	19.166608738448847	9.395825749915641	-10.34639161851843	-67.76646849013493	11.811861295815484	56.540581959063886	-45.37852970137107	8.24971973264736	24.05285606122815	60.03964133009297	-30.779816002296336	-23.991740911772137	-66.97055046170628	-45.33126621521961	
