-54.034258875886664	-52.9582328796029	2.860011158075835	17.527555356111193	53.45133215887637	14.012468443266044	6.9588731267954245	29.16074890301968	-16.50585714065538	67.45121501754062	99.18198721304609	29.813438829245428	-61.32702197301116	-12.890581434615584	-21.215510072460958	92.12062334556558	-33.63349908058683	-28.84590780919514	-59.527267541442	25.201498382779434	78.77465784080226	27.110524801361535	-64.11469872839075	46.17612664109362	96.05883024595872	88.9353741416979	20.90590956189125	-41.760687962655794	-55.89277928884393	27.944377038658146	
-26.821309681077473	-34.29326115743163	-49.840625042148716	47.42696960457256	-66.63380600225435	44.71839101572143	50.83414633255627	-30.705687382588128	-59.05339827010397	-40.16140231959834	-5.4497385815005135	73.50964109308416	-41.83988811785654	-8.792646038244333	-1.953647313341027	-74.69688028558176	19.052354733430306	9.319987948336273	-10.37938301940981	-67.93797174823398	11.960905924407937	56.718838771145585	-45.21888232123355	8.039534863091387	23.99106976630849	60.38190195968572	-30.880554436023573	-24.13149867092448	-66.40532211809271	-45.25777276418137	
-26.372065938984903	-34.0082496658427	-49.92963393120531	47.61682245369193	-66.54546160434461	45.61762554147442	50.583691796380755	-30.670953465916273	-59.06587939798815	-41.522812395154	-5.666832108374125	73.14714602538376	-41.39375378444987	-8.713262913195836	-2.069507198614554	-74.56449732604084	19.1665970832793	9.395841124756661	-10.34639782084422	-67.76648041537423	11.811840676771135	56.540573358408665	-45.37853367332259	8.249720651617128	24.052856136798823	60.039647014047	-30.779810942938617	-23.991728829820303	-66.97056547085857	-45.33126266991894	
-26.371942829074243	-34.008436530025676	-49.92961804372264	47.61659874726976	-66.54537160252262	45.61765615178408	50.583654984741834	-30.670946794597704	-59.06587806826964	-41.52281694810827	-5.666858751810299	73.14716884585937	-41.39375969003703	-8.713251114379753	-2.069479886521069	-74.56448614757772	19.16660881897194	9.395857488389836	-10.346391446860155	-67.76646813099143	11.811861141946284	56.54058189626422	-45.37852944881885	8.249720453707345	24.0528559826839	60.03964132510682	-30.77981605225743	-23.991740944474213	-66.97055068071666	-45.331266220318035	
-26.371942829074243	-34.008436530025676	-49.92961804372264	47.61659874726976	-66.54537160252262	45.61765615178408	50.583654984741834	-30.670946794597704	-59.06587806826964	-41.52281694810827	-5.666858751810299	73.14716884585937	-41.39375969003703	-8.713251114379753	-2.069479886521069	-74.56448614757772	19.16660881897194	9.395857488389836	-10.346391446860155	-67.76646813099143	11.811861141946284	56.54058189626422	-45.37852944881885	8.249720453707345	24.0528559826839	60.03964132510682	-30.77981605225743	-23.991740944474213	-66.97055068071666	-45.331266220318035	
-26.371942829074243	-34.008436530025676	-49.92961804372264	47.61659874726976	-66.54537160252262	45.61765615178408	50.583654984741834	-30.670946794597704	-59.06587806826964	-41.52281694810827	-5.666858751810299	73.14716884585937	-41.39375969003703	-8.713251114379753	-2.069479886521069	-74.56448614757772	19.16660881897194	9.395857488389836	-10.346391446860155	-67.76646813099143	11.811861141946284	56.54058189626422	-45.37852944881885	8.249720453707345	24.0528559826839	60.03964132510682	-30.77981605225743	-23.991740944474213	-66.97055068071666	-45.331266220318035	
-26.371942829074243	-34.008436530025676	-49.92961804372264	47.61659874726976	-66.54537160252262	45.61765615178408	50.583654984741834	-30.670946794597704	-59.06587806826964	-41.52281694810827	-5.666858751810299	73.14716884585937	-41.39375969003703	-8.713251114379753	-2.069479886521069	-74.56448614757772	19.16660881897194	9.395857488389836	-10.346391446860155	-67.76646813099143	11.811861141946284	56.54058189626422	-45.37852944881885	8.249720453707345	24.0528559826839	60.03964132510682	-30.77981605225743	-23.991740944474213	-66.97055068071666	-45.331266220318035	
-26.371942829074243	-34.008436530025676	-49.92961804372264	47.61659874726976	-66.54537160252262	45.61765615178408	50.583654984741834	-30.670946794597704	-59.06587806826964	-41.52281694810827	-5.666858751810299	73.14716884585937	-41.39375969003703	-8.713251114379753	-2.069479886521069	-74.56448614757772	19.16660881897194	9.395857488389836	-10.346391446860155	-67.76646813099143	11.811861141946284	56.54058189626422	-45.37852944881885	8.249720453707345	24.0528559826839	60.03964132510682	-30.77981605225743	-23.991740944474213	-66.97055068071666	-45.331266220318035	
-26.371942829074243	-34.008436530025676	-49.92961804372264	47.61659874726976	-66.54537160252262	45.61765615178408	50.583654984741834	-30.670946794597704	-59.06587806826964	-41.52281694810827	-5.666858751810299	73.14716884585937	-41.39375969003703	-8.713251114379753	-2.069479886521069	-74.56448614757772	19.16660881897194	9.395857488389836	-10.346391446860155	-67.76646813099143	11.811861141946284	56.54058189626422	-45.37852944881885	8.249720453707345	24.0528559826839	60.03964132510682	-30.77981605225743	-23.991740944474213	-66.97055068071666	-45.331266220318035	
-26.371942829074243	-34.008436530025676	-49.92961804372264	47.61659874726976	-66.54537160252262	45.61765615178408	50.583654984741834	-30.670946794597704	-59.06587806826964	-41.52281694810827	-5.666858751810299	73.14716884585937	-41.39375969003703	-8.713251114379753	-2.069479886521069	-74.56448614757772	19.16660881897194	9.395857488389836	-10.346391446860155	-67.76646813099143	11.811861141946284	56.54058189626422	-45.37852944881885	8.249720453707345	24.0528559826839	60.03964132510682	-30.77981605225743	-23.991740944474213	-66.97055068071666	-45.331266220318035	
-26.371942829074243	-34.008436530025676	-49.92961804372264	47.61659874726976	-66.54537160252262	45.61765615178408	50.583654984741834	-30.670946794597704	-59.06587806826964	-41.52281694810827	-5.666858751810299	73.14716884585937	-41.39375969003703	-8.713251114379753	-2.069479886521069	-74.56448614757772	19.16660881897194	9.395857488389836	-10.346391446860155	-67.76646813099143	11.811861141946284	56.54058189626422	-45.37852944881885	8.249720453707345	24.0528559826839	60.03964132510682	-30.77981605225743	-23.991740944474213	-66.97055068071666	-45.331266220318035	
-26.371942829074243	-34.008436530025676	-49.92961804372264	47.61659874726976	-66.54537160252262	45.61765615178408	50.583654984741834	-30.670946794597704	-59.06587806826964	-41.52281694810827	-5.666858751810299	73.14716884585937	-41.39375969003703	-8.713251114379753	-2.069479886521069	-74.56448614757772	19.16660881897194	9.395857488389836	-10.346391446860155	-67.76646813099143	11.811861141946284	56.54058189626422	-45.37852944881885	8.249720453707345	24.0528559826839	60.03964132510682	-30.77981605225743	-23.991740944474213	-66.97055068071666	-45.331266220318035	
-26.371942829074243	-34.008436530025676	-49.92961804372264	47.61659874726976	-66.54537160252262	45.61765615178408	50.583654984741834	-30.670946794597704	-59.06587806826964	-41.52281694810827	-5.666858751810299	73.14716884585937	-41.39375969003703	-8.713251114379753	-2.069479886521069	-74.56448614757772	19.16660881897194	9.395857488389836	-10.346391446860155	-67.76646813099143	11.811861141946284	56.54058189626422	-45.37852944881885	8.249720453707345	24.0528559826839	60.03964132510682	-30.77981605225743	-23.991740944474213	-66.97055068071666	-45.331266220318035	
-26.371942829074243	-34.008436530025676	-49.92961804372264	47.61659874726976	-66.54537160252262	45.61765615178408	50.583654984741834	-30.670946794597704	-59.06587806826964	-41.52281694810827	-5.666858751810299	73.14716884585937	-41.39375969003703	-8.713251114379753	-2.069479886521069	-74.56448614757772	19.16660881897194	9.395857488389836	-10.346391446860155	-67.76646813099143	11.811861141946284	56.54058189626422	-45.37852944881885	8.249720453707345	24.0528559826839	60.03964132510682	-30.77981605225743	-23.991740944474213	-66.97055068071666	-45.331266220318035	
-26.371942829074243	-34.008436530025676	-49.92961804372264	47.61659874726976	-66.54537160252262	45.61765615178408	50.583654984741834	-30.670946794597704	-59.06587806826964	-41.52281694810827	-5.666858751810299	73.14716884585937	-41.39375969003703	-8.713251114379753	-2.069479886521069	-74.56448614757772	19.16660881897194	9.395857488389836	-10.346391446860155	-67.76646813099143	11.811861141946284	56.54058189626422	-45.37852944881885	8.249720453707345	24.0528559826839	60.03964132510682	-30.77981605225743	-23.991740944474213	-66.97055068071666	-45.331266220318035	
-26.371942829074243	-34.008436530025676	-49.92961804372264	47.61659874726976	-66.54537160252262	45.61765615178408	50.583654984741834	-30.670946794597704	-59.06587806826964	-41.52281694810827	-5.666858751810299	73.14716884585937	-41.39375969003703	-8.713251114379753	-2.069479886521069	-74.56448614757772	19.16660881897194	9.395857488389836	-10.346391446860155	-67.76646813099143	11.811861141946284	56.54058189626422	-45.37852944881885	8.249720453707345	24.0528559826839	60.03964132510682	-30.77981605225743	-23.991740944474213	-66.97055068071666	-45.331266220318035	
-26.371942829074243	-34.008436530025676	-49.92961804372264	47.61659874726976	-66.54537160252262	45.61765615178408	50.583654984741834	-30.670946794597704	-59.06587806826964	-41.52281694810827	-5.666858751810299	73.14716884585937	-41.39375969003703	-8.713251114379753	-2.069479886521069	-74.56448614757772	19.16660881897194	9.395857488389836	-10.346391446860155	-67.76646813099143	11.811861141946284	56.54058189626422	-45.37852944881885	8.249720453707345	24.0528559826839	60.03964132510682	-30.77981605225743	-23.991740944474213	-66.97055068071666	-45.331266220318035	
-26.371942829074243	-34.008436530025676	-49.92961804372264	47.61659874726976	-66.54537160252262	45.61765615178408	50.583654984741834	-30.670946794597704	-59.06587806826964	-41.52281694810827	-5.666858751810299	73.14716884585937	-41.39375969003703	-8.713251114379753	-2.069479886521069	-74.56448614757772	19.16660881897194	9.395857488389836	-10.346391446860155	-67.76646813099143	11.811861141946284	56.54058189626422	-45.37852944881885	8.249720453707345	24.0528559826839	60.03964132510682	-30.77981605225743	-23.991740944474213	-66.97055068071666	-45.331266220318035	
-26.371942829074243	-34.008436530025676	-49.92961804372264	47.61659874726976	-66.54537160252262	45.61765615178408	50.583654984741834	-30.670946794597704	-59.06587806826964	-41.52281694810827	-5.666858751810299	73.14716884585937	-41.39375969003703	-8.713251114379753	-2.069479886521069	-74.56448614757772	19.16660881897194	9.395857488389836	-10.346391446860155	-67.76646813099143	11.811861141946284	56.54058189626422	-45.37852944881885	8.249720453707345	24.0528559826839	60.03964132510682	-30.77981605225743	-23.991740944474213	-66.97055068071666	-45.331266220318035	
-26.371942829074243	-34.008436530025676	-49.92961804372264	47.61659874726976	-66.54537160252262	45.61765615178408	50.583654984741834	-30.670946794597704	-59.06587806826964	-41.52281694810827	-5.666858751810299	73.14716884585937	-41.39375969003703	-8.713251114379753	-2.069479886521069	-74.56448614757772	19.16660881897194	9.395857488389836	-10.346391446860155	-67.76646813099143	11.811861141946284	56.54058189626422	-45.37852944881885	8.249720453707345	24.0528559826839	60.03964132510682	-30.77981605225743	-23.991740944474213	-66.97055068071666	-45.331266220318035	
-26.371942829074243	-34.008436530025676	-49.92961804372264	47.61659874726976	-66.54537160252262	45.61765615178408	50.583654984741834	-30.670946794597704	-59.06587806826964	-41.52281694810827	-5.666858751810299	73.14716884585937	-41.39375969003703	-8.713251114379753	-2.069479886521069	-74.56448614757772	19.16660881897194	9.395857488389836	-10.346391446860155	-67.76646813099143	11.811861141946284	56.54058189626422	-45.37852944881885	8.249720453707345	24.0528559826839	60.03964132510682	-30.77981605225743	-23.991740944474213	-66.97055068071666	-45.331266220318035	
-26.371942829074243	-34.008436530025676	-49.92961804372264	47.61659874726976	-66.54537160252262	45.61765615178408	50.583654984741834	-30.670946794597704	-59.06587806826964	-41.52281694810827	-5.666858751810299	73.14716884585937	-41.39375969003703	-8.713251114379753	-2.069479886521069	-74.56448614757772	19.16660881897194	9.395857488389836	-10.346391446860155	-67.76646813099143	11.811861141946284	56.54058189626422	-45.37852944881885	8.249720453707345	24.0528559826839	60.03964132510682	-30.77981605225743	-23.991740944474213	-66.97055068071666	-45.331266220318035	
-26.371942829074243	-34.008436530025676	-49.92961804372264	47.61659874726976	-66.54537160252262	45.61765615178408	50.583654984741834	-30.670946794597704	-59.06587806826964	-41.52281694810827	-5.666858751810299	73.14716884585937	-41.39375969003703	-8.713251114379753	-2.069479886521069	-74.56448614757772	19.16660881897194	9.395857488389836	-10.346391446860155	-67.76646813099143	11.811861141946284	56.54058189626422	-45.37852944881885	8.249720453707345	24.0528559826839	60.03964132510682	-30.77981605225743	-23.991740944474213	-66.97055068071666	-45.331266220318035	
-26.371942829074243	-34.008436530025676	-49.92961804372264	47.61659874726976	-66.54537160252262	45.61765615178408	50.583654984741834	-30.670946794597704	-59.06587806826964	-41.52281694810827	-5.666858751810299	73.14716884585937	-41.39375969003703	-8.713251114379753	-2.069479886521069	-74.56448614757772	19.16660881897194	9.395857488389836	-10.346391446860155	-67.76646813099143	11.811861141946284	56.54058189626422	-45.37852944881885	8.249720453707345	24.0528559826839	60.03964132510682	-30.77981605225743	-23.991740944474213	-66.97055068071666	-45.331266220318035	
-26.371942829074243	-34.008436530025676	-49.92961804372264	47.61659874726976	-66.54537160252262	45.61765615178408	50.583654984741834	-30.670946794597704	-59.06587806826964	-41.52281694810827	-5.666858751810299	73.14716884585937	-41.39375969003703	-8.713251114379753	-2.069479886521069	-74.56448614757772	19.16660881897194	9.395857488389836	-10.346391446860155	-67.76646813099143	11.811861141946284	56.54058189626422	-45.37852944881885	8.249720453707345	24.0528559826839	60.03964132510682	-30.77981605225743	-23.991740944474213	-66.97055068071666	-45.331266220318035	
-26.371942829074243	-34.008436530025676	-49.92961804372264	47.61659874726976	-66.54537160252262	45.61765615178408	50.583654984741834	-30.670946794597704	-59.06587806826964	-41.52281694810827	-5.666858751810299	73.14716884585937	-41.39375969003703	-8.713251114379753	-2.069479886521069	-74.56448614757772	19.16660881897194	9.395857488389836	-10.346391446860155	-67.76646813099143	11.811861141946284	56.54058189626422	-45.37852944881885	8.249720453707345	24.0528559826839	60.03964132510682	-30.77981605225743	-23.991740944474213	-66.97055068071666	-45.331266220318035	
-26.371942829074243	-34.008436530025676	-49.92961804372264	47.61659874726976	-66.54537160252262	45.61765615178408	50.583654984741834	-30.670946794597704	-59.06587806826964	-41.52281694810827	-5.666858751810299	73.14716884585937	-41.39375969003703	-8.713251114379753	-2.069479886521069	-74.56448614757772	19.16660881897194	9.395857488389836	-10.346391446860155	-67.76646813099143	11.811861141946284	56.54058189626422	-45.37852944881885	8.249720453707345	24.0528559826839	60.03964132510682	-30.77981605225743	-23.991740944474213	-66.97055068071666	-45.331266220318035	
-26.371942829074243	-34.008436530025676	-49.92961804372264	47.61659874726976	-66.54537160252262	45.61765615178408	50.583654984741834	-30.670946794597704	-59.06587806826964	-41.52281694810827	-5.666858751810299	73.14716884585937	-41.39375969003703	-8.713251114379753	-2.069479886521069	-74.56448614757772	19.16660881897194	9.395857488389836	-10.346391446860155	-67.76646813099143	11.811861141946284	56.54058189626422	-45.37852944881885	8.249720453707345	24.0528559826839	60.03964132510682	-30.77981605225743	-23.991740944474213	-66.97055068071666	-45.331266220318035	
-26.371942829074243	-34.008436530025676	-49.92961804372264	47.61659874726976	-66.54537160252262	45.61765615178408	50.583654984741834	-30.670946794597704	-59.06587806826964	-41.52281694810827	-5.666858751810299	73.14716884585937	-41.39375969003703	-8.713251114379753	-2.069479886521069	-74.56448614757772	19.16660881897194	9.395857488389836	-10.346391446860155	-67.76646813099143	11.811861141946284	56.54058189626422	-45.37852944881885	8.249720453707345	24.0528559826839	60.03964132510682	-30.77981605225743	-23.991740944474213	-66.97055068071666	-45.331266220318035	
-26.371942829074243	-34.008436530025676	-49.92961804372264	47.61659874726976	-66.54537160252262	45.61765615178408	50.583654984741834	-30.670946794597704	-59.06587806826964	-41.52281694810827	-5.666858751810299	73.14716884585937	-41.39375969003703	-8.713251114379753	-2.069479886521069	-74.56448614757772	19.16660881897194	9.395857488389836	-10.346391446860155	-67.76646813099143	11.811861141946284	56.54058189626422	-45.37852944881885	8.249720453707345	24.0528559826839	60.03964132510682	-30.77981605225743	-23.991740944474213	-66.97055068071666	-45.331266220318035	
-26.371942829074243	-34.008436530025676	-49.92961804372264	47.61659874726976	-66.54537160252262	45.61765615178408	50.583654984741834	-30.670946794597704	-59.06587806826964	-41.52281694810827	-5.666858751810299	73.14716884585937	-41.39375969003703	-8.713251114379753	-2.069479886521069	-74.56448614757772	19.16660881897194	9.395857488389836	-10.346391446860155	-67.76646813099143	11.811861141946284	56.54058189626422	-45.37852944881885	8.249720453707345	24.0528559826839	60.03964132510682	-30.77981605225743	-23.991740944474213	-66.97055068071666	-45.331266220318035	
-26.371942829074243	-34.008436530025676	-49.92961804372264	47.61659874726976	-66.54537160252262	45.61765615178408	50.583654984741834	-30.670946794597704	-59.06587806826964	-41.52281694810827	-5.666858751810299	73.14716884585937	-41.39375969003703	-8.713251114379753	-2.069479886521069	-74.56448614757772	19.16660881897194	9.395857488389836	-10.346391446860155	-67.76646813099143	11.811861141946284	56.54058189626422	-45.37852944881885	8.249720453707345	24.0528559826839	60.03964132510682	-30.77981605225743	-23.991740944474213	-66.97055068071666	-45.331266220318035	
-26.371942829074243	-34.008436530025676	-49.92961804372264	47.61659874726976	-66.54537160252262	45.61765615178408	50.583654984741834	-30.670946794597704	-59.06587806826964	-41.52281694810827	-5.666858751810299	73.14716884585937	-41.39375969003703	-8.713251114379753	-2.069479886521069	-74.56448614757772	19.16660881897194	9.395857488389836	-10.346391446860155	-67.76646813099143	11.811861141946284	56.54058189626422	-45.37852944881885	8.249720453707345	24.0528559826839	60.03964132510682	-30.77981605225743	-23.991740944474213	-66.97055068071666	-45.331266220318035	
-26.371942829074243	-34.008436530025676	-49.92961804372264	47.61659874726976	-66.54537160252262	45.61765615178408	50.583654984741834	-30.670946794597704	-59.06587806826964	-41.52281694810827	-5.666858751810299	73.14716884585937	-41.39375969003703	-8.713251114379753	-2.069479886521069	-74.56448614757772	19.16660881897194	9.395857488389836	-10.346391446860155	-67.76646813099143	11.811861141946284	56.54058189626422	-45.37852944881885	8.249720453707345	24.0528559826839	60.03964132510682	-30.77981605225743	-23.991740944474213	-66.97055068071666	-45.331266220318035	
-26.371942829074243	-34.008436530025676	-49.92961804372264	47.61659874726976	-66.54537160252262	45.61765615178408	50.583654984741834	-30.670946794597704	-59.06587806826964	-41.52281694810827	-5.666858751810299	73.14716884585937	-41.39375969003703	-8.713251114379753	-2.069479886521069	-74.56448614757772	19.16660881897194	9.395857488389836	-10.346391446860155	-67.76646813099143	11.811861141946284	56.54058189626422	-45.37852944881885	8.249720453707345	24.0528559826839	60.03964132510682	-30.77981605225743	-23.991740944474213	-66.97055068071666	-45.331266220318035	
-26.371942829074243	-34.008436530025676	-49.92961804372264	47.61659874726976	-66.54537160252262	45.61765615178408	50.583654984741834	-30.670946794597704	-59.06587806826964	-41.52281694810827	-5.666858751810299	73.14716884585937	-41.39375969003703	-8.713251114379753	-2.069479886521069	-74.56448614757772	19.16660881897194	9.395857488389836	-10.346391446860155	-67.76646813099143	11.811861141946284	56.54058189626422	-45.37852944881885	8.249720453707345	24.0528559826839	60.03964132510682	-30.77981605225743	-23.991740944474213	-66.97055068071666	-45.331266220318035	
-26.371942829074243	-34.008436530025676	-49.92961804372264	47.61659874726976	-66.54537160252262	45.61765615178408	50.583654984741834	-30.670946794597704	-59.06587806826964	-41.52281694810827	-5.666858751810299	73.14716884585937	-41.39375969003703	-8.713251114379753	-2.069479886521069	-74.56448614757772	19.16660881897194	9.395857488389836	-10.346391446860155	-67.76646813099143	11.811861141946284	56.54058189626422	-45.37852944881885	8.249720453707345	24.0528559826839	60.03964132510682	-30.77981605225743	-23.991740944474213	-66.97055068071666	-45.331266220318035	
-26.371942829074243	-34.008436530025676	-49.92961804372264	47.61659874726976	-66.54537160252262	45.61765615178408	50.583654984741834	-30.670946794597704	-59.06587806826964	-41.52281694810827	-5.666858751810299	73.14716884585937	-41.39375969003703	-8.713251114379753	-2.069479886521069	-74.56448614757772	19.16660881897194	9.395857488389836	-10.346391446860155	-67.76646813099143	11.811861141946284	56.54058189626422	-45.37852944881885	8.249720453707345	24.0528559826839	60.03964132510682	-30.77981605225743	-23.991740944474213	-66.97055068071666	-45.331266220318035	
-26.371942829074243	-34.008436530025676	-49.92961804372264	47.61659874726976	-66.54537160252262	45.61765615178408	50.583654984741834	-30.670946794597704	-59.06587806826964	-41.52281694810827	-5.666858751810299	73.14716884585937	-41.39375969003703	-8.713251114379753	-2.069479886521069	-74.56448614757772	19.16660881897194	9.395857488389836	-10.346391446860155	-67.76646813099143	11.811861141946284	56.54058189626422	-45.37852944881885	8.249720453707345	24.0528559826839	60.03964132510682	-30.77981605225743	-23.991740944474213	-66.97055068071666	-45.331266220318035	
-26.371942829074243	-34.008436530025676	-49.92961804372264	47.61659874726976	-66.54537160252262	45.61765615178408	50.583654984741834	-30.670946794597704	-59.06587806826964	-41.52281694810827	-5.666858751810299	73.14716884585937	-41.39375969003703	-8.713251114379753	-2.069479886521069	-74.56448614757772	19.16660881897194	9.395857488389836	-10.346391446860155	-67.76646813099143	11.811861141946284	56.54058189626422	-45.37852944881885	8.249720453707345	24.0528559826839	60.03964132510682	-30.77981605225743	-23.991740944474213	-66.97055068071666	-45.331266220318035	
-26.371942829074243	-34.008436530025676	-49.92961804372264	47.61659874726976	-66.54537160252262	45.61765615178408	50.583654984741834	-30.670946794597704	-59.06587806826964	-41.52281694810827	-5.666858751810299	73.14716884585937	-41.39375969003703	-8.713251114379753	-2.069479886521069	-74.56448614757772	19.16660881897194	9.395857488389836	-10.346391446860155	-67.76646813099143	11.811861141946284	56.54058189626422	-45.37852944881885	8.249720453707345	24.0528559826839	60.03964132510682	-30.77981605225743	-23.991740944474213	-66.97055068071666	-45.331266220318035	
-26.371942829074243	-34.008436530025676	-49.92961804372264	47.61659874726976	-66.54537160252262	45.61765615178408	50.583654984741834	-30.670946794597704	-59.06587806826964	-41.52281694810827	-5.666858751810299	73.14716884585937	-41.39375969003703	-8.713251114379753	-2.069479886521069	-74.56448614757772	19.16660881897194	9.395857488389836	-10.346391446860155	-67.76646813099143	11.811861141946284	56.54058189626422	-45.37852944881885	8.249720453707345	24.0528559826839	60.03964132510682	-30.77981605225743	-23.991740944474213	-66.97055068071666	-45.331266220318035	
-26.371942829074243	-34.008436530025676	-49.92961804372264	47.61659874726976	-66.54537160252262	45.61765615178408	50.583654984741834	-30.670946794597704	-59.06587806826964	-41.52281694810827	-5.666858751810299	73.14716884585937	-41.39375969003703	-8.713251114379753	-2.069479886521069	-74.56448614757772	19.16660881897194	9.395857488389836	-10.346391446860155	-67.76646813099143	11.811861141946284	56.54058189626422	-45.37852944881885	8.249720453707345	24.0528559826839	60.03964132510682	-30.77981605225743	-23.991740944474213	-66.97055068071666	-45.331266220318035	
-26.371942829074243	-34.008436530025676	-49.92961804372264	47.61659874726976	-66.54537160252262	45.61765615178408	50.583654984741834	-30.670946794597704	-59.06587806826964	-41.52281694810827	-5.666858751810299	73.14716884585937	-41.39375969003703	-8.713251114379753	-2.069479886521069	-74.56448614757772	19.16660881897194	9.395857488389836	-10.346391446860155	-67.76646813099143	11.811861141946284	56.54058189626422	-45.37852944881885	8.249720453707345	24.0528559826839	60.03964132510682	-30.77981605225743	-23.991740944474213	-66.97055068071666	-45.331266220318035	
-26.371942829074243	-34.008436530025676	-49.92961804372264	47.61659874726976	-66.54537160252262	45.61765615178408	50.583654984741834	-30.670946794597704	-59.06587806826964	-41.52281694810827	-5.666858751810299	73.14716884585937	-41.39375969003703	-8.713251114379753	-2.069479886521069	-74.56448614757772	19.16660881897194	9.395857488389836	-10.346391446860155	-67.76646813099143	11.811861141946284	56.54058189626422	-45.37852944881885	8.249720453707345	24.0528559826839	60.03964132510682	-30.77981605225743	-23.991740944474213	-66.97055068071666	-45.331266220318035	
-26.371942829074243	-34.008436530025676	-49.92961804372264	47.61659874726976	-66.54537160252262	45.61765615178408	50.583654984741834	-30.670946794597704	-59.06587806826964	-41.52281694810827	-5.666858751810299	73.14716884585937	-41.39375969003703	-8.713251114379753	-2.069479886521069	-74.56448614757772	19.16660881897194	9.395857488389836	-10.346391446860155	-67.76646813099143	11.811861141946284	56.54058189626422	-45.37852944881885	8.249720453707345	24.0528559826839	60.03964132510682	-30.77981605225743	-23.991740944474213	-66.97055068071666	-45.331266220318035	
-26.371942829074243	-34.008436530025676	-49.92961804372264	47.61659874726976	-66.54537160252262	45.61765615178408	50.583654984741834	-30.670946794597704	-59.06587806826964	-41.52281694810827	-5.666858751810299	73.14716884585937	-41.39375969003703	-8.713251114379753	-2.069479886521069	-74.56448614757772	19.16660881897194	9.395857488389836	-10.346391446860155	-67.76646813099143	11.811861141946284	56.54058189626422	-45.37852944881885	8.249720453707345	24.0528559826839	60.03964132510682	-30.77981605225743	-23.991740944474213	-66.97055068071666	-45.331266220318035	
