300	11374.935759813405
12967	3100.910931867141
14158	3100.006986706067
15069	3100.000037401468
16002	3100.0000346739307
16936	3100.0000346739307
27453	3100.0000346739307
37742	3100.0000346739307
45210	3100.0000346739307
53981	3100.0000346739307
65437	3100.0000346739307
77268	3100.0000346739307
87677	3100.0000346739307
99744	3100.0000346739307
109481	3100.0000346739307
114624	3100.0000346739307
124003	3100.0000346739307
128101	3100.0000346739307
131982	3100.0000346739307
136734	3100.0000346739307
141842	3100.0000346739307
151545	3100.0000346739307
156446	3100.0000346739307
167529	3100.0000346739307
180914	3100.0000346739307
192393	3100.0000346739307
202159	3100.0000346739307
214344	3100.0000346739307
219437	3100.0000346739307
231475	3100.0000346739307
241281	3100.0000346739307
253410	3100.0000346739307
257875	3100.0000346739307
269602	3100.0000346739307
283099	3100.0000346739307
294828	3100.0000346739307
304937	3100.0000346739307
