300	9839.900594322122
635	8256.853398183748
970	6675.273812433108
1291	6376.833990410244
1620	5618.372765820107
1947	5350.704688328088
2275	4880.497442813732
2604	4710.816153605814
2936	4343.194801974258
3262	4256.078193989866
3589	4013.283235213921
3921	3947.59251280458
4251	3873.237241311711
4578	3782.7968297791595
4906	3728.5430309818116
5237	3658.9537161585376
5566	3603.000527089497
5890	3592.378996920152
6217	3540.581512097535
6548	3489.631320349787
6877	3473.302251753503
7207	3461.313580318124
7539	3442.3967194688735
7870	3427.706998668528
8198	3424.4037298009466
8529	3410.469969823309
8862	3393.9332781290623
9188	3391.337100350457
9513	3373.0420907683756
9846	3365.2963773195925
10172	3358.480296819907
10499	3350.782068824751
10826	3346.1864622011253
11155	3340.628543726317
11484	3336.522952865612
11812	3332.1037393231463
12136	3328.181830462907
12465	3326.96351659271
12792	3322.5897786010974
13118	3320.0548914696583
13446	3317.3007511958554
26338	3100.000013513986
40474	3100.0000000559694
40800	3100.0000000559694
41127	3100.0000000559694
41454	3100.0000000559694
41778	3100.0000000559694
42104	3100.0000000559694
42424	3100.0000000559694
42745	3100.0000000559694
43067	3100.0000000559694
43390	3100.0000000559694
43709	3100.0000000559694
44028	3100.0000000559694
44351	3100.0000000559694
44674	3100.0000000559694
44993	3100.0000000559694
45313	3100.0000000559694
45635	3100.0000000559694
45957	3100.0000000559694
46281	3100.0000000559694
51853	3100.0000000559694
52174	3100.0000000559694
52501	3100.0000000559694
52825	3100.0000000559694
53150	3100.0000000559694
53476	3100.0000000559694
53804	3100.0000000559694
54130	3100.0000000559694
54455	3100.0000000559694
54783	3100.0000000559694
55113	3100.0000000559694
55437	3100.0000000559694
55762	3100.0000000559694
56088	3100.0000000559694
56416	3100.0000000559694
56741	3100.0000000559694
57067	3100.0000000559694
57391	3100.0000000559694
57719	3100.0000000559694
58046	3100.0000000559694
69282	3100.0000000559694
69614	3100.0000000559694
69948	3100.0000000559694
70281	3100.0000000559694
70607	3100.0000000559694
70937	3100.0000000559694
71264	3100.0000000559694
71596	3100.0000000559694
71924	3100.0000000559694
72254	3100.0000000559694
72584	3100.0000000559694
72915	3100.0000000559694
73253	3100.0000000559694
73586	3100.0000000559694
73915	3100.0000000559694
74246	3100.0000000559694
74576	3100.0000000559694
74908	3100.0000000559694
75238	3100.0000000559694
75572	3100.0000000559694
79297	3100.0000000559694
79623	3100.0000000559694
79956	3100.0000000559694
80293	3100.0000000559694
80623	3100.0000000559694
80956	3100.0000000559694
81286	3100.0000000559694
81616	3100.0000000559694
81946	3100.0000000559694
82278	3100.0000000559694
82612	3100.0000000559694
82943	3100.0000000559694
83278	3100.0000000559694
83608	3100.0000000559694
83942	3100.0000000559694
84274	3100.0000000559694
84606	3100.0000000559694
84934	3100.0000000559694
85263	3100.0000000559694
85595	3100.0000000559694
89585	3100.0000000559694
89911	3100.0000000559694
90243	3100.0000000559694
90578	3100.0000000559694
90910	3100.0000000559694
91245	3100.0000000559694
91577	3100.0000000559694
91909	3100.0000000559694
92238	3100.0000000559694
92569	3100.0000000559694
92902	3100.0000000559694
93230	3100.0000000559694
93563	3100.0000000559694
93891	3100.0000000559694
94227	3100.0000000559694
94555	3100.0000000559694
94890	3100.0000000559694
95219	3100.0000000559694
95547	3100.0000000559694
95877	3100.0000000559694
106019	3100.0000000559694
106348	3100.0000000559694
106676	3100.0000000559694
107008	3100.0000000559694
107343	3100.0000000559694
107670	3100.0000000559694
108006	3100.0000000559694
108340	3100.0000000559694
108673	3100.0000000559694
109004	3100.0000000559694
112789	3100.0000000559694
113118	3100.0000000559694
113447	3100.0000000559694
113779	3100.0000000559694
114108	3100.0000000559694
114441	3100.0000000559694
114766	3100.0000000559694
115099	3100.0000000559694
115433	3100.0000000559694
115765	3100.0000000559694
116092	3100.0000000559694
116423	3100.0000000559694
116756	3100.0000000559694
117083	3100.0000000559694
117417	3100.0000000559694
117748	3100.0000000559694
118081	3100.0000000559694
118409	3100.0000000559694
118747	3100.0000000559694
119084	3100.0000000559694
122500	3100.0000000559694
122834	3100.0000000559694
123166	3100.0000000559694
123501	3100.0000000559694
123837	3100.0000000559694
124167	3100.0000000559694
124499	3100.0000000559694
124836	3100.0000000559694
125171	3100.0000000559694
125504	3100.0000000559694
125841	3100.0000000559694
126176	3100.0000000559694
126506	3100.0000000559694
126840	3100.0000000559694
127173	3100.0000000559694
127503	3100.0000000559694
127837	3100.0000000559694
128169	3100.0000000559694
128502	3100.0000000559694
128835	3100.0000000559694
132342	3100.0000000559694
132679	3100.0000000559694
133010	3100.0000000559694
133342	3100.0000000559694
133675	3100.0000000559694
134005	3100.0000000559694
134339	3100.0000000559694
134664	3100.0000000559694
134995	3100.0000000559694
135324	3100.0000000559694
135658	3100.0000000559694
135993	3100.0000000559694
136325	3100.0000000559694
136660	3100.0000000559694
136988	3100.0000000559694
137319	3100.0000000559694
137649	3100.0000000559694
137986	3100.0000000559694
138315	3100.0000000559694
138644	3100.0000000559694
142031	3100.0000000559694
142362	3100.0000000559694
142693	3100.0000000559694
143018	3100.0000000559694
143349	3100.0000000559694
143681	3100.0000000559694
144014	3100.0000000559694
144346	3100.0000000559694
144676	3100.0000000559694
145007	3100.0000000559694
145342	3100.0000000559694
145678	3100.0000000559694
146016	3100.0000000559694
146346	3100.0000000559694
146681	3100.0000000559694
147012	3100.0000000559694
147345	3100.0000000559694
147678	3100.0000000559694
148011	3100.0000000559694
148345	3100.0000000559694
151944	3100.0000000559694
152283	3100.0000000559694
152612	3100.0000000559694
152944	3100.0000000559694
153284	3100.0000000559694
153613	3100.0000000559694
153949	3100.0000000559694
154279	3100.0000000559694
154611	3100.0000000559694
154940	3100.0000000559694
164546	3100.0000000559694
164878	3100.0000000559694
165205	3100.0000000559694
165532	3100.0000000559694
165864	3100.0000000559694
166199	3100.0000000559694
166527	3100.0000000559694
166859	3100.0000000559694
167197	3100.0000000559694
167532	3100.0000000559694
167862	3100.0000000559694
168192	3100.0000000559694
168521	3100.0000000559694
168854	3100.0000000559694
169187	3100.0000000559694
169517	3100.0000000559694
169851	3100.0000000559694
170186	3100.0000000559694
170516	3100.0000000559694
170848	3100.0000000559694
174333	3100.0000000559694
174663	3100.0000000559694
175004	3100.0000000559694
175340	3100.0000000559694
175671	3100.0000000559694
176004	3100.0000000559694
176339	3100.0000000559694
176674	3100.0000000559694
177001	3100.0000000559694
177337	3100.0000000559694
177665	3100.0000000559694
177998	3100.0000000559694
178336	3100.0000000559694
178669	3100.0000000559694
179009	3100.0000000559694
179340	3100.0000000559694
179681	3100.0000000559694
180013	3100.0000000559694
180345	3100.0000000559694
180680	3100.0000000559694
184036	3100.0000000559694
184367	3100.0000000559694
184706	3100.0000000559694
185035	3100.0000000559694
185370	3100.0000000559694
185706	3100.0000000559694
186040	3100.0000000559694
186368	3100.0000000559694
186698	3100.0000000559694
187034	3100.0000000559694
187363	3100.0000000559694
187691	3100.0000000559694
188024	3100.0000000559694
188362	3100.0000000559694
188689	3100.0000000559694
189029	3100.0000000559694
189356	3100.0000000559694
189689	3100.0000000559694
190020	3100.0000000559694
190356	3100.0000000559694
193901	3100.0000000559694
194229	3100.0000000559694
194565	3100.0000000559694
194899	3100.0000000559694
195226	3100.0000000559694
195559	3100.0000000559694
195888	3100.0000000559694
196218	3100.0000000559694
196552	3100.0000000559694
196882	3100.0000000559694
197216	3100.0000000559694
197549	3100.0000000559694
197879	3100.0000000559694
198214	3100.0000000559694
198541	3100.0000000559694
198880	3100.0000000559694
199211	3100.0000000559694
199545	3100.0000000559694
199879	3100.0000000559694
200206	3100.0000000559694
208563	3100.0000000559694
208896	3100.0000000559694
209228	3100.0000000559694
209558	3100.0000000559694
209887	3100.0000000559694
210221	3100.0000000559694
210560	3100.0000000559694
210890	3100.0000000559694
211223	3100.0000000559694
211552	3100.0000000559694
219801	3100.0000000559694
220135	3100.0000000559694
220467	3100.0000000559694
220803	3100.0000000559694
221140	3100.0000000559694
221467	3100.0000000559694
221803	3100.0000000559694
222136	3100.0000000559694
222468	3100.0000000559694
222799	3100.0000000559694
223129	3100.0000000559694
223463	3100.0000000559694
223803	3100.0000000559694
224133	3100.0000000559694
224471	3100.0000000559694
224803	3100.0000000559694
225133	3100.0000000559694
225464	3100.0000000559694
225797	3100.0000000559694
226128	3100.0000000559694
234148	3100.0000000559694
234480	3100.0000000559694
234807	3100.0000000559694
235146	3100.0000000559694
235479	3100.0000000559694
235811	3100.0000000559694
236145	3100.0000000559694
236475	3100.0000000559694
236807	3100.0000000559694
237138	3100.0000000559694
237467	3100.0000000559694
237802	3100.0000000559694
238136	3100.0000000559694
238472	3100.0000000559694
238807	3100.0000000559694
239147	3100.0000000559694
239478	3100.0000000559694
239815	3100.0000000559694
240151	3100.0000000559694
240485	3100.0000000559694
248398	3100.0000000559694
248727	3100.0000000559694
249056	3100.0000000559694
249390	3100.0000000559694
249724	3100.0000000559694
250060	3100.0000000559694
250402	3100.0000000559694
250737	3100.0000000559694
251068	3100.0000000559694
251394	3100.0000000559694
251727	3100.0000000559694
252063	3100.0000000559694
252395	3100.0000000559694
252730	3100.0000000559694
253063	3100.0000000559694
253397	3100.0000000559694
253736	3100.0000000559694
254068	3100.0000000559694
254403	3100.0000000559694
254738	3100.0000000559694
263117	3100.0000000559694
263451	3100.0000000559694
263785	3100.0000000559694
264120	3100.0000000559694
264449	3100.0000000559694
264780	3100.0000000559694
265118	3100.0000000559694
265451	3100.0000000559694
265790	3100.0000000559694
266119	3100.0000000559694
266453	3100.0000000559694
266791	3100.0000000559694
267121	3100.0000000559694
267449	3100.0000000559694
267780	3100.0000000559694
268119	3100.0000000559694
268453	3100.0000000559694
268785	3100.0000000559694
269116	3100.0000000559694
269448	3100.0000000559694
277620	3100.0000000559694
277948	3100.0000000559694
278281	3100.0000000559694
278612	3100.0000000559694
278946	3100.0000000559694
279273	3100.0000000559694
279605	3100.0000000559694
279939	3100.0000000559694
280274	3100.0000000559694
280607	3100.0000000559694
288435	3100.0000000559694
288765	3100.0000000559694
289101	3100.0000000559694
289434	3100.0000000559694
289763	3100.0000000559694
290094	3100.0000000559694
290434	3100.0000000559694
290762	3100.0000000559694
291094	3100.0000000559694
291432	3100.0000000559694
291764	3100.0000000559694
292099	3100.0000000559694
292434	3100.0000000559694
292765	3100.0000000559694
293105	3100.0000000559694
293436	3100.0000000559694
293775	3100.0000000559694
294110	3100.0000000559694
294442	3100.0000000559694
294779	3100.0000000559694
302453	3100.0000000559694
