300	10366.070028277276
633	8046.590940305026
964	6869.886867862179
1291	5877.677630499049
1622	5767.781287874992
1957	5141.221060928574
2290	4862.914392473658
2625	4657.927300931905
2960	4305.56108292528
3289	4076.286186158807
3618	3902.0553045006527
3948	3827.7391639563725
4277	3748.9621691282277
4605	3731.132710784572
4939	3679.0261026376807
5275	3638.7579475211473
5602	3588.538278044581
5934	3550.254103906589
6277	3526.4597341010026
6606	3484.6301556703784
6943	3475.6395533124896
7278	3460.0834019002477
7617	3443.2773227336256
7956	3430.4734673204475
8293	3424.471300215497
8624	3417.451908439437
8960	3407.1075426446623
9292	3395.852416460726
9621	3391.809131277818
9963	3386.869803960979
10301	3381.293038970683
10641	3377.8010082467827
10977	3371.4014292429847
11314	3369.5415345382025
11659	3366.7459255714843
11998	3364.432283256584
12332	3361.857945828324
12664	3356.037905365298
12995	3353.742225088155
13330	3351.807549298283
13665	3350.437832555139
25305	3194.6754318996627
36733	3100.0000182867734
46918	3100.000000018654
47244	3100.000000018654
47569	3100.000000018654
47900	3100.000000018654
48226	3100.000000018654
48549	3100.000000018654
48869	3100.000000018654
49190	3100.000000018654
49518	3100.000000018654
49839	3100.000000018654
50156	3100.000000018654
50475	3100.000000018654
50796	3100.000000018654
51115	3100.000000018654
51439	3100.000000018654
51759	3100.000000018654
52082	3100.000000018654
52403	3100.000000018654
52728	3100.000000018654
53058	3100.000000018654
53385	3100.000000018654
53718	3100.000000018654
54044	3100.000000018654
54375	3100.000000018654
54707	3100.000000018654
55043	3100.000000018654
55378	3100.000000018654
55705	3100.000000018654
59161	3100.000000018654
59488	3100.000000018654
59816	3100.000000018654
60152	3100.000000018654
60482	3100.000000018654
60820	3100.000000018654
61156	3100.000000018654
61496	3100.000000018654
61825	3100.000000018654
62156	3100.000000018654
65641	3100.000000018654
65978	3100.000000018654
66318	3100.000000018654
66658	3100.000000018654
66988	3100.000000018654
67333	3100.000000018654
67677	3100.000000018654
68019	3100.000000018654
68359	3100.000000018654
68697	3100.000000018654
69038	3100.000000018654
69381	3100.000000018654
69725	3100.000000018654
70061	3100.000000018654
70407	3100.000000018654
70746	3100.000000018654
71089	3100.000000018654
71431	3100.000000018654
71773	3100.000000018654
72116	3100.000000018654
75258	3100.000000018654
75603	3100.000000018654
75937	3100.000000018654
76274	3100.000000018654
76610	3100.000000018654
76954	3100.000000018654
77294	3100.000000018654
77638	3100.000000018654
77975	3100.000000018654
78320	3100.000000018654
78665	3100.000000018654
78997	3100.000000018654
79337	3100.000000018654
79675	3100.000000018654
80009	3100.000000018654
80350	3100.000000018654
80690	3100.000000018654
81035	3100.000000018654
81381	3100.000000018654
81721	3100.000000018654
85027	3100.000000018654
85387	3100.000000018654
85727	3100.000000018654
86064	3100.000000018654
86405	3100.000000018654
86749	3100.000000018654
87096	3100.000000018654
87433	3100.000000018654
87775	3100.000000018654
88122	3100.000000018654
88461	3100.000000018654
88797	3100.000000018654
89134	3100.000000018654
89472	3100.000000018654
89816	3100.000000018654
90153	3100.000000018654
90511	3100.000000018654
90857	3100.000000018654
91196	3100.000000018654
91542	3100.000000018654
94602	3100.000000018654
94944	3100.000000018654
95286	3100.000000018654
95614	3100.000000018654
95950	3100.000000018654
96290	3100.000000018654
96631	3100.000000018654
96970	3100.000000018654
97317	3100.000000018654
97665	3100.000000018654
97998	3100.000000018654
98343	3100.000000018654
98696	3100.000000018654
99037	3100.000000018654
99381	3100.000000018654
99719	3100.000000018654
100059	3100.000000018654
100401	3100.000000018654
100743	3100.000000018654
101081	3100.000000018654
104412	3100.000000018654
104757	3100.000000018654
105090	3100.000000018654
105432	3100.000000018654
105773	3100.000000018654
106116	3100.000000018654
106460	3100.000000018654
106805	3100.000000018654
107152	3100.000000018654
107492	3100.000000018654
110861	3100.000000018654
111201	3100.000000018654
111532	3100.000000018654
111873	3100.000000018654
112212	3100.000000018654
112555	3100.000000018654
112900	3100.000000018654
113246	3100.000000018654
113594	3100.000000018654
113935	3100.000000018654
114275	3100.000000018654
114616	3100.000000018654
114961	3100.000000018654
115303	3100.000000018654
115639	3100.000000018654
115983	3100.000000018654
116319	3100.000000018654
116656	3100.000000018654
116988	3100.000000018654
117326	3100.000000018654
120504	3100.000000018654
120838	3100.000000018654
121190	3100.000000018654
121532	3100.000000018654
121871	3100.000000018654
122218	3100.000000018654
122561	3100.000000018654
122897	3100.000000018654
123239	3100.000000018654
123583	3100.000000018654
123926	3100.000000018654
124270	3100.000000018654
124609	3100.000000018654
124940	3100.000000018654
125281	3100.000000018654
125626	3100.000000018654
125967	3100.000000018654
126310	3100.000000018654
126650	3100.000000018654
126996	3100.000000018654
130167	3100.000000018654
130507	3100.000000018654
130848	3100.000000018654
131192	3100.000000018654
131528	3100.000000018654
131874	3100.000000018654
132208	3100.000000018654
132555	3100.000000018654
132892	3100.000000018654
133246	3100.000000018654
133594	3100.000000018654
133934	3100.000000018654
134263	3100.000000018654
134603	3100.000000018654
134935	3100.000000018654
135284	3100.000000018654
135630	3100.000000018654
135967	3100.000000018654
136312	3100.000000018654
136655	3100.000000018654
139835	3100.000000018654
140173	3100.000000018654
140522	3100.000000018654
140864	3100.000000018654
141200	3100.000000018654
141546	3100.000000018654
141896	3100.000000018654
142237	3100.000000018654
142583	3100.000000018654
142921	3100.000000018654
143266	3100.000000018654
143599	3100.000000018654
143944	3100.000000018654
144292	3100.000000018654
144635	3100.000000018654
144975	3100.000000018654
145314	3100.000000018654
145662	3100.000000018654
146008	3100.000000018654
146351	3100.000000018654
149736	3100.000000018654
150071	3100.000000018654
150413	3100.000000018654
150751	3100.000000018654
151090	3100.000000018654
151433	3100.000000018654
151779	3100.000000018654
152122	3100.000000018654
152463	3100.000000018654
152807	3100.000000018654
155923	3100.000000018654
156265	3100.000000018654
156615	3100.000000018654
156950	3100.000000018654
157288	3100.000000018654
157627	3100.000000018654
157965	3100.000000018654
158308	3100.000000018654
158650	3100.000000018654
158992	3100.000000018654
159326	3100.000000018654
159664	3100.000000018654
160007	3100.000000018654
160340	3100.000000018654
160682	3100.000000018654
161020	3100.000000018654
161355	3100.000000018654
161693	3100.000000018654
162024	3100.000000018654
162358	3100.000000018654
168116	3100.000000018654
168450	3100.000000018654
168794	3100.000000018654
169126	3100.000000018654
169458	3100.000000018654
169790	3100.000000018654
170128	3100.000000018654
170479	3100.000000018654
170822	3100.000000018654
171161	3100.000000018654
171492	3100.000000018654
171827	3100.000000018654
172156	3100.000000018654
172496	3100.000000018654
172839	3100.000000018654
173184	3100.000000018654
173529	3100.000000018654
173871	3100.000000018654
174216	3100.000000018654
174552	3100.000000018654
179578	3100.000000018654
179922	3100.000000018654
180266	3100.000000018654
180612	3100.000000018654
180953	3100.000000018654
181295	3100.000000018654
181645	3100.000000018654
181982	3100.000000018654
182324	3100.000000018654
182663	3100.000000018654
183005	3100.000000018654
183346	3100.000000018654
183687	3100.000000018654
184028	3100.000000018654
184366	3100.000000018654
184705	3100.000000018654
185040	3100.000000018654
185384	3100.000000018654
185723	3100.000000018654
186061	3100.000000018654
191824	3100.000000018654
192160	3100.000000018654
192506	3100.000000018654
192856	3100.000000018654
193202	3100.000000018654
193546	3100.000000018654
193886	3100.000000018654
194228	3100.000000018654
194570	3100.000000018654
194915	3100.000000018654
195261	3100.000000018654
195602	3100.000000018654
195938	3100.000000018654
196298	3100.000000018654
196638	3100.000000018654
196984	3100.000000018654
197339	3100.000000018654
197688	3100.000000018654
198043	3100.000000018654
198389	3100.000000018654
203306	3100.000000018654
203647	3100.000000018654
203989	3100.000000018654
204336	3100.000000018654
204676	3100.000000018654
205008	3100.000000018654
205351	3100.000000018654
205695	3100.000000018654
206037	3100.000000018654
206380	3100.000000018654
211300	3100.000000018654
211640	3100.000000018654
211988	3100.000000018654
212333	3100.000000018654
212688	3100.000000018654
213026	3100.000000018654
213366	3100.000000018654
213720	3100.000000018654
214055	3100.000000018654
214395	3100.000000018654
214737	3100.000000018654
215079	3100.000000018654
215419	3100.000000018654
215761	3100.000000018654
216105	3100.000000018654
216448	3100.000000018654
216781	3100.000000018654
217119	3100.000000018654
217458	3100.000000018654
217800	3100.000000018654
222246	3100.000000018654
222578	3100.000000018654
222922	3100.000000018654
223261	3100.000000018654
223600	3100.000000018654
223945	3100.000000018654
224288	3100.000000018654
224630	3100.000000018654
224974	3100.000000018654
225314	3100.000000018654
225661	3100.000000018654
225993	3100.000000018654
226327	3100.000000018654
226669	3100.000000018654
227015	3100.000000018654
227361	3100.000000018654
227706	3100.000000018654
228045	3100.000000018654
228392	3100.000000018654
228740	3100.000000018654
233128	3100.000000018654
233470	3100.000000018654
233814	3100.000000018654
234149	3100.000000018654
234481	3100.000000018654
234822	3100.000000018654
235159	3100.000000018654
235502	3100.000000018654
235840	3100.000000018654
236183	3100.000000018654
236523	3100.000000018654
236870	3100.000000018654
237214	3100.000000018654
237552	3100.000000018654
237898	3100.000000018654
238232	3100.000000018654
238573	3100.000000018654
238914	3100.000000018654
239254	3100.000000018654
239608	3100.000000018654
242980	3100.000000018654
243326	3100.000000018654
243675	3100.000000018654
244019	3100.000000018654
244354	3100.000000018654
244700	3100.000000018654
245051	3100.000000018654
245394	3100.000000018654
245736	3100.000000018654
246070	3100.000000018654
246414	3100.000000018654
246768	3100.000000018654
247109	3100.000000018654
247452	3100.000000018654
247792	3100.000000018654
248130	3100.000000018654
248465	3100.000000018654
248812	3100.000000018654
249161	3100.000000018654
249508	3100.000000018654
253068	3100.000000018654
253411	3100.000000018654
253749	3100.000000018654
254098	3100.000000018654
254439	3100.000000018654
254777	3100.000000018654
255118	3100.000000018654
255458	3100.000000018654
255805	3100.000000018654
256151	3100.000000018654
259648	3100.000000018654
259991	3100.000000018654
260333	3100.000000018654
260677	3100.000000018654
261023	3100.000000018654
261371	3100.000000018654
261716	3100.000000018654
262052	3100.000000018654
262409	3100.000000018654
262754	3100.000000018654
263092	3100.000000018654
263429	3100.000000018654
263771	3100.000000018654
264111	3100.000000018654
264449	3100.000000018654
264786	3100.000000018654
265134	3100.000000018654
265486	3100.000000018654
265820	3100.000000018654
266162	3100.000000018654
268487	3100.000000018654
268825	3100.000000018654
269166	3100.000000018654
269504	3100.000000018654
269845	3100.000000018654
270181	3100.000000018654
270516	3100.000000018654
270865	3100.000000018654
271206	3100.000000018654
271545	3100.000000018654
271879	3100.000000018654
272222	3100.000000018654
272556	3100.000000018654
272890	3100.000000018654
273229	3100.000000018654
273572	3100.000000018654
273908	3100.000000018654
274240	3100.000000018654
274585	3100.000000018654
274925	3100.000000018654
276626	3100.000000018654
276970	3100.000000018654
277306	3100.000000018654
277642	3100.000000018654
277981	3100.000000018654
278314	3100.000000018654
278655	3100.000000018654
278995	3100.000000018654
279335	3100.000000018654
279679	3100.000000018654
280020	3100.000000018654
280358	3100.000000018654
280693	3100.000000018654
281038	3100.000000018654
281381	3100.000000018654
281718	3100.000000018654
282055	3100.000000018654
282396	3100.000000018654
282733	3100.000000018654
283076	3100.000000018654
297939	3100.000000018654
298281	3100.000000018654
298624	3100.000000018654
298970	3100.000000018654
299319	3100.000000018654
299659	3100.000000018654
300000	3100.000000018654
