500	19077.1268854281
1838	18298.119575281926
5764	12729.964490326482
8229	11650.528056543224
10680	10492.415182326711
13717	9068.150991401695
14876	9068.112340220468
16033	9068.110703512353
17191	9068.110610972135
18349	9068.11060363247
19507	9068.11060287934
20663	9068.110602796974
21817	9068.110602788489
22973	9068.110602787836
24129	9068.110602787836
28216	9068.110602787836
30965	9068.110602787836
36318	9068.110602787836
39828	9068.110602787836
42521	9068.110602787836
45842	9068.110602787836
48515	9068.110602787836
51862	9068.110602787836
53879	9068.110602787836
58783	9068.110602787836
62798	9068.110602787836
66157	9068.110602787836
72188	9068.110602787836
74179	9068.110602787836
76141	9068.110602787836
79001	9068.110602787836
81686	9068.110602787836
84444	9068.110602787836
87205	9068.110602787836
89144	9068.110602787836
93302	9068.110602787836
95331	9068.110602787836
98030	9068.110602787836
100021	9068.110602787836
106181	9068.110602787836
108148	9068.110602787836
112507	9068.110602787836
115297	9068.110602787836
120395	9068.110602787836
122360	9068.110602787836
127082	9068.110602787836
131130	9068.110602787836
136983	2311.5326896697193
138934	2311.5326896697193
142327	2311.5326896697193
145598	2311.5326896697193
148222	2311.5326896697193
150243	2311.5326896697193
155956	2311.5326896697193
163654	2311.5326896697193
167620	2311.5326896697193
169547	2311.5326896697193
172990	2311.5326896697193
176329	2311.5326896697193
180469	2311.5326896697193
183218	2311.5326896697193
185928	2311.5326896697193
190138	2311.5326896697193
195421	2311.5326896697193
198838	2311.5326896697193
202799	2311.5326896697193
209959	2311.5326896697193
213316	2311.5326896697193
217109	2311.5326896697193
220447	2311.5326896697193
223130	2311.5326896697193
226451	2311.5326896697193
229763	2311.5326896697193
233779	2311.5326896697193
235753	2311.5326896697193
238447	2311.5326896697193
241102	2311.5326896697193
243076	2311.5326896697193
245724	2311.5326896697193
249116	2311.5326896697193
251174	2311.5326896697193
254739	2311.5326896697193
260024	2311.29307920203
261982	2311.29307920203
266432	2311.29307920203
270954	2311.1010385552977
272910	2311.1010385552977
276791	2311.1010385552977
281344	2311.1010385552977
285870	2311.1010385552977
289694	2311.1010385552977
294200	2311.1010385552977
298621	2311.1010385552977
302014	2311.1010385552977
304702	2311.1010385552977
309277	2311.1010385552977
313719	2310.462448817773
314971	2310.462448817773
319552	2310.462448817773
324015	2310.339394916019
325281	2310.339394916019
329852	2310.339394916019
333678	2310.339394916019
337472	2310.339394916019
341288	2310.339394916019
345089	2310.339394916019
349656	2310.339394916019
353445	2310.339394916019
358086	2310.339394916019
361858	2310.339394916019
366382	2310.339394916019
370200	2310.339394916019
373395	2310.339394916019
377146	2310.339394916019
380879	2310.339394916019
383936	2310.339394916019
387716	2310.339394916019
391515	2310.339394916019
395327	2310.339394916019
399186	2310.339394916019
402238	2310.339394916019
405346	2310.339394916019
408486	2310.339394916019
412376	2310.339394916019
416236	2310.339394916019
420156	2310.339394916019
423223	2310.339394916019
427112	2310.339394916019
430991	2310.339394916019
434074	2310.339394916019
437923	2310.339394916019
441770	2310.339394916019
444877	2310.339394916019
448766	2310.339394916019
451861	2310.339394916019
455731	2310.339394916019
458859	2310.339394916019
462014	2310.339394916019
465160	2310.339394916019
468304	2310.339394916019
471450	2310.339394916019
473887	2310.339394916019
477063	2310.339394916019
480238	2310.339394916019
482680	2310.339394916019
485129	2310.339394916019
487576	2310.339394916019
490816	2310.339394916019
494067	2310.339394916019
496558	2310.339394916019
499066	2310.339394916019
501570	2310.339394916019
