500	17854.704671264284
1070	17854.704671264284
1629	17854.704671264284
2185	17854.704671264284
2743	17854.704671264284
3298	17854.704671264284
3855	17650.147323223864
4408	17650.147323223864
4963	17650.147323223864
5519	17650.147323223864
6076	17650.147323223864
6633	17650.147323223864
7188	17650.147323223864
7741	17650.147323223864
8294	17650.147323223864
8848	17650.147323223864
9401	17650.147323223864
9955	17650.147323223864
10507	17650.147323223864
11059	17650.147323223864
11612	17650.147323223864
12165	17650.147323223864
12721	17650.147323223864
13276	17650.147323223864
13832	17650.147323223864
14387	17561.4064116863
14941	17561.4064116863
15498	17561.4064116863
16056	17561.4064116863
16612	17561.4064116863
17172	17561.4064116863
17729	17561.4064116863
18293	17561.4064116863
18851	17561.4064116863
19406	17561.4064116863
19963	17561.4064116863
20518	17354.706372294324
21075	17111.005800083036
21631	17111.005800083036
22186	17111.005800083036
22742	17111.005800083036
23295	17111.005800083036
23849	17111.005800083036
24404	17111.005800083036
24959	17111.005800083036
25513	17111.005800083036
32824	9706.150554505446
33376	9706.150554505446
33929	9706.150554505446
34482	9706.150554505446
35039	9706.150554505446
35594	9706.150554505446
36151	9706.150554505446
36709	9706.150554505446
37265	9706.150554505446
37819	9706.150554505446
38374	9706.150554505446
38929	9706.150554505446
39485	9706.150554505446
40040	9706.150554505446
40596	9706.150554505446
41150	9706.150554505446
41708	9706.150554505446
42263	9706.150554505446
42818	9706.150554505446
43375	9706.150554505446
43929	9706.150554505446
44484	9706.150554505446
45040	9706.150554505446
45593	9706.150554505446
46145	9706.150554505446
55200	9706.150554505446
55755	9706.150554505446
56311	9706.150554505446
56870	9706.150554505446
57428	9706.150554505446
57982	9706.150554505446
58537	9706.150554505446
59095	9706.150554505446
59652	9706.150554505446
60209	9706.150554505446
60765	9706.150554505446
61319	9706.150554505446
61874	9706.150554505446
62428	9706.150554505446
62982	9706.150554505446
63536	9706.150554505446
64092	9706.150554505446
64645	9706.150554505446
65202	9706.150554505446
65759	9706.150554505446
70184	9706.150554505446
70741	9706.150554505446
71296	9706.150554505446
71851	9706.150554505446
72407	9706.150554505446
72962	9706.150554505446
73516	9706.150554505446
74072	9706.150554505446
74630	9706.150554505446
75185	9706.150554505446
93975	9706.150554505446
94531	9706.150554505446
95088	9706.150554505446
95642	9706.150554505446
96196	9706.150554505446
96753	9706.150554505446
97309	9706.150554505446
97863	9706.150554505446
98417	9706.150554505446
98971	9706.150554505446
99524	9706.150554505446
100077	9706.150554505446
100634	9706.150554505446
101192	9706.150554505446
101747	9706.150554505446
102301	9706.150554505446
102856	9706.150554505446
103410	9706.150554505446
103966	9706.150554505446
104523	9706.150554505446
109316	9706.150554505446
109873	9706.150554505446
110430	9706.150554505446
110984	9706.150554505446
111538	9706.150554505446
112098	9706.150554505446
112654	9706.150554505446
113211	9706.150554505446
113766	9706.150554505446
114321	9706.150554505446
114874	9706.150554505446
115429	9706.150554505446
115984	9706.150554505446
116538	9706.150554505446
117092	9706.150554505446
117646	9706.150554505446
118202	9706.150554505446
118756	9706.150554505446
119311	9706.150554505446
119867	9706.150554505446
124803	9706.150554505446
125357	9706.150554505446
125911	9706.150554505446
126465	9706.150554505446
127018	9706.150554505446
127572	9706.150554505446
128127	9706.150554505446
128685	9706.150554505446
129240	9706.150554505446
129797	9706.150554505446
130352	9706.150554505446
130909	9706.150554505446
131465	9706.150554505446
132024	9706.150554505446
132583	9706.150554505446
133140	9706.150554505446
133698	9706.150554505446
134253	9706.150554505446
134809	9706.150554505446
135364	9706.150554505446
144926	9706.150554505446
145484	9706.150554505446
146042	9706.150554505446
146597	9706.150554505446
147154	9706.150554505446
147712	9706.150554505446
148264	9706.150554505446
148817	9706.150554505446
149371	9706.150554505446
149924	9706.150554505446
150476	9706.150554505446
151029	9706.150554505446
151581	9706.150554505446
152136	9706.150554505446
152690	9706.150554505446
153245	9706.150554505446
153802	9706.150554505446
154358	9706.150554505446
154914	9706.150554505446
155470	9706.150554505446
167495	9706.150554505446
168051	9706.150554505446
168608	9706.150554505446
169165	9706.150554505446
169722	9706.150554505446
170277	9706.150554505446
170836	9706.150554505446
171393	9706.150554505446
171949	9706.150554505446
172505	9706.150554505446
180153	9706.150554505446
180709	9706.150554505446
181262	9706.150554505446
181819	9706.150554505446
182374	9706.150554505446
182928	9706.150554505446
183482	9706.150554505446
184035	9706.150554505446
184589	9706.150554505446
185145	9706.150554505446
185701	9706.150554505446
186257	9706.150554505446
186814	9706.150554505446
187371	9706.150554505446
187926	9706.150554505446
188483	9706.150554505446
189037	9706.150554505446
189592	9706.150554505446
190146	9706.150554505446
190701	9706.150554505446
195472	9706.150554505446
196027	9706.150554505446
196581	9706.150554505446
197136	9706.150554505446
197691	9706.150554505446
198248	9706.150554505446
198802	9706.150554505446
199358	9706.150554505446
199913	9706.150554505446
200468	9706.150554505446
201023	9706.150554505446
201579	9706.150554505446
202132	9706.150554505446
202686	9706.150554505446
203244	9706.150554505446
203803	9706.150554505446
204359	9706.150554505446
204914	9706.150554505446
205467	9706.150554505446
206025	9706.150554505446
215115	9706.150554505446
215669	9706.150554505446
216225	9706.150554505446
216779	9706.150554505446
217333	9706.150554505446
217887	9706.150554505446
218442	9706.150554505446
218996	9706.150554505446
219551	9706.150554505446
220109	9706.150554505446
220665	9706.150554505446
221221	9706.150554505446
221776	9706.150554505446
222333	9706.150554505446
222885	9706.150554505446
223440	9706.150554505446
223996	9706.150554505446
224551	9706.150554505446
225104	9706.150554505446
225658	9706.150554505446
231655	9706.150554505446
232212	9706.150554505446
232768	9706.150554505446
233324	9706.150554505446
233880	9706.150554505446
234436	9706.150554505446
234993	9706.150554505446
235549	9706.150554505446
236103	9706.150554505446
236658	9706.150554505446
237215	9706.150554505446
237769	9706.150554505446
238325	9706.150554505446
238878	9706.150554505446
239437	9706.150554505446
239993	9706.150554505446
240550	9706.150554505446
241107	9706.150554505446
241662	9706.150554505446
242217	9706.150554505446
250778	9706.150554505446
251333	9706.150554505446
251891	9706.150554505446
252447	9706.150554505446
253001	9706.150554505446
253559	9706.150554505446
254113	9706.150554505446
254670	9706.150554505446
255227	9706.150554505446
255783	9706.150554505446
265267	9706.150554505446
265821	9706.150554505446
266374	9706.150554505446
266931	9706.150554505446
267484	9706.150554505446
268039	9706.150554505446
268595	9706.150554505446
269150	9706.150554505446
269705	9706.150554505446
270259	9706.150554505446
270814	9706.150554505446
271367	9706.150554505446
271923	9706.150554505446
272478	9706.150554505446
273037	9706.150554505446
273594	9706.150554505446
274153	9706.150554505446
274712	9706.150554505446
275269	9706.150554505446
275824	9706.150554505446
280376	9706.150554505446
280933	9706.150554505446
281490	9706.150554505446
282048	9706.150554505446
282604	9706.150554505446
283162	9706.150554505446
283716	9706.150554505446
284272	9706.150554505446
284827	9706.150554505446
285382	9706.150554505446
285938	9706.150554505446
286494	9706.150554505446
287047	9706.150554505446
287600	9706.150554505446
288153	9706.150554505446
288708	9706.150554505446
289266	9706.150554505446
289823	9706.150554505446
290377	9706.150554505446
290931	9706.150554505446
292815	9680.5953483841
295254	8311.364904226517
305398	8311.364901980654
305954	8311.364901980654
306509	8311.364901980654
307064	8311.364901980654
307622	8311.364901980654
308176	8311.364901980654
308730	8311.364901980654
309286	8311.364901980654
309840	8311.364901980654
310395	8311.364901980654
310951	8311.364901980654
311506	8311.364901980654
312061	8311.364901980654
312615	8311.364901980654
313168	8311.364901980654
313724	8311.364901980654
314281	8311.364901980654
314836	8311.364901980654
315390	8311.364901980654
315950	8311.364901980654
316507	8311.364901980654
317066	8311.364901980654
317622	8311.364901980654
318176	8311.364901980654
318731	8311.364901980654
319287	8311.364901980654
319843	8311.364901980654
320397	8311.364901980654
325527	8311.364901980654
326081	8311.364901980654
326637	8311.364901980654
327191	8311.364901980654
327745	8311.364901980654
328301	8311.364901980654
328854	8311.364901980654
329409	8311.364901980654
329964	8311.364901980654
330519	8311.364901980654
337885	8311.364901980654
338438	8311.364901980654
338993	8311.364901980654
339548	8311.364901980654
340106	8311.364901980654
340663	8311.364901980654
341219	8311.364901980654
341773	8311.364901980654
342329	8311.364901980654
342885	8311.364901980654
343442	8311.364901980654
343998	8311.364901980654
344554	8311.364901980654
345110	8311.364901980654
345666	8311.364901980654
346220	8311.364901980654
346776	8311.364901980654
347329	8311.364901980654
347888	8311.364901980654
348445	8311.364901980654
354538	8311.364901980654
355094	8311.364901980654
355648	8311.364901980654
356206	8311.364901980654
356759	8311.364901980654
357315	8311.364901980654
357871	8311.364901980654
358430	8311.364901980654
358985	8311.364901980654
359540	8311.364901980654
360096	8311.364901980654
360651	8311.364901980654
361204	8311.364901980654
361760	8311.364901980654
362314	8311.364901980654
362867	8311.364901980654
363420	8311.364901980654
363977	8311.364901980654
364532	8311.364901980654
365085	8311.364901980654
372999	8311.364901980654
373554	8311.364901980654
374107	8311.364901980654
374660	8311.364901980654
375213	8311.364901980654
375767	8311.364901980654
376323	8311.364901980654
376880	8311.364901980654
377439	8311.364901980654
377996	8311.364901980654
378556	8311.364901980654
379111	8311.364901980654
379667	8311.364901980654
380224	8311.364901980654
380782	8311.364901980654
381338	8311.364901980654
381894	8311.364901980654
382450	8311.364901980654
383005	8311.364901980654
383559	8311.364901980654
389767	8311.364901980654
390326	8311.364901980654
390882	8311.364901980654
391436	8311.364901980654
391991	8311.364901980654
392545	8311.364901980654
393099	8311.364901980654
393655	8311.364901980654
394207	8311.364901980654
394761	8311.364901980654
395316	8311.364901980654
395868	8311.364901980654
396422	8311.364901980654
396976	8311.364901980654
397531	8311.364901980654
398085	8311.364901980654
398641	8311.364901980654
399197	8311.364901980654
399752	8311.364901980654
400308	8311.364901980654
406047	8311.364901980654
406601	8311.364901980654
407156	8311.364901980654
407712	8311.364901980654
408268	8311.364901980654
408824	8311.364901980654
409376	8311.364901980654
409929	8311.364901980654
410485	8311.364901980654
411044	8311.364901980654
420639	8311.364901980654
421195	8311.364901980654
421755	8311.364901980654
422308	8311.364901980654
422863	8311.364901980654
423416	8311.364901980654
423970	8311.364901980654
424524	8311.364901980654
425081	8311.364901980654
425635	8311.364901980654
426189	8311.364901980654
426744	8311.364901980654
427301	8311.364901980654
427857	8311.364901980654
428412	8311.364901980654
428970	8311.364901980654
429525	8311.364901980654
430082	8311.364901980654
430637	8311.364901980654
431192	8311.364901980654
439252	8311.364901980654
439805	8311.364901980654
440360	8311.364901980654
440917	8311.364901980654
441473	8311.364901980654
442027	8311.364901980654
442581	8311.364901980654
443138	8311.364901980654
443692	8311.364901980654
444247	8311.364901980654
444801	8311.364901980654
445356	8311.364901980654
445911	8311.364901980654
446467	8311.364901980654
447023	8311.364901980654
447577	8311.364901980654
448133	8311.364901980654
448690	8311.364901980654
449247	8311.364901980654
449803	8311.364901980654
462603	8311.364901980654
463159	8311.364901980654
463716	8311.364901980654
464271	8311.364901980654
464828	8311.364901980654
465384	8311.364901980654
465938	8311.364901980654
466494	8311.364901980654
467050	8311.364901980654
467608	8311.364901980654
468162	8311.364901980654
468715	8311.364901980654
469270	8311.364901980654
469825	8311.364901980654
470380	8311.364901980654
470936	8311.364901980654
471496	8311.364901980654
472053	8311.364901980654
472607	8311.364901980654
473163	8311.364901980654
480325	8311.364901980654
480879	8311.364901980654
481432	8311.364901980654
481985	8311.364901980654
482540	8311.364901980654
483097	8311.364901980654
483653	8311.364901980654
484206	8311.364901980654
484762	8311.364901980654
485318	8311.364901980654
485872	8311.364901980654
486426	8311.364901980654
486979	8311.364901980654
487536	8311.364901980654
488093	8311.364901980654
488651	8311.364901980654
489209	8311.364901980654
489766	8311.364901980654
490323	8311.364901980654
490880	8311.364901980654
495999	8311.364901980654
496556	8311.364901980654
497110	8311.364901980654
497663	8311.364901980654
498216	8311.364901980654
498770	8311.364901980654
499326	8311.364901980654
499883	8311.364901980654
500439	8311.364901980654
