500	18459.917777513412
1065	18459.917777513412
1622	18459.917777513412
2182	18409.48874692149
2741	18409.48874692149
3297	18384.944739186103
3851	18384.944739186103
4406	18384.944739186103
4959	18384.944739186103
5515	17750.279341787063
6068	17750.279341787063
6624	17750.279341787063
7178	17750.279341787063
7732	17750.279341787063
8285	17750.279341787063
8838	17249.418173710576
9391	17249.418173710576
9945	17249.418173710576
10498	17249.418173710576
11050	17249.418173710576
11602	17249.418173710576
12159	17249.418173710576
12716	17249.418173710576
13274	17249.418173710576
13831	17249.418173710576
14389	17249.418173710576
14946	17249.418173710576
15502	17249.418173710576
16056	17249.418173710576
16610	17249.418173710576
17164	17249.418173710576
17722	17249.418173710576
18280	17215.412826831773
18834	17215.412826831773
19388	17215.412826831773
19943	17215.412826831773
20496	17215.412826831773
21049	17215.412826831773
21605	17215.412826831773
22161	17215.412826831773
22716	17215.412826831773
33350	10838.093282028838
39110	10513.187250071223
48301	10513.186181043659
48858	10513.186181043659
49416	10513.186181043659
49972	10513.186181043659
50529	10513.186181043659
51086	10513.186181043659
51643	10513.186181043659
52200	10513.186181043659
52755	10513.186181043659
53309	10513.186181043659
53865	10513.186181043659
54420	10513.186181043659
54974	10513.186181043659
55529	10513.186181043659
56083	10513.186181043659
56637	10513.186181043659
57193	10513.186181043659
57748	10513.186181043659
58302	10513.186181043659
58859	10513.186181043659
59415	10513.186181043659
59969	10513.186181043659
60525	10513.186181043659
61080	10513.186181043659
61636	10513.186181043659
62189	10513.186181043659
62746	10513.186181043659
63301	10513.186181043659
71812	10513.186181043659
72368	10513.186181043659
72922	10513.186181043659
73477	10513.186181043659
74031	10513.186181043659
74587	10513.186181043659
75142	10513.186181043659
75697	10513.186181043659
76253	10513.186181043659
76807	10513.186181043659
84257	10513.186181043659
84814	10513.186181043659
85368	10513.186181043659
85924	10513.186181043659
86479	10513.186181043659
87037	10513.186181043659
87592	10513.186181043659
88146	10513.186181043659
88704	10513.186181043659
89258	10513.186181043659
89815	10513.186181043659
90375	10513.186181043659
90933	10513.186181043659
91491	10513.186181043659
92046	10513.186181043659
92600	10513.186181043659
93157	10513.186181043659
93712	10513.186181043659
94266	10513.186181043659
94820	10513.186181043659
100270	10163.499242104375
107387	9020.643491179948
107942	9020.643491179948
108497	9020.643491179948
109049	9020.643491179948
109603	9020.643491179948
110159	9020.643491179948
110715	9020.643491179948
111271	9020.643491179948
111824	9020.643491179948
112378	9020.643491179948
112932	9020.643491179948
113486	9020.643491179948
114041	9020.643491179948
114595	9020.643491179948
115147	9020.643491179948
115700	9020.643491179948
116255	9020.643491179948
116809	9020.643491179948
117365	9020.643491179948
120298	9020.643491179948
120853	9020.643491179948
121412	9020.643491179948
121970	9020.643491179948
122527	9020.643491179948
123086	9020.643491179948
123644	9020.643491179948
124202	9020.643491179948
124758	9020.643491179948
125317	9020.643491179948
125872	9020.643491179948
126427	9020.643491179948
126984	9020.643491179948
127538	9020.643491179948
128092	9020.643491179948
128650	9020.643491179948
129208	9020.643491179948
129761	9020.643491179948
130316	9020.643491179948
130869	9020.643491179948
134893	9020.643491179948
135447	9020.643491179948
136000	9020.643491179948
136553	9020.643491179948
137107	9020.643491179948
137661	9020.643491179948
138215	9020.643491179948
138770	9020.643491179948
139329	9020.643491179948
139887	9020.643491179948
140445	9020.643491179948
140999	9020.643491179948
141552	9020.643491179948
142108	9020.643491179948
142661	9020.643491179948
143220	9020.643491179948
143776	9020.643491179948
144333	9020.643491179948
144889	9020.643491179948
145445	9020.643491179948
149769	9020.643491179948
150322	9020.643491179948
150878	9020.643491179948
151432	9020.643491179948
151986	9020.643491179948
152540	9020.643491179948
153097	9020.643491179948
153652	9020.643491179948
154206	9020.643491179948
154760	9020.643491179948
155314	9020.643491179948
155869	9020.643491179948
156427	9020.643491179948
156982	9020.643491179948
157536	9020.643491179948
158090	9020.643491179948
158647	9020.643491179948
159205	9020.643491179948
159758	9020.643491179948
160314	9020.643491179948
167748	9020.643491179948
168305	9020.643491179948
168860	9020.643491179948
169414	9020.643491179948
169971	9020.643491179948
170525	9020.643491179948
171078	9020.643491179948
171635	9020.643491179948
172193	9020.643491179948
172748	9020.643491179948
173306	9020.643491179948
173860	9020.643491179948
174413	9020.643491179948
174966	9020.643491179948
175520	9020.643491179948
176077	9020.643491179948
176635	9020.643491179948
177191	9020.643491179948
177749	9020.643491179948
178307	9020.643491179948
190699	9020.643491179948
191252	9020.643491179948
191807	9020.643491179948
192364	9020.643491179948
192918	9020.643491179948
193473	9020.643491179948
194030	9020.643491179948
194584	9020.643491179948
195139	9020.643491179948
195696	9020.643491179948
203198	9020.643491179948
203753	9020.643491179948
204310	9020.643491179948
204865	9020.643491179948
205422	9020.643491179948
205976	9020.643491179948
206529	9020.643491179948
207085	9020.643491179948
207640	9020.643491179948
208195	9020.643491179948
208750	9020.643491179948
209307	9020.643491179948
209861	9020.643491179948
210415	9020.643491179948
210970	9020.643491179948
211525	9020.643491179948
212082	9020.643491179948
212640	9020.643491179948
213198	9020.643491179948
213757	9020.643491179948
220644	9020.643491179948
221198	9020.643491179948
221750	9020.643491179948
222306	9020.643491179948
222860	9020.643491179948
223417	9020.643491179948
223976	9020.643491179948
224532	9020.643491179948
225088	9020.643491179948
225641	9020.643491179948
226196	9020.643491179948
226752	9020.643491179948
227307	9020.643491179948
227861	9020.643491179948
228415	9020.643491179948
228969	9020.643491179948
229521	9020.643491179948
230076	9020.643491179948
230629	9020.643491179948
231184	9020.643491179948
238516	9020.643491179948
239070	9020.643491179948
239625	9020.643491179948
240179	9020.643491179948
240733	9020.643491179948
241288	9020.643491179948
241844	9020.643491179948
242401	9020.643491179948
242956	9020.643491179948
243514	9020.643491179948
244072	9020.643491179948
244631	9020.643491179948
245190	9020.643491179948
245744	9020.643491179948
246302	9020.643491179948
246856	9020.643491179948
247413	9020.643491179948
247968	9020.643491179948
248523	9020.643491179948
249078	9020.643491179948
255112	9020.643491179948
255666	9020.643491179948
256219	9020.643491179948
256771	9020.643491179948
257328	9020.643491179948
257882	9020.643491179948
258434	9020.643491179948
258988	9020.643491179948
259547	9020.643491179948
260101	9020.643491179948
260656	9020.643491179948
261208	9020.643491179948
261761	9020.643491179948
262318	9020.643491179948
262873	9020.643491179948
263428	9020.643491179948
263981	9020.643491179948
264539	9020.643491179948
265097	9020.643491179948
265653	9020.643491179948
277722	9020.643491179948
278276	9020.643491179948
278830	9020.643491179948
279385	9020.643491179948
279942	9020.643491179948
280500	9020.643491179948
281056	9020.643491179948
281611	9020.643491179948
282167	9020.643491179948
282725	9020.643491179948
287550	9020.643491179948
288108	9020.643491179948
288664	9020.643491179948
289219	9020.643491179948
289771	9020.643491179948
290327	9020.643491179948
290881	9020.643491179948
291436	9020.643491179948
291991	9020.643491179948
292547	9020.643491179948
293103	9020.643491179948
293659	9020.643491179948
294213	9020.643491179948
294768	9020.643491179948
295322	9020.643491179948
295876	9020.643491179948
296435	9020.643491179948
296990	9020.643491179948
297546	9020.643491179948
298100	9020.643491179948
302501	9020.643491179948
303058	9020.643491179948
303611	9020.643491179948
304164	9020.643491179948
304718	9020.643491179948
305271	9020.643491179948
305826	9020.643491179948
306381	9020.643491179948
306937	9020.643491179948
307492	9020.643491179948
308046	9020.643491179948
308599	9020.643491179948
309157	9020.643491179948
309712	9020.643491179948
310268	9020.643491179948
310822	9020.643491179948
311375	9020.643491179948
311931	9020.643491179948
312487	9020.643491179948
313042	9020.643491179948
321476	9020.643491179948
322031	9020.643491179948
322591	9020.643491179948
323151	9020.643491179948
323708	9020.643491179948
324266	9020.643491179948
324821	9020.643491179948
325375	9020.643491179948
325929	9020.643491179948
326484	9020.643491179948
327037	9020.643491179948
327590	9020.643491179948
328144	9020.643491179948
328702	9020.643491179948
329258	9020.643491179948
329813	9020.643491179948
330369	9020.643491179948
330924	9020.643491179948
331482	9020.643491179948
332038	9020.643491179948
337563	9020.643491179948
338119	9020.643491179948
338675	9020.643491179948
339230	9020.643491179948
339785	9020.643491179948
340343	9020.643491179948
340898	9020.643491179948
341456	9020.643491179948
342011	9020.643491179948
342566	9020.643491179948
343121	9020.643491179948
343674	9020.643491179948
344228	9020.643491179948
344781	9020.643491179948
345335	9020.643491179948
345893	9020.643491179948
346447	9020.643491179948
347003	9020.643491179948
347556	9020.643491179948
348112	9020.643491179948
356301	9020.643491179948
356861	9020.643491179948
357416	9020.643491179948
357975	9020.643491179948
358533	9020.643491179948
359087	9020.643491179948
359643	9020.643491179948
360199	9020.643491179948
360754	9020.643491179948
361310	9020.643491179948
368968	9020.643491179948
369527	9020.643491179948
370083	9020.643491179948
370639	9020.643491179948
371194	9020.643491179948
371747	9020.643491179948
372301	9020.643491179948
372854	9020.643491179948
373409	9020.643491179948
373967	9020.643491179948
374523	9020.643491179948
375079	9020.643491179948
375633	9020.643491179948
376189	9020.643491179948
376742	9020.643491179948
377295	9020.643491179948
377848	9020.643491179948
378404	9020.643491179948
378960	9020.643491179948
379514	9020.643491179948
390258	9020.643491179948
390812	9020.643491179948
391369	9020.643491179948
391924	9020.643491179948
392483	9020.643491179948
393040	9020.643491179948
393598	9020.643491179948
394155	9020.643491179948
394710	9020.643491179948
395264	9020.643491179948
395822	9020.643491179948
396378	9020.643491179948
396936	9020.643491179948
397492	9020.643491179948
398048	9020.643491179948
398607	9020.643491179948
399161	9020.643491179948
399715	9020.643491179948
400272	9020.643491179948
400825	9020.643491179948
407056	9020.643491179948
407612	9020.643491179948
408168	9020.643491179948
408723	9020.643491179948
409278	9020.643491179948
409833	9020.643491179948
410385	9020.643491179948
410941	9020.643491179948
411496	9020.643491179948
412050	9020.643491179948
412604	9020.643491179948
413158	9020.643491179948
413712	9020.643491179948
414265	9020.643491179948
414820	9020.643491179948
415374	9020.643491179948
415930	9020.643491179948
416487	9020.643491179948
417045	9020.643491179948
417601	9020.643491179948
422447	9020.643491179948
423004	9020.643491179948
423563	9020.643491179948
424121	9020.643491179948
424677	9020.643491179948
425233	9020.643491179948
425788	9020.643491179948
426346	9020.643491179948
426905	9020.643491179948
427463	9020.643491179948
428017	9020.643491179948
428573	9020.643491179948
429132	9020.643491179948
429686	9020.643491179948
430240	9020.643491179948
430795	9020.643491179948
431347	9020.643491179948
431902	9020.643491179948
432457	9020.643491179948
433012	9020.643491179948
438524	9020.643491179948
439080	9020.643491179948
439637	9020.643491179948
440194	9020.643491179948
440749	9020.643491179948
441304	9020.643491179948
441860	9020.643491179948
442415	9020.643491179948
442971	9020.643491179948
443527	9020.643491179948
449570	9020.643491179948
450127	9020.643491179948
450683	9020.643491179948
451236	9020.643491179948
451791	9020.643491179948
452346	9020.643491179948
452899	9020.643491179948
453453	9020.643491179948
454007	9020.643491179948
454561	9020.643491179948
455116	9020.643491179948
455673	9020.643491179948
456228	9020.643491179948
456782	9020.643491179948
457340	9020.643491179948
457896	9020.643491179948
458450	9020.643491179948
459007	9020.643491179948
459563	9020.643491179948
460119	9020.643491179948
469064	9020.643491179948
469619	9020.643491179948
470176	9020.643491179948
470734	9020.643491179948
471288	9020.643491179948
471843	9020.643491179948
472397	9020.643491179948
472952	9020.643491179948
473509	9020.643491179948
474063	9020.643491179948
474620	9020.643491179948
475174	9020.643491179948
475731	9020.643491179948
476286	9020.643491179948
476840	9020.643491179948
477394	9020.643491179948
477949	9020.643491179948
478506	9020.643491179948
479061	9020.643491179948
479621	9020.643491179948
483788	9020.643491179948
484345	9020.643491179948
484901	9020.643491179948
485456	9020.643491179948
486009	9020.643491179948
486564	9020.643491179948
487122	9020.643491179948
487676	9020.643491179948
488231	9020.643491179948
488785	9020.643491179948
489341	9020.643491179948
489896	9020.643491179948
490449	9020.643491179948
491003	9020.643491179948
491562	9020.643491179948
492115	9020.643491179948
492669	9020.643491179948
493222	9020.643491179948
493778	9020.643491179948
494333	9020.643491179948
503896	9020.643491179948
