500	22381.321508646455
12342	3323.5741190977415
14904	3312.6179262093083
17483	3308.374348399772
18710	3308.0845943972267
19945	3307.951105363207
21184	3307.8810880468513
22424	3307.8377650962607
23668	3307.8091192447805
24904	3307.7895268656857
26152	3307.775883200481
27396	3307.766276303611
28637	3307.759456385626
29865	3307.7545573075413
31097	3307.750723515903
32333	3307.747383385656
33565	3307.7443865832074
34798	3307.7416463238724
36039	3307.7391116884337
37280	3307.736749342936
38513	3307.7345364632574
39752	3307.7324567833116
40988	3307.730497535445
42228	3307.7286486725525
43467	3307.7269017836006
44704	3307.725249617636
45939	3307.7236858155534
47177	3307.7222047037385
48424	3307.720801187046
49663	3307.7194706490145
50897	3307.7182088779186
52135	3307.7170120071705
53380	3307.715876466478
54619	3307.7147989424757
55856	3307.713776347007
57093	3307.7128057909995
58328	3307.711884644246
59566	3307.711010383669
60816	3307.7101805287175
62055	3307.709392807447
63294	3307.708645037626
64528	3307.7079351899783
65764	3307.707261339475
66998	3307.7066216637245
68228	3307.70601526888
69469	3307.705438858535
70706	3307.7048917061447
71933	3307.7043723373863
73164	3307.703879352951
74407	3307.7034114238845
75645	3307.702967288103
76878	3307.70254574694
78116	3307.7021456618413
79351	3307.7017659512726
80594	3307.7014055878235
81837	3307.701063595423
83068	3307.7007390468675
84311	3307.700431060346
85550	3307.7001386896786
86784	3307.699861241221
88024	3307.699597971907
89260	3307.699348165327
90500	3307.699111141376
91744	3307.6988862535077
92980	3307.6986728870684
94218	3307.6984704578704
95458	3307.698278410773
96692	3307.698096218338
97929	3307.697923379554
99159	3307.6977594185205
100398	3307.6976038832777
101629	3307.6974563445933
102865	3307.697316394816
104092	3307.6971836469065
105335	3307.697057724867
106570	3307.6969382715174
107807	3307.696825021605
109041	3307.6967175787913
110274	3307.696615665465
111519	3307.696519055649
112757	3307.6964274043385
114000	3307.6963404852645
115250	3307.6962581337934
116489	3307.6961800221693
117736	3307.6961059373893
118972	3307.696035675967
120211	3307.6959690443587
121454	3307.6959058579196
122696	3307.6958459405696
123933	3307.695789124655
125177	3307.6957352507525
126419	3307.695684167359
127659	3307.6956357307104
128904	3307.6955898043716
130151	3307.6955462588103
131383	3307.695504971233
132633	3307.6954658251498
133881	3307.6954287098756
135118	3307.69539352066
136359	3307.6953601579494
137593	3307.6953285273016
138828	3307.6952985392754
140068	3307.6952701088994
141317	3307.695243155533
142561	3307.695217602768
143803	3307.6951933781465
145049	3307.695170412891
146284	3307.6951486417415
147517	3307.6951280028948
148753	3307.695108437583
149989	3307.6950898901864
151236	3307.6950723079617
152470	3307.69505564078
153697	3307.6950398412155
154936	3307.695024864239
156178	3307.6950106671434
157413	3307.694997209423
158653	3307.6949844526844
159895	3307.6949723605276
161131	3307.694960898406
162370	3307.694950033615
163608	3307.694939735072
164852	3307.694929973365
166083	3307.6949207205625
167322	3307.6949119501965
168559	3307.69490363718
169792	3307.694895757721
171025	3307.694888289247
172260	3307.6948812103833
173511	3307.6948745008312
174747	3307.6948681413824
175982	3307.6948621137885
177228	3307.6948564007666
178465	3307.6948509859435
179698	3307.6948458537877
180942	3307.6948409895663
182179	3307.6948363793294
183413	3307.6948320098454
184657	3307.6948278685495
185893	3307.694823943538
187150	3307.6948202235617
188399	3307.6948166979137
189638	3307.694813356451
190884	3307.6948101895778
192124	3307.6948071881807
193354	3307.6948043436237
194590	3307.6948016477336
195828	3307.6947990927406
197066	3307.694796671291
198302	3307.6947943764194
199533	3307.6947922015197
200763	3307.6947901403214
201998	3307.6947881868905
203235	3307.6947863356004
204466	3307.6947845811187
205697	3307.6947829183882
206941	3307.6947813426186
208181	3307.6947798492656
209418	3307.694778434025
210667	3307.694777092811
211913	3307.694775821764
213156	3307.694774617214
214396	3307.694773475682
215632	3307.6947723938783
216866	3307.6947713686823
218117	3307.6947703971337
219363	3307.6947694764285
220611	3307.6947686039116
221856	3307.6947677770595
223097	3307.694766993485
224334	3307.694766250928
225571	3307.6947655472427
226813	3307.694764880395
228057	3307.694764248461
229294	3307.6947636496143
230529	3307.6947630821223
231768	3307.694762544345
233008	3307.6947620347296
234243	3307.6947615518025
235480	3307.6947610941675
236721	3307.694760660502
237958	3307.69476024955
239206	3307.694759860126
240447	3307.6947594911003
241689	3307.694759141409
242927	3307.6947588100365
244169	3307.6947584960267
245408	3307.69475819847
246642	3307.6947579165053
247876	3307.6947576493167
249104	3307.694757396131
250341	3307.6947571562146
251575	3307.6947569288727
252819	3307.694756713449
254059	3307.694756509316
255312	3307.6947563158847
256555	3307.694756132594
257789	3307.6947559589144
259034	3307.6947557943404
260287	3307.6947556383957
261531	3307.69475549063
262765	3307.694755350613
264005	3307.6947552179404
265243	3307.694755092227
266478	3307.694754973108
267728	3307.694754860238
268959	3307.694754753289
270189	3307.6947546519514
271415	3307.694754555931
272652	3307.694754464951
273891	3307.6947543787446
275135	3307.694754297063
276380	3307.694754219669
277620	3307.694754146338
278858	3307.694754076856
280105	3307.6947540110223
281336	3307.6947539486455
282580	3307.694753889545
283819	3307.6947538335485
285065	3307.694753780492
286305	3307.6947537302235
287538	3307.6947536825955
288782	3307.6947536374696
290029	3307.694753594715
291266	3307.694753554208
292508	3307.694753515829
293737	3307.6947534794685
294974	3307.6947534450187
296222	3307.6947534123806
297463	3307.694753381458
298706	3307.6947533521625
299938	3307.6947533244074
301172	3307.6947532981126
302425	3307.694753273201
303667	3307.6947532496
304912	3307.694753227241
306149	3307.6947532060594
307390	3307.6947531859923
308625	3307.694753166982
309873	3307.6947531489727
311108	3307.694753131912
312352	3307.6947531157493
313600	3307.6947531004394
314841	3307.6947530859356
316075	3307.694753072196
317300	3307.694753059181
318553	3307.694753046852
319801	3307.694753035173
321039	3307.6947530241105
322276	3307.6947530136313
323508	3307.6947530037055
324753	3307.694752994303
325988	3307.6947529853974
327232	3307.6947529769614
328476	3307.6947529689714
329718	3307.6947529614035
330963	3307.6947529542354
332209	3307.6947529474464
333449	3307.694752941016
334687	3307.6947529349254
335916	3307.6947529291574
337158	3307.694752923695
338397	3307.6947529185213
339630	3307.694752913623
340869	3307.6947529089866
342099	3307.6947529045997
343330	3307.694752900448
344560	3307.6947528965184
345797	3307.6947528928
347038	3307.6947528892806
348279	3307.69475288595
349515	3307.6947528827977
350755	3307.6947528798146
351989	3307.6947528769924
353235	3307.694752874321
354475	3307.6947528717933
355708	3307.6947528694013
356952	3307.694752867092
358182	3307.694752864902
359415	3307.6947528628307
360642	3307.6947528608725
361880	3307.6947528590217
363115	3307.6947528572705
364346	3307.694752855614
365585	3307.6947528540463
366825	3307.694752852563
368057	3307.694752851159
369297	3307.6947528498313
370534	3307.6947528485753
371767	3307.6947528473866
373017	3307.6947528462624
374253	3307.694752845199
375489	3307.694752844194
376729	3307.694752843244
377967	3307.6947528423448
379212	3307.694752841495
380455	3307.6947528406918
381690	3307.694752839932
382928	3307.6947528392143
384164	3307.6947528385354
385403	3307.694752837894
386637	3307.6947528372875
387873	3307.6947528367145
389116	3307.694752836173
390348	3307.694752835661
391590	3307.6947528351775
392827	3307.69475283472
394057	3307.694752834288
395293	3307.69475283388
396535	3307.6947528334945
397780	3307.6947528331298
399009	3307.6947528327855
400237	3307.6947528324604
401472	3307.694752832153
402705	3307.694752831863
403948	3307.6947528315886
405174	3307.6947528313294
406413	3307.6947528310848
407657	3307.6947528308538
408893	3307.6947528306355
410143	3307.69475283043
411384	3307.694752830235
412626	3307.694752830051
413860	3307.6947528298774
415096	3307.6947528297137
416332	3307.694752829559
417574	3307.694752829413
418821	3307.694752829275
420056	3307.694752829145
421294	3307.694752829022
422535	3307.694752828906
423779	3307.694752828797
425019	3307.6947528286937
426248	3307.6947528285964
427481	3307.694752828504
428711	3307.6947528284177
429945	3307.694752828336
431181	3307.6947528282585
432411	3307.6947528281858
433654	3307.694752828117
434893	3307.6947528280525
436131	3307.6947528279916
437372	3307.694752827934
438599	3307.6947528278797
439834	3307.694752827829
441065	3307.69475282778
442306	3307.694752827735
443546	3307.6947528276924
444792	3307.694752827652
446033	3307.694752827614
447272	3307.694752827578
448515	3307.6947528275446
449757	3307.6947528275127
450995	3307.694752827483
452228	3307.694752827455
453466	3307.6947528274286
454713	3307.6947528274036
455956	3307.6947528273804
457205	3307.6947528273586
458442	3307.6947528273377
459675	3307.6947528273295
460916	3307.694752827314
462146	3307.6947528272967
463392	3307.694752827278
464641	3307.6947528272603
465880	3307.6947528272435
467118	3307.694752827227
468367	3307.6947528272117
469603	3307.6947528271976
470842	3307.6947528271844
472091	3307.694752827172
473332	3307.6947528271603
474575	3307.6947528271494
475823	3307.69475282714
477049	3307.6947528271307
478282	3307.6947528271226
479507	3307.6947528271144
480737	3307.6947528271075
481971	3307.694752827101
483207	3307.694752827095
484435	3307.6947528270894
485670	3307.694752827085
486904	3307.6947528270803
488139	3307.694752827076
489377	3307.694752827072
490610	3307.694752827069
491851	3307.6947528270657
493090	3307.6947528270634
494325	3307.694752827061
495564	3307.694752827059
496797	3307.694752827057
498037	3307.6947528270557
499270	3307.694752827054
500507	3307.694752827053
