500	19231.678165530335
1077	17738.281484352214
1647	15429.179559676884
2219	14194.908883124528
2786	11160.520385072437
3354	11160.520385072437
3918	9677.567908838097
4483	9677.567908838097
5047	9226.21929586825
5613	9226.21929586825
6177	8932.745096589559
6742	8797.236850004345
7306	8402.488897201532
7870	8297.643911917223
8436	7687.295137568126
8999	7170.287424580339
9562	7170.287424580339
10131	7027.84097060637
10700	5895.916426976024
11267	5895.916426976024
11836	5895.916426976024
12402	5778.525017618636
12968	5424.221626771316
13532	5218.946075473448
14098	5106.370561438709
14663	5074.950713629181
15228	4858.2442762185365
15794	4740.629629613022
16361	4551.873140678975
16927	4490.972519092281
17495	4434.509367779952
18060	4310.696656422728
18621	4310.696656422728
19182	4135.673551978292
19747	4135.673551978292
20310	4132.195035287249
20876	4092.4333165586704
21441	4022.2899568322873
22008	3917.02873255196
22575	3901.863109936085
23139	3836.480831092431
23703	3836.480831092431
24265	3836.480831092431
63638	3296.669309507105
80864	3296.6693073949405
81428	3296.6693073949405
81989	3296.6693073949405
82552	3296.6693073949405
83116	3296.6693073949405
83677	3296.6693073949405
84238	3296.6693073949405
84794	3296.6693073949405
85351	3296.6693073949405
85911	3296.6693073949405
86472	3296.6693073949405
87031	3296.6693073949405
87588	3296.6693073949405
88148	3296.6693073949405
88705	3296.6693073949405
89267	3296.6693073949405
89828	3296.6693073949405
90389	3296.6693073949405
90948	3296.6693073949405
91506	3296.6693073949405
92068	3296.6693073949405
92633	3296.6693073949405
93195	3296.6693073949405
93757	3296.6693073949405
94318	3296.6693073949405
94880	3296.6693073949405
95440	3296.6693073949405
101611	3296.66928723696
121483	3296.6692861472384
122044	3296.6692861472384
122606	3296.6692861472384
123168	3296.6692861472384
123728	3296.6692861472384
124292	3296.6692861472384
124855	3296.6692861472384
125418	3296.6692861472384
125981	3296.6692861472384
126540	3296.6692861472384
127103	3296.6692861472384
127665	3296.6692861472384
128228	3296.6692861472384
128787	3296.6692861472384
129349	3296.6692861472384
129910	3296.6692861472384
130468	3296.6692861472384
131030	3296.6692861472384
131587	3296.6692861472384
162510	3296.6692861472384
163068	3296.6692861472384
163630	3296.6692861472384
164192	3296.6692861472384
164751	3296.6692861472384
165310	3296.6692861472384
165871	3296.6692861472384
166429	3296.6692861472384
166990	3296.6692861472384
167549	3296.6692861472384
168112	3296.6692861472384
168670	3296.6692861472384
169233	3296.6692861472384
169790	3296.6692861472384
170352	3296.6692861472384
170913	3296.6692861472384
171474	3296.6692861472384
172032	3296.6692861472384
172592	3296.6692861472384
173146	3296.6692861472384
189846	3296.6692861472384
190408	3296.6692861472384
190968	3296.6692861472384
191530	3296.6692861472384
192092	3296.6692861472384
192657	3296.6692861472384
193222	3296.6692861472384
193786	3296.6692861472384
194350	3296.6692861472384
194913	3296.6692861472384
195478	3296.6692861472384
196042	3296.6692861472384
196606	3296.6692861472384
197171	3296.6692861472384
197740	3296.6692861472384
198303	3296.6692861472384
198867	3296.6692861472384
199435	3296.6692861472384
199999	3296.6692861472384
200568	3296.6692861472384
221087	3296.6692861472384
221651	3296.6692861472384
222216	3296.6692861472384
222785	3296.6692861472384
223353	3296.6692861472384
223922	3296.6692861472384
224487	3296.6692861472384
225052	3296.6692861472384
225616	3296.6692861472384
226181	3296.6692861472384
226746	3296.6692861472384
227307	3296.6692861472384
227875	3296.6692861472384
228444	3296.6692861472384
229008	3296.6692861472384
229573	3296.6692861472384
230139	3296.6692861472384
230704	3296.6692861472384
231272	3296.6692861472384
231838	3296.6692861472384
242750	3296.6692861472384
243319	3296.6692861472384
243884	3296.6692861472384
244450	3296.6692861472384
245017	3296.6692861472384
245579	3296.6692861472384
246143	3296.6692861472384
246709	3296.6692861472384
247275	3296.6692861472384
247844	3296.6692861472384
248411	3296.6692861472384
248979	3296.6692861472384
249547	3296.6692861472384
250111	3296.6692861472384
250677	3296.6692861472384
251244	3296.6692861472384
251811	3296.6692861472384
252378	3296.6692861472384
252948	3296.6692861472384
253510	3296.6692861472384
268653	3296.6692861472384
269214	3296.6692861472384
269781	3296.6692861472384
270345	3296.6692861472384
270912	3296.6692861472384
271476	3296.6692861472384
272042	3296.6692861472384
272607	3296.6692861472384
273167	3296.6692861472384
273729	3296.6692861472384
282349	3269.6172776938424
296705	3269.6172729732757
297274	3269.6172729732757
297839	3269.6172729732757
298406	3269.6172729732757
298969	3269.6172729732757
299534	3269.6172729732757
300098	3269.6172729732757
300661	3269.6172729732757
301226	3269.6172729732757
301788	3269.6172729732757
302355	3269.6172729732757
302922	3269.6172729732757
303486	3269.6172729732757
304051	3269.6172729732757
304615	3269.6172729732757
305179	3269.6172729732757
305743	3269.6172729732757
306308	3269.6172729732757
306872	3269.6172729732757
320627	3269.6172729732757
321191	3269.6172729732757
321757	3269.6172729732757
322322	3269.6172729732757
322886	3269.6172729732757
323448	3269.6172729732757
324012	3269.6172729732757
324576	3269.6172729732757
325142	3269.6172729732757
325706	3269.6172729732757
326270	3269.6172729732757
326834	3269.6172729732757
327402	3269.6172729732757
327965	3269.6172729732757
328527	3269.6172729732757
329091	3269.6172729732757
329653	3269.6172729732757
330219	3269.6172729732757
330789	3269.6172729732757
331355	3269.6172729732757
339061	3269.6172713946926
352004	3269.61726984398
352567	3269.61726984398
353133	3269.61726984398
353698	3269.61726984398
354261	3269.61726984398
354825	3269.61726984398
355390	3269.61726984398
355953	3269.61726984398
356518	3269.61726984398
357084	3269.61726984398
357649	3269.61726984398
358214	3269.61726984398
358780	3269.61726984398
359344	3269.61726984398
359907	3269.61726984398
360472	3269.61726984398
361036	3269.61726984398
361598	3269.61726984398
362163	3269.61726984398
380440	3269.61726984398
381004	3269.61726984398
381569	3269.61726984398
382133	3269.61726984398
382699	3269.61726984398
383266	3269.61726984398
383833	3269.61726984398
384396	3269.61726984398
384965	3269.61726984398
385533	3269.61726984398
386099	3269.61726984398
386662	3269.61726984398
387226	3269.61726984398
387791	3269.61726984398
388357	3269.61726984398
388923	3269.61726984398
389489	3269.61726984398
390056	3269.61726984398
390623	3269.61726984398
391186	3269.61726984398
407316	3269.61726984398
407881	3269.61726984398
408451	3269.61726984398
409016	3269.61726984398
409581	3269.61726984398
410150	3269.61726984398
410718	3269.61726984398
411287	3269.61726984398
411853	3269.61726984398
412418	3269.61726984398
412986	3269.61726984398
413550	3269.61726984398
414116	3269.61726984398
414682	3269.61726984398
415252	3269.61726984398
415820	3269.61726984398
416383	3269.61726984398
416949	3269.61726984398
417516	3269.61726984398
418086	3269.61726984398
429199	3269.61726984398
429765	3269.61726984398
430333	3269.61726984398
430901	3269.61726984398
431467	3269.61726984398
432033	3269.61726984398
432600	3269.61726984398
433167	3269.61726984398
433736	3269.61726984398
434301	3269.61726984398
434871	3269.61726984398
435439	3269.61726984398
436005	3269.61726984398
436569	3269.61726984398
437137	3269.61726984398
437702	3269.61726984398
438270	3269.61726984398
438834	3269.61726984398
439398	3269.61726984398
439968	3269.61726984398
448643	3269.6172690860876
466844	3269.617267192161
467412	3269.617267192161
467977	3269.617267192161
468541	3269.617267192161
469104	3269.617267192161
469672	3269.617267192161
470240	3269.617267192161
470806	3269.617267192161
471367	3269.617267192161
471932	3269.617267192161
472496	3269.617267192161
473061	3269.617267192161
473631	3269.617267192161
474194	3269.617267192161
474760	3269.617267192161
475326	3269.617267192161
475893	3269.617267192161
476461	3269.617267192161
477029	3269.617267192161
486847	3269.617267192161
487412	3269.617267192161
487979	3269.617267192161
488547	3269.617267192161
489110	3269.617267192161
489677	3269.617267192161
490243	3269.617267192161
490809	3269.617267192161
491377	3269.617267192161
491943	3269.617267192161
492514	3269.617267192161
493081	3269.617267192161
493647	3269.617267192161
494214	3269.617267192161
494780	3269.617267192161
495347	3269.617267192161
495914	3269.617267192161
496478	3269.617267192161
497040	3269.617267192161
497604	3269.617267192161
511045	3269.617267192161
