500	19140.401803268003
1081	15985.889692414932
1651	14772.245371940158
2225	14772.245371940158
2796	12652.579957189486
3365	12221.690770379333
3933	11341.146731697972
4497	9882.344572674661
5063	9882.344572674661
5627	8969.585143456963
6190	8969.585143456963
6756	8969.585143456963
7320	8780.644215619777
7884	8535.799447472287
8446	8077.205352077586
9014	7221.461607322286
9575	7221.461607322286
10139	7221.461607322286
10700	7159.887168382996
11265	7159.887168382996
11832	6012.415110329846
12397	6012.415110329846
12964	6012.415110329846
13529	5914.57494299143
14097	5520.40685279134
14663	5520.40685279134
15228	5520.40685279134
15791	5129.407871704829
16357	5085.780744945463
16924	5085.780744945463
17492	5011.567520359338
18058	4858.602204496616
18622	4669.523261601255
19184	4511.731081861932
19751	4448.3960255516795
20312	4448.3960255516795
20877	4417.860270251371
21441	4367.047980363971
22009	4308.311311350915
22572	4302.354816033265
23138	4166.632044244584
52430	3316.3202580329926
68770	3312.3658525793103
95260	3258.848727912537
113240	3258.8487270035803
113804	3258.8487270035803
114364	3258.8487270035803
114924	3258.8487270035803
115485	3258.8487270035803
116048	3258.8487270035803
116613	3258.8487270035803
117178	3258.8487270035803
117744	3258.8487270035803
118313	3258.8487270035803
118882	3258.8487270035803
119446	3258.8487270035803
120010	3258.8487270035803
120576	3258.8487270035803
121141	3258.8487270035803
121706	3258.8487270035803
122270	3258.8487270035803
122834	3258.8487270035803
123401	3258.8487270035803
123969	3258.8487270035803
124535	3258.8487270035803
125098	3258.8487270035803
125661	3258.8487270035803
126223	3258.8487270035803
126783	3258.8487270035803
127344	3258.8487270035803
127907	3258.8487270035803
139162	3258.8487270035803
139724	3258.8487270035803
140286	3258.8487270035803
140850	3258.8487270035803
141410	3258.8487270035803
141970	3258.8487270035803
142532	3258.8487270035803
143090	3258.8487270035803
143651	3258.8487270035803
144215	3258.8487270035803
154292	3258.8487270035803
154851	3258.8487270035803
155408	3258.8487270035803
155970	3258.8487270035803
156533	3258.8487270035803
157093	3258.8487270035803
157655	3258.8487270035803
158213	3258.8487270035803
158774	3258.8487270035803
159332	3258.8487270035803
159887	3258.8487270035803
160444	3258.8487270035803
161003	3258.8487270035803
161561	3258.8487270035803
162120	3258.8487270035803
162677	3258.8487270035803
163237	3258.8487270035803
163795	3258.8487270035803
164354	3258.8487270035803
164913	3258.8487270035803
173956	3258.8487270035803
174515	3258.8487270035803
175074	3258.8487270035803
175633	3258.8487270035803
176192	3258.8487270035803
176753	3258.8487270035803
177310	3258.8487270035803
177866	3258.8487270035803
178422	3258.8487270035803
178977	3258.8487270035803
179536	3258.8487270035803
180090	3258.8487270035803
180649	3258.8487270035803
181207	3258.8487270035803
181761	3258.8487270035803
182318	3258.8487270035803
182876	3258.8487270035803
183432	3258.8487270035803
183990	3258.8487270035803
184546	3258.8487270035803
193591	3258.8487270035803
194148	3258.8487270035803
194705	3258.8487270035803
195262	3258.8487270035803
195819	3258.8487270035803
196375	3258.8487270035803
196931	3258.8487270035803
197485	3258.8487270035803
198040	3258.8487270035803
198595	3258.8487270035803
199150	3258.8487270035803
199703	3258.8487270035803
200258	3258.8487270035803
200814	3258.8487270035803
201368	3258.8487270035803
201923	3258.8487270035803
202480	3258.8487270035803
203035	3258.8487270035803
203590	3258.8487270035803
204144	3258.8487270035803
212318	3258.8487270035803
212874	3258.8487270035803
213430	3258.8487270035803
213986	3258.8487270035803
214546	3258.8487270035803
215105	3258.8487270035803
215665	3258.8487270035803
216225	3258.8487270035803
216784	3258.8487270035803
217346	3258.8487270035803
217907	3258.8487270035803
218466	3258.8487270035803
219028	3258.8487270035803
219589	3258.8487270035803
220150	3258.8487270035803
220713	3258.8487270035803
221276	3258.8487270035803
221836	3258.8487270035803
222397	3258.8487270035803
222957	3258.8487270035803
231632	3258.8487270035803
232192	3258.8487270035803
232753	3258.8487270035803
233312	3258.8487270035803
233872	3258.8487270035803
234430	3258.8487270035803
234988	3258.8487270035803
235547	3258.8487270035803
236108	3258.8487270035803
236667	3258.8487270035803
244303	3258.8487270035803
244865	3258.8487270035803
245424	3258.8487270035803
245978	3258.8487270035803
246536	3258.8487270035803
247097	3258.8487270035803
247653	3258.8487270035803
248210	3258.8487270035803
248764	3258.8487270035803
249318	3258.8487270035803
249872	3258.8487270035803
250430	3258.8487270035803
250984	3258.8487270035803
251541	3258.8487270035803
252096	3258.8487270035803
252652	3258.8487270035803
253208	3258.8487270035803
253766	3258.8487270035803
254321	3258.8487270035803
254878	3258.8487270035803
263818	3258.8487270035803
264372	3258.8487270035803
264924	3258.8487270035803
265478	3258.8487270035803
266034	3258.8487270035803
266587	3258.8487270035803
267143	3258.8487270035803
267700	3258.8487270035803
268253	3258.8487270035803
268807	3258.8487270035803
269359	3258.8487270035803
269913	3258.8487270035803
270465	3258.8487270035803
271018	3258.8487270035803
271573	3258.8487270035803
272129	3258.8487270035803
272685	3258.8487270035803
273239	3258.8487270035803
273794	3258.8487270035803
274352	3258.8487270035803
283325	3258.8487270035803
283881	3258.8487270035803
284438	3258.8487270035803
284995	3258.8487270035803
285552	3258.8487270035803
286112	3258.8487270035803
286670	3258.8487270035803
287229	3258.8487270035803
287789	3258.8487270035803
288349	3258.8487270035803
288912	3258.8487270035803
289473	3258.8487270035803
290036	3258.8487270035803
290599	3258.8487270035803
291162	3258.8487270035803
291726	3258.8487270035803
292289	3258.8487270035803
292853	3258.8487270035803
293419	3258.8487270035803
293981	3258.8487270035803
302674	3258.8487270035803
303236	3258.8487270035803
303799	3258.8487270035803
304362	3258.8487270035803
304925	3258.8487270035803
305488	3258.8487270035803
306053	3258.8487270035803
306615	3258.8487270035803
307178	3258.8487270035803
307739	3258.8487270035803
308301	3258.8487270035803
308864	3258.8487270035803
309426	3258.8487270035803
309989	3258.8487270035803
310553	3258.8487270035803
311113	3258.8487270035803
311676	3258.8487270035803
312236	3258.8487270035803
312797	3258.8487270035803
313355	3258.8487270035803
320920	3258.8487270035803
321477	3258.8487270035803
322036	3258.8487270035803
322598	3258.8487270035803
323157	3258.8487270035803
323717	3258.8487270035803
324274	3258.8487270035803
324836	3258.8487270035803
325396	3258.8487270035803
325956	3258.8487270035803
334625	3258.8487270035803
335188	3258.8487270035803
335750	3258.8487270035803
336311	3258.8487270035803
336872	3258.8487270035803
337436	3258.8487270035803
338002	3258.8487270035803
338563	3258.8487270035803
339127	3258.8487270035803
339690	3258.8487270035803
340251	3258.8487270035803
340815	3258.8487270035803
341379	3258.8487270035803
341941	3258.8487270035803
342502	3258.8487270035803
343063	3258.8487270035803
343623	3258.8487270035803
344184	3258.8487270035803
344747	3258.8487270035803
345303	3258.8487270035803
353646	3258.8487270035803
354207	3258.8487270035803
354766	3258.8487270035803
355325	3258.8487270035803
355884	3258.8487270035803
356444	3258.8487270035803
357005	3258.8487270035803
357564	3258.8487270035803
358126	3258.8487270035803
358688	3258.8487270035803
359251	3258.8487270035803
359810	3258.8487270035803
360370	3258.8487270035803
360935	3258.8487270035803
361496	3258.8487270035803
362059	3258.8487270035803
362620	3258.8487270035803
363184	3258.8487270035803
363747	3258.8487270035803
364309	3258.8487270035803
372132	3258.8487270035803
372697	3258.8487270035803
373258	3258.8487270035803
373820	3258.8487270035803
374383	3258.8487270035803
374946	3258.8487270035803
375507	3258.8487270035803
376070	3258.8487270035803
376629	3258.8487270035803
377189	3258.8487270035803
377751	3258.8487270035803
378312	3258.8487270035803
378875	3258.8487270035803
379439	3258.8487270035803
380004	3258.8487270035803
380566	3258.8487270035803
381130	3258.8487270035803
381691	3258.8487270035803
382252	3258.8487270035803
382815	3258.8487270035803
390381	3258.8487270035803
390938	3258.8487270035803
391499	3258.8487270035803
392059	3258.8487270035803
392618	3258.8487270035803
393178	3258.8487270035803
393738	3258.8487270035803
394298	3258.8487270035803
394857	3258.8487270035803
395417	3258.8487270035803
395978	3258.8487270035803
396539	3258.8487270035803
397095	3258.8487270035803
397652	3258.8487270035803
398213	3258.8487270035803
398771	3258.8487270035803
399327	3258.8487270035803
399888	3258.8487270035803
400449	3258.8487270035803
401004	3258.8487270035803
407893	3258.8487270035803
408451	3258.8487270035803
409008	3258.8487270035803
409566	3258.8487270035803
410126	3258.8487270035803
410685	3258.8487270035803
411247	3258.8487270035803
411804	3258.8487270035803
412363	3258.8487270035803
412921	3258.8487270035803
419718	3258.8487270035803
420277	3258.8487270035803
420839	3258.8487270035803
421398	3258.8487270035803
421959	3258.8487270035803
422521	3258.8487270035803
423080	3258.8487270035803
423639	3258.8487270035803
424197	3258.8487270035803
424755	3258.8487270035803
425312	3258.8487270035803
425869	3258.8487270035803
426431	3258.8487270035803
426992	3258.8487270035803
427553	3258.8487270035803
428113	3258.8487270035803
428675	3258.8487270035803
429237	3258.8487270035803
429795	3258.8487270035803
430360	3258.8487270035803
436953	3258.8487270035803
437515	3258.8487270035803
438074	3258.8487270035803
438631	3258.8487270035803
439190	3258.8487270035803
439751	3258.8487270035803
440311	3258.8487270035803
440868	3258.8487270035803
441425	3258.8487270035803
441982	3258.8487270035803
442542	3258.8487270035803
443100	3258.8487270035803
443658	3258.8487270035803
444222	3258.8487270035803
444786	3258.8487270035803
445346	3258.8487270035803
445908	3258.8487270035803
446469	3258.8487270035803
447032	3258.8487270035803
447594	3258.8487270035803
454134	3258.8487270035803
454697	3258.8487270035803
455251	3258.8487270035803
455806	3258.8487270035803
456364	3258.8487270035803
456926	3258.8487270035803
457488	3258.8487270035803
458048	3258.8487270035803
458609	3258.8487270035803
459168	3258.8487270035803
459729	3258.8487270035803
460287	3258.8487270035803
460848	3258.8487270035803
461413	3258.8487270035803
461971	3258.8487270035803
462532	3258.8487270035803
463092	3258.8487270035803
463653	3258.8487270035803
464213	3258.8487270035803
464773	3258.8487270035803
471265	3258.8487270035803
471826	3258.8487270035803
472386	3258.8487270035803
472946	3258.8487270035803
473505	3258.8487270035803
474067	3258.8487270035803
474627	3258.8487270035803
475187	3258.8487270035803
475744	3258.8487270035803
476302	3258.8487270035803
476860	3258.8487270035803
477419	3258.8487270035803
477975	3258.8487270035803
478541	3258.8487270035803
479103	3258.8487270035803
479662	3258.8487270035803
480223	3258.8487270035803
480783	3258.8487270035803
481344	3258.8487270035803
481906	3258.8487270035803
488447	3258.8487270035803
489008	3258.8487270035803
489568	3258.8487270035803
490127	3258.8487270035803
490685	3258.8487270035803
491248	3258.8487270035803
491804	3258.8487270035803
492365	3258.8487270035803
492921	3258.8487270035803
493482	3258.8487270035803
499919	3258.8487270035803
500480	3258.8487270035803
