500	22917.163822907183
1094	15440.166121146109
1678	12855.734105221
2261	9759.857863687212
2841	8831.671029476347
3421	8251.267783376985
3997	7645.500029505639
4576	6940.191184968607
5159	6656.360743761532
5741	6457.8526241000045
6319	6239.340665552709
6898	6053.410329356375
7476	5803.75649194357
8054	5600.460014866247
8640	5466.988528653686
9229	5264.385864800444
9817	5131.027378090591
10399	5010.63332636697
10984	4900.66391767315
11570	4816.3158078338465
12153	4701.467698690819
12734	4660.861846231071
13324	4542.304151333203
13913	4486.26478174862
14503	4413.692245836976
15090	4337.423825149585
15683	4299.406684015257
16281	4230.453126045823
16864	4184.35098155344
17453	4162.849145140348
18043	4135.047974984674
18640	4092.5273770990707
19231	4058.9433139189673
19825	4010.9196464011247
20419	4000.1875989895466
21025	3952.3830953564243
21613	3931.0042641267232
22209	3893.3926831636036
22802	3881.5805196351826
23388	3857.260455103459
23985	3817.995309154006
59753	3269.910650791269
66822	3269.6172795070556
87674	3269.6172779474864
88253	3269.6172779474864
88829	3269.6172779474864
89402	3269.6172779474864
89974	3269.6172779474864
90549	3269.6172779474864
91125	3269.6172779474864
91703	3269.6172779474864
92275	3269.6172779474864
92857	3269.6172779474864
93434	3269.6172779474864
94016	3269.6172779474864
94605	3269.6172779474864
95191	3269.6172779474864
95781	3269.6172779474864
96370	3269.6172779474864
96960	3269.6172779474864
97549	3269.6172779474864
98142	3269.6172779474864
98727	3269.6172779474864
99318	3269.6172779474864
99915	3269.6172779474864
100510	3269.6172779474864
101098	3269.6172779474864
101691	3269.6172779474864
102274	3269.6172779474864
102865	3269.6172779474864
103460	3269.6172779474864
116596	3253.351642364657
130536	3253.3516407089373
131135	3253.3516407089373
131724	3253.3516407089373
132325	3253.3516407089373
132919	3253.3516407089373
133511	3253.3516407089373
134102	3253.3516407089373
134693	3253.3516407089373
135283	3253.3516407089373
135876	3253.3516407089373
136466	3253.3516407089373
137061	3253.3516407089373
137653	3253.3516407089373
138240	3253.3516407089373
138841	3253.3516407089373
139445	3253.3516407089373
140045	3253.3516407089373
140638	3253.3516407089373
141226	3253.3516407089373
151725	3253.3516407089373
152327	3253.3516407089373
152923	3253.3516407089373
153518	3253.3516407089373
154115	3253.3516407089373
154717	3253.3516407089373
155305	3253.3516407089373
155900	3253.3516407089373
156499	3253.3516407089373
157087	3253.3516407089373
157689	3253.3516407089373
158287	3253.3516407089373
158884	3253.3516407089373
159479	3253.3516407089373
160073	3253.3516407089373
160668	3253.3516407089373
161268	3253.3516407089373
161856	3253.3516407089373
162452	3253.3516407089373
163039	3253.3516407089373
175426	3253.3516407089373
176019	3253.3516407089373
176613	3253.3516407089373
177208	3253.3516407089373
177798	3253.3516407089373
178397	3253.3516407089373
178988	3253.3516407089373
179587	3253.3516407089373
180185	3253.3516407089373
180787	3253.3516407089373
181386	3253.3516407089373
181978	3253.3516407089373
182577	3253.3516407089373
183167	3253.3516407089373
183767	3253.3516407089373
184367	3253.3516407089373
184964	3253.3516407089373
185562	3253.3516407089373
186159	3253.3516407089373
186754	3253.3516407089373
195176	3253.3516407089373
195764	3253.3516407089373
196365	3253.3516407089373
196968	3253.3516407089373
197561	3253.3516407089373
198153	3253.3516407089373
198755	3253.3516407089373
199343	3253.3516407089373
199939	3253.3516407089373
200536	3253.3516407089373
201127	3253.3516407089373
201720	3253.3516407089373
202313	3253.3516407089373
202904	3253.3516407089373
203512	3253.3516407089373
204110	3253.3516407089373
204711	3253.3516407089373
205305	3253.3516407089373
205900	3253.3516407089373
206500	3253.3516407089373
218541	3253.3516407089373
219145	3253.3516407089373
219740	3253.3516407089373
220336	3253.3516407089373
220938	3253.3516407089373
221531	3253.3516407089373
222127	3253.3516407089373
222720	3253.3516407089373
223308	3253.3516407089373
223909	3253.3516407089373
224502	3253.3516407089373
225093	3253.3516407089373
225673	3253.3516407089373
226262	3253.3516407089373
226866	3253.3516407089373
227460	3253.3516407089373
228054	3253.3516407089373
228653	3253.3516407089373
229250	3253.3516407089373
229846	3253.3516407089373
241434	3253.3516407089373
242032	3253.3516407089373
242623	3253.3516407089373
243214	3253.3516407089373
243813	3253.3516407089373
244408	3253.3516407089373
244998	3253.3516407089373
245598	3253.3516407089373
246196	3253.3516407089373
246792	3253.3516407089373
258260	3253.3516407089373
258855	3253.3516407089373
259461	3253.3516407089373
260061	3253.3516407089373
260653	3253.3516407089373
261258	3253.3516407089373
261857	3253.3516407089373
262446	3253.3516407089373
263046	3253.3516407089373
263646	3253.3516407089373
264249	3253.3516407089373
264853	3253.3516407089373
265460	3253.3516407089373
266059	3253.3516407089373
266652	3253.3516407089373
267242	3253.3516407089373
267842	3253.3516407089373
268435	3253.3516407089373
269024	3253.3516407089373
269629	3253.3516407089373
281410	3253.3516407089373
282002	3253.3516407089373
282605	3253.3516407089373
283209	3253.3516407089373
283814	3253.3516407089373
284408	3253.3516407089373
284992	3253.3516407089373
285588	3253.3516407089373
286191	3253.3516407089373
286795	3253.3516407089373
287397	3253.3516407089373
288000	3253.3516407089373
288593	3253.3516407089373
289192	3253.3516407089373
289801	3253.3516407089373
290399	3253.3516407089373
290990	3253.3516407089373
291593	3253.3516407089373
292192	3253.3516407089373
292792	3253.3516407089373
304470	3253.3516407089373
305067	3253.3516407089373
305667	3253.3516407089373
306264	3253.3516407089373
306867	3253.3516407089373
307468	3253.3516407089373
308056	3253.3516407089373
308645	3253.3516407089373
309245	3253.3516407089373
309840	3253.3516407089373
310438	3253.3516407089373
311038	3253.3516407089373
311633	3253.3516407089373
312222	3253.3516407089373
312813	3253.3516407089373
313413	3253.3516407089373
314002	3253.3516407089373
314597	3253.3516407089373
315197	3253.3516407089373
315794	3253.3516407089373
329006	3253.3516407089373
329602	3253.3516407089373
330207	3253.3516407089373
330810	3253.3516407089373
331401	3253.3516407089373
331996	3253.3516407089373
332599	3253.3516407089373
333204	3253.3516407089373
333798	3253.3516407089373
334390	3253.3516407089373
334986	3253.3516407089373
335581	3253.3516407089373
336180	3253.3516407089373
336774	3253.3516407089373
337368	3253.3516407089373
337963	3253.3516407089373
338563	3253.3516407089373
339153	3253.3516407089373
339747	3253.3516407089373
340341	3253.3516407089373
352481	3253.3516407089373
353074	3253.3516407089373
353671	3253.3516407089373
354268	3253.3516407089373
354865	3253.3516407089373
355453	3253.3516407089373
356060	3253.3516407089373
356654	3253.3516407089373
357254	3253.3516407089373
357853	3253.3516407089373
370633	3253.3516407089373
371235	3253.3516407089373
371834	3253.3516407089373
372433	3253.3516407089373
373030	3253.3516407089373
373639	3253.3516407089373
374225	3253.3516407089373
374824	3253.3516407089373
375422	3253.3516407089373
376012	3253.3516407089373
376605	3253.3516407089373
377198	3253.3516407089373
377790	3253.3516407089373
378381	3253.3516407089373
378978	3253.3516407089373
379568	3253.3516407089373
380154	3253.3516407089373
380740	3253.3516407089373
381330	3253.3516407089373
381919	3253.3516407089373
394881	3253.3516407089373
395481	3253.3516407089373
396082	3253.3516407089373
396688	3253.3516407089373
397287	3253.3516407089373
397891	3253.3516407089373
398482	3253.3516407089373
399074	3253.3516407089373
399663	3253.3516407089373
400261	3253.3516407089373
400860	3253.3516407089373
401460	3253.3516407089373
402053	3253.3516407089373
402654	3253.3516407089373
403255	3253.3516407089373
403848	3253.3516407089373
404457	3253.3516407089373
405049	3253.3516407089373
405657	3253.3516407089373
406264	3253.3516407089373
418009	3253.3516407089373
418606	3253.3516407089373
419205	3253.3516407089373
419805	3253.3516407089373
420396	3253.3516407089373
421002	3253.3516407089373
421604	3253.3516407089373
422198	3253.3516407089373
422792	3253.3516407089373
423389	3253.3516407089373
423983	3253.3516407089373
424585	3253.3516407089373
425185	3253.3516407089373
425767	3253.3516407089373
426367	3253.3516407089373
426958	3253.3516407089373
427552	3253.3516407089373
428149	3253.3516407089373
428745	3253.3516407089373
429347	3253.3516407089373
442520	3253.3516407089373
443113	3253.3516407089373
443704	3253.3516407089373
444305	3253.3516407089373
444902	3253.3516407089373
445495	3253.3516407089373
446085	3253.3516407089373
446682	3253.3516407089373
447275	3253.3516407089373
447864	3253.3516407089373
448465	3253.3516407089373
449058	3253.3516407089373
449652	3253.3516407089373
450251	3253.3516407089373
450844	3253.3516407089373
451435	3253.3516407089373
452029	3253.3516407089373
452618	3253.3516407089373
453219	3253.3516407089373
453814	3253.3516407089373
467434	3253.3516407089373
468020	3253.3516407089373
468625	3253.3516407089373
469222	3253.3516407089373
469817	3253.3516407089373
470413	3253.3516407089373
471004	3253.3516407089373
471606	3253.3516407089373
472192	3253.3516407089373
472788	3253.3516407089373
484268	3253.3516407089373
484868	3253.3516407089373
485463	3253.3516407089373
486065	3253.3516407089373
486669	3253.3516407089373
487257	3253.3516407089373
487852	3253.3516407089373
488454	3253.3516407089373
489054	3253.3516407089373
489647	3253.3516407089373
490237	3253.3516407089373
490838	3253.3516407089373
491434	3253.3516407089373
492036	3253.3516407089373
492632	3253.3516407089373
493222	3253.3516407089373
493820	3253.3516407089373
494402	3253.3516407089373
494997	3253.3516407089373
495581	3253.3516407089373
506691	3253.3516407089373
