500	18266.862831701466
1091	15437.469909347867
1672	12532.522502167103
2255	10458.767984817503
2831	8632.527062001533
3416	7261.612963240892
4001	7087.317187912098
4579	6604.725273561765
5158	6080.3343222232925
5741	5814.581146364022
6323	5388.928964530198
6903	5287.265605369721
7485	5196.042151160344
8067	5007.7750764552875
8652	4747.682677816281
9233	4647.762375221055
9823	4495.575340527186
10410	4474.450169913576
10993	4360.964413136786
11584	4298.184857298196
12172	4264.052868871524
12774	4225.45516762485
13362	4165.261217512586
13948	4137.918106369783
14539	4061.8186561444513
15131	4036.810982176637
15720	4019.288079747886
16313	3987.887596901928
16909	3957.5735667005965
17501	3932.4513438372296
18095	3863.0198985931224
18695	3847.0277900566352
19298	3821.0360149678813
19898	3797.0471928644624
20500	3777.1348857455214
21085	3759.539523076302
21676	3741.4569824374166
22270	3726.8373961752886
22856	3713.928540468949
23451	3696.6570933517132
24044	3661.697707196977
46975	3319.1172049893307
67568	3313.5124995873707
87356	3296.669284701248
112805	3296.6692814535413
113377	3296.6692814535413
113956	3296.6692814535413
114536	3296.6692814535413
115117	3296.6692814535413
115693	3296.6692814535413
122445	3269.6172668127265
132409	3269.617266193986
132988	3269.617266193986
133564	3269.617266193986
134146	3269.617266193986
134718	3269.617266193986
135294	3269.617266193986
135877	3269.617266193986
136451	3269.617266193986
137028	3269.617266193986
137605	3269.617266193986
138191	3269.617266193986
138772	3269.617266193986
139346	3269.617266193986
139928	3269.617266193986
140513	3269.617266193986
141091	3269.617266193986
141670	3269.617266193986
142249	3269.617266193986
142826	3269.617266193986
143403	3269.617266193986
153666	3269.617266193986
154246	3269.617266193986
154821	3269.617266193986
155400	3269.617266193986
155978	3269.617266193986
156553	3269.617266193986
157133	3269.617266193986
157714	3269.617266193986
158285	3269.617266193986
158859	3269.617266193986
159434	3269.617266193986
160013	3269.617266193986
160590	3269.617266193986
161165	3269.617266193986
161747	3269.617266193986
162327	3269.617266193986
162908	3269.617266193986
163484	3269.617266193986
164070	3269.617266193986
164650	3269.617266193986
174823	3269.617266193986
175397	3269.617266193986
175973	3269.617266193986
176548	3269.617266193986
177127	3269.617266193986
177705	3269.617266193986
178288	3269.617266193986
178865	3269.617266193986
179449	3269.617266193986
180025	3269.617266193986
180602	3269.617266193986
181179	3269.617266193986
181751	3269.617266193986
182328	3269.617266193986
182905	3269.617266193986
183484	3269.617266193986
184059	3269.617266193986
184639	3269.617266193986
185215	3269.617266193986
185793	3269.617266193986
200366	3269.617266193986
200949	3269.617266193986
201524	3269.617266193986
202101	3269.617266193986
202684	3269.617266193986
203263	3269.617266193986
203833	3269.617266193986
204417	3269.617266193986
204991	3269.617266193986
205568	3269.617266193986
206147	3269.617266193986
206729	3269.617266193986
207303	3269.617266193986
207879	3269.617266193986
208454	3269.617266193986
209030	3269.617266193986
209606	3269.617266193986
210195	3269.617266193986
210784	3269.617266193986
211363	3269.617266193986
222102	3269.617266193986
222684	3269.617266193986
223264	3269.617266193986
223841	3269.617266193986
224418	3269.617266193986
224991	3269.617266193986
225574	3269.617266193986
226156	3269.617266193986
226736	3269.617266193986
227318	3269.617266193986
227901	3269.617266193986
228480	3269.617266193986
229062	3269.617266193986
229645	3269.617266193986
230219	3269.617266193986
230794	3269.617266193986
231370	3269.617266193986
231941	3269.617266193986
232517	3269.617266193986
233100	3269.617266193986
251226	3269.617266193986
251811	3269.617266193986
252388	3269.617266193986
252962	3269.617266193986
253536	3269.617266193986
254109	3269.617266193986
254695	3269.617266193986
255273	3269.617266193986
255849	3269.617266193986
256425	3269.617266193986
266513	3269.617266193986
267092	3269.617266193986
267669	3269.617266193986
268240	3269.617266193986
268823	3269.617266193986
269400	3269.617266193986
269976	3269.617266193986
270556	3269.617266193986
271138	3269.617266193986
271723	3269.617266193986
272304	3269.617266193986
272883	3269.617266193986
273463	3269.617266193986
274045	3269.617266193986
274631	3269.617266193986
275214	3269.617266193986
275792	3269.617266193986
276372	3269.617266193986
276954	3269.617266193986
277533	3269.617266193986
288671	3269.617266193986
289246	3269.617266193986
289831	3269.617266193986
290410	3269.617266193986
291008	3269.617266193986
291595	3269.617266193986
292172	3269.617266193986
292766	3269.617266193986
293348	3269.617266193986
293927	3269.617266193986
294508	3269.617266193986
295092	3269.617266193986
295668	3269.617266193986
296241	3269.617266193986
296818	3269.617266193986
297406	3269.617266193986
297982	3269.617266193986
298568	3269.617266193986
299152	3269.617266193986
299742	3269.617266193986
312179	3269.617266193986
312766	3269.617266193986
313345	3269.617266193986
313930	3269.617266193986
314508	3269.617266193986
315086	3269.617266193986
315676	3269.617266193986
316266	3269.617266193986
316847	3269.617266193986
317435	3269.617266193986
318026	3269.617266193986
318613	3269.617266193986
319199	3269.617266193986
319783	3269.617266193986
320376	3269.617266193986
320957	3269.617266193986
321540	3269.617266193986
322122	3269.617266193986
322708	3269.617266193986
323286	3269.617266193986
335098	3269.617266193986
335674	3269.617266193986
336253	3269.617266193986
336837	3269.617266193986
337423	3269.617266193986
338001	3269.617266193986
338583	3269.617266193986
339164	3269.617266193986
339748	3269.617266193986
340334	3269.617266193986
340916	3269.617266193986
341496	3269.617266193986
342076	3269.617266193986
342653	3269.617266193986
343238	3269.617266193986
343817	3269.617266193986
344400	3269.617266193986
344984	3269.617266193986
345561	3269.617266193986
346141	3269.617266193986
357383	3269.617266193986
357960	3269.617266193986
358545	3269.617266193986
359127	3269.617266193986
359700	3269.617266193986
360275	3269.617266193986
360865	3269.617266193986
361442	3269.617266193986
362023	3269.617266193986
362601	3269.617266193986
372875	3269.617266193986
373452	3269.617266193986
374036	3269.617266193986
374609	3269.617266193986
375186	3269.617266193986
375772	3269.617266193986
376349	3269.617266193986
376932	3269.617266193986
377508	3269.617266193986
378083	3269.617266193986
378676	3269.617266193986
379255	3269.617266193986
379835	3269.617266193986
380416	3269.617266193986
380991	3269.617266193986
381571	3269.617266193986
382157	3269.617266193986
382738	3269.617266193986
383320	3269.617266193986
383907	3269.617266193986
396849	3269.617266193986
397433	3269.617266193986
398015	3269.617266193986
398606	3269.617266193986
399194	3269.617266193986
399774	3269.617266193986
400359	3269.617266193986
400940	3269.617266193986
401525	3269.617266193986
402109	3269.617266193986
402701	3269.617266193986
403284	3269.617266193986
403876	3269.617266193986
404459	3269.617266193986
405050	3269.617266193986
405638	3269.617266193986
406232	3269.617266193986
406815	3269.617266193986
407398	3269.617266193986
407998	3269.617266193986
415916	3269.617266193986
416504	3269.617266193986
417080	3269.617266193986
417661	3269.617266193986
418250	3269.617266193986
418840	3269.617266193986
419424	3269.617266193986
420013	3269.617266193986
420589	3269.617266193986
421161	3269.617266193986
421741	3269.617266193986
422331	3269.617266193986
422912	3269.617266193986
423506	3269.617266193986
424088	3269.617266193986
424662	3269.617266193986
425237	3269.617266193986
425820	3269.617266193986
426407	3269.617266193986
426990	3269.617266193986
439854	3269.617266193986
440431	3269.617266193986
441024	3269.617266193986
441608	3269.617266193986
442187	3269.617266193986
442778	3269.617266193986
443364	3269.617266193986
443948	3269.617266193986
444530	3269.617266193986
445103	3269.617266193986
445685	3269.617266193986
446270	3269.617266193986
446856	3269.617266193986
447443	3269.617266193986
448023	3269.617266193986
448605	3269.617266193986
449191	3269.617266193986
449774	3269.617266193986
450349	3269.617266193986
450936	3269.617266193986
461666	3269.617266193986
462246	3269.617266193986
462823	3269.617266193986
463405	3269.617266193986
463992	3269.617266193986
464575	3269.617266193986
465150	3269.617266193986
465733	3269.617266193986
466324	3269.617266193986
466908	3269.617266193986
478929	3269.617266193986
479502	3269.617266193986
480088	3269.617266193986
480676	3269.617266193986
481255	3269.617266193986
481844	3269.617266193986
482430	3269.617266193986
483007	3269.617266193986
483602	3269.617266193986
484183	3269.617266193986
484765	3269.617266193986
485349	3269.617266193986
485926	3269.617266193986
486502	3269.617266193986
487084	3269.617266193986
487658	3269.617266193986
488244	3269.617266193986
488830	3269.617266193986
489403	3269.617266193986
489977	3269.617266193986
502218	3269.617266193986
