-87.66619266938991	19.99583538418787	-51.88620460810425	-33.71251171537391	74.71096120877618	57.31903625163159	3.0851107418679504	75.36220384190011	16.34478842452218	-43.95114329208134	95.20851393967567	-88.1371530941994	-86.20555854773941	79.21860646203166	10.17448653870916	75.24977933811502	58.68182568274037	46.52335087739738	91.21118954533819	-31.0834858039549	25.153938801120916	81.22608757641817	-50.80358148525297	-98.78152990716099	9.131888061781467	-14.441548665863962	-20.501262416022897	-23.063445891694784	35.20522880072204	5.332325406796244	
100.0	100.0	-26.00898534430977	-23.35331258258404	90.87550883292181	-70.14058041301139	-16.474628489825054	50.3928817312184	-95.10520723921864	89.19691625254558	87.08003561316704	-85.64177643128653	-71.74950873928789	8.496602313448971	-47.511036050929434	-10.682106832337983	59.05306609585826	-13.68410008790298	-100.0	-96.56943803485699	-96.93980627111279	76.15514032031928	18.28508736776442	-29.302058519031643	-100.0	-100.0	-46.351580964564306	100.0	100.0	-100.0	
100.0	98.44376544063863	-33.44469941863479	-50.88495071210686	85.29270125317522	-98.33695999072721	-6.904556446656128	64.04978920025	-80.900341130014	70.54440409993998	97.7236385474429	-67.01106431030004	-94.67596658168051	3.2687867790497123	-53.93187670694312	1.1011625428282485	59.37235217710834	-4.840789224605583	-79.10575312291064	-90.71215759861772	-95.52813340695978	80.43664030757006	22.004278195254358	-33.905925331815965	-85.28750686149979	-99.71148024123791	-48.26550684882708	95.45296148260388	90.9871385727768	-94.41503014333449	
92.59214553570158	80.10728090688559	-38.779214477545636	1.6632227751579904	100.0	47.109423182306905	-6.967782568895641	71.86023506171584	-86.42272494749886	49.11113385547804	53.032296470575055	-100.0	-72.31572279957712	16.334697358635125	-23.156635287263413	14.422640849093039	61.138780425955	-81.66394743558824	-67.09675541998054	-100.0	-84.77953280875253	100.0	17.79975622717741	-49.81711709629058	-68.4556993448592	-96.64429348498466	-91.73853631128299	100.0	27.53815742178567	-92.73465535128739	
90.74840846882356	87.78952785386538	-28.612439086236197	1.332267332743622	100.0	53.588580235521704	-13.744677508501205	73.28037737786268	-89.90580079365954	55.12767855369084	42.70806706974258	-96.08218916062187	-84.50456638764763	19.419630878555786	-18.68560036911139	24.205486502423522	63.103420160619095	-92.0246547309807	-38.465900815812915	-88.61407668821337	-79.60152023553186	95.96951811842172	12.66470285155168	-50.98589426131512	-48.17137565237892	-90.06533405851827	-78.87682365773875	99.13271426705606	8.647483639239848	-92.60794145562977	
39.69646483163433	47.30457239059615	-12.78471779869908	-58.70399984647685	94.68058748901126	47.25440074397069	-79.61794397591082	-12.18844694501016	-96.89653278843122	25.98035686821325	62.90501795225228	-59.704125179051005	-30.95588765207811	12.760418041825556	-43.68640543995276	33.13897183396848	6.355274877361579	-7.840982813838124	89.71438482844404	-60.66787150293795	-74.69631003905498	92.24038602430313	-73.7994126534106	-55.431688905400165	-45.30716272382987	-93.97492431210557	-30.320696104295987	97.97362157503254	13.646843007716688	-97.29266388111547	
30.52997303395847	98.76319909727178	-28.79404999003598	-58.194076843949055	98.08000897705239	72.35052737468634	-56.606048777363114	31.120852956432273	-98.67724221795032	16.40204388337884	57.25298078164542	-75.66655960920279	-53.86494290923056	26.834603011915704	-45.22789602407209	-42.358052499668894	73.58459776637235	-87.84484960705086	-33.44847090039001	-80.83493062236595	-91.20245155124579	97.30627227008223	-42.94525708998663	-84.9139163151372	-51.64116421859382	-83.1528078713088	-71.2597232004518	92.6811506918606	22.07758701868617	-99.63164061154876	
74.79255786537689	61.08447290411438	-22.31818922894822	-94.35589384261333	82.68031716638254	63.70749984446217	-64.18393307513927	75.37431824274404	-91.0192210193861	54.005128730825284	71.7392254381473	-71.81223927007409	-49.607913784505044	34.98053224329386	-16.081534559457765	-4.828847798685934	46.629578600665	-75.79180921683894	-9.465143029274671	-83.73914715695506	-95.47007717100436	89.48273819063866	-34.70787294447514	-79.15215658038852	-61.61828603683063	-92.08824283433798	-59.12449921721628	99.18057544257857	17.42250063143078	-81.05906461699459	
74.79255786537689	61.08447290411438	-22.31818922894822	-94.35589384261333	82.68031716638254	63.70749984446217	-64.18393307513927	75.37431824274404	-91.0192210193861	54.005128730825284	71.7392254381473	-71.81223927007409	-49.607913784505044	34.98053224329386	-16.081534559457765	-4.828847798685934	46.629578600665	-75.79180921683894	-9.465143029274671	-83.73914715695506	-95.47007717100436	89.48273819063866	-34.70787294447514	-79.15215658038852	-61.61828603683063	-92.08824283433798	-59.12449921721628	99.18057544257857	17.42250063143078	-81.05906461699459	
76.00573549124692	70.59618273448648	-28.772253164651385	-8.673623333092369	91.54086805130551	48.62169805909162	-48.447314127771435	51.225825373666694	-93.64082862575036	6.720452361611436	69.52530370263167	-88.33220257442588	-66.94706115384467	25.935565371425	-32.165066881554495	4.11777729405096	49.53802985420551	-24.345050647818546	44.934799616126995	-91.11883322298286	-75.90164834632678	92.00596241331719	-19.625069260211653	-54.66325963401767	-40.21555381871661	-86.63742798741967	-59.49990974253251	99.52551507149377	15.259106037307816	-68.32877800040202	
