500	1884.337559126065
1083	1687.217187607127
1661	1563.9855631596402
2236	1513.006623445393
2807	1374.6615858832708
3376	1374.6615858832708
3947	1373.3533858594985
4513	1337.5653184165988
5079	1337.5653184165988
5641	1334.3672132854085
6201	1288.369868934205
6763	1275.4812682353727
7323	1275.4812682353727
7883	1273.866580852759
8438	1273.866580852759
8996	1273.866580852759
9557	1273.866580852759
10114	1258.6759494259827
10670	1258.6759494259827
11225	1258.6759494259827
11780	1258.6759494259827
12333	1258.6759494259827
12892	1258.6759494259827
13446	1258.6759494259827
14001	1242.7152136002023
14557	1242.7152136002023
15113	1242.7152136002023
15668	1232.9534766526494
16221	1232.9534766526494
16777	1232.9534766526494
17330	1232.9534766526494
17886	1232.9534766526494
18441	1232.9534766526494
18995	1232.9534766526494
19549	1232.9534766526494
20102	1232.9534766526494
20657	1232.9534766526494
21213	1232.9534766526494
21770	1230.9387244992147
22330	1230.9387244992147
22890	1230.9387244992147
23449	1230.9387244992147
29114	1040.5843315390955
31873	941.2837771200541
34818	941.2837770925464
35378	941.2837770925464
35941	941.2837770925464
36505	941.2837770925464
37064	941.2837770925464
37622	941.2837770925464
38181	941.2837770925464
38741	941.2837770925464
39300	941.2837770925464
39855	941.2837770925464
40414	941.2837770925464
40973	941.2837770925464
41527	941.2837770925464
42083	941.2837770925464
42638	941.2837770925464
43193	941.2837770925464
43748	941.2837770925464
44304	941.2837770925464
44859	941.2837770925464
45417	941.2837770925464
45976	941.2837770925464
46544	941.2837770925464
47104	941.2837770925464
47666	941.2837770925464
48226	941.2837770925464
48787	941.2837770925464
49345	941.2837770925464
50716	938.2990425187593
52188	906.4604123590641
55646	906.460412203924
56208	906.460412203924
56765	906.460412203924
57320	906.460412203924
57878	906.460412203924
58438	906.460412203924
58997	906.460412203924
59561	906.460412203924
60121	906.460412203924
60680	906.460412203924
61240	906.460412203924
61801	906.460412203924
62362	906.460412203924
62923	906.460412203924
63483	906.460412203924
64049	906.460412203924
64614	906.460412203924
65181	906.460412203924
65744	906.460412203924
66308	906.460412203924
66872	906.460412203924
67442	906.460412203924
68007	906.460412203924
68573	906.460412203924
69137	906.460412203924
69698	906.460412203924
70259	906.460412203924
70820	906.460412203924
72744	906.460412203924
73313	906.460412203924
73881	906.460412203924
74450	906.460412203924
75015	906.460412203924
75582	906.460412203924
76152	906.460412203924
76717	906.460412203924
77293	906.460412203924
77854	906.460412203924
79087	904.4704944984778
81370	904.4704940817595
81944	904.4704940817595
82514	904.4704940817595
83083	904.4704940817595
83655	904.4704940817595
84224	904.4704940817595
84796	904.4704940817595
85364	904.4704940817595
85931	904.4704940817595
86501	904.4704940817595
87071	904.4704940817595
87642	904.4704940817595
88218	904.4704940817595
88786	904.4704940817595
89362	904.4704940817595
89939	904.4704940817595
90507	904.4704940817595
91080	904.4704940817595
91654	904.4704940817595
92847	900.4906833477037
94775	900.4906832608137
95359	900.4906832608137
95942	900.4906832608137
96512	900.4906832608137
97088	900.4906832608137
97666	900.4906832608137
98240	900.4906832608137
98819	900.4906832608137
99394	900.4906832608137
99976	900.4906832608137
100551	900.4906832608137
101124	900.4906832608137
101699	900.4906832608137
102271	900.4906832608137
102843	900.4906832608137
103416	900.4906832608137
103985	900.4906832608137
104566	900.4906832608137
105144	900.4906832608137
106283	899.4957090216408
108268	899.4957088387869
108846	899.4957088387869
109420	899.4957088387869
109991	899.4957088387869
110563	899.4957088387869
111139	899.4957088387869
111714	899.4957088387869
112285	899.4957088387869
112866	899.4957088387869
113440	899.4957088387869
114019	899.4957088387869
114599	899.4957088387869
115178	899.4957088387869
115757	899.4957088387869
116335	899.4957088387869
116909	899.4957088387869
117484	899.4957088387869
118068	899.4957088387869
118649	899.4957088387869
120426	899.4957088387869
121002	899.4957088387869
121581	899.4957088387869
122163	899.4957088387869
122738	899.4957088387869
123316	899.4957088387869
123891	899.4957088387869
124465	899.4957088387869
125047	899.4957088387869
125629	899.4957088387869
126208	899.4957088387869
126785	899.4957088387869
127371	899.4957088387869
127952	899.4957088387869
128529	899.4957088387869
129107	899.4957088387869
129680	899.4957088387869
130256	899.4957088387869
130832	899.4957088387869
131409	899.4957088387869
132549	898.5007498079973
134696	898.5007497840384
135266	898.5007497840384
135841	898.5007497840384
136414	898.5007497840384
136986	898.5007497840384
137559	898.5007497840384
138130	898.5007497840384
138703	898.5007497840384
139273	898.5007497840384
139845	898.5007497840384
140420	898.5007497840384
140991	898.5007497840384
141563	898.5007497840384
142140	898.5007497840384
142710	898.5007497840384
143284	898.5007497840384
143866	898.5007497840384
144439	898.5007497840384
145012	898.5007497840384
146895	898.5007497840384
147472	898.5007497840384
148045	898.5007497840384
148617	898.5007497840384
149197	898.5007497840384
149778	898.5007497840384
150360	898.5007497840384
150937	898.5007497840384
151515	898.5007497840384
152101	898.5007497840384
152668	898.5007497840384
153244	898.5007497840384
153820	898.5007497840384
154393	898.5007497840384
154974	898.5007497840384
155554	898.5007497840384
156125	898.5007497840384
156699	898.5007497840384
157280	898.5007497840384
157857	898.5007497840384
159752	898.5007497840384
160330	898.5007497840384
160901	898.5007497840384
161477	898.5007497840384
162055	898.5007497840384
162631	898.5007497840384
163210	898.5007497840384
163788	898.5007497840384
164363	898.5007497840384
164943	898.5007497840384
165519	898.5007497840384
166095	898.5007497840384
166672	898.5007497840384
167250	898.5007497840384
167824	898.5007497840384
168405	898.5007497840384
168983	898.5007497840384
169562	898.5007497840384
170141	898.5007497840384
170724	898.5007497840384
171910	897.5057912194071
173844	897.505790975271
174424	897.505790975271
174997	897.505790975271
175579	897.505790975271
176159	897.505790975271
176733	897.505790975271
177310	897.505790975271
177894	897.505790975271
178476	897.505790975271
179055	897.505790975271
179638	897.505790975271
180215	897.505790975271
180788	897.505790975271
181363	897.505790975271
181938	897.505790975271
182514	897.505790975271
183097	897.505790975271
183683	897.505790975271
184263	897.505790975271
185354	896.5108316900945
187330	896.5108316577429
187917	896.5108316577429
188493	896.5108316577429
189079	896.5108316577429
189655	896.5108316577429
190238	896.5108316577429
190810	896.5108316577429
191392	896.5108316577429
191970	896.5108316577429
192549	896.5108316577429
193135	896.5108316577429
193717	896.5108316577429
194293	896.5108316577429
194869	896.5108316577429
195452	896.5108316577429
196031	896.5108316577429
196607	896.5108316577429
197188	896.5108316577429
197780	896.5108316577429
199512	896.5108316577429
200103	896.5108316577429
200681	896.5108316577429
201257	896.5108316577429
201837	896.5108316577429
202421	896.5108316577429
203006	896.5108316577429
203602	896.5108316577429
204191	896.5108316577429
204778	896.5108316577429
205366	896.5108316577429
205954	896.5108316577429
206534	896.5108316577429
207124	896.5108316577429
207713	896.5108316577429
208298	896.5108316577429
208885	896.5108316577429
209465	896.5108316577429
210045	896.5108316577429
210629	896.5108316577429
214205	896.5108316577429
214788	896.5108316577429
215371	896.5108316577429
215959	896.5108316577429
216546	896.5108316577429
217137	896.5108316577429
217724	896.5108316577429
218316	896.5108316577429
218912	896.5108316577429
219501	896.5108316577429
220086	896.5108316577429
220676	896.5108316577429
221263	896.5108316577429
221857	896.5108316577429
222446	896.5108316577429
223034	896.5108316577429
223627	896.5108316577429
224221	896.5108316577429
224814	896.5108316577429
225406	896.5108316577429
230070	896.5108316577429
230666	896.5108316577429
231255	896.5108316577429
231838	896.5108316577429
232421	896.5108316577429
233004	896.5108316577429
233603	896.5108316577429
234199	896.5108316577429
234785	896.5108316577429
235375	896.5108316577429
235964	896.5108316577429
236550	896.5108316577429
237138	896.5108316577429
237719	896.5108316577429
238306	896.5108316577429
238900	896.5108316577429
239484	896.5108316577429
240068	896.5108316577429
240652	896.5108316577429
241238	896.5108316577429
242434	891.5361073054414
244125	891.5361072801118
244708	891.5361072801118
245296	891.5361072801118
245878	891.5361072801118
246461	891.5361072801118
247048	891.5361072801118
247633	891.5361072801118
248216	891.5361072801118
248801	891.5361072801118
249386	891.5361072801118
249966	891.5361072801118
250556	891.5361072801118
251141	891.5361072801118
251724	891.5361072801118
252316	891.5361072801118
252896	891.5361072801118
253478	891.5361072801118
254059	891.5361072801118
254640	891.5361072801118
256586	891.5361072801118
257170	891.5361072801118
257758	891.5361072801118
258342	891.5361072801118
258918	891.5361072801118
259494	891.5361072801118
260079	891.5361072801118
260661	891.5361072801118
261244	891.5361072801118
261829	891.5361072801118
262409	891.5361072801118
262994	891.5361072801118
263581	891.5361072801118
264158	891.5361072801118
264736	891.5361072801118
265320	891.5361072801118
267463	890.5411483675741
268046	890.5411483675741
268633	890.5411483675741
269222	890.5411483675741
269805	890.5411483675741
270391	890.5411483675741
270970	890.5411483675741
271551	890.5411483675741
272137	890.5411483675741
272719	890.5411483675741
273314	890.5411483675741
273900	890.5411483675741
274483	890.5411483675741
275071	890.5411483675741
275664	890.5411483675741
276255	890.5411483675741
276850	890.5411483675741
277440	890.5411483675741
278028	890.5411483675741
278619	890.5411483675741
279212	890.5411483675741
279806	890.5411483675741
280400	890.5411483675741
280988	890.5411483675741
282036	890.5411482155965
283776	890.5411481630804
284369	890.5411481630804
284960	890.5411481630804
285553	890.5411481630804
286147	890.5411481630804
286741	890.5411481630804
287326	890.5411481630804
287914	890.5411481630804
288504	890.5411481630804
289087	890.5411481630804
289672	890.5411481630804
290261	890.5411481630804
290848	890.5411481630804
291438	890.5411481630804
292027	890.5411481630804
292616	890.5411481630804
293205	890.5411481630804
293792	890.5411481630804
294373	890.5411481630804
297716	890.5411481630804
298306	890.5411481630804
298893	890.5411481630804
299483	890.5411481630804
300070	890.5411481630804
300655	890.5411481630804
301238	890.5411481630804
301819	890.5411481630804
302412	890.5411481630804
302992	890.5411481630804
303573	890.5411481630804
304156	890.5411481630804
304737	890.5411481630804
305325	890.5411481630804
305907	890.5411481630804
306487	890.5411481630804
307063	890.5411481630804
307645	890.5411481630804
308228	890.5411481630804
308809	890.5411481630804
310437	890.5411481630804
311025	890.5411481630804
311606	890.5411481630804
312195	890.5411481630804
312777	890.5411481630804
313361	890.5411481630804
313943	890.5411481630804
314527	890.5411481630804
315111	890.5411481630804
315697	890.5411481630804
316276	890.5411481630804
316866	890.5411481630804
317447	890.5411481630804
318027	890.5411481630804
318613	890.5411481630804
319197	890.5411481630804
319786	890.5411481630804
320378	890.5411481630804
320968	890.5411481630804
321559	890.5411481630804
325633	890.5411481630804
326220	890.5411481630804
326807	890.5411481630804
327391	890.5411481630804
327976	890.5411481630804
328563	890.5411481630804
329154	890.5411481630804
329748	890.5411481630804
330340	890.5411481630804
330930	890.5411481630804
331525	890.5411481630804
332120	890.5411481630804
332714	890.5411481630804
333305	890.5411481630804
333893	890.5411481630804
334484	890.5411481630804
335082	890.5411481630804
335671	890.5411481630804
336262	890.5411481630804
336846	890.5411481630804
339751	890.5411481630804
340344	890.5411481630804
340922	890.5411481630804
341508	890.5411481630804
342088	890.5411481630804
342670	890.5411481630804
343256	890.5411481630804
343844	890.5411481630804
344431	890.5411481630804
345017	890.5411481630804
345607	890.5411481630804
346201	890.5411481630804
346792	890.5411481630804
347383	890.5411481630804
347980	890.5411481630804
348575	890.5411481630804
349164	890.5411481630804
349749	890.5411481630804
350343	890.5411481630804
350929	890.5411481630804
352027	888.5512300649409
353874	888.5512300484626
354460	888.5512300484626
355048	888.5512300484626
355640	888.5512300484626
356228	888.5512300484626
356817	888.5512300484626
357410	888.5512300484626
357995	888.5512300484626
358579	888.5512300484626
359162	888.5512300484626
359741	888.5512300484626
360316	888.5512300484626
360889	888.5512300484626
361464	888.5512300484626
362044	888.5512300484626
362629	888.5512300484626
363205	888.5512300484626
363781	888.5512300484626
364368	888.5512300484626
366170	888.5512300484626
366757	888.5512300484626
367340	888.5512300484626
367924	888.5512300484626
368510	888.5512300484626
369084	888.5512300484626
369673	888.5512300484626
370252	888.5512300484626
370834	888.5512300484626
371417	888.5512300484626
372000	888.5512300484626
372576	888.5512300484626
373168	888.5512300484626
373751	888.5512300484626
374337	888.5512300484626
374923	888.5512300484626
375511	888.5512300484626
376086	888.5512300484626
376672	888.5512300484626
377264	888.5512300484626
379148	888.5512300484626
379727	888.5512300484626
380302	888.5512300484626
380881	888.5512300484626
381460	888.5512300484626
382042	888.5512300484626
382619	888.5512300484626
383204	888.5512300484626
383785	888.5512300484626
384364	888.5512300484626
384943	888.5512300484626
385527	888.5512300484626
386105	888.5512300484626
386680	888.5512300484626
387261	888.5512300484626
387838	888.5512300484626
388417	888.5512300484626
389003	888.5512300484626
389591	888.5512300484626
390181	888.5512300484626
391713	888.5512300484626
392287	888.5512300484626
392865	888.5512300484626
393441	888.5512300484626
394021	888.5512300484626
394606	888.5512300484626
395189	888.5512300484626
395775	888.5512300484626
396366	888.5512300484626
396957	888.5512300484626
397543	888.5512300484626
398130	888.5512300484626
398715	888.5512300484626
399308	888.5512300484626
399901	888.5512300484626
400489	888.5512300484626
401076	888.5512300484626
401671	888.5512300484626
402266	888.5512300484626
402860	888.5512300484626
404662	888.5512300484626
405252	888.5512300484626
405840	888.5512300484626
406429	888.5512300484626
407016	888.5512300484626
407601	888.5512300484626
408191	888.5512300484626
408776	888.5512300484626
409370	888.5512300484626
409961	888.5512300484626
410550	888.5512300484626
411141	888.5512300484626
411739	888.5512300484626
412327	888.5512300484626
412916	888.5512300484626
413506	888.5512300484626
414091	888.5512300484626
414671	888.5512300484626
415254	888.5512300484626
415836	888.5512300484626
420555	888.5512300484626
421141	888.5512300484626
421726	888.5512300484626
422308	888.5512300484626
422894	888.5512300484626
423477	888.5512300484626
424060	888.5512300484626
424640	888.5512300484626
425222	888.5512300484626
425811	888.5512300484626
427652	888.5512300484626
428248	888.5512300484626
428834	888.5512300484626
429422	888.5512300484626
430005	888.5512300484626
430588	888.5512300484626
431176	888.5512300484626
431766	888.5512300484626
432347	888.5512300484626
432938	888.5512300484626
433523	888.5512300484626
434106	888.5512300484626
434693	888.5512300484626
435276	888.5512300484626
435856	888.5512300484626
436442	888.5512300484626
437030	888.5512300484626
437618	888.5512300484626
438203	888.5512300484626
438787	888.5512300484626
440542	888.5512300484626
441126	888.5512300484626
441713	888.5512300484626
442298	888.5512300484626
442880	888.5512300484626
443464	888.5512300484626
444045	888.5512300484626
444623	888.5512300484626
445201	888.5512300484626
445779	888.5512300484626
446361	888.5512300484626
446938	888.5512300484626
447518	888.5512300484626
448104	888.5512300484626
448686	888.5512300484626
449266	888.5512300484626
449855	888.5512300484626
450438	888.5512300484626
451019	888.5512300484626
451600	888.5512300484626
453431	888.5512300484626
454008	888.5512300484626
454596	888.5512300484626
455180	888.5512300484626
455762	888.5512300484626
456347	888.5512300484626
456930	888.5512300484626
457522	888.5512300484626
458105	888.5512300484626
458690	888.5512300484626
459278	888.5512300484626
459870	888.5512300484626
460456	888.5512300484626
461045	888.5512300484626
461638	888.5512300484626
462233	888.5512300484626
462828	888.5512300484626
463414	888.5512300484626
463999	888.5512300484626
464590	888.5512300484626
468125	888.5512300484626
468704	888.5512300484626
469282	888.5512300484626
469858	888.5512300484626
470435	888.5512300484626
471007	888.5512300484626
471585	888.5512300484626
472167	888.5512300484626
472762	888.5512300484626
473346	888.5512300484626
473935	888.5512300484626
474535	888.5512300484626
475121	888.5512300484626
475712	888.5512300484626
476302	888.5512300484626
476894	888.5512300484626
477491	888.5512300484626
478093	888.5512300484626
478690	888.5512300484626
479281	888.5512300484626
480878	888.5512300484626
481471	888.5512300484626
482063	888.5512300484626
482658	888.5512300484626
483258	888.5512300484626
483852	888.5512300484626
484453	888.5512300484626
485051	888.5512300484626
485636	888.5512300484626
486222	888.5512300484626
490340	888.5512300484626
490924	888.5512300484626
491507	888.5512300484626
492079	888.5512300484626
492657	888.5512300484626
493237	888.5512300484626
493815	888.5512300484626
494401	888.5512300484626
494992	888.5512300484626
495575	888.5512300484626
496164	888.5512300484626
496752	888.5512300484626
497339	888.5512300484626
497926	888.5512300484626
498522	888.5512300484626
499110	888.5512300484626
499702	888.5512300484626
500302	888.5512300484626
