500	1925.6641680614323
1073	1859.2475212188324
1645	1674.863033971972
2216	1601.0899708501545
2779	1601.0899708501545
3348	1578.1893077367936
3915	1555.2782769799921
4482	1457.5001210269274
5047	1428.5579499206287
5613	1352.763310189554
6173	1352.763310189554
6736	1352.763310189554
7294	1352.763310189554
7854	1352.763310189554
8411	1352.763310189554
8969	1352.763310189554
9524	1352.763310189554
10081	1352.763310189554
10640	1350.7686744731604
11199	1340.5588187561175
11754	1340.5588187561175
12309	1339.3615264853238
12869	1324.3614861489496
13428	1324.3614861489496
13984	1297.5278927345962
14540	1297.5278927345962
15097	1297.5278927345962
15650	1297.5278927345962
16204	1297.5278927345962
16759	1297.5278927345962
17313	1297.5278927345962
17867	1297.5278927345962
18421	1297.5278927345962
18976	1297.5278927345962
19531	1297.5278927345962
20086	1297.5278927345962
20644	1297.5278927345962
21201	1297.5278927345962
21759	1297.5278927345962
22314	1259.5132808880926
22867	1259.5132808880926
23424	1259.5132808880926
23978	1259.5132808880926
24532	1259.5132808880926
25088	1259.5132808880926
25644	1259.5132808880926
26198	1259.5132808880926
30630	1131.4821674624732
35933	975.1119489859931
40193	975.111948930339
40749	975.111948930339
41303	975.111948930339
41858	975.111948930339
42412	975.111948930339
42965	975.111948930339
43518	975.111948930339
44071	975.111948930339
44624	975.111948930339
45178	975.111948930339
45733	975.111948930339
46289	975.111948930339
46844	975.111948930339
47400	975.111948930339
47956	975.111948930339
48512	975.111948930339
49070	975.111948930339
49629	975.111948930339
50188	975.111948930339
50749	975.111948930339
51312	975.111948930339
51876	975.111948930339
55029	975.111948930339
55590	975.111948930339
56153	975.111948930339
56713	975.111948930339
57274	975.111948930339
57832	975.111948930339
58391	975.111948930339
58951	975.111948930339
59512	975.111948930339
60068	975.111948930339
60625	975.111948930339
61180	975.111948930339
61735	975.111948930339
62288	975.111948930339
62843	975.111948930339
63401	975.111948930339
63959	975.111948930339
64515	975.111948930339
65070	975.111948930339
65624	975.111948930339
68564	975.111948930339
69118	975.111948930339
69673	975.111948930339
70228	975.111948930339
70783	975.111948930339
71339	975.111948930339
71893	975.111948930339
72447	975.111948930339
73000	975.111948930339
73554	975.111948930339
74108	975.111948930339
74666	975.111948930339
75224	975.111948930339
75780	975.111948930339
76338	975.111948930339
76894	975.111948930339
77452	975.111948930339
78007	975.111948930339
78563	975.111948930339
79118	975.111948930339
83128	975.111948930339
83686	975.111948930339
84241	975.111948930339
84802	975.111948930339
85361	975.111948930339
85920	975.111948930339
86479	975.111948930339
87035	975.111948930339
87592	975.111948930339
88147	975.111948930339
88705	975.111948930339
89260	975.111948930339
89816	975.111948930339
90373	975.111948930339
90931	975.111948930339
91489	975.111948930339
92046	975.111948930339
92603	975.111948930339
93161	975.111948930339
93722	975.111948930339
97071	975.111948930339
97629	975.111948930339
98185	975.111948930339
98740	975.111948930339
99298	975.111948930339
99855	975.111948930339
100411	975.111948930339
100965	975.111948930339
101522	975.111948930339
102079	975.111948930339
106681	975.111948930339
107236	975.111948930339
107790	975.111948930339
108347	975.111948930339
108903	975.111948930339
109458	975.111948930339
110017	975.111948930339
110573	975.111948930339
111128	975.111948930339
111685	975.111948930339
112242	975.111948930339
112797	975.111948930339
113353	975.111948930339
113909	975.111948930339
114470	975.111948930339
115030	975.111948930339
115590	975.111948930339
116148	975.111948930339
116706	975.111948930339
117266	975.111948930339
118640	973.1221379442379
124030	973.1221375500842
124590	973.1221375500842
125151	973.1221375500842
125708	973.1221375500842
126264	973.1221375500842
126820	973.1221375500842
127375	973.1221375500842
127930	973.1221375500842
128487	973.1221375500842
129044	973.1221375500842
129598	973.1221375500842
130152	973.1221375500842
130706	973.1221375500842
131261	973.1221375500842
131817	973.1221375500842
132376	973.1221375500842
132935	973.1221375500842
133492	973.1221375500842
134049	973.1221375500842
137891	973.1221375500842
138449	973.1221375500842
139006	973.1221375500842
139565	973.1221375500842
140123	973.1221375500842
140682	973.1221375500842
141240	973.1221375500842
141799	973.1221375500842
142355	973.1221375500842
142912	973.1221375500842
143469	973.1221375500842
144026	973.1221375500842
144580	973.1221375500842
145136	973.1221375500842
145689	973.1221375500842
146244	973.1221375500842
146799	973.1221375500842
147353	973.1221375500842
147910	973.1221375500842
148467	973.1221375500842
149893	969.7539992878022
156355	969.753999127792
156915	969.753999127792
157474	969.753999127792
158031	969.753999127792
158588	969.753999127792
159145	969.753999127792
159703	969.753999127792
160260	969.753999127792
160816	969.753999127792
161374	969.753999127792
161933	969.753999127792
162491	969.753999127792
163048	969.753999127792
163605	969.753999127792
164163	969.753999127792
164721	969.753999127792
165279	969.753999127792
165836	969.753999127792
166392	969.753999127792
169790	969.753999127792
170348	969.753999127792
170905	969.753999127792
171462	969.753999127792
172018	969.753999127792
172577	969.753999127792
173135	969.753999127792
173692	969.753999127792
174251	969.753999127792
174807	969.753999127792
175366	969.753999127792
175923	969.753999127792
176479	969.753999127792
177038	969.753999127792
177594	969.753999127792
178151	969.753999127792
178707	969.753999127792
179262	969.753999127792
179818	969.753999127792
180372	969.753999127792
183741	969.753999127792
184297	969.753999127792
184855	969.753999127792
185410	969.753999127792
185967	969.753999127792
186522	969.753999127792
187079	969.753999127792
187638	969.753999127792
188196	969.753999127792
188754	969.753999127792
189312	969.753999127792
189872	969.753999127792
190432	969.753999127792
190992	969.753999127792
191554	969.753999127792
192113	969.753999127792
192674	969.753999127792
193239	969.753999127792
193799	969.753999127792
194359	969.753999127792
197646	969.753999127792
198205	969.753999127792
198763	969.753999127792
199320	969.753999127792
199875	969.753999127792
200430	969.753999127792
200987	969.753999127792
201543	969.753999127792
202101	969.753999127792
202656	969.753999127792
203212	969.753999127792
203768	969.753999127792
204323	969.753999127792
204878	969.753999127792
205433	969.753999127792
205989	969.753999127792
206543	969.753999127792
207098	969.753999127792
207653	969.753999127792
208210	969.753999127792
212263	969.753999127792
212820	969.753999127792
213378	969.753999127792
213936	969.753999127792
214493	969.753999127792
215051	969.753999127792
215609	969.753999127792
216165	969.753999127792
216721	969.753999127792
217276	969.753999127792
217831	969.753999127792
218389	969.753999127792
218946	969.753999127792
219504	969.753999127792
220065	969.753999127792
220623	969.753999127792
221182	969.753999127792
221739	969.753999127792
222297	969.753999127792
222854	969.753999127792
226756	969.753999127792
227317	969.753999127792
227877	969.753999127792
228436	969.753999127792
228995	969.753999127792
229551	969.753999127792
230110	969.753999127792
230669	969.753999127792
231225	969.753999127792
231785	969.753999127792
235837	969.753999127792
236393	969.753999127792
236948	969.753999127792
237503	969.753999127792
238059	969.753999127792
238615	969.753999127792
239170	969.753999127792
239727	969.753999127792
240283	969.753999127792
240841	969.753999127792
241402	969.753999127792
241959	969.753999127792
242518	969.753999127792
243078	969.753999127792
243639	969.753999127792
244196	969.753999127792
244752	969.753999127792
245310	969.753999127792
245865	969.753999127792
246419	969.753999127792
251760	969.753999127792
252316	969.753999127792
252872	969.753999127792
253428	969.753999127792
253985	969.753999127792
254540	969.753999127792
255099	969.753999127792
255653	969.753999127792
256210	969.753999127792
256767	969.753999127792
257325	969.753999127792
257884	969.753999127792
258442	969.753999127792
259000	969.753999127792
259558	969.753999127792
260115	969.753999127792
260672	969.753999127792
261228	969.753999127792
261783	969.753999127792
262339	969.753999127792
266956	969.753999127792
267512	969.753999127792
268071	969.753999127792
268626	969.753999127792
269182	969.753999127792
269737	969.753999127792
270293	969.753999127792
270851	969.753999127792
271406	969.753999127792
271964	969.753999127792
272520	969.753999127792
273078	969.753999127792
273635	969.753999127792
274190	969.753999127792
274747	969.753999127792
275304	969.753999127792
275861	969.753999127792
276418	969.753999127792
276975	969.753999127792
277532	969.753999127792
282376	969.753999127792
282934	969.753999127792
283492	969.753999127792
284049	969.753999127792
284606	969.753999127792
285163	969.753999127792
285721	969.753999127792
286279	969.753999127792
286835	969.753999127792
287392	969.753999127792
287949	969.753999127792
288506	969.753999127792
289063	969.753999127792
289622	969.753999127792
290182	969.753999127792
290740	969.753999127792
291300	969.753999127792
291859	969.753999127792
292417	969.753999127792
292973	969.753999127792
297611	969.753999127792
298169	969.753999127792
298724	969.753999127792
299282	969.753999127792
299841	969.753999127792
300401	969.753999127792
300956	969.753999127792
301511	969.753999127792
302069	969.753999127792
302627	969.753999127792
304050	948.2789614804832
308196	948.2789614728251
308753	948.2789614728251
309311	948.2789614728251
309865	948.2789614728251
310420	948.2789614728251
310974	948.2789614728251
311531	948.2789614728251
312089	948.2789614728251
312645	948.2789614728251
313203	948.2789614728251
313759	948.2789614728251
314315	948.2789614728251
314871	948.2789614728251
315427	948.2789614728251
315984	948.2789614728251
316543	948.2789614728251
317102	948.2789614728251
317662	948.2789614728251
318221	948.2789614728251
324694	948.2789614728251
325250	948.2789614728251
325807	948.2789614728251
326363	948.2789614728251
326921	948.2789614728251
327480	948.2789614728251
328037	948.2789614728251
328593	948.2789614728251
329150	948.2789614728251
329708	948.2789614728251
330267	948.2789614728251
330824	948.2789614728251
331383	948.2789614728251
331940	948.2789614728251
332496	948.2789614728251
333052	948.2789614728251
333609	948.2789614728251
334169	948.2789614728251
334727	948.2789614728251
335286	948.2789614728251
339493	948.2789614728251
340050	948.2789614728251
340610	948.2789614728251
341169	948.2789614728251
341728	948.2789614728251
342287	948.2789614728251
342847	948.2789614728251
343405	948.2789614728251
343962	948.2789614728251
344520	948.2789614728251
345075	948.2789614728251
345632	948.2789614728251
346188	948.2789614728251
346742	948.2789614728251
347297	948.2789614728251
347852	948.2789614728251
348407	948.2789614728251
348965	948.2789614728251
349519	948.2789614728251
350077	948.2789614728251
352781	948.2789614728251
353336	948.2789614728251
353892	948.2789614728251
354449	948.2789614728251
355005	948.2789614728251
355562	948.2789614728251
356120	948.2789614728251
356677	948.2789614728251
357234	948.2789614728251
357796	948.2789614728251
358355	948.2789614728251
358911	948.2789614728251
359471	948.2789614728251
360030	948.2789614728251
360586	948.2789614728251
361146	948.2789614728251
361703	948.2789614728251
362257	948.2789614728251
362814	948.2789614728251
363369	948.2789614728251
366962	948.2789614728251
367520	948.2789614728251
368079	948.2789614728251
368637	948.2789614728251
369194	948.2789614728251
369752	948.2789614728251
370308	948.2789614728251
370866	948.2789614728251
371424	948.2789614728251
371979	948.2789614728251
372535	948.2789614728251
373092	948.2789614728251
373650	948.2789614728251
374205	948.2789614728251
374762	948.2789614728251
375320	948.2789614728251
375877	948.2789614728251
376435	948.2789614728251
376992	948.2789614728251
377548	948.2789614728251
380186	948.2789614728251
380743	948.2789614728251
381303	948.2789614728251
381860	948.2789614728251
382418	948.2789614728251
382977	948.2789614728251
383536	948.2789614728251
384095	948.2789614728251
384655	948.2789614728251
385213	948.2789614728251
392201	948.2789614728251
392760	948.2789614728251
393317	948.2789614728251
393879	948.2789614728251
394440	948.2789614728251
395000	948.2789614728251
395558	948.2789614728251
396118	948.2789614728251
396676	948.2789614728251
397233	948.2789614728251
397788	948.2789614728251
398340	948.2789614728251
398896	948.2789614728251
399454	948.2789614728251
400012	948.2789614728251
400568	948.2789614728251
401125	948.2789614728251
401681	948.2789614728251
402235	948.2789614728251
402793	948.2789614728251
409260	948.2789614728251
409818	948.2789614728251
410377	948.2789614728251
410937	948.2789614728251
411494	948.2789614728251
412051	948.2789614728251
412606	948.2789614728251
413162	948.2789614728251
413716	948.2789614728251
414272	948.2789614728251
414826	948.2789614728251
415380	948.2789614728251
415934	948.2789614728251
416491	948.2789614728251
417049	948.2789614728251
417609	948.2789614728251
418168	948.2789614728251
418727	948.2789614728251
419286	948.2789614728251
419844	948.2789614728251
422608	948.2789614728251
423166	948.2789614728251
423724	948.2789614728251
424285	948.2789614728251
424847	948.2789614728251
425406	948.2789614728251
425968	948.2789614728251
426528	948.2789614728251
427084	948.2789614728251
427638	948.2789614728251
428197	948.2789614728251
428753	948.2789614728251
429311	948.2789614728251
429866	948.2789614728251
430425	948.2789614728251
430983	948.2789614728251
431540	948.2789614728251
432098	948.2789614728251
432655	948.2789614728251
433213	948.2789614728251
436874	948.2789614728251
437432	948.2789614728251
437986	948.2789614728251
438542	948.2789614728251
439102	948.2789614728251
439659	948.2789614728251
440215	948.2789614728251
440771	948.2789614728251
441329	948.2789614728251
441885	948.2789614728251
442440	948.2789614728251
442996	948.2789614728251
443550	948.2789614728251
444107	948.2789614728251
444663	948.2789614728251
445218	948.2789614728251
445773	948.2789614728251
446328	948.2789614728251
446885	948.2789614728251
447440	948.2789614728251
450801	948.2789614728251
451358	948.2789614728251
451915	948.2789614728251
452472	948.2789614728251
453027	948.2789614728251
453583	948.2789614728251
454136	948.2789614728251
454692	948.2789614728251
455248	948.2789614728251
455803	948.2789614728251
460454	948.2789614728251
461012	948.2789614728251
461571	948.2789614728251
462129	948.2789614728251
462686	948.2789614728251
463243	948.2789614728251
463801	948.2789614728251
464357	948.2789614728251
464912	948.2789614728251
465470	948.2789614728251
466030	948.2789614728251
466593	948.2789614728251
467154	948.2789614728251
467717	948.2789614728251
468278	948.2789614728251
468837	948.2789614728251
469397	948.2789614728251
469952	948.2789614728251
470509	948.2789614728251
471067	948.2789614728251
473865	948.2789614728251
474423	948.2789614728251
474980	948.2789614728251
475535	948.2789614728251
476093	948.2789614728251
476650	948.2789614728251
477207	948.2789614728251
477763	948.2789614728251
478318	948.2789614728251
478875	948.2789614728251
479430	948.2789614728251
479985	948.2789614728251
480542	948.2789614728251
481097	948.2789614728251
481651	948.2789614728251
482207	948.2789614728251
482764	948.2789614728251
483320	948.2789614728251
483876	948.2789614728251
484433	948.2789614728251
488586	948.2789614728251
489148	948.2789614728251
489707	948.2789614728251
490267	948.2789614728251
490825	948.2789614728251
491387	948.2789614728251
491944	948.2789614728251
492501	948.2789614728251
493057	948.2789614728251
493614	948.2789614728251
494171	948.2789614728251
494727	948.2789614728251
495285	948.2789614728251
495843	948.2789614728251
496405	948.2789614728251
496961	948.2789614728251
497516	948.2789614728251
498075	948.2789614728251
498631	948.2789614728251
499188	948.2789614728251
504092	948.2789614728251
