500	1884.337559126065
1078	1651.0453337718855
1654	1564.9606940221865
2233	1522.0539281689332
2804	1458.3951866594539
3376	1429.945220525527
3945	1380.1608934708443
4516	1380.1608934708443
5080	1352.43505832125
5643	1346.4180192295407
6204	1313.117910627576
6765	1313.117910627576
7324	1313.117910627576
7884	1310.710474692732
8442	1252.6296990354028
9002	1252.6296990354028
9558	1252.6296990354028
10113	1252.6296990354028
10669	1252.6296990354028
11224	1252.6296990354028
11780	1252.6296990354028
12336	1252.6296990354028
12892	1252.6296990354028
13451	1252.6296990354028
14004	1252.6296990354028
14556	1252.6296990354028
15111	1252.6296990354028
15665	1228.1039971861387
16222	1228.1039971861387
16776	1228.1039971861387
17328	1228.1039971861387
17883	1228.1039971861387
18439	1228.1039971861387
18994	1228.1039971861387
19552	1228.1039971861387
20111	1228.1039971861387
20668	1228.1039971861387
21228	1228.1039971861387
21786	1228.1039971861387
22344	1228.1039971861387
22903	1228.1039971861387
23460	1228.1039971861387
24016	1228.1039971861387
24575	1228.1039971861387
25134	1228.1039971861387
25692	1228.1039971861387
26250	1228.1039971861387
30673	1078.3687371704686
33165	949.2434393530202
37962	949.2434393063883
38521	949.2434393063883
39076	949.2434393063883
39630	949.2434393063883
40185	949.2434393063883
40741	949.2434393063883
41297	949.2434393063883
41854	949.2434393063883
42410	949.2434393063883
42968	949.2434393063883
43526	949.2434393063883
44084	949.2434393063883
44644	949.2434393063883
45200	949.2434393063883
45758	949.2434393063883
46316	949.2434393063883
46874	949.2434393063883
47433	949.2434393063883
47993	949.2434393063883
48559	949.2434393063883
49121	949.2434393063883
49686	949.2434393063883
51475	937.3040065286268
52958	920.3897789026613
56556	920.389778703709
57119	920.389778703709
57686	920.389778703709
58255	920.389778703709
58819	920.389778703709
59382	920.389778703709
59950	920.389778703709
60518	920.389778703709
61087	920.389778703709
61650	920.389778703709
62210	920.389778703709
62775	920.389778703709
63339	920.389778703709
66154	920.3897784341548
66724	920.3897784341548
67289	920.3897784341548
67855	920.3897784341548
68424	920.3897784341548
68986	920.3897784341548
69550	920.3897784341548
70119	920.3897784341548
70687	920.3897784341548
71255	920.3897784341548
71818	920.3897784341548
72384	920.3897784341548
72949	920.3897784341548
73516	920.3897784341548
74082	920.3897784341548
74650	920.3897784341548
75213	920.3897784341548
75779	920.3897784341548
76343	920.3897784341548
76913	920.3897784341548
77480	920.3897784341548
78052	920.3897784341548
78619	920.3897784341548
79191	920.3897784341548
79762	920.3897784341548
81696	920.3897784341548
82266	920.3897784341548
82836	920.3897784341548
83412	920.3897784341548
83979	920.3897784341548
84545	920.3897784341548
85111	920.3897784341548
85685	920.3897784341548
86261	920.3897784341548
86834	920.3897784341548
87400	920.3897784341548
87968	920.3897784341548
88537	920.3897784341548
89110	920.3897784341548
89679	920.3897784341548
90255	920.3897784341548
90834	920.3897784341548
91404	920.3897784341548
91976	920.3897784341548
92552	920.3897784341548
95174	920.3897784341548
95746	920.3897784341548
96314	920.3897784341548
96887	920.3897784341548
97460	920.3897784341548
98032	920.3897784341548
98601	920.3897784341548
99168	920.3897784341548
99744	920.3897784341548
100315	920.3897784341548
101549	915.415054492588
103690	915.415054005045
104264	915.415054005045
104834	915.415054005045
105403	915.415054005045
105979	915.415054005045
106558	915.415054005045
107133	915.415054005045
107710	915.415054005045
108282	915.415054005045
108855	915.415054005045
109429	915.415054005045
110003	915.415054005045
110574	915.415054005045
111149	915.415054005045
111726	915.415054005045
112296	915.415054005045
112867	915.415054005045
113434	915.415054005045
114008	915.415054005045
119226	915.415054005045
119800	915.415054005045
120378	915.415054005045
120956	915.415054005045
121535	915.415054005045
122115	915.415054005045
122693	915.415054005045
123275	915.415054005045
123853	915.415054005045
124426	915.415054005045
125000	915.415054005045
125576	915.415054005045
126150	915.415054005045
126722	915.415054005045
127295	915.415054005045
127875	915.415054005045
128446	915.415054005045
129019	915.415054005045
129595	915.415054005045
130174	915.415054005045
135282	915.415054005045
135852	915.415054005045
136428	915.415054005045
136999	915.415054005045
137575	915.415054005045
138150	915.415054005045
138732	915.415054005045
139309	915.415054005045
139887	915.415054005045
140470	915.415054005045
141044	915.415054005045
141622	915.415054005045
142193	915.415054005045
142763	915.415054005045
143342	915.415054005045
143917	915.415054005045
144497	915.415054005045
145070	915.415054005045
145645	915.415054005045
146225	915.415054005045
148275	915.415054005045
148849	915.415054005045
149429	915.415054005045
150010	915.415054005045
150584	915.415054005045
151158	915.415054005045
151730	915.415054005045
152306	915.415054005045
152880	915.415054005045
153457	915.415054005045
154038	915.415054005045
154615	915.415054005045
155190	915.415054005045
155768	915.415054005045
156341	915.415054005045
156915	915.415054005045
157492	915.415054005045
158069	915.415054005045
158648	915.415054005045
159232	915.415054005045
161884	915.415054005045
162458	915.415054005045
163038	915.415054005045
163615	915.415054005045
164194	915.415054005045
164774	915.415054005045
165355	915.415054005045
165930	915.415054005045
166508	915.415054005045
167080	915.415054005045
167664	915.415054005045
168240	915.415054005045
168816	915.415054005045
169396	915.415054005045
169974	915.415054005045
170547	915.415054005045
171122	915.415054005045
171699	915.415054005045
172284	915.415054005045
172865	915.415054005045
175581	915.415054005045
176156	915.415054005045
176734	915.415054005045
177316	915.415054005045
177896	915.415054005045
178476	915.415054005045
179055	915.415054005045
179633	915.415054005045
180211	915.415054005045
180788	915.415054005045
183854	915.415054005045
184429	915.415054005045
185006	915.415054005045
185585	915.415054005045
186165	915.415054005045
186743	915.415054005045
187327	915.415054005045
187905	915.415054005045
188483	915.415054005045
189067	915.415054005045
189644	915.415054005045
190222	915.415054005045
190803	915.415054005045
191381	915.415054005045
191959	915.415054005045
192539	915.415054005045
193113	915.415054005045
193693	915.415054005045
194271	915.415054005045
194845	915.415054005045
196491	915.415054005045
197078	915.415054005045
197655	915.415054005045
198242	915.415054005045
198815	915.415054005045
199395	915.415054005045
199968	915.415054005045
200556	915.415054005045
201136	915.415054005045
201714	915.415054005045
202289	915.415054005045
202865	915.415054005045
203447	915.415054005045
204022	915.415054005045
204604	915.415054005045
205182	915.415054005045
205758	915.415054005045
206337	915.415054005045
206914	915.415054005045
207498	915.415054005045
210826	915.415054005045
211411	915.415054005045
211983	915.415054005045
212563	915.415054005045
213145	915.415054005045
213723	915.415054005045
214300	915.415054005045
214877	915.415054005045
215453	915.415054005045
216033	915.415054005045
216610	915.415054005045
217190	915.415054005045
217764	915.415054005045
218342	915.415054005045
218920	915.415054005045
219497	915.415054005045
220073	915.415054005045
220652	915.415054005045
221227	915.415054005045
221805	915.415054005045
225132	915.415054005045
225706	915.415054005045
226277	915.415054005045
226851	915.415054005045
227424	915.415054005045
227995	915.415054005045
228569	915.415054005045
229142	915.415054005045
229712	915.415054005045
230291	915.415054005045
230864	915.415054005045
231437	915.415054005045
232012	915.415054005045
232588	915.415054005045
233167	915.415054005045
233746	915.415054005045
234324	915.415054005045
234903	915.415054005045
235479	915.415054005045
236047	915.415054005045
238766	915.415054005045
239345	915.415054005045
239924	915.415054005045
240498	915.415054005045
241073	915.415054005045
241648	915.415054005045
242218	915.415054005045
242793	915.415054005045
243364	915.415054005045
243943	915.415054005045
248055	915.415054005045
248628	915.415054005045
249206	915.415054005045
249781	915.415054005045
250358	915.415054005045
250934	915.415054005045
251512	915.415054005045
252086	915.415054005045
252658	915.415054005045
253234	915.415054005045
253813	915.415054005045
254388	915.415054005045
254967	915.415054005045
255543	915.415054005045
256121	915.415054005045
256696	915.415054005045
257272	915.415054005045
257852	915.415054005045
258431	915.415054005045
259008	915.415054005045
262397	915.415054005045
262974	915.415054005045
263556	915.415054005045
264139	915.415054005045
264717	915.415054005045
265295	915.415054005045
265876	915.415054005045
266457	915.415054005045
267032	915.415054005045
267609	915.415054005045
268188	915.415054005045
268767	915.415054005045
269348	915.415054005045
269929	915.415054005045
270510	915.415054005045
271095	915.415054005045
271676	915.415054005045
272258	915.415054005045
272837	915.415054005045
273422	915.415054005045
275499	915.415054005045
276081	915.415054005045
276660	915.415054005045
277240	915.415054005045
277817	915.415054005045
278390	915.415054005045
278966	915.415054005045
279542	915.415054005045
280123	915.415054005045
280699	915.415054005045
281282	915.415054005045
281862	915.415054005045
282442	915.415054005045
283023	915.415054005045
283601	915.415054005045
284177	915.415054005045
284759	915.415054005045
285340	915.415054005045
285920	915.415054005045
286504	915.415054005045
290383	915.415054005045
290970	915.415054005045
291550	915.415054005045
292139	915.415054005045
292716	915.415054005045
293295	915.415054005045
293882	915.415054005045
294463	915.415054005045
295048	915.415054005045
295628	915.415054005045
296205	915.415054005045
296786	915.415054005045
297371	915.415054005045
297950	915.415054005045
298532	915.415054005045
299119	915.415054005045
299705	915.415054005045
300288	915.415054005045
300870	915.415054005045
301453	915.415054005045
304280	915.415054005045
304861	915.415054005045
305443	915.415054005045
306030	915.415054005045
306607	915.415054005045
307187	915.415054005045
307761	915.415054005045
308336	915.415054005045
308909	915.415054005045
309488	915.415054005045
311539	915.415054005045
312114	915.415054005045
312687	915.415054005045
313261	915.415054005045
313835	915.415054005045
314412	915.415054005045
314992	915.415054005045
315573	915.415054005045
316156	915.415054005045
316742	915.415054005045
317322	915.415054005045
317907	915.415054005045
318497	915.415054005045
319080	915.415054005045
319660	915.415054005045
320243	915.415054005045
320830	915.415054005045
321412	915.415054005045
321998	915.415054005045
322582	915.415054005045
324131	915.415054005045
324716	915.415054005045
325305	915.415054005045
325894	915.415054005045
326480	915.415054005045
327067	915.415054005045
327653	915.415054005045
328238	915.415054005045
328826	915.415054005045
329407	915.415054005045
329995	915.415054005045
330578	915.415054005045
331156	915.415054005045
331731	915.415054005045
332304	915.415054005045
332874	915.415054005045
333450	915.415054005045
334016	915.415054005045
334585	915.415054005045
335157	915.415054005045
336651	911.4351570754768
338837	911.4351569926678
339413	911.4351569926678
339987	911.4351569926678
340563	911.4351569926678
341135	911.4351569926678
341711	911.4351569926678
342281	911.4351569926678
342856	911.4351569926678
343432	911.4351569926678
344007	911.4351569926678
344588	911.4351569926678
345164	911.4351569926678
345741	911.4351569926678
346315	911.4351569926678
346889	911.4351569926678
347472	911.4351569926678
348048	911.4351569926678
348618	911.4351569926678
349192	911.4351569926678
350931	911.4351569926678
351507	911.4351569926678
352082	911.4351569926678
352658	911.4351569926678
353235	911.4351569926678
353811	911.4351569926678
354392	911.4351569926678
354968	911.4351569926678
355543	911.4351569926678
356115	911.4351569926678
356687	911.4351569926678
357261	911.4351569926678
357837	911.4351569926678
358409	911.4351569926678
358979	911.4351569926678
359554	911.4351569926678
360129	911.4351569926678
360703	911.4351569926678
361272	911.4351569926678
361840	911.4351569926678
363637	911.4351569926678
364211	911.4351569926678
364789	911.4351569926678
365368	911.4351569926678
365940	911.4351569926678
366515	911.4351569926678
367089	911.4351569926678
367659	911.4351569926678
368229	911.4351569926678
368801	911.4351569926678
369382	911.4351569926678
369960	911.4351569926678
370528	911.4351569926678
371107	911.4351569926678
371677	911.4351569926678
372247	911.4351569926678
372819	911.4351569926678
373392	911.4351569926678
373966	911.4351569926678
374540	911.4351569926678
376381	911.4351569926678
376959	911.4351569926678
377531	911.4351569926678
378109	911.4351569926678
378685	911.4351569926678
379260	911.4351569926678
379831	911.4351569926678
380407	911.4351569926678
380978	911.4351569926678
381558	911.4351569926678
382133	911.4351569926678
382705	911.4351569926678
383278	911.4351569926678
383851	911.4351569926678
384421	911.4351569926678
384997	911.4351569926678
385568	911.4351569926678
386140	911.4351569926678
386717	911.4351569926678
387293	911.4351569926678
389290	911.4351569926678
389872	911.4351569926678
390451	911.4351569926678
391030	911.4351569926678
391604	911.4351569926678
392184	911.4351569926678
392760	911.4351569926678
393340	911.4351569926678
393913	911.4351569926678
394498	911.4351569926678
395083	911.4351569926678
395668	911.4351569926678
396244	911.4351569926678
396823	911.4351569926678
397397	911.4351569926678
397970	911.4351569926678
398551	911.4351569926678
399130	911.4351569926678
399712	911.4351569926678
400290	911.4351569926678
402292	911.4351569926678
402866	911.4351569926678
403445	911.4351569926678
404019	911.4351569926678
404605	911.4351569926678
405186	911.4351569926678
405766	911.4351569926678
406349	911.4351569926678
406926	911.4351569926678
407505	911.4351569926678
409396	911.4351569926678
409982	911.4351569926678
410568	911.4351569926678
411156	911.4351569926678
411735	911.4351569926678
412309	911.4351569926678
412889	911.4351569926678
413472	911.4351569926678
414048	911.4351569926678
414623	911.4351569926678
415197	911.4351569926678
415776	911.4351569926678
416355	911.4351569926678
416939	911.4351569926678
417524	911.4351569926678
418103	911.4351569926678
418689	911.4351569926678
419273	911.4351569926678
419853	911.4351569926678
420437	911.4351569926678
422383	911.4351569926678
422965	911.4351569926678
423544	911.4351569926678
424122	911.4351569926678
424710	911.4351569926678
425290	911.4351569926678
425869	911.4351569926678
426452	911.4351569926678
427034	911.4351569926678
427612	911.4351569926678
428200	911.4351569926678
428783	911.4351569926678
429363	911.4351569926678
429942	911.4351569926678
430518	911.4351569926678
431099	911.4351569926678
431685	911.4351569926678
432267	911.4351569926678
432849	911.4351569926678
433431	911.4351569926678
436910	911.4351569926678
437491	911.4351569926678
438070	911.4351569926678
438647	911.4351569926678
439227	911.4351569926678
439808	911.4351569926678
440387	911.4351569926678
440972	911.4351569926678
441545	911.4351569926678
442123	911.4351569926678
442697	911.4351569926678
443272	911.4351569926678
443851	911.4351569926678
444429	911.4351569926678
445004	911.4351569926678
445579	911.4351569926678
446150	911.4351569926678
446726	911.4351569926678
447297	911.4351569926678
447877	911.4351569926678
449014	908.4502848614655
451106	908.4502848365084
451682	908.4502848365084
452257	908.4502848365084
452841	908.4502848365084
453418	908.4502848365084
453994	908.4502848365084
454564	908.4502848365084
455137	908.4502848365084
455715	908.4502848365084
456290	908.4502848365084
456869	908.4502848365084
457449	908.4502848365084
458024	908.4502848365084
458604	908.4502848365084
459176	908.4502848365084
459745	908.4502848365084
460322	908.4502848365084
460893	908.4502848365084
461467	908.4502848365084
463401	908.4502848365084
463972	908.4502848365084
464548	908.4502848365084
465120	908.4502848365084
465686	908.4502848365084
466252	908.4502848365084
466826	908.4502848365084
467396	908.4502848365084
467969	908.4502848365084
468544	908.4502848365084
469121	908.4502848365084
469690	908.4502848365084
470256	908.4502848365084
470827	908.4502848365084
471400	908.4502848365084
471970	908.4502848365084
472541	908.4502848365084
473111	908.4502848365084
473686	908.4502848365084
474259	908.4502848365084
476089	908.4502848365084
476663	908.4502848365084
477238	908.4502848365084
477807	908.4502848365084
478380	908.4502848365084
478953	908.4502848365084
479522	908.4502848365084
480098	908.4502848365084
480667	908.4502848365084
481242	908.4502848365084
481820	908.4502848365084
482399	908.4502848365084
482979	908.4502848365084
483553	908.4502848365084
484131	908.4502848365084
484703	908.4502848365084
485277	908.4502848365084
485853	908.4502848365084
486427	908.4502848365084
487008	908.4502848365084
488204	907.4553258331825
490032	907.4553258241542
490606	907.4553258241542
491179	907.4553258241542
491751	907.4553258241542
492328	907.4553258241542
492905	907.4553258241542
493480	907.4553258241542
494056	907.4553258241542
494635	907.4553258241542
495213	907.4553258241542
495787	907.4553258241542
496363	907.4553258241542
496940	907.4553258241542
497522	907.4553258241542
498102	907.4553258241542
498683	907.4553258241542
499268	907.4553258241542
499847	907.4553258241542
500426	907.4553258241542
