500	1851.2663036139184
1071	1711.1025675332312
1640	1709.7278568246156
2214	1660.9365395752855
2782	1565.1056574575457
3351	1565.1056574575457
3917	1521.4732943047775
4480	1500.766015545753
5043	1455.8789492725318
5605	1450.0995199159456
6169	1431.6054759715362
6729	1382.487775362285
7288	1382.487775362285
7849	1382.487775362285
8409	1382.487775362285
8971	1370.5955667253272
9532	1354.8119400119056
10094	1354.8119400119056
10652	1354.8119400119056
11213	1288.0264587354711
11771	1288.0264587354711
12327	1288.0264587354711
12882	1288.0264587354711
13437	1288.0264587354711
13997	1288.0264587354711
14554	1288.0264587354711
15107	1288.0264587354711
15663	1288.0264587354711
16217	1288.0264587354711
16771	1288.0264587354711
17325	1288.0264587354711
17878	1288.0264587354711
18430	1288.0264587354711
18982	1288.0264587354711
19536	1288.0264587354711
20088	1288.0264587354711
20644	1288.0264587354711
21198	1288.0264587354711
21754	1282.477401692808
22308	1282.477401692808
22864	1282.477401692808
23420	1282.477401692808
23975	1282.477401692808
24531	1282.477401692808
25089	1282.477401692808
25646	1282.477401692808
26204	1282.477401692808
26761	1282.477401692808
27319	1282.477401692808
27878	1282.477401692808
28439	1282.477401692808
29000	1282.477401692808
29559	1282.477401692808
30116	1282.477401692808
30674	1282.477401692808
31232	1282.477401692808
31790	1282.477401692808
32346	1282.477401692808
32905	1282.477401692808
40107	1053.3828840817973
40664	1053.3828840817973
41224	1053.3828840817973
41778	1053.3828840817973
42331	1053.3828840817973
42885	1053.3828840817973
43444	1053.3828840817973
44002	1053.3828840817973
44559	1053.3828840817973
45116	1053.3828840817973
45671	1053.3828840817973
46227	1053.3828840817973
46784	1053.3828840817973
47339	1053.3828840817973
47896	1053.3828840817973
48451	1053.3828840817973
49008	1053.3828840817973
49565	1053.3828840817973
50126	1053.3828840817973
50684	1053.3828840817973
51241	1053.3828840817973
51800	1053.3828840817973
53528	1012.9900515015592
56498	1012.9900513898073
57058	1012.9900513898073
57618	1012.9900513898073
58175	1012.9900513898073
58733	1012.9900513898073
59292	1012.9900513898073
59849	1012.9900513898073
60407	1012.9900513898073
60964	1012.9900513898073
61519	1012.9900513898073
62075	1012.9900513898073
62632	1012.9900513898073
63187	1012.9900513898073
63742	1012.9900513898073
64296	1012.9900513898073
64851	1012.9900513898073
65408	1012.9900513898073
65965	1012.9900513898073
66520	1012.9900513898073
70683	1012.9900513898073
71237	1012.9900513898073
71792	1012.9900513898073
72346	1012.9900513898073
72904	1012.9900513898073
73460	1012.9900513898073
74017	1012.9900513898073
74575	1012.9900513898073
75132	1012.9900513898073
75690	1012.9900513898073
76248	1012.9900513898073
76806	1012.9900513898073
77363	1012.9900513898073
77920	1012.9900513898073
78476	1012.9900513898073
79032	1012.9900513898073
79588	1012.9900513898073
80144	1012.9900513898073
80702	1012.9900513898073
81259	1012.9900513898073
86631	1012.9900513898073
87188	1012.9900513898073
87746	1012.9900513898073
88303	1012.9900513898073
88860	1012.9900513898073
89417	1012.9900513898073
89976	1012.9900513898073
90538	1012.9900513898073
91096	1012.9900513898073
91655	1012.9900513898073
92215	1012.9900513898073
92776	1012.9900513898073
93335	1012.9900513898073
93895	1012.9900513898073
94451	1012.9900513898073
95008	1012.9900513898073
95564	1012.9900513898073
96121	1012.9900513898073
96675	1012.9900513898073
97230	1012.9900513898073
98757	962.1777095497941
101477	962.1777094955811
102035	962.1777094955811
102593	962.1777094955811
103151	962.1777094955811
103710	962.1777094955811
104270	962.1777094955811
104828	962.1777094955811
105390	962.1777094955811
105947	962.1777094955811
106507	962.1777094955811
107064	962.1777094955811
107623	962.1777094955811
108184	962.1777094955811
108740	962.1777094955811
109298	962.1777094955811
109855	962.1777094955811
110414	962.1777094955811
110969	962.1777094955811
111525	962.1777094955811
114963	962.1777094955811
115522	962.1777094955811
116080	962.1777094955811
116639	962.1777094955811
117197	962.1777094955811
117752	962.1777094955811
118309	962.1777094955811
118868	962.1777094955811
119423	962.1777094955811
119981	962.1777094955811
120539	962.1777094955811
121098	962.1777094955811
121655	962.1777094955811
122211	962.1777094955811
122773	962.1777094955811
123332	962.1777094955811
123889	962.1777094955811
124447	962.1777094955811
125003	962.1777094955811
125561	962.1777094955811
128201	962.1777094955811
128761	962.1777094955811
129318	962.1777094955811
129877	962.1777094955811
130434	962.1777094955811
130991	962.1777094955811
131549	962.1777094955811
132104	962.1777094955811
132664	962.1777094955811
133223	962.1777094955811
133783	962.1777094955811
134342	962.1777094955811
134899	962.1777094955811
135457	962.1777094955811
136013	962.1777094955811
136569	962.1777094955811
137125	962.1777094955811
137679	962.1777094955811
138235	962.1777094955811
138790	962.1777094955811
142979	962.1777094955811
143535	962.1777094955811
144092	962.1777094955811
144646	962.1777094955811
145206	962.1777094955811
145762	962.1777094955811
146318	962.1777094955811
146876	962.1777094955811
147433	962.1777094955811
147989	962.1777094955811
148545	962.1777094955811
149103	962.1777094955811
149660	962.1777094955811
150216	962.1777094955811
150776	962.1777094955811
151332	962.1777094955811
151888	962.1777094955811
152447	962.1777094955811
153008	962.1777094955811
153566	962.1777094955811
157069	962.1777094955811
157626	962.1777094955811
158181	962.1777094955811
158739	962.1777094955811
159296	962.1777094955811
159849	962.1777094955811
160404	962.1777094955811
160960	962.1777094955811
161517	962.1777094955811
162075	962.1777094955811
162634	962.1777094955811
163191	962.1777094955811
163748	962.1777094955811
164305	962.1777094955811
164861	962.1777094955811
165417	962.1777094955811
165975	962.1777094955811
166533	962.1777094955811
167089	962.1777094955811
167644	962.1777094955811
171804	962.1777094955811
172361	962.1777094955811
172917	962.1777094955811
173473	962.1777094955811
174030	962.1777094955811
174589	962.1777094955811
175149	962.1777094955811
175706	962.1777094955811
176263	962.1777094955811
176820	962.1777094955811
182682	962.1777094955811
183240	962.1777094955811
183799	962.1777094955811
184357	962.1777094955811
184915	962.1777094955811
185472	962.1777094955811
186029	962.1777094955811
186584	962.1777094955811
187142	962.1777094955811
187700	962.1777094955811
188256	962.1777094955811
188812	962.1777094955811
189368	962.1777094955811
189925	962.1777094955811
190482	962.1777094955811
191040	962.1777094955811
191599	962.1777094955811
192163	962.1777094955811
192725	962.1777094955811
193286	962.1777094955811
196124	962.1777094955811
196684	962.1777094955811
197242	962.1777094955811
197802	962.1777094955811
198360	962.1777094955811
198917	962.1777094955811
199476	962.1777094955811
200032	962.1777094955811
200586	962.1777094955811
201144	962.1777094955811
201701	962.1777094955811
202257	962.1777094955811
202812	962.1777094955811
203368	962.1777094955811
203924	962.1777094955811
204482	962.1777094955811
205040	962.1777094955811
205597	962.1777094955811
206154	962.1777094955811
206712	962.1777094955811
210130	962.1777094955811
210688	962.1777094955811
211248	962.1777094955811
211804	962.1777094955811
212362	962.1777094955811
212919	962.1777094955811
213480	962.1777094955811
214038	962.1777094955811
214596	962.1777094955811
215155	962.1777094955811
215717	962.1777094955811
216275	962.1777094955811
216833	962.1777094955811
217390	962.1777094955811
217947	962.1777094955811
218506	962.1777094955811
219062	962.1777094955811
219620	962.1777094955811
220179	962.1777094955811
220737	962.1777094955811
225446	962.1777094955811
226004	962.1777094955811
226560	962.1777094955811
227117	962.1777094955811
227673	962.1777094955811
228228	962.1777094955811
228786	962.1777094955811
229342	962.1777094955811
229902	962.1777094955811
230457	962.1777094955811
231012	962.1777094955811
231566	962.1777094955811
232121	962.1777094955811
232675	962.1777094955811
233230	962.1777094955811
233785	962.1777094955811
234342	962.1777094955811
234899	962.1777094955811
235453	962.1777094955811
236009	962.1777094955811
240132	962.1777094955811
240690	962.1777094955811
241248	962.1777094955811
241805	962.1777094955811
242361	962.1777094955811
242917	962.1777094955811
243473	962.1777094955811
244031	962.1777094955811
244588	962.1777094955811
245148	962.1777094955811
249184	962.1777094955811
249741	962.1777094955811
250299	962.1777094955811
250858	962.1777094955811
251419	962.1777094955811
251982	962.1777094955811
252542	962.1777094955811
253099	962.1777094955811
253656	962.1777094955811
254214	962.1777094955811
254771	962.1777094955811
255328	962.1777094955811
255882	962.1777094955811
256435	962.1777094955811
256989	962.1777094955811
257545	962.1777094955811
258102	962.1777094955811
258661	962.1777094955811
259221	962.1777094955811
259780	962.1777094955811
261306	959.1929951422081
262732	953.2792647932949
265601	953.279264762071
266160	953.279264762071
266718	953.279264762071
267274	953.279264762071
267832	953.279264762071
268392	953.279264762071
268949	953.279264762071
269506	953.279264762071
270061	953.279264762071
270619	953.279264762071
271180	953.279264762071
271739	953.279264762071
272297	953.279264762071
272856	953.279264762071
273412	953.279264762071
273968	953.279264762071
274522	953.279264762071
275080	953.279264762071
275635	953.279264762071
276189	953.279264762071
276745	953.279264762071
277302	953.279264762071
277858	953.279264762071
278414	953.279264762071
278970	953.279264762071
279527	953.279264762071
280084	953.279264762071
280640	953.279264762071
285248	953.279264762071
285803	953.279264762071
286359	953.279264762071
286917	953.279264762071
287472	953.279264762071
288028	953.279264762071
288587	953.279264762071
289144	953.279264762071
289702	953.279264762071
290266	953.279264762071
294568	953.279264762071
295132	953.279264762071
295694	953.279264762071
296255	953.279264762071
296817	953.279264762071
297379	953.279264762071
297940	953.279264762071
298499	953.279264762071
299057	953.279264762071
299615	953.279264762071
300176	953.279264762071
300733	953.279264762071
301290	953.279264762071
301848	953.279264762071
302406	953.279264762071
302964	953.279264762071
303521	953.279264762071
304075	953.279264762071
304631	953.279264762071
305185	953.279264762071
307277	953.279264762071
307832	953.279264762071
308389	953.279264762071
308945	953.279264762071
309500	953.279264762071
310055	953.279264762071
310612	953.279264762071
311168	953.279264762071
311726	953.279264762071
312283	953.279264762071
312842	953.279264762071
313399	953.279264762071
313958	953.279264762071
314514	953.279264762071
315072	953.279264762071
315624	953.279264762071
316183	953.279264762071
316740	953.279264762071
317298	953.279264762071
317859	953.279264762071
323588	953.279264762071
324148	953.279264762071
324706	953.279264762071
325263	953.279264762071
325819	953.279264762071
326376	953.279264762071
326933	953.279264762071
327489	953.279264762071
328045	953.279264762071
328604	953.279264762071
329161	953.279264762071
329719	953.279264762071
330275	953.279264762071
330834	953.279264762071
331389	953.279264762071
331948	953.279264762071
332506	953.279264762071
333065	953.279264762071
333623	953.279264762071
334180	953.279264762071
338089	953.279264762071
338649	953.279264762071
339206	953.279264762071
339762	953.279264762071
340318	953.279264762071
340876	953.279264762071
341430	953.279264762071
341988	953.279264762071
342547	953.279264762071
343104	953.279264762071
343663	953.279264762071
344218	953.279264762071
344775	953.279264762071
345332	953.279264762071
345889	953.279264762071
346445	953.279264762071
347004	953.279264762071
347561	953.279264762071
348118	953.279264762071
348675	953.279264762071
352892	953.279264762071
353448	953.279264762071
354007	953.279264762071
354561	953.279264762071
355115	953.279264762071
355669	953.279264762071
356225	953.279264762071
356782	953.279264762071
357336	953.279264762071
357894	953.279264762071
362140	953.279264762071
362698	953.279264762071
363254	953.279264762071
363810	953.279264762071
364364	953.279264762071
364920	953.279264762071
365476	953.279264762071
366036	953.279264762071
366595	953.279264762071
367152	953.279264762071
367707	953.279264762071
368264	953.279264762071
368820	953.279264762071
369378	953.279264762071
369936	953.279264762071
370494	953.279264762071
371052	953.279264762071
371612	953.279264762071
372172	953.279264762071
372730	953.279264762071
375584	953.279264762071
376143	953.279264762071
376701	953.279264762071
377261	953.279264762071
377819	953.279264762071
378378	953.279264762071
378940	953.279264762071
379497	953.279264762071
380055	953.279264762071
380613	953.279264762071
381170	953.279264762071
381729	953.279264762071
382284	953.279264762071
382841	953.279264762071
383398	953.279264762071
383955	953.279264762071
384514	953.279264762071
385070	953.279264762071
385627	953.279264762071
386184	953.279264762071
387758	950.2383485247017
389893	945.2954884836445
391414	940.2887928479263
394617	940.2887926311639
395170	940.2887926311639
395723	940.2887926311639
396277	940.2887926311639
396831	940.2887926311639
397387	940.2887926311639
397944	940.2887926311639
398501	940.2887926311639
399058	940.2887926311639
399617	940.2887926311639
400175	940.2887926311639
400731	940.2887926311639
401285	940.2887926311639
401841	940.2887926311639
402398	940.2887926311639
402957	940.2887926311639
403516	940.2887926311639
404077	940.2887926311639
404637	940.2887926311639
405198	940.2887926311639
405761	940.2887926311639
406321	940.2887926311639
406881	940.2887926311639
407441	940.2887926311639
407999	940.2887926311639
408559	940.2887926311639
409115	940.2887926311639
412446	940.2887926311639
413001	940.2887926311639
413556	940.2887926311639
414111	940.2887926311639
414667	940.2887926311639
415222	940.2887926311639
415778	940.2887926311639
416333	940.2887926311639
416889	940.2887926311639
417443	940.2887926311639
420191	940.2887926311639
420745	940.2887926311639
421302	940.2887926311639
421859	940.2887926311639
422416	940.2887926311639
422972	940.2887926311639
423529	940.2887926311639
424085	940.2887926311639
424642	940.2887926311639
425202	940.2887926311639
425761	940.2887926311639
426321	940.2887926311639
426881	940.2887926311639
427441	940.2887926311639
428001	940.2887926311639
428556	940.2887926311639
429112	940.2887926311639
429670	940.2887926311639
430226	940.2887926311639
430783	940.2887926311639
434371	940.2887926311639
434930	940.2887926311639
435487	940.2887926311639
436046	940.2887926311639
436603	940.2887926311639
437159	940.2887926311639
437714	940.2887926311639
438268	940.2887926311639
438824	940.2887926311639
439380	940.2887926311639
439934	940.2887926311639
440491	940.2887926311639
441048	940.2887926311639
441604	940.2887926311639
442161	940.2887926311639
442718	940.2887926311639
443275	940.2887926311639
443831	940.2887926311639
444389	940.2887926311639
444946	940.2887926311639
448442	940.2887926311639
448997	940.2887926311639
449550	940.2887926311639
450104	940.2887926311639
450659	940.2887926311639
451218	940.2887926311639
451777	940.2887926311639
452337	940.2887926311639
452897	940.2887926311639
453458	940.2887926311639
454018	940.2887926311639
454577	940.2887926311639
455136	940.2887926311639
455694	940.2887926311639
456252	940.2887926311639
456810	940.2887926311639
457366	940.2887926311639
457921	940.2887926311639
458476	940.2887926311639
459034	940.2887926311639
462444	940.2887926311639
463003	940.2887926311639
463562	940.2887926311639
464121	940.2887926311639
464682	940.2887926311639
465242	940.2887926311639
465803	940.2887926311639
466362	940.2887926311639
466921	940.2887926311639
467477	940.2887926311639
468034	940.2887926311639
468586	940.2887926311639
469138	940.2887926311639
469692	940.2887926311639
470247	940.2887926311639
470803	940.2887926311639
471359	940.2887926311639
471915	940.2887926311639
472468	940.2887926311639
473024	940.2887926311639
476806	940.2887926311639
477364	940.2887926311639
477922	940.2887926311639
478479	940.2887926311639
479037	940.2887926311639
479597	940.2887926311639
480158	940.2887926311639
480716	940.2887926311639
481274	940.2887926311639
481832	940.2887926311639
484679	940.2887926311639
485239	940.2887926311639
485798	940.2887926311639
486359	940.2887926311639
486918	940.2887926311639
487477	940.2887926311639
488033	940.2887926311639
488589	940.2887926311639
489146	940.2887926311639
489701	940.2887926311639
490256	940.2887926311639
490812	940.2887926311639
491372	940.2887926311639
491927	940.2887926311639
492481	940.2887926311639
493036	940.2887926311639
493593	940.2887926311639
494154	940.2887926311639
494711	940.2887926311639
495267	940.2887926311639
498527	940.2887926311639
499083	940.2887926311639
499639	940.2887926311639
500197	940.2887926311639
