500	1896.6731701641831
1069	1799.599574509288
1638	1791.6358013682611
2213	1629.2813950059963
2783	1617.881511414755
3346	1576.6477352552035
3910	1542.5958795478805
4475	1499.1056666695995
5038	1460.9591725488763
5599	1428.4812741305002
6165	1396.0027375385198
6727	1396.0027375385198
7287	1375.2654005318204
7850	1342.1357243452019
8411	1342.1357243452019
8971	1342.1357243452019
9528	1342.1357243452019
10086	1342.1357243452019
10647	1342.1357243452019
11206	1339.444390092954
11762	1339.444390092954
12321	1305.04605730245
12878	1287.5058871198949
13436	1286.9647226027253
13992	1286.9647226027253
14548	1286.9647226027253
15103	1286.9647226027253
15660	1286.9647226027253
16215	1286.9647226027253
16771	1286.9647226027253
17329	1279.3714195457208
17883	1279.3714195457208
18438	1279.3714195457208
18992	1279.3714195457208
19548	1279.3714195457208
20102	1279.3714195457208
20655	1279.3714195457208
21210	1279.3714195457208
21766	1279.3714195457208
22322	1279.3714195457208
22878	1279.3714195457208
23433	1279.3714195457208
23989	1279.3714195457208
24546	1279.3714195457208
25109	1279.3714195457208
25668	1279.3714195457208
26227	1279.3714195457208
34788	911.4350659617301
35343	911.4350659617301
35899	911.4350659617301
36455	911.4350659617301
37013	911.4350659617301
37570	911.4350659617301
38127	911.4350659617301
38684	911.4350659617301
39239	911.4350659617301
39796	911.4350659617301
40353	911.4350659617301
40910	911.4350659617301
41467	911.4350659617301
42024	911.4350659617301
42585	911.4350659617301
43142	911.4350659617301
43697	911.4350659617301
44251	911.4350659617301
44809	911.4350659617301
45366	911.4350659617301
45924	911.4350659617301
46481	911.4350659617301
47038	911.4350659617301
47597	911.4350659617301
52229	911.4350659617301
52787	911.4350659617301
53346	911.4350659617301
53908	911.4350659617301
54465	911.4350659617301
55022	911.4350659617301
55579	911.4350659617301
56138	911.4350659617301
56695	911.4350659617301
57251	911.4350659617301
57808	911.4350659617301
58365	911.4350659617301
58922	911.4350659617301
59481	911.4350659617301
60037	911.4350659617301
60595	911.4350659617301
61155	911.4350659617301
61716	911.4350659617301
62275	911.4350659617301
62831	911.4350659617301
66832	911.4350659617301
67387	911.4350659617301
67941	911.4350659617301
68496	911.4350659617301
69055	911.4350659617301
69612	911.4350659617301
70169	911.4350659617301
70726	911.4350659617301
71283	911.4350659617301
71837	911.4350659617301
72392	911.4350659617301
72950	911.4350659617301
73508	911.4350659617301
74067	911.4350659617301
74624	911.4350659617301
75182	911.4350659617301
75740	911.4350659617301
76298	911.4350659617301
76856	911.4350659617301
77415	911.4350659617301
82089	911.4350659617301
82645	911.4350659617301
83203	911.4350659617301
83763	911.4350659617301
84323	911.4350659617301
84884	911.4350659617301
85444	911.4350659617301
86003	911.4350659617301
86561	911.4350659617301
87121	911.4350659617301
91033	911.4350659617301
91588	911.4350659617301
92144	911.4350659617301
92704	911.4350659617301
93260	911.4350659617301
93818	911.4350659617301
94375	911.4350659617301
94932	911.4350659617301
95490	911.4350659617301
96047	911.4350659617301
96602	911.4350659617301
97161	911.4350659617301
97716	911.4350659617301
98270	911.4350659617301
98823	911.4350659617301
99378	911.4350659617301
99931	911.4350659617301
100486	911.4350659617301
101040	911.4350659617301
101593	911.4350659617301
104424	911.4350659617301
104979	911.4350659617301
105535	911.4350659617301
106089	911.4350659617301
106646	911.4350659617301
107200	911.4350659617301
107756	911.4350659617301
108312	911.4350659617301
108868	911.4350659617301
109425	911.4350659617301
109981	911.4350659617301
110538	911.4350659617301
111095	911.4350659617301
111655	911.4350659617301
112214	911.4350659617301
112772	911.4350659617301
113330	911.4350659617301
113887	911.4350659617301
114445	911.4350659617301
115002	911.4350659617301
119091	911.4350659617301
119653	911.4350659617301
120212	911.4350659617301
120769	911.4350659617301
121324	911.4350659617301
121880	911.4350659617301
122437	911.4350659617301
122995	911.4350659617301
123554	911.4350659617301
124114	911.4350659617301
124670	911.4350659617301
125226	911.4350659617301
125785	911.4350659617301
126340	911.4350659617301
126898	911.4350659617301
127456	911.4350659617301
128015	911.4350659617301
128572	911.4350659617301
129128	911.4350659617301
129685	911.4350659617301
136102	911.4350659617301
136657	911.4350659617301
137212	911.4350659617301
137767	911.4350659617301
138326	911.4350659617301
138884	911.4350659617301
139440	911.4350659617301
139998	911.4350659617301
140554	911.4350659617301
141112	911.4350659617301
141672	911.4350659617301
142229	911.4350659617301
142785	911.4350659617301
143343	911.4350659617301
143900	911.4350659617301
144459	911.4350659617301
145017	911.4350659617301
145578	911.4350659617301
146136	911.4350659617301
146693	911.4350659617301
151216	911.4350659617301
151771	911.4350659617301
152326	911.4350659617301
152881	911.4350659617301
153436	911.4350659617301
153992	911.4350659617301
154547	911.4350659617301
155103	911.4350659617301
155656	911.4350659617301
156211	911.4350659617301
160747	911.4350659617301
161303	911.4350659617301
161859	911.4350659617301
162417	911.4350659617301
162974	911.4350659617301
163531	911.4350659617301
164086	911.4350659617301
164640	911.4350659617301
165195	911.4350659617301
165753	911.4350659617301
166312	911.4350659617301
166870	911.4350659617301
167431	911.4350659617301
167991	911.4350659617301
168552	911.4350659617301
169113	911.4350659617301
169673	911.4350659617301
170231	911.4350659617301
170788	911.4350659617301
171345	911.4350659617301
176492	911.4350659617301
177053	911.4350659617301
177610	911.4350659617301
178168	911.4350659617301
178727	911.4350659617301
179282	911.4350659617301
179841	911.4350659617301
180398	911.4350659617301
180955	911.4350659617301
181512	911.4350659617301
182068	911.4350659617301
182624	911.4350659617301
183180	911.4350659617301
183739	911.4350659617301
184294	911.4350659617301
184849	911.4350659617301
185404	911.4350659617301
185962	911.4350659617301
186518	911.4350659617301
187074	911.4350659617301
190434	911.4350659617301
190991	911.4350659617301
191550	911.4350659617301
192109	911.4350659617301
192668	911.4350659617301
193229	911.4350659617301
193789	911.4350659617301
194351	911.4350659617301
194908	911.4350659617301
195467	911.4350659617301
196025	911.4350659617301
196582	911.4350659617301
197139	911.4350659617301
197692	911.4350659617301
198249	911.4350659617301
198805	911.4350659617301
199359	911.4350659617301
199913	911.4350659617301
200471	911.4350659617301
201028	911.4350659617301
205509	911.4350659617301
206068	911.4350659617301
206626	911.4350659617301
207185	911.4350659617301
207743	911.4350659617301
208299	911.4350659617301
208858	911.4350659617301
209414	911.4350659617301
209970	911.4350659617301
210528	911.4350659617301
211085	911.4350659617301
211644	911.4350659617301
212203	911.4350659617301
212761	911.4350659617301
213320	911.4350659617301
213878	911.4350659617301
214440	911.4350659617301
215000	911.4350659617301
215559	911.4350659617301
216117	911.4350659617301
218902	911.4350659617301
219460	911.4350659617301
220017	911.4350659617301
220573	911.4350659617301
221128	911.4350659617301
221684	911.4350659617301
222241	911.4350659617301
222797	911.4350659617301
223352	911.4350659617301
223906	911.4350659617301
228927	911.4350659617301
229483	911.4350659617301
230042	911.4350659617301
230600	911.4350659617301
231160	911.4350659617301
231719	911.4350659617301
232279	911.4350659617301
232835	911.4350659617301
233390	911.4350659617301
233949	911.4350659617301
234508	911.4350659617301
235063	911.4350659617301
235619	911.4350659617301
236173	911.4350659617301
236729	911.4350659617301
237284	911.4350659617301
237840	911.4350659617301
238397	911.4350659617301
238955	911.4350659617301
239510	911.4350659617301
242125	911.4350659617301
242683	911.4350659617301
243239	911.4350659617301
243797	911.4350659617301
244355	911.4350659617301
244915	911.4350659617301
245475	911.4350659617301
246035	911.4350659617301
246597	911.4350659617301
247155	911.4350659617301
247714	911.4350659617301
248273	911.4350659617301
248832	911.4350659617301
249392	911.4350659617301
249951	911.4350659617301
250507	911.4350659617301
251064	911.4350659617301
251619	911.4350659617301
252177	911.4350659617301
252733	911.4350659617301
255785	911.4350659617301
256344	911.4350659617301
256903	911.4350659617301
257461	911.4350659617301
258016	911.4350659617301
258571	911.4350659617301
259128	911.4350659617301
259684	911.4350659617301
260239	911.4350659617301
260796	911.4350659617301
261351	911.4350659617301
261909	911.4350659617301
262467	911.4350659617301
263023	911.4350659617301
263581	911.4350659617301
264137	911.4350659617301
264695	911.4350659617301
265252	911.4350659617301
265811	911.4350659617301
266371	911.4350659617301
269268	911.4350659617301
269826	911.4350659617301
270386	911.4350659617301
270943	911.4350659617301
271497	911.4350659617301
272054	911.4350659617301
272611	911.4350659617301
273169	911.4350659617301
273725	911.4350659617301
274281	911.4350659617301
274837	911.4350659617301
275393	911.4350659617301
275950	911.4350659617301
276507	911.4350659617301
277064	911.4350659617301
277621	911.4350659617301
278177	911.4350659617301
278737	911.4350659617301
279296	911.4350659617301
279852	911.4350659617301
284364	911.4350659617301
284918	911.4350659617301
285476	911.4350659617301
286036	911.4350659617301
286593	911.4350659617301
287148	911.4350659617301
287705	911.4350659617301
288264	911.4350659617301
288823	911.4350659617301
289380	911.4350659617301
291573	911.4350659617301
292131	911.4350659617301
292690	911.4350659617301
293247	911.4350659617301
293805	911.4350659617301
294360	911.4350659617301
294916	911.4350659617301
295473	911.4350659617301
296029	911.4350659617301
296586	911.4350659617301
297143	911.4350659617301
297700	911.4350659617301
298257	911.4350659617301
298813	911.4350659617301
299370	911.4350659617301
299928	911.4350659617301
300483	911.4350659617301
301043	911.4350659617301
301602	911.4350659617301
302156	911.4350659617301
305679	911.4350659617301
306233	911.4350659617301
306791	911.4350659617301
307350	911.4350659617301
307909	911.4350659617301
308471	911.4350659617301
309030	911.4350659617301
309589	911.4350659617301
310148	911.4350659617301
310706	911.4350659617301
311264	911.4350659617301
311825	911.4350659617301
312382	911.4350659617301
312939	911.4350659617301
313497	911.4350659617301
314052	911.4350659617301
314607	911.4350659617301
315166	911.4350659617301
315725	911.4350659617301
316283	911.4350659617301
319939	911.4350659617301
320495	911.4350659617301
321053	911.4350659617301
321611	911.4350659617301
322167	911.4350659617301
322724	911.4350659617301
323280	911.4350659617301
323836	911.4350659617301
324390	911.4350659617301
324946	911.4350659617301
325504	911.4350659617301
326057	911.4350659617301
326612	911.4350659617301
327169	911.4350659617301
327724	911.4350659617301
328281	911.4350659617301
328842	911.4350659617301
329401	911.4350659617301
329962	911.4350659617301
330525	911.4350659617301
333272	911.4350659617301
333831	911.4350659617301
334388	911.4350659617301
334944	911.4350659617301
335503	911.4350659617301
336059	911.4350659617301
336614	911.4350659617301
337169	911.4350659617301
337724	911.4350659617301
338281	911.4350659617301
338835	911.4350659617301
339391	911.4350659617301
339946	911.4350659617301
340503	911.4350659617301
341063	911.4350659617301
341621	911.4350659617301
342178	911.4350659617301
342735	911.4350659617301
343293	911.4350659617301
343852	911.4350659617301
347201	911.4350659617301
347760	911.4350659617301
348315	911.4350659617301
348870	911.4350659617301
349425	911.4350659617301
349980	911.4350659617301
350538	911.4350659617301
351095	911.4350659617301
351653	911.4350659617301
352213	911.4350659617301
355323	911.4350659617301
355881	911.4350659617301
356441	911.4350659617301
357001	911.4350659617301
357561	911.4350659617301
358117	911.4350659617301
358673	911.4350659617301
359226	911.4350659617301
359782	911.4350659617301
360338	911.4350659617301
360897	911.4350659617301
361453	911.4350659617301
362012	911.4350659617301
362571	911.4350659617301
363129	911.4350659617301
363691	911.4350659617301
364250	911.4350659617301
364811	911.4350659617301
365371	911.4350659617301
365928	911.4350659617301
368601	911.4350659617301
369160	911.4350659617301
369714	911.4350659617301
370268	911.4350659617301
370826	911.4350659617301
371381	911.4350659617301
371940	911.4350659617301
372500	911.4350659617301
373058	911.4350659617301
373617	911.4350659617301
374175	911.4350659617301
374735	911.4350659617301
375291	911.4350659617301
375846	911.4350659617301
376401	911.4350659617301
376954	911.4350659617301
377512	911.4350659617301
378069	911.4350659617301
378626	911.4350659617301
379184	911.4350659617301
382518	911.4350659617301
383072	911.4350659617301
383628	911.4350659617301
384185	911.4350659617301
384744	911.4350659617301
385301	911.4350659617301
385858	911.4350659617301
386417	911.4350659617301
386979	911.4350659617301
387538	911.4350659617301
388098	911.4350659617301
388656	911.4350659617301
389214	911.4350659617301
389772	911.4350659617301
390327	911.4350659617301
390883	911.4350659617301
391441	911.4350659617301
391997	911.4350659617301
392554	911.4350659617301
393110	911.4350659617301
398247	911.4350659617301
398803	911.4350659617301
399358	911.4350659617301
399914	911.4350659617301
400471	911.4350659617301
401027	911.4350659617301
401585	911.4350659617301
402143	911.4350659617301
402699	911.4350659617301
403257	911.4350659617301
403816	911.4350659617301
404376	911.4350659617301
404934	911.4350659617301
405492	911.4350659617301
406051	911.4350659617301
406607	911.4350659617301
407164	911.4350659617301
407723	911.4350659617301
408283	911.4350659617301
408840	911.4350659617301
414815	911.4350659617301
415372	911.4350659617301
415931	911.4350659617301
416489	911.4350659617301
417045	911.4350659617301
417601	911.4350659617301
418160	911.4350659617301
418719	911.4350659617301
419275	911.4350659617301
419832	911.4350659617301
422010	911.4350659617301
422567	911.4350659617301
423125	911.4350659617301
423681	911.4350659617301
424238	911.4350659617301
424795	911.4350659617301
425354	911.4350659617301
425909	911.4350659617301
426463	911.4350659617301
427018	911.4350659617301
427572	911.4350659617301
428131	911.4350659617301
428687	911.4350659617301
429244	911.4350659617301
429801	911.4350659617301
430359	911.4350659617301
430916	911.4350659617301
431474	911.4350659617301
432036	911.4350659617301
432594	911.4350659617301
437869	911.4350659617301
438429	911.4350659617301
438988	911.4350659617301
439545	911.4350659617301
440103	911.4350659617301
440658	911.4350659617301
441212	911.4350659617301
441769	911.4350659617301
442325	911.4350659617301
442882	911.4350659617301
443440	911.4350659617301
443995	911.4350659617301
444556	911.4350659617301
445114	911.4350659617301
445674	911.4350659617301
446232	911.4350659617301
446789	911.4350659617301
447346	911.4350659617301
447902	911.4350659617301
448455	911.4350659617301
454019	911.4350659617301
454572	911.4350659617301
455128	911.4350659617301
455684	911.4350659617301
456237	911.4350659617301
456795	911.4350659617301
457353	911.4350659617301
457911	911.4350659617301
458467	911.4350659617301
459026	911.4350659617301
459585	911.4350659617301
460145	911.4350659617301
460703	911.4350659617301
461262	911.4350659617301
461819	911.4350659617301
462378	911.4350659617301
462940	911.4350659617301
463498	911.4350659617301
464057	911.4350659617301
464618	911.4350659617301
469320	911.4350659617301
469879	911.4350659617301
470437	911.4350659617301
470995	911.4350659617301
471554	911.4350659617301
472110	911.4350659617301
472664	911.4350659617301
473220	911.4350659617301
473775	911.4350659617301
474331	911.4350659617301
474887	911.4350659617301
475442	911.4350659617301
476000	911.4350659617301
476558	911.4350659617301
477116	911.4350659617301
477673	911.4350659617301
478229	911.4350659617301
478784	911.4350659617301
479340	911.4350659617301
479896	911.4350659617301
483792	911.4350659617301
484348	911.4350659617301
484905	911.4350659617301
485461	911.4350659617301
486017	911.4350659617301
486578	911.4350659617301
487138	911.4350659617301
487697	911.4350659617301
488255	911.4350659617301
488815	911.4350659617301
493514	911.4350659617301
494073	911.4350659617301
494630	911.4350659617301
495187	911.4350659617301
495744	911.4350659617301
496300	911.4350659617301
496858	911.4350659617301
497418	911.4350659617301
497977	911.4350659617301
498535	911.4350659617301
499092	911.4350659617301
499649	911.4350659617301
500204	911.4350659617301
