500	12211.758243119504
4978	5830.647986469748
8566	3595.5091014778245
9889	3595.2808023100306
11222	3595.1334013553515
12543	3595.1334013553515
18016	3595.1334013553515
25985	3595.1334013553515
27160	3595.1334013553515
28341	3595.1334013553515
29576	3595.1334013553515
30770	3595.1334013553515
31948	3595.1334013553515
33793	3595.1334013553515
35032	3595.1334013553515
43042	2977.3862853173387
45925	2967.618925086861
48046	2964.574048343119
50177	2962.8378166353223
52309	2962.8378166353223
53493	2962.8378166353223
54669	2962.8378166353223
69872	2962.8378166353223
71077	2962.8378166353223
73771	2962.8378166353223
79559	2962.8378166353223
86671	2381.590422154331
89447	2380.085955418289
90750	2380.085955418289
91955	2380.085955418289
96240	2380.085955418289
97446	2380.085955418289
100305	2380.085955418289
101504	2380.085955418289
103330	2380.085955418289
104525	2380.085955418289
105732	2380.085955418289
106978	2380.085955418289
108168	2380.085955418289
115250	2380.085955418289
117247	2380.085955418289
119239	2380.085955418289
120452	2380.085955418289
121624	2380.085955418289
123523	2380.085955418289
130009	2380.085955418289
131174	2380.085955418289
132341	2380.085955418289
134302	2380.085955418289
135446	2380.085955418289
136628	2380.085955418289
137772	2380.085955418289
139740	2380.085955418289
140897	2380.085955418289
148724	2380.085955418289
149916	2380.085955418289
151072	2380.085955418289
152237	2380.085955418289
153429	2380.085955418289
154610	2380.085955418289
155763	2380.085955418289
156986	2380.085955418289
158908	2380.085955418289
160110	2380.085955418289
161321	2380.085955418289
170363	2380.085955418289
171553	2380.085955418289
174230	2380.085955418289
186776	2371.1055375507435
190857	2366.041147079392
192118	2366.041147079392
217977	2366.041147079392
219171	2366.041147079392
228399	2366.041147079392
229574	2366.041147079392
238245	2366.041147079392
258840	2366.041147079392
259983	2366.041147079392
261164	2366.041147079392
262346	2366.041147079392
263521	2366.041147079392
273366	2190.1893393708897
274646	2190.1893393708897
275864	2190.1893393708897
277024	2190.1893393708897
278223	2190.1893393708897
280140	2190.1893393708897
287989	2190.1893393708897
293553	2190.1893393708897
301498	2190.1893393708897
302737	2190.1893393708897
303875	2190.1893393708897
305040	2190.1893393708897
306200	2190.1893393708897
307413	2190.1893393708897
308562	2190.1893393708897
309721	2190.1893393708897
316855	2190.1893393708897
332011	2190.1893393708897
345959	2190.1893393708897
347126	2190.1893393708897
348320	2190.1893393708897
349488	2190.1893393708897
350658	2190.1893393708897
351827	2190.1893393708897
353066	2190.1893393708897
354245	2190.1893393708897
360732	2190.1893393708897
367210	2190.1893393708897
373731	2190.1893393708897
380669	2190.1893393708897
384961	2190.1893393708897
392018	2190.1893393708897
399014	2190.1893393708897
404812	2190.1893393708897
409679	2190.1893393708897
415414	2190.1893393708897
420397	2190.1893393708897
424370	2190.1893393708897
430082	2190.1893393708897
435127	2190.1893393708897
439379	2190.1893393708897
445156	2190.1893393708897
450711	2190.1893393708897
454840	2190.1893393708897
459104	2190.1893393708897
463369	2190.1893393708897
469033	2190.1893393708897
473231	2190.1893393708897
478839	2190.1893393708897
482286	2190.1893393708897
487259	2190.1893393708897
492305	2190.1893393708897
496513	2190.1893393708897
500721	2190.1893393708897
