500	12969.983682348131
1080	9604.097079279754
1656	8918.777202052934
2225	8040.562881485152
2791	7550.045183452654
3352	7550.045183452654
3913	7209.453514107155
4472	7087.204894273107
5033	6964.705927636005
5590	6964.705927636005
6149	6914.600132552963
6709	6914.600132552963
7267	5976.417993385734
7822	5976.417993385734
8379	5976.417993385734
8934	5976.417993385734
9487	5976.417993385734
10041	5976.417993385734
10595	5976.417993385734
11149	5976.417993385734
11706	5921.295230148315
12259	5921.295230148315
12812	5921.295230148315
13366	5921.295230148315
13921	5921.295230148315
14477	5921.295230148315
15030	5921.295230148315
15584	5921.295230148315
16138	5921.295230148315
16694	5921.295230148315
17251	5921.295230148315
17808	5921.295230148315
18363	5921.295230148315
18919	5921.295230148315
19475	5921.295230148315
20031	5921.295230148315
20589	5921.295230148315
21148	5921.295230148315
21703	5921.295230148315
22260	5921.295230148315
22816	5921.295230148315
46631	3227.5478590785233
58949	3227.5478590785233
59505	3227.5478590785233
60059	3227.5478590785233
60615	3227.5478590785233
61175	3227.5478590785233
61733	3227.5478590785233
62293	3227.5478590785233
62852	3227.5478590785233
63408	3227.5478590785233
63962	3227.5478590785233
64516	3227.5478590785233
65071	3227.5478590785233
65626	3227.5478590785233
66181	3227.5478590785233
66737	3227.5478590785233
67290	3227.5478590785233
67846	3227.5478590785233
68402	3227.5478590785233
68956	3227.5478590785233
85695	3227.5478590785233
86252	3227.5478590785233
86808	3227.5478590785233
87364	3227.5478590785233
87918	3227.5478590785233
88472	3227.5478590785233
89028	3227.5478590785233
89585	3227.5478590785233
90141	3227.5478590785233
90702	3227.5478590785233
91263	3227.5478590785233
91822	3227.5478590785233
92384	3227.5478590785233
92942	3227.5478590785233
93498	3227.5478590785233
94053	3227.5478590785233
94611	3227.5478590785233
95167	3227.5478590785233
95724	3227.5478590785233
96280	3227.5478590785233
109117	3227.5478590785233
109670	3227.5478590785233
110228	3227.5478590785233
110783	3227.5478590785233
111339	3227.5478590785233
111895	3227.5478590785233
112451	3227.5478590785233
113006	3227.5478590785233
113562	3227.5478590785233
114117	3227.5478590785233
114673	3227.5478590785233
115230	3227.5478590785233
115785	3227.5478590785233
116341	3227.5478590785233
116902	3227.5478590785233
117459	3227.5478590785233
118016	3227.5478590785233
118574	3227.5478590785233
119129	3227.5478590785233
119686	3227.5478590785233
131240	3227.5478590785233
131796	3227.5478590785233
132352	3227.5478590785233
132907	3227.5478590785233
133464	3227.5478590785233
134020	3227.5478590785233
134574	3227.5478590785233
135127	3227.5478590785233
135680	3227.5478590785233
136235	3227.5478590785233
136791	3227.5478590785233
137350	3227.5478590785233
137907	3227.5478590785233
138464	3227.5478590785233
139020	3227.5478590785233
139576	3227.5478590785233
140134	3227.5478590785233
140695	3227.5478590785233
141254	3227.5478590785233
141812	3227.5478590785233
148995	3227.5478590785233
149554	3227.5478590785233
150111	3227.5478590785233
150668	3227.5478590785233
151225	3227.5478590785233
151784	3227.5478590785233
152342	3227.5478590785233
152901	3227.5478590785233
153460	3227.5478590785233
154015	3227.5478590785233
172523	3227.5478590785233
173081	3227.5478590785233
173635	3227.5478590785233
174190	3227.5478590785233
174745	3227.5478590785233
175301	3227.5478590785233
175858	3227.5478590785233
176413	3227.5478590785233
176968	3227.5478590785233
177523	3227.5478590785233
178081	3227.5478590785233
178637	3227.5478590785233
179194	3227.5478590785233
179750	3227.5478590785233
180308	3227.5478590785233
180868	3227.5478590785233
181426	3227.5478590785233
181983	3227.5478590785233
182540	3227.5478590785233
183095	3227.5478590785233
200500	3227.5478590785233
201059	3227.5478590785233
201616	3227.5478590785233
202172	3227.5478590785233
202727	3227.5478590785233
203283	3227.5478590785233
203838	3227.5478590785233
204392	3227.5478590785233
204947	3227.5478590785233
205503	3227.5478590785233
206060	3227.5478590785233
206620	3227.5478590785233
207179	3227.5478590785233
207738	3227.5478590785233
208294	3227.5478590785233
208852	3227.5478590785233
209410	3227.5478590785233
209967	3227.5478590785233
210525	3227.5478590785233
211081	3227.5478590785233
225209	3227.5478590785233
225765	3227.5478590785233
226319	3227.5478590785233
226875	3227.5478590785233
227434	3227.5478590785233
227991	3227.5478590785233
228545	3227.5478590785233
229100	3227.5478590785233
229657	3227.5478590785233
230212	3227.5478590785233
230766	3227.5478590785233
231321	3227.5478590785233
231880	3227.5478590785233
232436	3227.5478590785233
232995	3227.5478590785233
233554	3227.5478590785233
234111	3227.5478590785233
234669	3227.5478590785233
235228	3227.5478590785233
235787	3227.5478590785233
246006	3227.5478590785233
246564	3227.5478590785233
247123	3227.5478590785233
247681	3227.5478590785233
248238	3227.5478590785233
248797	3227.5478590785233
249358	3227.5478590785233
249920	3227.5478590785233
250478	3227.5478590785233
251034	3227.5478590785233
251589	3227.5478590785233
252145	3227.5478590785233
252697	3227.5478590785233
253252	3227.5478590785233
253807	3227.5478590785233
254366	3227.5478590785233
254926	3227.5478590785233
255487	3227.5478590785233
256046	3227.5478590785233
256602	3227.5478590785233
270793	3227.5478590785233
271349	3227.5478590785233
271905	3227.5478590785233
272459	3227.5478590785233
273015	3227.5478590785233
273569	3227.5478590785233
274124	3227.5478590785233
274680	3227.5478590785233
275235	3227.5478590785233
275790	3227.5478590785233
287737	3227.5478590785233
288295	3227.5478590785233
288854	3227.5478590785233
289410	3227.5478590785233
289968	3227.5478590785233
290525	3227.5478590785233
291082	3227.5478590785233
291641	3227.5478590785233
292198	3227.5478590785233
292757	3227.5478590785233
293312	3227.5478590785233
293869	3227.5478590785233
294424	3227.5478590785233
294981	3227.5478590785233
295538	3227.5478590785233
296093	3227.5478590785233
296651	3227.5478590785233
297209	3227.5478590785233
297766	3227.5478590785233
298322	3227.5478590785233
308310	3135.500016369522
327245	3135.500016369522
327801	3135.500016369522
328355	3135.500016369522
328911	3135.500016369522
329469	3135.500016369522
330027	3135.500016369522
330585	3135.500016369522
331146	3135.500016369522
331703	3135.500016369522
332260	3135.500016369522
332819	3135.500016369522
333376	3135.500016369522
333934	3135.500016369522
334490	3135.500016369522
335049	3135.500016369522
335607	3135.500016369522
336163	3135.500016369522
336718	3135.500016369522
337275	3135.500016369522
351500	3135.500016369522
352061	3135.500016369522
352621	3135.500016369522
353178	3135.500016369522
353735	3135.500016369522
354293	3135.500016369522
354846	3135.500016369522
355400	3135.500016369522
355955	3135.500016369522
356510	3135.500016369522
357066	3135.500016369522
357621	3135.500016369522
358176	3135.500016369522
358734	3135.500016369522
359290	3135.500016369522
359849	3135.500016369522
360404	3135.500016369522
360961	3135.500016369522
361517	3135.500016369522
362076	3135.500016369522
374237	3135.500016369522
374796	3135.500016369522
375354	3135.500016369522
375912	3135.500016369522
376467	3135.500016369522
377024	3135.500016369522
377582	3135.500016369522
378142	3135.500016369522
378697	3135.500016369522
379255	3135.500016369522
379816	3135.500016369522
380372	3135.500016369522
380928	3135.500016369522
381483	3135.500016369522
382039	3135.500016369522
382594	3135.500016369522
383151	3135.500016369522
383709	3135.500016369522
384265	3135.500016369522
384821	3135.500016369522
402416	3135.500016369522
402972	3135.500016369522
403530	3135.500016369522
404087	3135.500016369522
404642	3135.500016369522
405195	3135.500016369522
405748	3135.500016369522
406304	3135.500016369522
406859	3135.500016369522
407416	3135.500016369522
407970	3135.500016369522
408527	3135.500016369522
409084	3135.500016369522
409642	3135.500016369522
410202	3135.500016369522
410762	3135.500016369522
411323	3135.500016369522
411882	3135.500016369522
412442	3135.500016369522
413002	3135.500016369522
426794	3135.500016369522
427353	3135.500016369522
427915	3135.500016369522
428473	3135.500016369522
429030	3135.500016369522
429589	3135.500016369522
430144	3135.500016369522
430699	3135.500016369522
431256	3135.500016369522
431812	3135.500016369522
441744	3135.500016369522
442298	3135.500016369522
442854	3135.500016369522
443409	3135.500016369522
443963	3135.500016369522
444519	3135.500016369522
445072	3135.500016369522
445628	3135.500016369522
446186	3135.500016369522
446741	3135.500016369522
447297	3135.500016369522
447852	3135.500016369522
448411	3135.500016369522
448967	3135.500016369522
449523	3135.500016369522
450079	3135.500016369522
450634	3135.500016369522
451188	3135.500016369522
451745	3135.500016369522
452299	3135.500016369522
472804	3135.500016369522
473361	3135.500016369522
473918	3135.500016369522
474476	3135.500016369522
475038	3135.500016369522
475597	3135.500016369522
476155	3135.500016369522
476716	3135.500016369522
477275	3135.500016369522
477832	3135.500016369522
478392	3135.500016369522
478948	3135.500016369522
479503	3135.500016369522
480061	3135.500016369522
480615	3135.500016369522
481171	3135.500016369522
481729	3135.500016369522
482284	3135.500016369522
482839	3135.500016369522
483400	3135.500016369522
496500	3135.500016369522
497058	3135.500016369522
497612	3135.500016369522
498168	3135.500016369522
498723	3135.500016369522
499278	3135.500016369522
499832	3135.500016369522
500387	3135.500016369522
