500	12253.507274899439
1086	7795.039004640239
1668	6841.299189147995
2239	6291.599312701426
2810	5597.703450839051
3373	5597.703450839051
3930	5597.703450839051
4488	5597.703450839051
5049	5225.597721233571
5607	4929.633686763862
6160	4929.633686763862
6717	4670.029706877186
7273	4670.029706877186
7827	4670.029706877186
8383	4670.029706877186
8936	4670.029706877186
9495	4670.029706877186
10049	4670.029706877186
10602	4670.029706877186
11158	4670.029706877186
11716	4670.029706877186
12272	4670.029706877186
12828	4670.029706877186
13383	4670.029706877186
13939	4670.029706877186
14494	4670.029706877186
15048	4670.029706877186
15602	4670.029706877186
16155	4670.029706877186
16708	4670.029706877186
17263	4670.029706877186
17819	4670.029706877186
38952	3200.169516517485
39509	3200.169516517485
40068	3200.169516517485
40628	3200.169516517485
41188	3200.169516517485
41744	3200.169516517485
42300	3200.169516517485
42855	3200.169516517485
43413	3200.169516517485
43970	3200.169516517485
44527	3200.169516517485
45084	3200.169516517485
45642	3200.169516517485
46200	3200.169516517485
46760	3200.169516517485
47320	3200.169516517485
47879	3200.169516517485
48436	3200.169516517485
48993	3200.169516517485
54751	2744.7215105079063
62447	2744.7215105079063
63003	2744.7215105079063
63560	2744.7215105079063
64117	2744.7215105079063
64674	2744.7215105079063
65232	2744.7215105079063
65793	2744.7215105079063
66354	2744.7215105079063
66914	2744.7215105079063
67472	2744.7215105079063
68029	2744.7215105079063
68588	2744.7215105079063
69143	2744.7215105079063
69703	2744.7215105079063
70259	2744.7215105079063
70818	2744.7215105079063
71377	2744.7215105079063
71934	2744.7215105079063
72493	2744.7215105079063
92821	2744.7215105079063
93379	2744.7215105079063
93944	2744.7215105079063
94504	2744.7215105079063
95063	2744.7215105079063
95627	2744.7215105079063
96186	2744.7215105079063
96744	2744.7215105079063
97302	2744.7215105079063
97860	2744.7215105079063
98419	2744.7215105079063
98981	2744.7215105079063
99538	2744.7215105079063
100098	2744.7215105079063
100656	2744.7215105079063
101212	2744.7215105079063
101770	2744.7215105079063
102328	2744.7215105079063
102884	2744.7215105079063
103443	2744.7215105079063
120827	2744.7215105079063
121388	2744.7215105079063
121950	2744.7215105079063
122509	2744.7215105079063
123066	2744.7215105079063
123625	2744.7215105079063
124183	2744.7215105079063
124742	2744.7215105079063
125301	2744.7215105079063
125859	2744.7215105079063
126419	2744.7215105079063
126978	2744.7215105079063
127537	2744.7215105079063
128099	2744.7215105079063
128659	2744.7215105079063
129221	2744.7215105079063
129788	2744.7215105079063
130351	2744.7215105079063
130914	2744.7215105079063
131479	2744.7215105079063
142751	2488.465364546811
161146	2487.0059382092186
161705	2487.0059382092186
162264	2487.0059382092186
162820	2487.0059382092186
163381	2487.0059382092186
163942	2487.0059382092186
164503	2487.0059382092186
165063	2487.0059382092186
165623	2487.0059382092186
166185	2487.0059382092186
166745	2487.0059382092186
167307	2487.0059382092186
167868	2487.0059382092186
168426	2487.0059382092186
168987	2487.0059382092186
169545	2487.0059382092186
170107	2487.0059382092186
170669	2487.0059382092186
171232	2487.0059382092186
181282	2269.6716809360205
192923	2269.5459786771125
193488	2269.5459786771125
194054	2269.5459786771125
194615	2269.5459786771125
195179	2269.5459786771125
195742	2269.5459786771125
196305	2269.5459786771125
196867	2269.5459786771125
197431	2269.5459786771125
197996	2269.5459786771125
198559	2269.5459786771125
199123	2269.5459786771125
199688	2269.5459786771125
200253	2269.5459786771125
200818	2269.5459786771125
201383	2269.5459786771125
201946	2269.5459786771125
202511	2269.5459786771125
203078	2269.5459786771125
214223	2269.5459786771125
214786	2269.5459786771125
215355	2269.5459786771125
215919	2269.5459786771125
216483	2269.5459786771125
217042	2269.5459786771125
217607	2269.5459786771125
218171	2269.5459786771125
218735	2269.5459786771125
219297	2269.5459786771125
219860	2269.5459786771125
220421	2269.5459786771125
220983	2269.5459786771125
221545	2269.5459786771125
222109	2269.5459786771125
222671	2269.5459786771125
223231	2269.5459786771125
223791	2269.5459786771125
224353	2269.5459786771125
224912	2269.5459786771125
231385	2269.22844853487
238636	2269.2283779267636
239197	2269.2283779267636
239760	2269.2283779267636
240319	2269.2283779267636
240882	2269.2283779267636
241443	2269.2283779267636
242002	2269.2283779267636
242561	2269.2283779267636
243123	2269.2283779267636
243685	2269.2283779267636
244246	2269.2283779267636
244806	2269.2283779267636
245365	2269.2283779267636
245927	2269.2283779267636
246485	2269.2283779267636
247047	2269.2283779267636
247609	2269.2283779267636
248169	2269.2283779267636
248727	2269.2283779267636
255268	2269.2283779267636
255829	2269.2283779267636
256389	2269.2283779267636
256946	2269.2283779267636
257501	2269.2283779267636
258059	2269.2283779267636
258622	2269.2283779267636
259182	2269.2283779267636
259744	2269.2283779267636
260304	2269.2283779267636
260864	2269.2283779267636
261424	2269.2283779267636
261985	2269.2283779267636
262544	2269.2283779267636
263104	2269.2283779267636
263663	2269.2283779267636
264223	2269.2283779267636
264784	2269.2283779267636
265344	2269.2283779267636
265905	2269.2283779267636
267903	2269.193172221437
274358	2268.991702939222
274916	2268.991702939222
275473	2268.991702939222
276030	2268.991702939222
276588	2268.991702939222
277143	2268.991702939222
277701	2268.991702939222
278255	2268.991702939222
278812	2268.991702939222
279368	2268.991702939222
279926	2268.991702939222
280483	2268.991702939222
281040	2268.991702939222
281602	2268.991702939222
282161	2268.991702939222
282719	2268.991702939222
283277	2268.991702939222
283838	2268.991702939222
284397	2268.991702939222
293941	2268.991702939222
294501	2268.991702939222
295060	2268.991702939222
295622	2268.991702939222
296184	2268.991702939222
296743	2268.991702939222
297305	2268.991702939222
297868	2268.991702939222
298431	2268.991702939222
298992	2268.991702939222
299556	2268.991702939222
300119	2268.991702939222
300682	2268.991702939222
301240	2268.991702939222
301801	2268.991702939222
302360	2268.991702939222
302923	2268.991702939222
303482	2268.991702939222
304047	2268.991702939222
304609	2268.991702939222
311592	2268.991702939222
312154	2268.991702939222
312714	2268.991702939222
313275	2268.991702939222
313836	2268.991702939222
314393	2268.991702939222
314951	2268.991702939222
315506	2268.991702939222
316059	2268.991702939222
316619	2268.991702939222
317174	2268.991702939222
329123	2267.6679376881016
329680	2267.6679376881016
330238	2267.6679376881016
330798	2267.6679376881016
331355	2267.6679376881016
331913	2267.6679376881016
332472	2267.6679376881016
333033	2267.6679376881016
333593	2267.6679376881016
334156	2267.6679376881016
334717	2267.6679376881016
335277	2267.6679376881016
335839	2267.6679376881016
336397	2267.6679376881016
336955	2267.6679376881016
337512	2267.6679376881016
338074	2267.6679376881016
338631	2267.6679376881016
339190	2267.6679376881016
345278	2267.6679376881016
345841	2267.6679376881016
346403	2267.6679376881016
346968	2267.6679376881016
347530	2267.6679376881016
348092	2267.6679376881016
348653	2267.6679376881016
349212	2267.6679376881016
349770	2267.6679376881016
350330	2267.6679376881016
350890	2267.6679376881016
351447	2267.6679376881016
352007	2267.6679376881016
352571	2267.6679376881016
353138	2267.6679376881016
353702	2267.6679376881016
354265	2267.6679376881016
354831	2267.6679376881016
355398	2267.6679376881016
355961	2267.6679376881016
369847	2267.6679376881016
370411	2267.6679376881016
370972	2267.6679376881016
371534	2267.6679376881016
372099	2267.6679376881016
372664	2267.6679376881016
373231	2267.6679376881016
373802	2267.6679376881016
374367	2267.6679376881016
374933	2267.6679376881016
375494	2267.6679376881016
376055	2267.6679376881016
376616	2267.6679376881016
377177	2267.6679376881016
377740	2267.6679376881016
378306	2267.6679376881016
378869	2267.6679376881016
379430	2267.6679376881016
379991	2267.6679376881016
380555	2267.6679376881016
386527	2267.6679376881016
387085	2267.6679376881016
387644	2267.6679376881016
388202	2267.6679376881016
388757	2267.6679376881016
389314	2267.6679376881016
389875	2267.6679376881016
390434	2267.6679376881016
390992	2267.6679376881016
391554	2267.6679376881016
392113	2267.6679376881016
392671	2267.6679376881016
393228	2267.6679376881016
393789	2267.6679376881016
394347	2267.6679376881016
394905	2267.6679376881016
395462	2267.6679376881016
396021	2267.6679376881016
396579	2267.6679376881016
397140	2267.6679376881016
402139	2267.651827636734
409850	2267.651827636734
410408	2267.651827636734
410968	2267.651827636734
411528	2267.651827636734
412088	2267.651827636734
412646	2267.651827636734
413207	2267.651827636734
413768	2267.651827636734
414326	2267.651827636734
414883	2267.651827636734
415440	2267.651827636734
415997	2267.651827636734
416554	2267.651827636734
417112	2267.651827636734
417670	2267.651827636734
418228	2267.651827636734
418787	2267.651827636734
419342	2267.651827636734
419898	2267.651827636734
424896	2267.651827636734
425455	2267.651827636734
426015	2267.651827636734
426573	2267.651827636734
427134	2267.651827636734
427693	2267.651827636734
428253	2267.651827636734
428811	2267.651827636734
429369	2267.651827636734
429927	2267.651827636734
430485	2267.651827636734
431044	2267.651827636734
431606	2267.651827636734
432163	2267.651827636734
432723	2267.651827636734
433283	2267.651827636734
433844	2267.651827636734
434408	2267.651827636734
434974	2267.651827636734
435539	2267.651827636734
451881	2267.651827636734
452444	2267.651827636734
453004	2267.651827636734
453566	2267.651827636734
454129	2267.651827636734
454689	2267.651827636734
455250	2267.651827636734
455805	2267.651827636734
456362	2267.651827636734
456924	2267.651827636734
457489	2267.651827636734
458052	2267.651827636734
458616	2267.651827636734
459179	2267.651827636734
459741	2267.651827636734
460305	2267.651827636734
460865	2267.651827636734
461425	2267.651827636734
461985	2267.651827636734
462548	2267.651827636734
481812	2267.651827636734
482380	2267.651827636734
482942	2267.651827636734
483505	2267.651827636734
484070	2267.651827636734
484641	2267.651827636734
485206	2267.651827636734
485770	2267.651827636734
486334	2267.651827636734
486895	2267.651827636734
487455	2267.651827636734
488015	2267.651827636734
488577	2267.651827636734
489138	2267.651827636734
489697	2267.651827636734
490260	2267.651827636734
490829	2267.651827636734
491391	2267.651827636734
491953	2267.651827636734
492515	2267.651827636734
509088	2267.651827636734
