500	11964.36931664063
1102	7197.656145188122
1685	7197.656145188122
2259	7041.307568747428
2828	6016.3699380452545
3397	6016.3699380452545
3962	5924.514346773961
4522	5924.514346773961
5081	5924.514346773961
5642	5636.063585532687
6200	5486.333188072889
6756	5486.333188072889
7311	5486.333188072889
7867	5486.333188072889
8423	5486.333188072889
8978	5486.333188072889
9535	5486.333188072889
10088	5486.333188072889
10644	5486.333188072889
11197	5486.333188072889
11755	5221.851178544028
12311	5206.895882187286
12865	5206.895882187286
13420	5206.895882187286
13972	5206.895882187286
14527	5097.605696385808
15083	5097.605696385808
15639	5097.605696385808
16199	5097.605696385808
16755	5097.605696385808
17315	5097.605696385808
17876	5097.605696385808
18437	4866.184797978887
18994	4866.184797978887
19553	4551.0450550641635
20109	4551.0450550641635
20662	4551.0450550641635
21217	4551.0450550641635
21776	4522.591781603813
22335	4522.591781603813
22896	4522.591781603813
44527	3022.187813129135
57970	3020.727182568496
58524	3020.727182568496
59081	3020.727182568496
59640	3020.727182568496
60197	3020.727182568496
60757	3020.727182568496
61314	3020.727182568496
61869	3020.727182568496
62429	3020.727182568496
62987	3020.727182568496
63550	3020.727182568496
64107	3020.727182568496
64667	3020.727182568496
65223	3020.727182568496
65779	3020.727182568496
66340	3020.727182568496
66894	3020.727182568496
67452	3020.727182568496
68011	3020.727182568496
81937	3020.727182568496
82495	3020.727182568496
83059	3020.727182568496
83625	3020.727182568496
84183	3020.727182568496
84743	3020.727182568496
85300	3020.727182568496
85856	3020.727182568496
86416	3020.727182568496
86977	3020.727182568496
87536	3020.727182568496
88091	3020.727182568496
88652	3020.727182568496
89213	3020.727182568496
89778	3020.727182568496
90341	3020.727182568496
90900	3020.727182568496
91469	3020.727182568496
92029	3020.727182568496
92586	3020.727182568496
103705	2661.65971958104
115376	2409.452857381112
127505	2269.8188315100224
148117	2269.4134825984615
159259	2269.281584732651
159833	2269.281584732651
160401	2269.281584732651
172428	2269.2214191407134
172998	2269.2214191407134
173564	2269.2214191407134
174130	2269.2214191407134
174690	2269.2214191407134
175253	2269.2214191407134
175814	2269.2214191407134
176373	2269.2214191407134
176939	2269.2214191407134
177500	2269.2214191407134
178059	2269.2214191407134
178627	2269.2214191407134
179187	2269.2214191407134
179754	2269.2214191407134
180319	2269.2214191407134
180885	2269.2214191407134
181449	2269.2214191407134
182019	2269.2214191407134
182582	2269.2214191407134
183150	2269.2214191407134
183717	2269.2214191407134
184289	2269.2214191407134
184858	2269.2214191407134
201983	2269.2214191407134
202549	2269.2214191407134
203117	2269.2214191407134
203687	2269.2214191407134
204254	2269.2214191407134
204832	2269.2214191407134
205413	2269.2214191407134
205988	2269.2214191407134
206555	2269.2214191407134
207118	2269.2214191407134
207693	2269.2214191407134
208271	2269.2214191407134
208849	2269.2214191407134
209416	2269.2214191407134
209988	2269.2214191407134
210568	2269.2214191407134
211140	2269.2214191407134
211711	2269.2214191407134
212284	2269.2214191407134
212848	2269.2214191407134
219260	2269.2214191407134
219830	2269.2214191407134
220400	2269.2214191407134
220969	2269.2214191407134
221537	2269.2214191407134
222106	2269.2214191407134
222666	2269.2214191407134
223225	2269.2214191407134
223792	2269.2214191407134
224357	2269.2214191407134
224916	2269.2214191407134
225475	2269.2214191407134
226037	2269.2214191407134
226604	2269.2214191407134
227158	2269.2214191407134
227720	2269.2214191407134
228281	2269.2214191407134
228842	2269.2214191407134
229401	2269.2214191407134
229957	2269.2214191407134
236292	2268.58442330322
244265	2268.584290057852
244827	2268.584290057852
245390	2268.584290057852
245952	2268.584290057852
246510	2268.584290057852
247071	2268.584290057852
247629	2268.584290057852
248185	2268.584290057852
248749	2268.584290057852
249316	2268.584290057852
249878	2268.584290057852
250434	2268.584290057852
250995	2268.584290057852
251555	2268.584290057852
252112	2268.584290057852
252670	2268.584290057852
253226	2268.584290057852
253784	2268.584290057852
254341	2268.584290057852
260424	2268.584290057852
260990	2268.584290057852
261548	2268.584290057852
262107	2268.584290057852
262662	2268.584290057852
263221	2268.584290057852
263780	2268.584290057852
264343	2268.584290057852
264904	2268.584290057852
265468	2268.584290057852
266030	2268.584290057852
266588	2268.584290057852
267155	2268.584290057852
267721	2268.584290057852
268282	2268.584290057852
268847	2268.584290057852
269412	2268.584290057852
269975	2268.584290057852
270541	2268.584290057852
271105	2268.584290057852
279222	2268.584290057852
279781	2268.584290057852
280338	2268.584290057852
280900	2268.584290057852
281464	2268.584290057852
282024	2268.584290057852
282583	2268.584290057852
283143	2268.584290057852
283705	2268.584290057852
284264	2268.584290057852
284830	2268.584290057852
285402	2268.584290057852
285962	2268.584290057852
286526	2268.584290057852
287095	2268.584290057852
287660	2268.584290057852
288224	2268.584290057852
288787	2268.584290057852
289352	2268.584290057852
289915	2268.584290057852
299704	2268.413441414767
310471	2268.413441414767
311029	2268.413441414767
311589	2268.413441414767
312146	2268.413441414767
312703	2268.413441414767
313262	2268.413441414767
313818	2268.413441414767
314372	2268.413441414767
314928	2268.413441414767
315486	2268.413441414767
316043	2268.413441414767
316600	2268.413441414767
317159	2268.413441414767
317715	2268.413441414767
318270	2268.413441414767
318828	2268.413441414767
319386	2268.413441414767
319944	2268.413441414767
320501	2268.413441414767
325977	2268.413441414767
326534	2268.413441414767
327097	2268.413441414767
327658	2268.413441414767
328217	2268.413441414767
328779	2268.413441414767
329344	2268.413441414767
329905	2268.413441414767
330472	2268.413441414767
331034	2268.413441414767
331599	2268.413441414767
332163	2268.413441414767
332728	2268.413441414767
333290	2268.413441414767
333854	2268.413441414767
334416	2268.413441414767
334980	2268.413441414767
335542	2268.413441414767
336104	2268.413441414767
336667	2268.413441414767
341920	2268.413441414767
342484	2268.413441414767
343052	2268.413441414767
343617	2268.413441414767
344184	2268.413441414767
344750	2268.413441414767
345323	2268.413441414767
345890	2268.413441414767
346462	2268.413441414767
347036	2268.413441414767
347606	2268.413441414767
348180	2268.413441414767
348745	2268.413441414767
349318	2268.413441414767
349881	2268.413441414767
350451	2268.413441414767
351015	2268.413441414767
351574	2268.413441414767
352137	2268.413441414767
352700	2268.413441414767
359322	2268.413441414767
359884	2268.413441414767
360445	2268.413441414767
361009	2268.413441414767
361573	2268.413441414767
362139	2268.413441414767
362702	2268.413441414767
363266	2268.413441414767
363825	2268.413441414767
364387	2268.413441414767
364952	2268.413441414767
365510	2268.413441414767
366067	2268.413441414767
366623	2268.413441414767
367185	2268.413441414767
367743	2268.413441414767
368302	2268.413441414767
368860	2268.413441414767
369417	2268.413441414767
369978	2268.413441414767
375766	2268.413441414767
376329	2268.413441414767
376887	2268.413441414767
377442	2268.413441414767
378001	2268.413441414767
378561	2268.413441414767
379118	2268.413441414767
379675	2268.413441414767
380231	2268.413441414767
380788	2268.413441414767
386226	2268.413441414767
386783	2268.413441414767
387348	2268.413441414767
387906	2268.413441414767
388465	2268.413441414767
389026	2268.413441414767
389585	2268.413441414767
390144	2268.413441414767
390705	2268.413441414767
391266	2268.413441414767
391825	2268.413441414767
392388	2268.413441414767
392949	2268.413441414767
393510	2268.413441414767
394067	2268.413441414767
394627	2268.413441414767
395193	2268.413441414767
395757	2268.413441414767
396319	2268.413441414767
396884	2268.413441414767
402484	2268.413441414767
403046	2268.413441414767
403614	2268.413441414767
404176	2268.413441414767
404735	2268.413441414767
405296	2268.413441414767
405860	2268.413441414767
406420	2268.413441414767
406990	2268.413441414767
407558	2268.413441414767
408120	2268.413441414767
408678	2268.413441414767
409241	2268.413441414767
409805	2268.413441414767
410363	2268.413441414767
410922	2268.413441414767
411481	2268.413441414767
412046	2268.413441414767
412611	2268.413441414767
413183	2268.413441414767
418180	2268.413441414767
418745	2268.413441414767
419307	2268.413441414767
419863	2268.413441414767
420421	2268.413441414767
420983	2268.413441414767
421543	2268.413441414767
422108	2268.413441414767
422675	2268.413441414767
423236	2268.413441414767
423802	2268.413441414767
424362	2268.413441414767
424925	2268.413441414767
425482	2268.413441414767
426042	2268.413441414767
426602	2268.413441414767
427160	2268.413441414767
427719	2268.413441414767
428279	2268.413441414767
428842	2268.413441414767
433126	2268.413441414767
433688	2268.413441414767
434252	2268.413441414767
434820	2268.413441414767
435380	2268.413441414767
435945	2268.413441414767
436510	2268.413441414767
437070	2268.413441414767
437633	2268.413441414767
438196	2268.413441414767
438755	2268.413441414767
439317	2268.413441414767
439881	2268.413441414767
440446	2268.413441414767
441008	2268.413441414767
441568	2268.413441414767
442135	2268.413441414767
442701	2268.413441414767
443263	2268.413441414767
443826	2268.413441414767
453377	2268.413441414767
453940	2268.413441414767
454503	2268.413441414767
455069	2268.413441414767
455634	2268.413441414767
456201	2268.413441414767
456765	2268.413441414767
457328	2268.413441414767
457892	2268.413441414767
458459	2268.413441414767
462502	2268.413441414767
463063	2268.413441414767
463627	2268.413441414767
464190	2268.413441414767
464756	2268.413441414767
465321	2268.413441414767
465889	2268.413441414767
466454	2268.413441414767
467015	2268.413441414767
467580	2268.413441414767
468144	2268.413441414767
468706	2268.413441414767
469268	2268.413441414767
469829	2268.413441414767
470386	2268.413441414767
470944	2268.413441414767
471504	2268.413441414767
472060	2268.413441414767
472616	2268.413441414767
473172	2268.413441414767
477314	2268.413441414767
477877	2268.413441414767
478440	2268.413441414767
479006	2268.413441414767
479571	2268.413441414767
480137	2268.413441414767
480696	2268.413441414767
481258	2268.413441414767
481821	2268.413441414767
482384	2268.413441414767
482944	2268.413441414767
483506	2268.413441414767
484071	2268.413441414767
484629	2268.413441414767
485185	2268.413441414767
485741	2268.413441414767
486299	2268.413441414767
486858	2268.413441414767
487419	2268.413441414767
487980	2268.413441414767
491450	2268.413441414767
492012	2268.413441414767
492575	2268.413441414767
493137	2268.413441414767
493698	2268.413441414767
494258	2268.413441414767
494818	2268.413441414767
495381	2268.413441414767
495945	2268.413441414767
496506	2268.413441414767
497070	2268.413441414767
497634	2268.413441414767
498193	2268.413441414767
498760	2268.413441414767
499323	2268.413441414767
499884	2268.413441414767
500446	2268.413441414767
