500	11680.860947495401
1082	8554.95289459548
1655	8151.755368858249
2224	7795.960778182922
2789	7152.129814655825
3347	7152.129814655825
3908	6605.651074464709
4465	6040.96660518808
5027	6040.96660518808
5584	6040.96660518808
6142	6040.96660518808
6698	6040.96660518808
7256	6040.96660518808
7812	6040.96660518808
8368	6040.96660518808
8923	6040.96660518808
9478	4922.034297644592
10033	4922.034297644592
10587	4922.034297644592
11142	4922.034297644592
11696	4922.034297644592
12249	4922.034297644592
12802	4922.034297644592
13355	4922.034297644592
13908	4922.034297644592
14463	4922.034297644592
15018	4922.034297644592
15574	4922.034297644592
16129	4922.034297644592
16685	4922.034297644592
17238	4922.034297644592
17796	4922.034297644592
18353	4922.034297644592
18906	4922.034297644592
19464	4922.034297644592
20019	4922.034297644592
20575	4922.034297644592
40845	4055.849435141325
41400	4055.849435141325
41957	4055.849435141325
42514	4055.849435141325
43070	4055.849435141325
43627	4055.849435141325
44183	4055.849435141325
44738	4055.849435141325
45293	4055.849435141325
45849	4055.849435141325
46406	4055.849435141325
46963	4055.849435141325
47520	4055.849435141325
48079	4055.849435141325
48638	4055.849435141325
49196	4055.849435141325
49754	4055.849435141325
50312	4055.849435141325
50868	4055.849435141325
51422	4055.849435141325
51978	4055.849435141325
52536	4055.849435141325
53093	4055.849435141325
53649	4055.849435141325
70003	4055.849435141325
70562	4055.849435141325
71118	4055.849435141325
71676	4055.849435141325
72232	4055.849435141325
72789	4055.849435141325
73344	4055.849435141325
73903	4055.849435141325
74460	4055.849435141325
75016	4055.849435141325
75572	4055.849435141325
76126	4055.849435141325
76683	4055.849435141325
77238	4055.849435141325
77797	4055.849435141325
78355	4055.849435141325
78912	4055.849435141325
79468	4055.849435141325
80027	4055.849435141325
80588	4055.849435141325
92162	4034.094617695469
107264	3342.0250032495373
118565	3342.0250019087343
119119	3342.0250019087343
119673	3342.0250019087343
120226	3342.0250019087343
120781	3342.0250019087343
121336	3342.0250019087343
121892	3342.0250019087343
122449	3342.0250019087343
123008	3342.0250019087343
123568	3342.0250019087343
124124	3342.0250019087343
124681	3342.0250019087343
125239	3342.0250019087343
125799	3342.0250019087343
126357	3342.0250019087343
126914	3342.0250019087343
127471	3342.0250019087343
128029	3342.0250019087343
128587	3342.0250019087343
129145	3342.0250019087343
129702	3342.0250019087343
130259	3342.0250019087343
130815	3342.0250019087343
131372	3342.0250019087343
131930	3342.0250019087343
132485	3342.0250019087343
133039	3342.0250019087343
133593	3342.0250019087343
144340	3342.0250019087343
144895	3342.0250019087343
145450	3342.0250019087343
146005	3342.0250019087343
146559	3342.0250019087343
147114	3342.0250019087343
147672	3342.0250019087343
148231	3342.0250019087343
148790	3342.0250019087343
149348	3342.0250019087343
160161	3342.0250019087343
160720	3342.0250019087343
161281	3342.0250019087343
161839	3342.0250019087343
162399	3342.0250019087343
162957	3342.0250019087343
163513	3342.0250019087343
164070	3342.0250019087343
164628	3342.0250019087343
165184	3342.0250019087343
165741	3342.0250019087343
166300	3342.0250019087343
166861	3342.0250019087343
167418	3342.0250019087343
167975	3342.0250019087343
168532	3342.0250019087343
169087	3342.0250019087343
169646	3342.0250019087343
170200	3342.0250019087343
170755	3342.0250019087343
184039	3342.0250019087343
184595	3342.0250019087343
185150	3342.0250019087343
185707	3342.0250019087343
186262	3342.0250019087343
186819	3342.0250019087343
187378	3342.0250019087343
187937	3342.0250019087343
188496	3342.0250019087343
189050	3342.0250019087343
189606	3342.0250019087343
190162	3342.0250019087343
190718	3342.0250019087343
191274	3342.0250019087343
191833	3342.0250019087343
192391	3342.0250019087343
192948	3342.0250019087343
193504	3342.0250019087343
194060	3342.0250019087343
194617	3342.0250019087343
206339	3342.0250019087343
206898	3342.0250019087343
207456	3342.0250019087343
208014	3342.0250019087343
208569	3342.0250019087343
209125	3342.0250019087343
209682	3342.0250019087343
210240	3342.0250019087343
210797	3342.0250019087343
211353	3342.0250019087343
211909	3342.0250019087343
212466	3342.0250019087343
213022	3342.0250019087343
213579	3342.0250019087343
214138	3342.0250019087343
214693	3342.0250019087343
215253	3342.0250019087343
215811	3342.0250019087343
216368	3342.0250019087343
216928	3342.0250019087343
227403	3342.0250019087343
227963	3342.0250019087343
228520	3342.0250019087343
229077	3342.0250019087343
229631	3342.0250019087343
230186	3342.0250019087343
230741	3342.0250019087343
231294	3342.0250019087343
231850	3342.0250019087343
232405	3342.0250019087343
232960	3342.0250019087343
233515	3342.0250019087343
234072	3342.0250019087343
234627	3342.0250019087343
235183	3342.0250019087343
235740	3342.0250019087343
236296	3342.0250019087343
236852	3342.0250019087343
237409	3342.0250019087343
237972	3342.0250019087343
250200	3342.0250019087343
250759	3342.0250019087343
251318	3342.0250019087343
251876	3342.0250019087343
252436	3342.0250019087343
252995	3342.0250019087343
253554	3342.0250019087343
254110	3342.0250019087343
254667	3342.0250019087343
255225	3342.0250019087343
267754	3342.0250019087343
268311	3342.0250019087343
268865	3342.0250019087343
269423	3342.0250019087343
269980	3342.0250019087343
270535	3342.0250019087343
271094	3342.0250019087343
271649	3342.0250019087343
272206	3342.0250019087343
272762	3342.0250019087343
273319	3342.0250019087343
273877	3342.0250019087343
274434	3342.0250019087343
274988	3342.0250019087343
275542	3342.0250019087343
276096	3342.0250019087343
276652	3342.0250019087343
277208	3342.0250019087343
277766	3342.0250019087343
278325	3342.0250019087343
293444	3342.0250019087343
294002	3342.0250019087343
294564	3342.0250019087343
295123	3342.0250019087343
295682	3342.0250019087343
296240	3342.0250019087343
296797	3342.0250019087343
297354	3342.0250019087343
297910	3342.0250019087343
298468	3342.0250019087343
299027	3342.0250019087343
299583	3342.0250019087343
300140	3342.0250019087343
300697	3342.0250019087343
301257	3342.0250019087343
301814	3342.0250019087343
302373	3342.0250019087343
302928	3342.0250019087343
303485	3342.0250019087343
304042	3342.0250019087343
314665	3342.0250019087343
315221	3342.0250019087343
315776	3342.0250019087343
316331	3342.0250019087343
316891	3342.0250019087343
317448	3342.0250019087343
318011	3342.0250019087343
318568	3342.0250019087343
319123	3342.0250019087343
319678	3342.0250019087343
320234	3342.0250019087343
320792	3342.0250019087343
321354	3342.0250019087343
321915	3342.0250019087343
322474	3342.0250019087343
323029	3342.0250019087343
323585	3342.0250019087343
324142	3342.0250019087343
324700	3342.0250019087343
325257	3342.0250019087343
337237	3342.0250019087343
337797	3342.0250019087343
338356	3342.0250019087343
338912	3342.0250019087343
339466	3342.0250019087343
340021	3342.0250019087343
340575	3342.0250019087343
341132	3342.0250019087343
341686	3342.0250019087343
342240	3342.0250019087343
342797	3342.0250019087343
343355	3342.0250019087343
343911	3342.0250019087343
344469	3342.0250019087343
345025	3342.0250019087343
345582	3342.0250019087343
346138	3342.0250019087343
346691	3342.0250019087343
347248	3342.0250019087343
347804	3342.0250019087343
360398	3342.0250019087343
360954	3342.0250019087343
361511	3342.0250019087343
362069	3342.0250019087343
362628	3342.0250019087343
363189	3342.0250019087343
363751	3342.0250019087343
364307	3342.0250019087343
364864	3342.0250019087343
365421	3342.0250019087343
382485	3342.0250019087343
383041	3342.0250019087343
383598	3342.0250019087343
384152	3342.0250019087343
384709	3342.0250019087343
385267	3342.0250019087343
385824	3342.0250019087343
386382	3342.0250019087343
386939	3342.0250019087343
387496	3342.0250019087343
388053	3342.0250019087343
388610	3342.0250019087343
389169	3342.0250019087343
389729	3342.0250019087343
390287	3342.0250019087343
390842	3342.0250019087343
391399	3342.0250019087343
391959	3342.0250019087343
392521	3342.0250019087343
393079	3342.0250019087343
404484	3342.0250019087343
405044	3342.0250019087343
405604	3342.0250019087343
406161	3342.0250019087343
406718	3342.0250019087343
407277	3342.0250019087343
407836	3342.0250019087343
408392	3342.0250019087343
408949	3342.0250019087343
409504	3342.0250019087343
410060	3342.0250019087343
410615	3342.0250019087343
411170	3342.0250019087343
411724	3342.0250019087343
412278	3342.0250019087343
412833	3342.0250019087343
413387	3342.0250019087343
413941	3342.0250019087343
414496	3342.0250019087343
415050	3342.0250019087343
428318	3342.0250019087343
428874	3342.0250019087343
429429	3342.0250019087343
429986	3342.0250019087343
430544	3342.0250019087343
431102	3342.0250019087343
431660	3342.0250019087343
432220	3342.0250019087343
432776	3342.0250019087343
433333	3342.0250019087343
433894	3342.0250019087343
434456	3342.0250019087343
435017	3342.0250019087343
435574	3342.0250019087343
436134	3342.0250019087343
436692	3342.0250019087343
437248	3342.0250019087343
437803	3342.0250019087343
438358	3342.0250019087343
438914	3342.0250019087343
452660	3342.0250019087343
453217	3342.0250019087343
453773	3342.0250019087343
454328	3342.0250019087343
454886	3342.0250019087343
455442	3342.0250019087343
455999	3342.0250019087343
456555	3342.0250019087343
457110	3342.0250019087343
457666	3342.0250019087343
458219	3342.0250019087343
458773	3342.0250019087343
459327	3342.0250019087343
459883	3342.0250019087343
460439	3342.0250019087343
460996	3342.0250019087343
461552	3342.0250019087343
462114	3342.0250019087343
462672	3342.0250019087343
463228	3342.0250019087343
489789	2567.4467886916827
506960	2522.5717741477342
