1000	775913959.19965
2162	388100007.69585216
3319	135651828.21431923
4469	105026945.58897114
5615	64836078.88830503
6756	57037309.65135599
7896	57037309.65135599
9036	52863253.60437865
10172	22934722.003429707
11306	22934722.003429707
12447	15095570.78037329
13575	15095570.78037329
14708	15095570.78037329
15843	15095570.78037329
16980	13443166.22748658
18120	12434525.575729942
19250	11737964.374539105
20383	11737964.374539105
21515	11125504.907501405
22646	11125504.907501405
23777	11125504.907501405
24907	11125504.907501405
26038	9977496.345172584
27168	9977496.345172584
28298	9977496.345172584
29428	9977496.345172584
30559	9977496.345172584
31685	9977496.345172584
32813	9977496.345172584
33944	9977496.345172584
35072	9977496.345172584
36204	9977496.345172584
37335	8922615.712113354
38461	8922615.712113354
39587	8922615.712113354
40713	8922615.712113354
41845	8922615.712113354
42973	8922615.712113354
44102	8922615.712113354
45231	8922615.712113354
46359	8922615.712113354
262537	130938.61618471507
393763	76921.61749922004
394890	76921.61749922004
396020	76921.61749922004
397146	76921.61749922004
398274	76921.61749922004
399405	76921.61749922004
400531	76921.61749922004
401659	76921.61749922004
402789	76921.61749922004
403916	76921.61749922004
405042	76921.61749922004
406173	76921.61749922004
407303	76921.61749922004
408435	76921.61749922004
409567	76921.61749922004
410701	76921.61749922004
411826	76921.61749922004
412955	76921.61749922004
414083	76921.61749922004
530259	76921.61749922004
531390	76921.61749922004
532519	76921.61749922004
533650	76921.61749922004
534784	76921.61749922004
535919	76921.61749922004
537056	76921.61749922004
538192	76921.61749922004
539325	76921.61749922004
540458	76921.61749922004
541591	76921.61749922004
542724	76921.61749922004
543855	76921.61749922004
544988	76921.61749922004
546120	76921.61749922004
547251	76921.61749922004
548383	76921.61749922004
549516	76921.61749922004
550645	76921.61749922004
551772	76921.61749922004
667954	76921.61749922004
669087	76921.61749922004
670218	76921.61749922004
671348	76921.61749922004
672476	76921.61749922004
673605	76921.61749922004
674735	76921.61749922004
675865	76921.61749922004
676995	76921.61749922004
678125	76921.61749922004
679254	76921.61749922004
680384	76921.61749922004
681514	76921.61749922004
682646	76921.61749922004
683775	76921.61749922004
684903	76921.61749922004
686034	76921.61749922004
687166	76921.61749922004
688297	76921.61749922004
689431	76921.61749922004
805606	76921.61749922004
806738	76921.61749922004
807865	76921.61749922004
808997	76921.61749922004
810126	76921.61749922004
811255	76921.61749922004
812383	76921.61749922004
813516	76921.61749922004
814647	76921.61749922004
815780	76921.61749922004
816910	76921.61749922004
818038	76921.61749922004
819166	76921.61749922004
820296	76921.61749922004
821424	76921.61749922004
822553	76921.61749922004
823685	76921.61749922004
824818	76921.61749922004
825951	76921.61749922004
827083	76921.61749922004
943267	76921.61749922004
944400	76921.61749922004
945532	76921.61749922004
946665	76921.61749922004
947800	76921.61749922004
948934	76921.61749922004
950070	76921.61749922004
951205	76921.61749922004
952338	76921.61749922004
953479	76921.61749922004
954617	76921.61749922004
955748	76921.61749922004
956882	76921.61749922004
958016	76921.61749922004
959145	76921.61749922004
960275	76921.61749922004
961406	76921.61749922004
962538	76921.61749922004
963670	76921.61749922004
964798	76921.61749922004
1080978	76921.61749922004
