1000	770397579.0393974
2160	316011302.6755889
3306	316011302.6755889
4442	154215575.20755613
5577	154215575.20755613
6707	154215575.20755613
7836	154215575.20755613
8965	154215575.20755613
10097	154215575.20755613
11222	154215575.20755613
12350	154215575.20755613
13475	154215575.20755613
14597	154215575.20755613
15719	154215575.20755613
16849	154215575.20755613
17975	154215575.20755613
19100	154215575.20755613
20225	154215575.20755613
21350	154215575.20755613
22476	154215575.20755613
23600	154215575.20755613
24723	154215575.20755613
25846	154215575.20755613
26971	154215575.20755613
228097	1739441.009203848
444271	432638.69016498595
575594	190249.1959911047
576720	190249.1959911047
577845	190249.1959911047
578973	190249.1959911047
580100	190249.1959911047
581228	190249.1959911047
582354	190249.1959911047
583483	190249.1959911047
584609	190249.1959911047
585737	190249.1959911047
586866	190249.1959911047
587995	190249.1959911047
589123	190249.1959911047
590254	190249.1959911047
591381	190249.1959911047
592513	190249.1959911047
593639	190249.1959911047
594766	190249.1959911047
595893	190249.1959911047
597021	190249.1959911047
598151	190249.1959911047
599281	190249.1959911047
600411	190249.1959911047
601540	190249.1959911047
602665	190249.1959911047
718837	190249.1959911047
719961	190249.1959911047
721090	190249.1959911047
722217	190249.1959911047
723344	190249.1959911047
724473	190249.1959911047
725601	190249.1959911047
726729	190249.1959911047
727858	190249.1959911047
728986	190249.1959911047
730114	190249.1959911047
731242	190249.1959911047
732372	190249.1959911047
733505	190249.1959911047
734635	190249.1959911047
735767	190249.1959911047
736894	190249.1959911047
738019	190249.1959911047
739145	190249.1959911047
740277	190249.1959911047
856457	190249.1959911047
857581	190249.1959911047
858707	190249.1959911047
859833	190249.1959911047
860959	190249.1959911047
862087	190249.1959911047
863212	190249.1959911047
864339	190249.1959911047
865464	190249.1959911047
866594	190249.1959911047
982775	190249.1959911047
983903	190249.1959911047
985032	190249.1959911047
986157	190249.1959911047
987285	190249.1959911047
988413	190249.1959911047
989541	190249.1959911047
990670	190249.1959911047
991795	190249.1959911047
992918	190249.1959911047
994045	190249.1959911047
995172	190249.1959911047
996300	190249.1959911047
997428	190249.1959911047
998556	190249.1959911047
999682	190249.1959911047
1000811	190249.1959911047
