1000	803381828.7994081
2175	414386930.69533056
3335	156848706.0943461
4489	118026123.04527742
5637	76233133.25662108
6783	76233133.25662108
7926	68970476.92387277
9067	59877920.33518684
10206	42926801.29074733
11340	40231833.43532412
12479	40231833.43532412
13617	33461408.582387824
14750	21628561.26198291
15879	21628561.26198291
17011	21628561.26198291
18146	21176978.206283648
19284	17567466.106811676
20421	12101105.246857326
21554	12101105.246857326
22683	12101105.246857326
23815	12101105.246857326
24949	11347418.887022298
26079	11347418.887022298
27211	10828688.517375723
28337	10828688.517375723
29464	10828688.517375723
30592	9599766.265595675
31720	9599766.265595675
32850	9599766.265595675
33984	9599766.265595675
35114	9599766.265595675
36241	9599766.265595675
37376	8195368.817324671
38505	8195368.817324671
39637	8195368.817324671
40774	5294156.909454902
41904	5294156.909454902
43032	5294156.909454902
44168	5294156.909454902
45302	5294156.909454902
46429	5294156.909454902
47558	5294156.909454902
248687	342956.94495180476
464866	155838.01209998736
596096	77696.59356277846
597222	77696.59356277846
598353	77696.59356277846
599480	77696.59356277846
600608	77696.59356277846
601732	77696.59356277846
602857	77696.59356277846
603989	77696.59356277846
605113	77696.59356277846
606240	77696.59356277846
607367	77696.59356277846
608495	77696.59356277846
609624	77696.59356277846
610753	77696.59356277846
611883	77696.59356277846
613010	77696.59356277846
614139	77696.59356277846
615264	77696.59356277846
616394	77696.59356277846
617526	77696.59356277846
618660	77696.59356277846
619793	77696.59356277846
620928	77696.59356277846
622060	77696.59356277846
623193	77696.59356277846
624326	77696.59356277846
625461	77696.59356277846
741641	77696.59356277846
742772	77696.59356277846
743901	77696.59356277846
745034	77696.59356277846
746166	77696.59356277846
747297	77696.59356277846
748426	77696.59356277846
749556	77696.59356277846
750689	77696.59356277846
751819	77696.59356277846
867999	77696.59356277846
869133	77696.59356277846
870266	77696.59356277846
871401	77696.59356277846
872531	77696.59356277846
873660	77696.59356277846
874794	77696.59356277846
875920	77696.59356277846
877050	77696.59356277846
878178	77696.59356277846
879306	77696.59356277846
880434	77696.59356277846
881566	77696.59356277846
882699	77696.59356277846
883833	77696.59356277846
884966	77696.59356277846
886099	77696.59356277846
887231	77696.59356277846
888363	77696.59356277846
889495	77696.59356277846
1005780	77696.59356277846
