1000	776842640.720248
2177	406593197.1732879
3337	189904717.1414683
4494	119207219.39212689
5645	119207219.39212689
6791	69748641.79652303
7934	65079860.33610423
9078	62897753.35815348
10221	50639440.16498459
11356	43640064.687263645
12490	17190445.4851783
13623	17190445.4851783
14756	17190445.4851783
15890	17190445.4851783
17023	17190445.4851783
18157	17190445.4851783
19291	17190445.4851783
20419	17190445.4851783
21550	17190445.4851783
22680	17190445.4851783
23805	17190445.4851783
24933	17190445.4851783
26065	17190445.4851783
27195	17190445.4851783
28324	17190445.4851783
29452	17190445.4851783
30583	17038576.200051475
31710	15929547.38118146
32837	15929547.38118146
33966	14379208.659595026
35093	14379208.659595026
36222	14379208.659595026
37351	14379208.659595026
38478	14379208.659595026
39607	13679424.734054659
40739	12385822.70235151
41865	11163221.705285136
42992	9128735.389324108
44118	9128735.389324108
45246	9128735.389324108
46372	9128735.389324108
47497	9128735.389324108
48624	9128735.389324108
49750	9128735.389324108
50879	9128735.389324108
52011	9128735.389324108
53138	9128735.389324108
54274	9128735.389324108
55409	9128735.389324108
56543	9128735.389324108
272724	198653.3557054067
403952	95951.56322003555
405079	95951.56322003555
406204	95951.56322003555
407328	95951.56322003555
408460	95951.56322003555
409587	95951.56322003555
410715	95951.56322003555
411845	95951.56322003555
412972	95951.56322003555
414099	95951.56322003555
415226	95951.56322003555
416358	95951.56322003555
417486	95951.56322003555
418615	95951.56322003555
419741	95951.56322003555
420866	95951.56322003555
421991	95951.56322003555
423120	95951.56322003555
424253	95951.56322003555
425386	95951.56322003555
541566	95951.56322003555
542699	95951.56322003555
543832	95951.56322003555
544967	95951.56322003555
546105	95951.56322003555
547243	95951.56322003555
548378	95951.56322003555
549513	95951.56322003555
550647	95951.56322003555
551781	95951.56322003555
552914	95951.56322003555
554050	95951.56322003555
555183	95951.56322003555
556323	95951.56322003555
557460	95951.56322003555
558594	95951.56322003555
559725	95951.56322003555
560858	95951.56322003555
561991	95951.56322003555
563121	95951.56322003555
679299	95951.56322003555
680430	95951.56322003555
681559	95951.56322003555
682689	95951.56322003555
683822	95951.56322003555
684954	95951.56322003555
686084	95951.56322003555
687216	95951.56322003555
688346	95951.56322003555
689477	95951.56322003555
690612	95951.56322003555
691741	95951.56322003555
692873	95951.56322003555
694000	95951.56322003555
695126	95951.56322003555
696254	95951.56322003555
697382	95951.56322003555
698509	95951.56322003555
699638	95951.56322003555
700767	95951.56322003555
816946	95951.56322003555
818077	95951.56322003555
819211	95951.56322003555
820340	95951.56322003555
821472	95951.56322003555
822604	95951.56322003555
823733	95951.56322003555
824860	95951.56322003555
825990	95951.56322003555
827115	95951.56322003555
828246	95951.56322003555
829379	95951.56322003555
830508	95951.56322003555
831640	95951.56322003555
832773	95951.56322003555
833904	95951.56322003555
835038	95951.56322003555
836169	95951.56322003555
837300	95951.56322003555
838438	95951.56322003555
954619	95951.56322003555
955749	95951.56322003555
956875	95951.56322003555
958007	95951.56322003555
959135	95951.56322003555
960265	95951.56322003555
961393	95951.56322003555
962522	95951.56322003555
963653	95951.56322003555
964785	95951.56322003555
965912	95951.56322003555
967043	95951.56322003555
968173	95951.56322003555
969301	95951.56322003555
970427	95951.56322003555
971557	95951.56322003555
972687	95951.56322003555
973818	95951.56322003555
974951	95951.56322003555
976081	95951.56322003555
1092259	95951.56322003555
