1000	355842.598344571
84850	59880.36022875946
143597	27872.790237528392
156525	16077.881036088862
162873	15068.058486282096
264006	3016.484753097813
327643	1801.2476033900298
350700	1725.6317368038438
369666	1702.946174338167
383815	1686.8855251372067
386145	1686.78950084892
388477	1686.731663310197
390807	1686.693135675489
393140	1686.664517763286
395478	1686.641427146721
397811	1686.6217112308723
400145	1686.604233587447
402484	1686.5883555393657
404816	1686.573683403477
407152	1686.5599690896565
409487	1686.5470450048158
411823	1686.5347876161804
414157	1686.523124262931
416493	1686.511987035786
418833	1686.5013091571122
421175	1686.491065053654
423515	1686.4812228359306
425853	1686.4717563001595
428189	1686.4626414881373
430529	1686.4538602975995
432868	1686.445394214747
435207	1686.4372281154965
437544	1686.4293475195987
439883	1686.4217391024802
442222	1686.4143904081839
444561	1686.407289684451
446903	1686.4004257714328
449247	1686.393788022152
451587	1686.3873663558916
453939	1686.381150772012
456281	1686.3751319817914
458627	1686.3693009469966
460971	1686.3636489692994
463314	1686.3581676779952
465662	1686.3528493780386
468009	1686.3476876240165
470348	1686.3426746482523
472697	1686.3377964619601
475046	1686.3330535048767
477391	1686.328438840468
479736	1686.3239458555943
482082	1686.3195626712463
484431	1686.3152897683447
486788	1686.3111239769958
489138	1686.3070551535225
491485	1686.3030780072788
493840	1686.2991891359748
496186	1686.2953841134868
498533	1686.291658665333
500883	1686.2880086968632
503232	1686.2844303047546
505576	1686.2809197502818
507920	1686.277473495549
510267	1686.274089049704
512614	1686.2707621318286
514962	1686.2674651228622
517310	1686.2642199726247
519662	1686.261024236515
522013	1686.2578753570237
524361	1686.2547941066787
526704	1686.2517549134125
529048	1686.2487553687633
531395	1686.2457934341523
533741	1686.2428671964533
536089	1686.2399748572552
538439	1686.2371155517126
540788	1686.234286091796
543144	1686.2314857579386
545496	1686.2287131497005
547856	1686.2259668309891
550211	1686.223245740956
552559	1686.2205487060505
554914	1686.2178746304382
557269	1686.2152224898664
559619	1686.2125913262448
561971	1686.2099802434495
564324	1686.207388403162
566679	1686.204815021244
569033	1686.2022593642666
571391	1686.1997207463733
573749	1686.1971985264672
576107	1686.1946849230076
578460	1686.1921877666741
580820	1686.1897063222452
583186	1686.1872399377608
585545	1686.184786733637
587903	1686.1823476197019
590258	1686.1799221046358
592619	1686.1775097153843
594972	1686.1751100117292
597330	1686.1727225872507
599684	1686.1703475061497
602048	1686.1679838030523
604406	1686.1656313001954
606758	1686.1632897202637
609112	1686.1609587508606
611473	1686.1586371804
613839	1686.1563261257916
616199	1686.154025283481
618554	1686.1517343729597
620917	1686.1494529377978
623275	1686.1471812224854
625633	1686.1449194332886
627989	1686.142666715812
630350	1686.1404228988624
632705	1686.138187845386
635061	1686.1359614372318
637420	1686.1337435702567
639791	1686.1315341515578
642144	1686.1293330973735
644505	1686.1271403315159
646869	1686.1249560365357
649243	1686.1227795549908
651602	1686.1206109920363
653964	1686.1184505178962
656320	1686.1163008817675
658678	1686.1141588816286
661038	1686.112024414137
663397	1686.1098974727888
665747	1686.107778131122
668111	1686.1056665696892
670456	1686.103562274322
672816	1686.1014650896682
675167	1686.0993754371411
677527	1686.0972932516438
679880	1686.095218522747
682229	1686.093151233982
684587	1686.0910913717892
686947	1686.0890407147313
689297	1686.0869957117784
691647	1686.0849580772488
693998	1686.082927857321
696352	1686.0809050701255
698697	1686.0788897410926
701051	1686.0768819050006
703399	1686.074881607858
705751	1686.072888858309
708104	1686.0709038740283
710453	1686.0689266219379
712800	1686.066957116543
715152	1686.064995743075
717496	1686.0630425310883
719841	1686.061097639575
722194	1686.0591606049318
724546	1686.0572300515223
726893	1686.0553070070955
729243	1686.0533920030032
731595	1686.0514849279655
733946	1686.0495857250621
736296	1686.0476717177185
738649	1686.0457655268615
740996	1686.0438671844436
743348	1686.0419767257254
745696	1686.0400941835524
748040	1686.0382195691893
750391	1686.0363529341557
752752	1686.0344931001935
755101	1686.032641627598
757455	1686.0307986017992
759811	1686.0289639753282
762153	1686.0271377784056
764498	1686.025320060377
766844	1686.0235097878826
769191	1686.0217077619684
771546	1686.0199139627266
773895	1686.0181284143582
776240	1686.0163511468268
778586	1686.0145821953843
780934	1686.012821310137
783281	1686.0110699703698
785630	1686.009326572776
787979	1686.0075911865788
790327	1686.0058638504547
792679	1686.0041446020512
795024	1686.0024334772468
797377	1686.0007305566673
799730	1685.9990358825644
802081	1685.9973494828207
804435	1685.9956713856805
806784	1685.9940016225792
809138	1685.9923396261797
811487	1685.990686061772
813843	1685.9890410600292
816195	1685.987404663873
818544	1685.9857733806255
820890	1685.9841506206544
823238	1685.9825364118083
825578	1685.9809307979203
827925	1685.9793338267946
830272	1685.9777455514031
832620	1685.97616602846
834965	1685.9745946536416
837310	1685.9730321653424
839653	1685.9714787282674
841999	1685.969934405303
844342	1685.9684031596776
846686	1685.9668806969953
849029	1685.9653669603142
851372	1685.9638615898207
853718	1685.9623618474966
856061	1685.9608688768426
858404	1685.9593834283546
860744	1685.9579060019669
863081	1685.9564369309319
865420	1685.9549764390608
867764	1685.953529821658
870113	1685.9520920180767
872464	1685.9506628571235
874809	1685.9492422381672
877148	1685.9478301011573
879491	1685.9464264100454
881831	1685.9450313579932
884173	1685.9436453624498
886518	1685.942268431018
888858	1685.9409005722214
891201	1685.9395417959447
893543	1685.9381922813036
895890	1685.9368518535834
898235	1685.9355192445653
900574	1685.9341947745556
902914	1685.9328842692191
905256	1685.9315802026322
907595	1685.930285209086
909933	1685.928999300763
912274	1685.9277224803436
914616	1685.926454747469
916953	1685.925196100584
919294	1685.9239465373612
921632	1685.9227060547855
923971	1685.9214746491734
926310	1685.9202523161678
928650	1685.9190390507288
930985	1685.9178348471364
933324	1685.9166396989838
935666	1685.915453599176
938003	1685.9142765399265
940341	1685.9131085129059
942678	1685.9119495089217
945016	1685.910799518067
947348	1685.9096585297325
949681	1685.9085265326112
952016	1685.9074035146891
954352	1685.9062894632425
956687	1685.9051843648363
959026	1685.9040882053155
961361	1685.9030009698065
963697	1685.9019226427104
966031	1685.9008532077028
968372	1685.8997926477305
970711	1685.8987409450058
973048	1685.897698081012
975378	1685.896664036493
977712	1685.8956387914586
980048	1685.8946223251805
982384	1685.8936142895764
984722	1685.8926153157277
987059	1685.891625054674
989402	1685.8906429909646
991735	1685.8896700829464
994074	1685.8887058504586
996416	1685.8877503006743
998753	1685.8868034326115
1001095	1685.8858652397494
