1000	356268.86388223566
2159	356268.86388223566
3303	241339.87631209003
4441	241339.87631209003
5577	241339.87631209003
6710	241339.87631209003
7844	241339.87631209003
8979	241339.87631209003
10114	241339.87631209003
11249	241339.87631209003
12382	230337.68387993658
13513	230337.68387993658
14653	205808.24820062297
15789	183798.30668245608
16921	183798.30668245608
18054	178638.1622389163
19190	155036.51670031768
20316	155036.51670031768
21453	151193.1751737048
22583	148555.6770330972
23715	148555.6770330972
24848	136587.9662602956
25979	116145.63448530294
27115	116145.63448530294
28248	116145.63448530294
29386	116145.63448530294
30517	116145.63448530294
31649	116145.63448530294
32784	105589.06132120902
33917	105589.06132120902
35050	105589.06132120902
36184	105589.06132120902
37319	103231.60186967929
38450	103231.60186967929
39582	95062.5399657193
40719	92161.78475165744
41855	90309.43748602852
42991	90309.43748602852
44123	87366.66661851075
45256	87366.66661851075
46391	85333.39768847098
95857	22115.876337742222
176292	2092.867372240432
223593	2013.6647707533375
224737	2013.6647707533375
225876	2013.6647707533375
227014	2013.6647707533375
228153	2013.6647707533375
229289	2013.6647707533375
230430	2013.6647707533375
231563	2013.6647707533375
232700	2013.6647707533375
233831	2013.6647707533375
234966	2013.6647707533375
236101	2013.6647707533375
237236	2013.6647707533375
238371	2013.6647707533375
239503	2013.6647707533375
240643	2013.6647707533375
241781	2013.6647707533375
242917	2013.6647707533375
244052	2013.6647707533375
245187	2013.6647707533375
246321	2013.6647707533375
247460	2013.6647707533375
248598	2013.6647707533375
249735	2013.6647707533375
250873	2013.6647707533375
252013	2013.6647707533375
253152	2013.6647707533375
254289	2013.6647707533375
270476	1707.0313956435023
401709	1701.7151542826973
402847	1701.7151542826973
403988	1701.7151542826973
405129	1701.7151542826973
406266	1701.7151542826973
407405	1701.7151542826973
408548	1701.7151542826973
409690	1701.7151542826973
410830	1701.7151542826973
411968	1701.7151542826973
413106	1701.7151542826973
414248	1701.7151542826973
415389	1701.7151542826973
416528	1701.7151542826973
417671	1701.7151542826973
418816	1701.7151542826973
419959	1701.7151542826973
421099	1701.7151542826973
422242	1701.7151542826973
441306	1701.7151542826973
442448	1701.7151542826973
443589	1701.7151542826973
444736	1701.7151542826973
445881	1701.7151542826973
447023	1701.7151542826973
448167	1701.7151542826973
449312	1701.7151542826973
450457	1701.7151542826973
451595	1701.7151542826973
452730	1701.7151542826973
453874	1701.7151542826973
455015	1701.7151542826973
456158	1701.7151542826973
457295	1701.7151542826973
458429	1701.7151542826973
459568	1701.7151542826973
460708	1701.7151542826973
461849	1701.7151542826973
462987	1701.7151542826973
477556	1667.6069141214925
511452	1666.9667846460907
512590	1666.9667846460907
513733	1666.9667846460907
514871	1666.9667846460907
516014	1666.9667846460907
517158	1666.9667846460907
518302	1666.9667846460907
519443	1666.9667846460907
520586	1666.9667846460907
521732	1666.9667846460907
522874	1666.9667846460907
524015	1666.9667846460907
525159	1666.9667846460907
526301	1666.9667846460907
527445	1666.9667846460907
528586	1666.9667846460907
529731	1666.9667846460907
530872	1666.9667846460907
532017	1666.9667846460907
549574	1666.9667846460907
550714	1666.9667846460907
551856	1666.9667846460907
553002	1666.9667846460907
554141	1666.9667846460907
555286	1666.9667846460907
556428	1666.9667846460907
557574	1666.9667846460907
558721	1666.9667846460907
559863	1666.9667846460907
561007	1666.9667846460907
562149	1666.9667846460907
563294	1666.9667846460907
564440	1666.9667846460907
565588	1666.9667846460907
566728	1666.9667846460907
567871	1666.9667846460907
569018	1666.9667846460907
570162	1666.9667846460907
571306	1666.9667846460907
588730	1666.9667846460907
589875	1666.9667846460907
591021	1666.9667846460907
592170	1666.9667846460907
593319	1666.9667846460907
594460	1666.9667846460907
595604	1666.9667846460907
596752	1666.9667846460907
597902	1666.9667846460907
599047	1666.9667846460907
600196	1666.9667846460907
601344	1666.9667846460907
602485	1666.9667846460907
603630	1666.9667846460907
604777	1666.9667846460907
605926	1666.9667846460907
607077	1666.9667846460907
608225	1666.9667846460907
609373	1666.9667846460907
610519	1666.9667846460907
626718	1641.5448989445204
659208	1641.1373934056794
660352	1641.1373934056794
661494	1641.1373934056794
662640	1641.1373934056794
663788	1641.1373934056794
664935	1641.1373934056794
666082	1641.1373934056794
667226	1641.1373934056794
668374	1641.1373934056794
669518	1641.1373934056794
670663	1641.1373934056794
671808	1641.1373934056794
672951	1641.1373934056794
674100	1641.1373934056794
675249	1641.1373934056794
676394	1641.1373934056794
677540	1641.1373934056794
678687	1641.1373934056794
679834	1641.1373934056794
697269	1641.1373934056794
698416	1641.1373934056794
699565	1641.1373934056794
700710	1641.1373934056794
701851	1641.1373934056794
703000	1641.1373934056794
704148	1641.1373934056794
705296	1641.1373934056794
706442	1641.1373934056794
707591	1641.1373934056794
708741	1641.1373934056794
709895	1641.1373934056794
711045	1641.1373934056794
712190	1641.1373934056794
713337	1641.1373934056794
714487	1641.1373934056794
715632	1641.1373934056794
716782	1641.1373934056794
717929	1641.1373934056794
719074	1641.1373934056794
736506	1641.1373934056794
737657	1641.1373934056794
738811	1641.1373934056794
739960	1641.1373934056794
741112	1641.1373934056794
742264	1641.1373934056794
743414	1641.1373934056794
744562	1641.1373934056794
745711	1641.1373934056794
746861	1641.1373934056794
748009	1641.1373934056794
749163	1641.1373934056794
750317	1641.1373934056794
751464	1641.1373934056794
752610	1641.1373934056794
753755	1641.1373934056794
754907	1641.1373934056794
756056	1641.1373934056794
757206	1641.1373934056794
758357	1641.1373934056794
775800	1641.1373934056794
776948	1641.1373934056794
778102	1641.1373934056794
779251	1641.1373934056794
780399	1641.1373934056794
781552	1641.1373934056794
782702	1641.1373934056794
783853	1641.1373934056794
785005	1641.1373934056794
786161	1641.1373934056794
787322	1641.1373934056794
788470	1641.1373934056794
789629	1641.1373934056794
790782	1641.1373934056794
791933	1641.1373934056794
793084	1641.1373934056794
794238	1641.1373934056794
795388	1641.1373934056794
796541	1641.1373934056794
797688	1641.1373934056794
815221	1641.1373934056794
816372	1641.1373934056794
817523	1641.1373934056794
818673	1641.1373934056794
819827	1641.1373934056794
820982	1641.1373934056794
822133	1641.1373934056794
823289	1641.1373934056794
824443	1641.1373934056794
825593	1641.1373934056794
826742	1641.1373934056794
827895	1641.1373934056794
829044	1641.1373934056794
830195	1641.1373934056794
831347	1641.1373934056794
832495	1641.1373934056794
833647	1641.1373934056794
834802	1641.1373934056794
835952	1641.1373934056794
837102	1641.1373934056794
861883	1611.5815227215032
882972	1567.5736426307508
908996	1567.3937950403852
910146	1567.3937950403852
911289	1567.3937950403852
912432	1567.3937950403852
913577	1567.3937950403852
914723	1567.3937950403852
915869	1567.3937950403852
917013	1567.3937950403852
918161	1567.3937950403852
919302	1567.3937950403852
920449	1567.3937950403852
921597	1567.3937950403852
922738	1567.3937950403852
923885	1567.3937950403852
925038	1567.3937950403852
926182	1567.3937950403852
927326	1567.3937950403852
928472	1567.3937950403852
929617	1567.3937950403852
930761	1567.3937950403852
931915	1567.3937950403852
933066	1567.3937950403852
934210	1567.3937950403852
935359	1567.3937950403852
936512	1567.3937950403852
937659	1567.3937950403852
938804	1567.3937950403852
939949	1567.3937950403852
957394	1567.3937950403852
958543	1567.3937950403852
959688	1567.3937950403852
960834	1567.3937950403852
961986	1567.3937950403852
963133	1567.3937950403852
964283	1567.3937950403852
965429	1567.3937950403852
966580	1567.3937950403852
967725	1567.3937950403852
992315	1567.3937950403852
993465	1567.3937950403852
994617	1567.3937950403852
995763	1567.3937950403852
996909	1567.3937950403852
998060	1567.3937950403852
999204	1567.3937950403852
1000354	1567.3937950403852
