1000	760751.5861816796
2164	301869.1287761783
3309	258585.90980723835
4452	214476.56327367038
5594	214476.56327367038
6730	214476.56327367038
7868	214476.56327367038
9000	211463.2307900359
10134	172277.764803412
11265	172277.764803412
12395	172277.764803412
13526	172277.764803412
14654	172277.764803412
15788	161071.2741861636
16919	161071.2741861636
18046	161071.2741861636
19177	150196.38047888325
20305	150196.38047888325
21435	150196.38047888325
22565	132552.1326139392
23698	132552.1326139392
24830	132552.1326139392
25960	132552.1326139392
27092	122332.86478294269
28221	122332.86478294269
29350	122332.86478294269
30486	118202.15569761056
31620	118202.15569761056
32751	95143.59417209245
33884	95143.59417209245
35020	95143.59417209245
36149	95143.59417209245
37286	95143.59417209245
38415	81097.37443165002
39549	81097.37443165002
40684	81097.37443165002
41820	81097.37443165002
42951	81097.37443165002
44087	81097.37443165002
45227	80098.07715195492
46364	78905.52967414468
196169	1895.2890531764497
367708	1517.2236126293037
368841	1517.2236126293037
369979	1517.2236126293037
371117	1517.2236126293037
372257	1517.2236126293037
373392	1517.2236126293037
374525	1517.2236126293037
375662	1517.2236126293037
376797	1517.2236126293037
377930	1517.2236126293037
379064	1517.2236126293037
380199	1517.2236126293037
381333	1517.2236126293037
382466	1517.2236126293037
383601	1517.2236126293037
384738	1517.2236126293037
385873	1517.2236126293037
387008	1517.2236126293037
388143	1517.2236126293037
423234	1517.2236126293037
424366	1517.2236126293037
425508	1517.2236126293037
426648	1517.2236126293037
427788	1517.2236126293037
428925	1517.2236126293037
430059	1517.2236126293037
431198	1517.2236126293037
432332	1517.2236126293037
433472	1517.2236126293037
434606	1517.2236126293037
435742	1517.2236126293037
436879	1517.2236126293037
438018	1517.2236126293037
439155	1517.2236126293037
440296	1517.2236126293037
441431	1517.2236126293037
442574	1517.2236126293037
443714	1517.2236126293037
444851	1517.2236126293037
472288	1517.2236126293037
473424	1517.2236126293037
474562	1517.2236126293037
475703	1517.2236126293037
476843	1517.2236126293037
477982	1517.2236126293037
479124	1517.2236126293037
480265	1517.2236126293037
481407	1517.2236126293037
482553	1517.2236126293037
483694	1517.2236126293037
484834	1517.2236126293037
485980	1517.2236126293037
487125	1517.2236126293037
488274	1517.2236126293037
489414	1517.2236126293037
490558	1517.2236126293037
491704	1517.2236126293037
492849	1517.2236126293037
493995	1517.2236126293037
587178	1517.2236126293037
588322	1517.2236126293037
589468	1517.2236126293037
590615	1517.2236126293037
591758	1517.2236126293037
592904	1517.2236126293037
594049	1517.2236126293037
595198	1517.2236126293037
596347	1517.2236126293037
597495	1517.2236126293037
598642	1517.2236126293037
599787	1517.2236126293037
600940	1517.2236126293037
602091	1517.2236126293037
603241	1517.2236126293037
604389	1517.2236126293037
605538	1517.2236126293037
606685	1517.2236126293037
607833	1517.2236126293037
608979	1517.2236126293037
672734	1517.2236126293037
673880	1517.2236126293037
675028	1517.2236126293037
676173	1517.2236126293037
677320	1517.2236126293037
678464	1517.2236126293037
679609	1517.2236126293037
680757	1517.2236126293037
681908	1517.2236126293037
683059	1517.2236126293037
684210	1517.2236126293037
685360	1517.2236126293037
686506	1517.2236126293037
687655	1517.2236126293037
688810	1517.2236126293037
689962	1517.2236126293037
691108	1517.2236126293037
692257	1517.2236126293037
693409	1517.2236126293037
694559	1517.2236126293037
760499	1517.2236126293037
761654	1517.2236126293037
762807	1517.2236126293037
763960	1517.2236126293037
765111	1517.2236126293037
766255	1517.2236126293037
767412	1517.2236126293037
768562	1517.2236126293037
769714	1517.2236126293037
770865	1517.2236126293037
840913	1517.2236126293037
842063	1517.2236126293037
843218	1517.2236126293037
844368	1517.2236126293037
845519	1517.2236126293037
846672	1517.2236126293037
847824	1517.2236126293037
848976	1517.2236126293037
850132	1517.2236126293037
851279	1517.2236126293037
852434	1517.2236126293037
853586	1517.2236126293037
854743	1517.2236126293037
855891	1517.2236126293037
857044	1517.2236126293037
858197	1517.2236126293037
859351	1517.2236126293037
860511	1517.2236126293037
861669	1517.2236126293037
862826	1517.2236126293037
928012	1517.2236126293037
929167	1517.2236126293037
930325	1517.2236126293037
931480	1517.2236126293037
932635	1517.2236126293037
933791	1517.2236126293037
934947	1517.2236126293037
936104	1517.2236126293037
937268	1517.2236126293037
938426	1517.2236126293037
939585	1517.2236126293037
940738	1517.2236126293037
941897	1517.2236126293037
943061	1517.2236126293037
944218	1517.2236126293037
945373	1517.2236126293037
946527	1517.2236126293037
947684	1517.2236126293037
948838	1517.2236126293037
949992	1517.2236126293037
1004461	1517.2236126293037
