1000	488041.31655187416
2166	295184.3028255745
3310	295184.3028255745
4448	266121.74440491205
5585	266121.74440491205
6722	239891.7214589082
7853	223030.92078268857
8988	194464.47423111537
10122	192543.25666027245
11253	192543.25666027245
12393	166978.1143251699
13527	141544.95400214035
14663	140718.41395777185
15800	140718.41395777185
16932	128134.59657542007
18071	128134.59657542007
19205	118920.9076969245
20341	104791.38598403767
21473	103952.52303030263
22607	94153.59261932623
23740	94153.59261932623
24875	94153.59261932623
26013	80327.39932976806
27148	80327.39932976806
28284	80327.39932976806
29421	80327.39932976806
30552	80327.39932976806
31690	76175.42668584474
32828	76175.42668584474
33969	68818.46661142197
35103	68818.46661142197
36244	68818.46661142197
37384	64793.55037834771
38522	62540.76808044884
39664	62540.76808044884
40798	62540.76808044884
41941	58483.141162506436
43073	58483.141162506436
44211	58483.141162506436
45356	56251.0057132688
46497	54937.52917310033
47636	54937.52917310033
111086	2242.6144890708156
242325	2132.8925886167867
243464	2132.8925886167867
244604	2132.8925886167867
245748	2132.8925886167867
246886	2132.8925886167867
248029	2132.8925886167867
249175	2132.8925886167867
250317	2132.8925886167867
251454	2132.8925886167867
252591	2132.8925886167867
253735	2132.8925886167867
254867	2132.8925886167867
256003	2132.8925886167867
257141	2132.8925886167867
258276	2132.8925886167867
259415	2132.8925886167867
260553	2132.8925886167867
261696	2132.8925886167867
262839	2132.8925886167867
263975	2132.8925886167867
265118	2132.8925886167867
266265	2132.8925886167867
267403	2132.8925886167867
268543	2132.8925886167867
269681	2132.8925886167867
270822	2132.8925886167867
271963	2132.8925886167867
273106	2132.8925886167867
289401	1976.4299052016497
385264	1972.7680836922646
386408	1972.7680836922646
387548	1972.7680836922646
388689	1972.7680836922646
389831	1972.7680836922646
390970	1972.7680836922646
392116	1972.7680836922646
393260	1972.7680836922646
394407	1972.7680836922646
395551	1972.7680836922646
396696	1972.7680836922646
397840	1972.7680836922646
398980	1972.7680836922646
400125	1972.7680836922646
401267	1972.7680836922646
402413	1972.7680836922646
403556	1972.7680836922646
404701	1972.7680836922646
405843	1972.7680836922646
410913	1938.5192759614774
474673	1690.4340291455567
475815	1690.4340291455567
476954	1690.4340291455567
478093	1690.4340291455567
479238	1690.4340291455567
480383	1690.4340291455567
481519	1690.4340291455567
482657	1690.4340291455567
483794	1690.4340291455567
484931	1690.4340291455567
486066	1690.4340291455567
487204	1690.4340291455567
488339	1690.4340291455567
489473	1690.4340291455567
490606	1690.4340291455567
491739	1690.4340291455567
492874	1690.4340291455567
494008	1690.4340291455567
495134	1690.4340291455567
515229	1643.9574272867026
546459	1621.0951852693402
582850	1619.9881107198971
583979	1619.9881107198971
585106	1619.9881107198971
586234	1619.9881107198971
587361	1619.9881107198971
588487	1619.9881107198971
589611	1619.9881107198971
590739	1619.9881107198971
591865	1619.9881107198971
592991	1619.9881107198971
594117	1619.9881107198971
595248	1619.9881107198971
596374	1619.9881107198971
597499	1619.9881107198971
598622	1619.9881107198971
599750	1619.9881107198971
600877	1619.9881107198971
602003	1619.9881107198971
603128	1619.9881107198971
604258	1619.9881107198971
605390	1619.9881107198971
606526	1619.9881107198971
607656	1619.9881107198971
608792	1619.9881107198971
609925	1619.9881107198971
611062	1619.9881107198971
612195	1619.9881107198971
613327	1619.9881107198971
657879	1619.9881107198971
659012	1619.9881107198971
660151	1619.9881107198971
661289	1619.9881107198971
662425	1619.9881107198971
663563	1619.9881107198971
664703	1619.9881107198971
665842	1619.9881107198971
666983	1619.9881107198971
668120	1619.9881107198971
684305	1584.0018312274487
721725	1582.62109979555
722861	1582.62109979555
723999	1582.62109979555
725133	1582.62109979555
726265	1582.62109979555
727399	1582.62109979555
728530	1582.62109979555
729671	1582.62109979555
730810	1582.62109979555
731945	1582.62109979555
733082	1582.62109979555
734218	1582.62109979555
735353	1582.62109979555
736488	1582.62109979555
737619	1582.62109979555
738753	1582.62109979555
739882	1582.62109979555
741016	1582.62109979555
742151	1582.62109979555
759635	1582.62109979555
760768	1582.62109979555
761899	1582.62109979555
763034	1582.62109979555
764166	1582.62109979555
765301	1582.62109979555
766435	1582.62109979555
767567	1582.62109979555
768702	1582.62109979555
769833	1582.62109979555
770969	1582.62109979555
772107	1582.62109979555
773246	1582.62109979555
774389	1582.62109979555
775521	1582.62109979555
776659	1582.62109979555
777796	1582.62109979555
778929	1582.62109979555
780070	1582.62109979555
781205	1582.62109979555
797394	1551.9654282518422
831231	1549.2930858981113
832372	1549.2930858981113
833512	1549.2930858981113
834647	1549.2930858981113
835787	1549.2930858981113
836925	1549.2930858981113
838070	1549.2930858981113
839209	1549.2930858981113
840348	1549.2930858981113
841487	1549.2930858981113
842623	1549.2930858981113
843758	1549.2930858981113
844897	1549.2930858981113
846034	1549.2930858981113
847168	1549.2930858981113
848307	1549.2930858981113
849448	1549.2930858981113
850586	1549.2930858981113
851726	1549.2930858981113
869204	1549.2930858981113
870343	1549.2930858981113
871484	1549.2930858981113
872631	1549.2930858981113
873776	1549.2930858981113
874915	1549.2930858981113
876059	1549.2930858981113
877203	1549.2930858981113
878352	1549.2930858981113
879494	1549.2930858981113
880635	1549.2930858981113
881778	1549.2930858981113
882924	1549.2930858981113
884068	1549.2930858981113
885213	1549.2930858981113
886353	1549.2930858981113
887498	1549.2930858981113
888642	1549.2930858981113
889794	1549.2930858981113
890940	1549.2930858981113
909680	1549.2930858981113
910825	1549.2930858981113
911975	1549.2930858981113
913124	1549.2930858981113
914274	1549.2930858981113
915424	1549.2930858981113
916572	1549.2930858981113
917722	1549.2930858981113
918875	1549.2930858981113
920027	1549.2930858981113
921174	1549.2930858981113
922325	1549.2930858981113
923473	1549.2930858981113
924628	1549.2930858981113
925781	1549.2930858981113
926935	1549.2930858981113
928082	1549.2930858981113
929242	1549.2930858981113
930400	1549.2930858981113
931563	1549.2930858981113
949034	1549.2930858981113
950192	1549.2930858981113
951349	1549.2930858981113
952511	1549.2930858981113
953668	1549.2930858981113
954826	1549.2930858981113
955984	1549.2930858981113
957139	1549.2930858981113
958290	1549.2930858981113
959453	1549.2930858981113
960611	1549.2930858981113
961762	1549.2930858981113
962919	1549.2930858981113
964075	1549.2930858981113
965234	1549.2930858981113
966389	1549.2930858981113
967553	1549.2930858981113
968711	1549.2930858981113
969877	1549.2930858981113
971042	1549.2930858981113
990969	1549.2930858981113
992137	1549.2930858981113
993308	1549.2930858981113
994471	1549.2930858981113
995633	1549.2930858981113
996805	1549.2930858981113
997974	1549.2930858981113
999147	1549.2930858981113
1000316	1549.2930858981113
