1000	529728.9828573116
2154	529728.9828573116
3297	367342.21662502666
4436	367342.21662502666
5565	367342.21662502666
6692	367342.21662502666
7819	367342.21662502666
8943	367342.21662502666
10073	367342.21662502666
11196	367342.21662502666
12323	346880.7372332328
13450	346880.7372332328
14576	346880.7372332328
15702	346880.7372332328
16827	346880.7372332328
17951	274037.4017354153
19077	274037.4017354153
20204	188117.83046243887
21331	188117.83046243887
22458	188117.83046243887
23583	188117.83046243887
24710	188117.83046243887
25835	188117.83046243887
26963	188117.83046243887
28092	188117.83046243887
29222	188117.83046243887
30346	188117.83046243887
31471	188117.83046243887
32596	188117.83046243887
33720	188117.83046243887
34844	188117.83046243887
35971	188117.83046243887
37098	188117.83046243887
38223	188117.83046243887
39349	188117.83046243887
40475	188117.83046243887
41600	188117.83046243887
42724	188117.83046243887
219435	3873.6670760873153
350659	3659.876785732402
351785	3659.876785732402
352909	3659.876785732402
354035	3659.876785732402
355160	3659.876785732402
356288	3659.876785732402
357416	3659.876785732402
358542	3659.876785732402
359674	3659.876785732402
360799	3659.876785732402
361923	3659.876785732402
363051	3659.876785732402
364179	3659.876785732402
365307	3659.876785732402
366432	3659.876785732402
367562	3659.876785732402
368689	3659.876785732402
369818	3659.876785732402
370944	3659.876785732402
372068	3659.876785732402
373196	3659.876785732402
374323	3659.876785732402
390499	3300.1890900928756
421720	3179.593588395338
552944	2946.3621344121384
554071	2946.3621344121384
555195	2946.3621344121384
556322	2946.3621344121384
557448	2946.3621344121384
558577	2946.3621344121384
559703	2946.3621344121384
560833	2946.3621344121384
561957	2946.3621344121384
563082	2946.3621344121384
564208	2946.3621344121384
565333	2946.3621344121384
566459	2946.3621344121384
567587	2946.3621344121384
568716	2946.3621344121384
569843	2946.3621344121384
570970	2946.3621344121384
572101	2946.3621344121384
573227	2946.3621344121384
574355	2946.3621344121384
575484	2946.3621344121384
576611	2946.3621344121384
577740	2946.3621344121384
578868	2946.3621344121384
579995	2946.3621344121384
581124	2946.3621344121384
582254	2946.3621344121384
583384	2946.3621344121384
699663	2946.3621344121384
700789	2946.3621344121384
701915	2946.3621344121384
703042	2946.3621344121384
704170	2946.3621344121384
705299	2946.3621344121384
706426	2946.3621344121384
707553	2946.3621344121384
708679	2946.3621344121384
709806	2946.3621344121384
820689	2946.3621344121384
821817	2946.3621344121384
822945	2946.3621344121384
824074	2946.3621344121384
825202	2946.3621344121384
826330	2946.3621344121384
827455	2946.3621344121384
828582	2946.3621344121384
829708	2946.3621344121384
830834	2946.3621344121384
831962	2946.3621344121384
833092	2946.3621344121384
834219	2946.3621344121384
835344	2946.3621344121384
836470	2946.3621344121384
837594	2946.3621344121384
838720	2946.3621344121384
839847	2946.3621344121384
840974	2946.3621344121384
842100	2946.3621344121384
909335	2946.3621344121384
910460	2946.3621344121384
911589	2946.3621344121384
912717	2946.3621344121384
913848	2946.3621344121384
914978	2946.3621344121384
916106	2946.3621344121384
917232	2946.3621344121384
918360	2946.3621344121384
919485	2946.3621344121384
920616	2946.3621344121384
921746	2946.3621344121384
922874	2946.3621344121384
924002	2946.3621344121384
925131	2946.3621344121384
926260	2946.3621344121384
927388	2946.3621344121384
928514	2946.3621344121384
929641	2946.3621344121384
930771	2946.3621344121384
1005014	2946.3621344121384
