37.35282607540756	45.763032595191135	-51.65993842595042	-87.59025147059765	94.0607097191949	15.640553188124585	53.70108768211236	77.68957774338853	-52.93628466755595	-88.98134473661752	75.88659269240563	38.16008104086845	-6.826862007263102	-79.80029673763684	57.98265218197116	-96.21683134504823	57.13862004159614	88.32020049782204	-25.647565418453127	-34.83288624819917	61.030383237030264	-80.86559393237769	-50.81551647417748	70.53153220059255	-42.77648246461199	27.28484538946654	18.3840561742727	38.33472329411927	-56.249878613293006	-37.58448929786058	
-79.11057718624761	-2.1831082119261165	75.28750815022747	-54.24410579145305	15.148546897529027	-1.976571487855253	-73.77623090452104	-9.856134827610784	-74.16690284858194	-50.47272227257811	68.54839652343281	20.260675335583528	18.288704633024455	-63.074208007761	93.11727221849024	-32.535578924617774	-59.49918204940988	74.19773691251069	-11.775279573619633	79.66100873672703	87.33838972297941	-68.44763532358421	-3.3385062984248335	-44.389769226187454	-48.025103433139236	-46.869491638688345	3.031337620368441	-40.96836708862852	-66.65629054159095	27.807426594690494	
11.958988513786757	53.43078220299589	7.4543153639389885	68.1460084836986	80.5592424763134	13.34628045635628	14.30703532459239	48.14734739080549	-56.30622659122842	-66.88951450106386	-23.96881490686089	23.21628703273801	-99.8585730387022	-43.21372112575871	96.09808804991795	47.935919924140585	-27.584210811976213	42.69336353311559	-22.812776651635716	10.691854200596026	71.54790293312539	-50.7160887173484	-2.004597723931837	0.6559113598976172	55.455815854842406	-46.40655771661398	-1.3364717544670857	14.259801337547827	34.65027877606118	48.99427050804755	
-34.95838627118007	46.54417146927683	17.826961084771185	51.870336647806	41.300991644891894	-13.969148070527451	-6.276140732655094	7.8550463597121	-23.810542934962292	-35.523902769039815	68.71830202258528	1.849202918603524	-25.1979320644729	-85.48965533532603	66.57049375006306	-26.569485820759457	-30.540992588503816	41.073354316025146	-22.335098080388086	22.946845950942432	66.24498825886977	-46.58459778457449	-1.2020962593497968	-45.81976146923602	-48.192967125263635	-52.171850127268	-17.914417858291642	13.20756865649696	28.49273458338962	45.30522564879945	
6.0648060098850145	15.591799504341854	21.5931901115802	31.90107610420482	33.5785987258747	19.368095419320877	20.940451329015104	20.30715140152846	-55.70492334732519	-39.04158342746558	15.572339008627633	-9.436586735602859	-8.013448075967734	-26.145794960028375	95.248277500331	15.99491274682863	-26.12075538230365	49.58816584614244	-11.67104473366322	62.26464218533044	72.58270877231452	-50.864490992227914	61.24515946195431	-3.893085017593247	-17.836466221727594	-36.97676908647915	-0.8715008920990905	21.785233460876945	-61.75267102175056	50.10892285103731	
-15.496238158779498	13.788141521700481	-49.942531186083315	35.26733053793212	61.55389625783685	13.27161905717218	-43.05571709092911	43.12353068898115	-20.940355086698	28.757593224674032	38.526301468925936	-1.3104551085765967	-7.489011104742926	-36.245474214841366	89.59117114647128	24.648541372225417	-9.203943641649415	60.44722426024339	1.7910816137146544	39.49994389109763	67.13802802082984	-57.753941010583354	2.546259009465402	-9.275272430742014	-31.339431778004467	-52.1993881557657	-21.650927369395212	-9.154817754426823	-32.996838387838146	38.66995350403133	
-8.06452917214741	16.179008315942042	12.291489683629568	32.38659590930858	15.114545305830134	15.730251063370016	-52.06215586902818	34.31466328222185	-9.306437301089952	2.162176408547378	28.396534163741652	-1.3666216484865887	6.823998201441562	-33.84708407290463	83.46530204944752	24.684536177246926	-16.49245424613936	62.421560317999315	-5.310281900834288	48.861222997471714	69.75219968299086	-62.59950546521414	14.223323628611794	-7.359230803624916	-30.76400196824333	-76.36032545606695	-20.558902260675982	7.639854831063373	-39.885584958060264	38.384609509342475	
-23.40994407493853	-19.13875826182261	75.38426023500683	15.959822337928701	3.1033070395122335	22.82700669160316	-12.928051424069983	56.43821205775083	-14.08120488425458	-11.069808102751324	28.63220857228824	18.42395906017446	-21.14921797614167	-18.382825234660103	85.30114346476753	3.727394481835181	-49.50844929860423	42.40721040581277	-40.52358928132726	3.7119558920559044	66.5318577967407	-66.52779626145393	-18.574794333342258	-0.33818959848732266	-18.515844744161264	-31.96615756466225	18.990811600032373	28.716884173156835	-27.3420057143586	17.690133093785484	
-10.808362832796533	8.185045138541929	23.120012852575584	39.94406656615958	42.5764704738023	16.468985078037388	-55.6954783653256	29.028230685083052	-21.338857625790517	17.197813396654706	31.605403205960553	18.285651289081613	-60.553207102851346	-56.10566919853545	25.174908898065173	24.28679929577417	-70.82730530721244	73.91765984238283	-8.225834241774717	59.519367701938286	35.981514689127025	-76.79497967807286	9.473264142907155	13.493184869383166	-39.70660135545939	1.0035296196126122	-20.280674464427072	-6.858331077913377	7.502890185394853	36.39255948795017	
-10.808362832796533	8.185045138541929	23.120012852575584	39.94406656615958	42.5764704738023	16.468985078037388	-55.6954783653256	29.028230685083052	-21.338857625790517	17.197813396654706	31.605403205960553	18.285651289081613	-60.553207102851346	-56.10566919853545	25.174908898065173	24.28679929577417	-70.82730530721244	73.91765984238283	-8.225834241774717	59.519367701938286	35.981514689127025	-76.79497967807286	9.473264142907155	13.493184869383166	-39.70660135545939	1.0035296196126122	-20.280674464427072	-6.858331077913377	7.502890185394853	36.39255948795017	
