300	1330.6398719472077
625	1160.9825247534482
949	1160.9825247534482
1271	1117.9382586792703
1591	1086.8699818626812
1909	1084.6010387215472
2226	1084.6010387215472
2543	1054.6222397982892
2861	1038.5763384336547
3176	1038.5763384336547
3486	1038.5763384336547
3798	1038.5763384336547
4110	1038.5763384336547
4422	1034.3611839345747
4734	1025.5505218145656
5043	1003.2446511951125
5353	1003.2446511951125
5661	1003.2446511951125
5969	1003.2446511951125
6279	1003.2446511951125
6586	1003.2446511951125
6894	1000.2135922958448
7201	1000.2135922958448
7508	1000.2135922958448
7817	1000.2135922958448
8123	1000.2135922958448
8433	1000.2135922958448
8741	1000.2135922958448
9049	1000.2135922958448
9361	991.0828670465836
9669	991.0828670465836
9977	991.0828670465836
10287	991.0828670465836
10596	975.0434646036197
10904	975.0434646036197
11213	975.0434646036197
11522	972.7572140380828
11833	971.9890509999462
12140	971.9890509999462
12451	949.2254283898781
12760	949.2254283898781
13066	949.2254283898781
13375	949.2254283898781
13681	949.2254283898781
13989	949.2254283898781
14295	949.2254283898781
14604	949.2254283898781
14912	949.2254283898781
15222	949.2254283898781
15532	949.2254283898781
15840	949.2254283898781
16149	949.2254283898781
16462	949.2254283898781
16773	949.2254283898781
18773	840.7932457616554
19085	840.7932457616554
19396	840.7932457616554
19705	840.7932457616554
20014	840.7932457616554
20326	840.7932457616554
20638	840.7932457616554
20947	840.7932457616554
21257	840.7932457616554
21565	840.7932457616554
21877	840.7932457616554
22187	840.7932457616554
22499	840.7932457616554
22810	840.7932457616554
23122	840.7932457616554
23435	840.7932457616554
23744	840.7932457616554
24052	840.7932457616554
24362	840.7932457616554
24670	840.7932457616554
24983	840.7932457616554
25296	840.7932457616554
25607	840.7932457616554
25917	840.7932457616554
26226	840.7932457616554
26537	840.7932457616554
26848	840.7932457616554
27657	836.8134348565602
28833	836.8134347141511
29149	836.8134347141511
29461	836.8134347141511
29777	836.8134347141511
30093	836.8134347141511
30405	836.8134347141511
30719	836.8134347141511
31032	836.8134347141511
31345	836.8134347141511
31658	836.8134347141511
31969	836.8134347141511
32282	836.8134347141511
32595	836.8134347141511
32908	836.8134347141511
33222	836.8134347141511
33540	836.8134347141511
33861	836.8134347141511
34178	836.8134347141511
34493	836.8134347141511
35681	836.8134347141511
35998	836.8134347141511
36313	836.8134347141511
36634	836.8134347141511
36952	836.8134347141511
37275	836.8134347141511
37592	836.8134347141511
37911	836.8134347141511
38234	836.8134347141511
38560	836.8134347141511
38882	836.8134347141511
39203	836.8134347141511
39523	836.8134347141511
39847	836.8134347141511
40166	836.8134347141511
40488	836.8134347141511
40813	836.8134347141511
41131	836.8134347141511
41457	836.8134347141511
41783	836.8134347141511
42977	836.8134347141511
43297	836.8134347141511
43619	836.8134347141511
43943	836.8134347141511
44267	836.8134347141511
44594	836.8134347141511
44919	836.8134347141511
45239	836.8134347141511
45562	836.8134347141511
45887	836.8134347141511
46209	836.8134347141511
46535	836.8134347141511
46854	836.8134347141511
47178	836.8134347141511
47501	836.8134347141511
47822	836.8134347141511
48146	836.8134347141511
48466	836.8134347141511
48785	836.8134347141511
49109	836.8134347141511
50205	836.8134347141511
50528	836.8134347141511
50851	836.8134347141511
51177	836.8134347141511
51495	836.8134347141511
51815	836.8134347141511
52140	836.8134347141511
52459	836.8134347141511
52783	836.8134347141511
53110	836.8134347141511
53433	836.8134347141511
53762	836.8134347141511
54083	836.8134347141511
54411	836.8134347141511
54734	836.8134347141511
55057	836.8134347141511
55382	836.8134347141511
55710	836.8134347141511
56036	836.8134347141511
56359	836.8134347141511
57216	836.8134145182539
59013	836.8134144953058
59344	836.8134144953058
59672	836.8134144953058
59990	836.8134144953058
60312	836.8134144953058
60636	836.8134144953058
60965	836.8134144953058
61293	836.8134144953058
61622	836.8134144953058
61946	836.8134144953058
62275	836.8134144953058
62599	836.8134144953058
62921	836.8134144953058
63248	836.8134144953058
63570	836.8134144953058
63898	836.8134144953058
64220	836.8134144953058
64543	836.8134144953058
64869	836.8134144953058
66027	836.8134144953058
66354	836.8134144953058
66679	836.8134144953058
67006	836.8134144953058
67328	836.8134144953058
67661	836.8134144953058
67984	836.8134144953058
68313	836.8134144953058
68643	836.8134144953058
68969	836.8134144953058
69297	836.8134144953058
69627	836.8134144953058
69951	836.8134144953058
70278	836.8134144953058
70608	836.8134144953058
70935	836.8134144953058
71259	836.8134144953058
71589	836.8134144953058
71915	836.8134144953058
72237	836.8134144953058
73441	836.8134144953058
73777	836.8134144953058
74098	836.8134144953058
74423	836.8134144953058
74745	836.8134144953058
75064	836.8134144953058
75391	836.8134144953058
75713	836.8134144953058
76043	836.8134144953058
76373	836.8134144953058
76700	836.8134144953058
77028	836.8134144953058
77351	836.8134144953058
77681	836.8134144953058
78006	836.8134144953058
78333	836.8134144953058
78661	836.8134144953058
78985	836.8134144953058
79315	836.8134144953058
79632	836.8134144953058
80492	834.8235368667868
81498	826.8638794381582
82839	826.8638794308478
83170	826.8638794308478
83499	826.8638794308478
83827	826.8638794308478
84158	826.8638794308478
84482	826.8638794308478
84805	826.8638794308478
85128	826.8638794308478
85458	826.8638794308478
85783	826.8638794308478
86101	826.8638794308478
86420	826.8638794308478
86734	826.8638794308478
87053	826.8638794308478
87374	826.8638794308478
87694	826.8638794308478
88011	826.8638794308478
88325	826.8638794308478
88639	826.8638794308478
88954	826.8638794308478
89274	826.8638794308478
89590	826.8638794308478
89905	826.8638794308478
90219	826.8638794308478
90531	826.8638794308478
90841	826.8638794308478
91154	826.8638794308478
91471	826.8638794308478
92608	826.8638794308478
92927	826.8638794308478
93241	826.8638794308478
93556	826.8638794308478
93870	826.8638794308478
94187	826.8638794308478
94505	826.8638794308478
94823	826.8638794308478
95143	826.8638794308478
95461	826.8638794308478
96803	826.8638794308478
97117	826.8638794308478
97434	826.8638794308478
97750	826.8638794308478
98072	826.8638794308478
98395	826.8638794308478
98712	826.8638794308478
99032	826.8638794308478
99353	826.8638794308478
99672	826.8638794308478
99993	826.8638794308478
100310	826.8638794308478
100633	826.8638794308478
100953	826.8638794308478
101271	826.8638794308478
101591	826.8638794308478
101911	826.8638794308478
102234	826.8638794308478
102561	826.8638794308478
102879	826.8638794308478
104103	826.8638794308478
104425	826.8638794308478
104749	826.8638794308478
105070	826.8638794308478
105392	826.8638794308478
105714	826.8638794308478
106040	826.8638794308478
106367	826.8638794308478
106693	826.8638794308478
107018	826.8638794308478
107345	826.8638794308478
107669	826.8638794308478
107996	826.8638794308478
108321	826.8638794308478
108649	826.8638794308478
108975	826.8638794308478
109296	826.8638794308478
109621	826.8638794308478
109942	826.8638794308478
110267	826.8638794308478
111548	826.8638794308478
111875	826.8638794308478
112200	826.8638794308478
112535	826.8638794308478
112861	826.8638794308478
113187	826.8638794308478
113512	826.8638794308478
113836	826.8638794308478
114165	826.8638794308478
114503	826.8638794308478
114836	826.8638794308478
115163	826.8638794308478
115495	826.8638794308478
115817	826.8638794308478
116147	826.8638794308478
116472	826.8638794308478
116799	826.8638794308478
117125	826.8638794308478
117446	826.8638794308478
117763	826.8638794308478
120103	826.8638794308478
120420	826.8638794308478
120738	826.8638794308478
121055	826.8638794308478
121381	826.8638794308478
121704	826.8638794308478
122030	826.8638794308478
122350	826.8638794308478
122669	826.8638794308478
122992	826.8638794308478
123315	826.8638794308478
123642	826.8638794308478
123964	826.8638794308478
124285	826.8638794308478
124608	826.8638794308478
124933	826.8638794308478
125257	826.8638794308478
125576	826.8638794308478
125897	826.8638794308478
126217	826.8638794308478
127887	826.8638794308478
128212	826.8638794308478
128536	826.8638794308478
128863	826.8638794308478
129189	826.8638794308478
129517	826.8638794308478
129833	826.8638794308478
130155	826.8638794308478
130478	826.8638794308478
130798	826.8638794308478
134678	826.8638794308478
135000	826.8638794308478
135318	826.8638794308478
135639	826.8638794308478
135960	826.8638794308478
136278	826.8638794308478
136601	826.8638794308478
136927	826.8638794308478
137255	826.8638794308478
137578	826.8638794308478
137903	826.8638794308478
138230	826.8638794308478
138556	826.8638794308478
138879	826.8638794308478
139204	826.8638794308478
139529	826.8638794308478
139858	826.8638794308478
140189	826.8638794308478
140518	826.8638794308478
140843	826.8638794308478
142481	826.8638794308478
142808	826.8638794308478
143131	826.8638794308478
143463	826.8638794308478
143786	826.8638794308478
144111	826.8638794308478
144433	826.8638794308478
144757	826.8638794308478
145086	826.8638794308478
145412	826.8638794308478
145741	826.8638794308478
146067	826.8638794308478
146388	826.8638794308478
146712	826.8638794308478
147028	826.8638794308478
147345	826.8638794308478
147657	826.8638794308478
147972	826.8638794308478
148288	826.8638794308478
148606	826.8638794308478
149788	826.8638794308478
150107	826.8638794308478
150427	826.8638794308478
150747	826.8638794308478
151073	826.8638794308478
151396	826.8638794308478
151721	826.8638794308478
152046	826.8638794308478
152373	826.8638794308478
152702	826.8638794308478
153029	826.8638794308478
153359	826.8638794308478
153689	826.8638794308478
154018	826.8638794308478
154346	826.8638794308478
154673	826.8638794308478
155003	826.8638794308478
155332	826.8638794308478
155660	826.8638794308478
155990	826.8638794308478
156923	826.8638794308478
157257	826.8638794308478
157592	826.8638794308478
157922	826.8638794308478
158252	826.8638794308478
158579	826.8638794308478
158904	826.8638794308478
159222	826.8638794308478
159538	826.8638794308478
159851	826.8638794308478
160167	826.8638794308478
160484	826.8638794308478
160798	826.8638794308478
161114	826.8638794308478
161431	826.8638794308478
161748	826.8638794308478
162060	826.8638794308478
162376	826.8638794308478
162693	826.8638794308478
163009	826.8638794308478
164620	826.8638794308478
164931	826.8638794308478
165244	826.8638794308478
165558	826.8638794308478
165871	826.8638794308478
166187	826.8638794308478
166500	826.8638794308478
166815	826.8638794308478
167131	826.8638794308478
167452	826.8638794308478
168600	826.8638794308478
168917	826.8638794308478
169230	826.8638794308478
169547	826.8638794308478
169864	826.8638794308478
170179	826.8638794308478
170497	826.8638794308478
170815	826.8638794308478
171131	826.8638794308478
171449	826.8638794308478
171767	826.8638794308478
172089	826.8638794308478
172408	826.8638794308478
172732	826.8638794308478
173051	826.8638794308478
173372	826.8638794308478
173686	826.8638794308478
174007	826.8638794308478
174328	826.8638794308478
174647	826.8638794308478
175337	824.8739665854166
176507	824.8739664124766
176826	824.8739664124766
177143	824.8739664124766
177460	824.8739664124766
177777	824.8739664124766
178097	824.8739664124766
178415	824.8739664124766
178735	824.8739664124766
179054	824.8739664124766
179371	824.8739664124766
179693	824.8739664124766
180008	824.8739664124766
180324	824.8739664124766
180646	824.8739664124766
180973	824.8739664124766
181302	824.8739664124766
181624	824.8739664124766
181946	824.8739664124766
182269	824.8739664124766
183351	824.8739664124766
183675	824.8739664124766
184003	824.8739664124766
184329	824.8739664124766
184658	824.8739664124766
184986	824.8739664124766
185308	824.8739664124766
185629	824.8739664124766
185953	824.8739664124766
186280	824.8739664124766
186607	824.8739664124766
186929	824.8739664124766
187254	824.8739664124766
187581	824.8739664124766
187909	824.8739664124766
188234	824.8739664124766
188566	824.8739664124766
188896	824.8739664124766
189221	824.8739664124766
189549	824.8739664124766
190604	824.8739664124766
190928	824.8739664124766
191256	824.8739664124766
191577	824.8739664124766
191906	824.8739664124766
192232	824.8739664124766
192559	824.8739664124766
192884	824.8739664124766
193214	824.8739664124766
193537	824.8739664124766
193860	824.8739664124766
194191	824.8739664124766
194515	824.8739664124766
194845	824.8739664124766
195165	824.8739664124766
195487	824.8739664124766
195813	824.8739664124766
196133	824.8739664124766
196455	824.8739664124766
196775	824.8739664124766
197864	824.8739664124766
198194	824.8739664124766
198518	824.8739664124766
198849	824.8739664124766
199173	824.8739664124766
199498	824.8739664124766
199822	824.8739664124766
200142	824.8739664124766
200463	824.8739664124766
200779	824.8739664124766
201101	824.8739664124766
201420	824.8739664124766
201745	824.8739664124766
202069	824.8739664124766
202392	824.8739664124766
202713	824.8739664124766
203041	824.8739664124766
203366	824.8739664124766
203690	824.8739664124766
204015	824.8739664124766
205243	824.8739664124766
205568	824.8739664124766
205891	824.8739664124766
206213	824.8739664124766
206533	824.8739664124766
206855	824.8739664124766
207178	824.8739664124766
207502	824.8739664124766
207826	824.8739664124766
208151	824.8739664124766
208485	824.8739664124766
208816	824.8739664124766
209141	824.8739664124766
209469	824.8739664124766
209792	824.8739664124766
210119	824.8739664124766
210453	824.8739664124766
210776	824.8739664124766
211099	824.8739664124766
211416	824.8739664124766
212795	824.8739664124766
213112	824.8739664124766
213431	824.8739664124766
213752	824.8739664124766
214068	824.8739664124766
214389	824.8739664124766
214704	824.8739664124766
215027	824.8739664124766
215357	824.8739664124766
215682	824.8739664124766
216698	824.8739664124766
217022	824.8739664124766
217344	824.8739664124766
217665	824.8739664124766
217990	824.8739664124766
218316	824.8739664124766
218642	824.8739664124766
218963	824.8739664124766
219286	824.8739664124766
219614	824.8739664124766
219936	824.8739664124766
220264	824.8739664124766
220588	824.8739664124766
220916	824.8739664124766
221242	824.8739664124766
221567	824.8739664124766
221891	824.8739664124766
222217	824.8739664124766
222542	824.8739664124766
222873	824.8739664124766
223866	824.8739664124766
224188	824.8739664124766
224517	824.8739664124766
224848	824.8739664124766
225179	824.8739664124766
225507	824.8739664124766
225828	824.8739664124766
226150	824.8739664124766
226477	824.8739664124766
226800	824.8739664124766
227127	824.8739664124766
227448	824.8739664124766
227773	824.8739664124766
228096	824.8739664124766
228422	824.8739664124766
228742	824.8739664124766
229066	824.8739664124766
229385	824.8739664124766
229709	824.8739664124766
230038	824.8739664124766
231190	824.8739664124766
231507	824.8739664124766
231831	824.8739664124766
232157	824.8739664124766
232479	824.8739664124766
232805	824.8739664124766
233128	824.8739664124766
233451	824.8739664124766
233772	824.8739664124766
234093	824.8739664124766
234414	824.8739664124766
234731	824.8739664124766
235051	824.8739664124766
235371	824.8739664124766
235694	824.8739664124766
236022	824.8739664124766
236347	824.8739664124766
236672	824.8739664124766
236999	824.8739664124766
237319	824.8739664124766
238395	824.8739664124766
238718	824.8739664124766
239036	824.8739664124766
239358	824.8739664124766
239683	824.8739664124766
240003	824.8739664124766
240325	824.8739664124766
240649	824.8739664124766
240968	824.8739664124766
241288	824.8739664124766
241608	824.8739664124766
241924	824.8739664124766
242244	824.8739664124766
242564	824.8739664124766
242890	824.8739664124766
243220	824.8739664124766
243543	824.8739664124766
243868	824.8739664124766
244186	824.8739664124766
244506	824.8739664124766
245715	824.8739664124766
246035	824.8739664124766
246359	824.8739664124766
246678	824.8739664124766
247003	824.8739664124766
247327	824.8739664124766
247650	824.8739664124766
247973	824.8739664124766
248293	824.8739664124766
248617	824.8739664124766
249635	824.8739664124766
249961	824.8739664124766
250289	824.8739664124766
250614	824.8739664124766
250937	824.8739664124766
251261	824.8739664124766
251585	824.8739664124766
251913	824.8739664124766
252245	824.8739664124766
252574	824.8739664124766
252897	824.8739664124766
253227	824.8739664124766
253552	824.8739664124766
253883	824.8739664124766
254212	824.8739664124766
254534	824.8739664124766
254856	824.8739664124766
255185	824.8739664124766
255506	824.8739664124766
255827	824.8739664124766
257837	824.8739664124766
258154	824.8739664124766
258477	824.8739664124766
258802	824.8739664124766
259120	824.8739664124766
259437	824.8739664124766
259762	824.8739664124766
260088	824.8739664124766
260410	824.8739664124766
260732	824.8739664124766
261058	824.8739664124766
261382	824.8739664124766
261705	824.8739664124766
262026	824.8739664124766
262351	824.8739664124766
262675	824.8739664124766
262999	824.8739664124766
263324	824.8739664124766
263647	824.8739664124766
263969	824.8739664124766
266035	824.8739664124766
266359	824.8739664124766
266681	824.8739664124766
267006	824.8739664124766
267327	824.8739664124766
267651	824.8739664124766
267973	824.8739664124766
268296	824.8739664124766
268619	824.8739664124766
268941	824.8739664124766
269267	824.8739664124766
269588	824.8739664124766
269903	824.8739664124766
270221	824.8739664124766
270538	824.8739664124766
270857	824.8739664124766
271178	824.8739664124766
271499	824.8739664124766
271821	824.8739664124766
272143	824.8739664124766
273252	824.8739664124766
273575	824.8739664124766
273894	824.8739664124766
274215	824.8739664124766
274533	824.8739664124766
274855	824.8739664124766
275175	824.8739664124766
275499	824.8739664124766
275821	824.8739664124766
276142	824.8739664124766
276469	824.8739664124766
276791	824.8739664124766
277116	824.8739664124766
277439	824.8739664124766
277766	824.8739664124766
278093	824.8739664124766
278421	824.8739664124766
278748	824.8739664124766
279071	824.8739664124766
279394	824.8739664124766
280416	824.8739664124766
280743	824.8739664124766
281073	824.8739664124766
281396	824.8739664124766
281727	824.8739664124766
282050	824.8739664124766
282379	824.8739664124766
282710	824.8739664124766
283040	824.8739664124766
283368	824.8739664124766
285787	824.8739664124766
286111	824.8739664124766
286431	824.8739664124766
286752	824.8739664124766
287070	824.8739664124766
287393	824.8739664124766
287711	824.8739664124766
288032	824.8739664124766
288356	824.8739664124766
288681	824.8739664124766
289001	824.8739664124766
289323	824.8739664124766
289647	824.8739664124766
289967	824.8739664124766
290285	824.8739664124766
290605	824.8739664124766
290923	824.8739664124766
291242	824.8739664124766
291562	824.8739664124766
291889	824.8739664124766
292915	824.8739664124766
293238	824.8739664124766
293560	824.8739664124766
293877	824.8739664124766
295300	821.8890944041643
295615	821.8890944041643
295934	821.8890944041643
296254	821.8890944041643
296578	821.8890944041643
296899	821.8890944041643
297217	821.8890944041643
297536	821.8890944041643
297857	821.8890944041643
298177	821.8890944041643
298489	821.8890944041643
298805	821.8890944041643
299123	821.8890944041643
299442	821.8890944041643
299756	821.8890944041643
300076	821.8890944041643
