300	1316.783660812374
628	1260.0603337984357
949	1210.9042404422414
1271	1172.4589457905827
1590	1066.9438493884345
1910	1066.9438493884345
2225	1066.9438493884345
2540	1066.9438493884345
2856	1037.0790082243852
3167	1037.0790082243852
3479	1037.0790082243852
3788	1037.0790082243852
4099	1037.0790082243852
4406	1037.0790082243852
4714	1037.0790082243852
5024	1037.0790082243852
5331	1037.0790082243852
5640	1037.0790082243852
5950	1037.0790082243852
6261	1037.0790082243852
6571	1034.010766752518
6879	1034.010766752518
7187	1034.010766752518
7497	1034.010766752518
7806	1034.010766752518
8113	1034.010766752518
8422	1005.8799902829719
8732	1004.1327389467286
9043	1004.1327389467286
9350	1004.1327389467286
9660	1004.1327389467286
9968	1004.1327389467286
10277	1004.1327389467286
10585	1004.1327389467286
10896	1004.1327389467286
11205	1004.1327389467286
11513	1004.1327389467286
11820	1004.1327389467286
12127	1004.1327389467286
12434	1004.1327389467286
12741	1004.1327389467286
14790	856.712387608505
15097	856.712387608505
15405	856.712387608505
15713	856.712387608505
16020	856.712387608505
16328	856.712387608505
16637	856.712387608505
16945	856.712387608505
17261	856.712387608505
17573	856.712387608505
17885	856.712387608505
18198	856.712387608505
18513	856.712387608505
18824	856.712387608505
19138	856.712387608505
19455	856.712387608505
19769	856.712387608505
20085	856.712387608505
20397	856.712387608505
20711	856.712387608505
21457	850.7427705142312
23269	850.742770462068
23586	850.742770462068
23898	850.742770462068
24213	850.742770462068
24528	850.742770462068
24841	850.742770462068
25156	850.742770462068
25470	850.742770462068
25791	850.742770462068
26106	850.742770462068
26426	850.742770462068
26744	850.742770462068
27062	850.742770462068
27377	850.742770462068
27693	850.742770462068
28012	850.742770462068
28329	850.742770462068
28643	850.742770462068
28962	850.742770462068
30477	850.742770462068
30794	850.742770462068
31114	850.742770462068
31436	850.742770462068
31752	850.742770462068
32074	850.742770462068
32393	850.742770462068
32708	850.742770462068
33021	850.742770462068
33339	850.742770462068
33656	850.742770462068
33977	850.742770462068
34296	850.742770462068
34615	850.742770462068
34932	850.742770462068
35253	850.742770462068
35575	850.742770462068
35894	850.742770462068
36212	850.742770462068
36538	850.742770462068
37606	850.742770462068
37924	850.742770462068
38241	850.742770462068
38558	850.742770462068
38877	850.742770462068
39200	850.742770462068
39522	850.742770462068
39851	850.742770462068
40176	850.742770462068
40503	850.742770462068
40823	850.742770462068
41145	850.742770462068
41469	850.742770462068
41793	850.742770462068
42117	850.742770462068
42443	850.742770462068
42768	850.742770462068
43095	850.742770462068
43419	850.742770462068
43746	850.742770462068
44936	850.742770462068
45262	850.742770462068
45589	850.742770462068
45913	850.742770462068
46235	850.742770462068
46556	850.742770462068
46881	850.742770462068
47209	850.742770462068
47538	850.742770462068
47860	850.742770462068
48185	850.742770462068
48506	850.742770462068
48837	850.742770462068
49164	850.742770462068
49491	850.742770462068
49819	850.742770462068
50148	850.742770462068
50475	850.742770462068
50803	850.742770462068
51136	850.742770462068
51740	850.7427704461197
53060	850.7427704436257
53391	850.7427704436257
53718	850.7427704436257
54045	850.7427704436257
54375	850.7427704436257
54698	850.7427704436257
55022	850.7427704436257
55349	850.7427704436257
55674	850.7427704436257
56000	850.7427704436257
56326	850.7427704436257
56650	850.7427704436257
56979	850.7427704436257
57307	850.7427704436257
57641	850.7427704436257
57965	850.7427704436257
58292	850.7427704436257
58616	850.7427704436257
58944	850.7427704436257
59800	847.7579135782735
62618	847.757913528193
62950	847.757913528193
63275	847.757913528193
63598	847.757913528193
63926	847.757913528193
64254	847.757913528193
64582	847.757913528193
64910	847.757913528193
65242	847.757913528193
65579	847.757913528193
65907	847.757913528193
66237	847.757913528193
66557	847.757913528193
66889	847.757913528193
67217	847.757913528193
67550	847.757913528193
67872	847.757913528193
68197	847.757913528193
68523	847.757913528193
70632	847.757913528193
70957	847.757913528193
71280	847.757913528193
71606	847.757913528193
71933	847.757913528193
72265	847.757913528193
72592	847.757913528193
72918	847.757913528193
73237	847.757913528193
73557	847.757913528193
73879	847.757913528193
74202	847.757913528193
74528	847.757913528193
74849	847.757913528193
75171	847.757913528193
75492	847.757913528193
75813	847.757913528193
76137	847.757913528193
76459	847.757913528193
76779	847.757913528193
77935	847.757913528193
78257	847.757913528193
78578	847.757913528193
78900	847.757913528193
79223	847.757913528193
79548	847.757913528193
79871	847.757913528193
80197	847.757913528193
80521	847.757913528193
80849	847.757913528193
81174	847.757913528193
81499	847.757913528193
81824	847.757913528193
82146	847.757913528193
82468	847.757913528193
82790	847.757913528193
83115	847.757913528193
83441	847.757913528193
83764	847.757913528193
84081	847.757913528193
84806	843.7781283396721
85968	843.7781280077784
86296	843.7781280077784
86621	843.7781280077784
86945	843.7781280077784
87264	843.7781280077784
87584	843.7781280077784
87905	843.7781280077784
88224	843.7781280077784
88549	843.7781280077784
88879	843.7781280077784
89200	843.7781280077784
89526	843.7781280077784
89852	843.7781280077784
90174	843.7781280077784
90497	843.7781280077784
90819	843.7781280077784
91143	843.7781280077784
91467	843.7781280077784
91792	843.7781280077784
92955	843.7781280077784
93280	843.7781280077784
93610	843.7781280077784
93938	843.7781280077784
94260	843.7781280077784
94583	843.7781280077784
94908	843.7781280077784
95234	843.7781280077784
95558	843.7781280077784
95879	843.7781280077784
96203	843.7781280077784
96530	843.7781280077784
96856	843.7781280077784
97182	843.7781280077784
97510	843.7781280077784
97831	843.7781280077784
98157	843.7781280077784
98488	843.7781280077784
98819	843.7781280077784
99145	843.7781280077784
99967	840.7932558000227
101531	840.7932557639483
101860	840.7932557639483
102184	840.7932557639483
102507	840.7932557639483
102833	840.7932557639483
103152	840.7932557639483
103481	840.7932557639483
103802	840.7932557639483
104127	840.7932557639483
104458	840.7932557639483
104791	840.7932557639483
105120	840.7932557639483
105452	840.7932557639483
105777	840.7932557639483
106102	840.7932557639483
106423	840.7932557639483
106747	840.7932557639483
107070	840.7932557639483
107397	840.7932557639483
108707	840.7932557639483
109029	840.7932557639483
109357	840.7932557639483
109683	840.7932557639483
110009	840.7932557639483
110334	840.7932557639483
110655	840.7932557639483
110978	840.7932557639483
111303	840.7932557639483
111627	840.7932557639483
111950	840.7932557639483
112275	840.7932557639483
112602	840.7932557639483
112927	840.7932557639483
113251	840.7932557639483
113579	840.7932557639483
113911	840.7932557639483
114239	840.7932557639483
114567	840.7932557639483
114894	840.7932557639483
116026	840.7932557639483
116353	840.7932557639483
116682	840.7932557639483
117007	840.7932557639483
117337	840.7932557639483
117664	840.7932557639483
117988	840.7932557639483
118312	840.7932557639483
118635	840.7932557639483
118961	840.7932557639483
119292	840.7932557639483
119621	840.7932557639483
119950	840.7932557639483
120277	840.7932557639483
120605	840.7932557639483
120932	840.7932557639483
121263	840.7932557639483
121594	840.7932557639483
121933	840.7932557639483
122261	840.7932557639483
124263	840.7932557639483
124588	840.7932557639483
124920	840.7932557639483
125246	840.7932557639483
125575	840.7932557639483
125894	840.7932557639483
126215	840.7932557639483
126539	840.7932557639483
126860	840.7932557639483
127179	840.7932557639483
127497	840.7932557639483
127818	840.7932557639483
128144	840.7932557639483
128458	840.7932557639483
128778	840.7932557639483
129099	840.7932557639483
129418	840.7932557639483
129738	840.7932557639483
130062	840.7932557639483
130388	840.7932557639483
131454	840.7932557639483
131777	840.7932557639483
132102	840.7932557639483
132426	840.7932557639483
132750	840.7932557639483
133071	840.7932557639483
133397	840.7932557639483
133718	840.7932557639483
134039	840.7932557639483
134359	840.7932557639483
134682	840.7932557639483
135005	840.7932557639483
135329	840.7932557639483
135652	840.7932557639483
135971	840.7932557639483
136294	840.7932557639483
136618	840.7932557639483
136941	840.7932557639483
137266	840.7932557639483
137588	840.7932557639483
138870	840.7932557639483
139189	840.7932557639483
139509	840.7932557639483
139837	840.7932557639483
140162	840.7932557639483
140484	840.7932557639483
140807	840.7932557639483
141128	840.7932557639483
141450	840.7932557639483
141768	840.7932557639483
143888	840.7932557639483
144207	840.7932557639483
144530	840.7932557639483
144854	840.7932557639483
145176	840.7932557639483
145503	840.7932557639483
145823	840.7932557639483
146143	840.7932557639483
146469	840.7932557639483
146789	840.7932557639483
147108	840.7932557639483
147430	840.7932557639483
147749	840.7932557639483
148069	840.7932557639483
148389	840.7932557639483
148712	840.7932557639483
149033	840.7932557639483
149352	840.7932557639483
149674	840.7932557639483
149997	840.7932557639483
151062	840.7932557639483
151389	840.7932557639483
151715	840.7932557639483
152041	840.7932557639483
152364	840.7932557639483
152691	840.7932557639483
153015	840.7932557639483
153341	840.7932557639483
153666	840.7932557639483
153992	840.7932557639483
154319	840.7932557639483
154647	840.7932557639483
154971	840.7932557639483
155294	840.7932557639483
155620	840.7932557639483
155947	840.7932557639483
156280	840.7932557639483
156604	840.7932557639483
156929	840.7932557639483
157252	840.7932557639483
158162	840.7932557639483
158490	840.7932557639483
158817	840.7932557639483
159145	840.7932557639483
159474	840.7932557639483
159802	840.7932557639483
160130	840.7932557639483
160452	840.7932557639483
160774	840.7932557639483
161099	840.7932557639483
161416	840.7932557639483
161736	840.7932557639483
162054	840.7932557639483
162373	840.7932557639483
162687	840.7932557639483
163003	840.7932557639483
163319	840.7932557639483
163638	840.7932557639483
163964	840.7932557639483
164287	840.7932557639483
166344	840.7932557639483
166669	840.7932557639483
166990	840.7932557639483
167316	840.7932557639483
167642	840.7932557639483
167967	840.7932557639483
168295	840.7932557639483
168624	840.7932557639483
168951	840.7932557639483
169278	840.7932557639483
169601	840.7932557639483
169929	840.7932557639483
170254	840.7932557639483
170578	840.7932557639483
170906	840.7932557639483
171230	840.7932557639483
171557	840.7932557639483
171883	840.7932557639483
172211	840.7932557639483
172536	840.7932557639483
173474	840.7932557639483
173805	840.7932557639483
174136	840.7932557639483
174466	840.7932557639483
174792	840.7932557639483
175124	840.7932557639483
175452	840.7932557639483
175784	840.7932557639483
176112	840.7932557639483
176438	840.7932557639483
179312	840.7932557639483
179643	840.7932557639483
179967	840.7932557639483
180284	840.7932557639483
180605	840.7932557639483
180920	840.7932557639483
181238	840.7932557639483
181555	840.7932557639483
181872	840.7932557639483
182191	840.7932557639483
182508	840.7932557639483
182824	840.7932557639483
183144	840.7932557639483
183461	840.7932557639483
183780	840.7932557639483
184101	840.7932557639483
184420	840.7932557639483
184743	840.7932557639483
185066	840.7932557639483
185391	840.7932557639483
186571	840.7932557639483
186894	840.7932557639483
187215	840.7932557639483
187537	840.7932557639483
187860	840.7932557639483
188179	840.7932557639483
188499	840.7932557639483
188819	840.7932557639483
189144	840.7932557639483
189464	840.7932557639483
189784	840.7932557639483
190110	840.7932557639483
190433	840.7932557639483
190755	840.7932557639483
191081	840.7932557639483
191406	840.7932557639483
191729	840.7932557639483
192054	840.7932557639483
192380	840.7932557639483
192703	840.7932557639483
193731	840.7932557639483
194053	840.7932557639483
194378	840.7932557639483
194699	840.7932557639483
195026	840.7932557639483
195351	840.7932557639483
195675	840.7932557639483
196001	840.7932557639483
196326	840.7932557639483
196654	840.7932557639483
196981	840.7932557639483
197303	840.7932557639483
197633	840.7932557639483
197958	840.7932557639483
198286	840.7932557639483
198613	840.7932557639483
198942	840.7932557639483
199263	840.7932557639483
199584	840.7932557639483
199908	840.7932557639483
201548	840.7932557639483
201868	840.7932557639483
202188	840.7932557639483
202506	840.7932557639483
202824	840.7932557639483
203142	840.7932557639483
203460	840.7932557639483
203778	840.7932557639483
204100	840.7932557639483
204422	840.7932557639483
204742	840.7932557639483
205065	840.7932557639483
205383	840.7932557639483
205705	840.7932557639483
206024	840.7932557639483
206346	840.7932557639483
206668	840.7932557639483
206990	840.7932557639483
207314	840.7932557639483
207638	840.7932557639483
208635	840.7932557639483
208959	840.7932557639483
209281	840.7932557639483
209605	840.7932557639483
209930	840.7932557639483
210255	840.7932557639483
210577	840.7932557639483
210904	840.7932557639483
211229	840.7932557639483
211558	840.7932557639483
212596	840.7932557639483
212927	840.7932557639483
213251	840.7932557639483
213579	840.7932557639483
213909	840.7932557639483
214236	840.7932557639483
214564	840.7932557639483
214890	840.7932557639483
215222	840.7932557639483
215555	840.7932557639483
215887	840.7932557639483
216219	840.7932557639483
216543	840.7932557639483
216865	840.7932557639483
217184	840.7932557639483
217502	840.7932557639483
217817	840.7932557639483
218133	840.7932557639483
218449	840.7932557639483
218770	840.7932557639483
221568	840.7932557639483
221886	840.7932557639483
222208	840.7932557639483
222525	840.7932557639483
222846	840.7932557639483
223170	840.7932557639483
223487	840.7932557639483
223803	840.7932557639483
224125	840.7932557639483
224446	840.7932557639483
224766	840.7932557639483
225086	840.7932557639483
225409	840.7932557639483
225740	840.7932557639483
226063	840.7932557639483
226386	840.7932557639483
226712	840.7932557639483
227039	840.7932557639483
227362	840.7932557639483
227685	840.7932557639483
228720	840.7932557639483
229043	840.7932557639483
229366	840.7932557639483
229687	840.7932557639483
230013	840.7932557639483
230334	840.7932557639483
230659	840.7932557639483
230986	840.7932557639483
231312	840.7932557639483
231643	840.7932557639483
231972	840.7932557639483
232296	840.7932557639483
232622	840.7932557639483
232951	840.7932557639483
233276	840.7932557639483
233600	840.7932557639483
233927	840.7932557639483
234247	840.7932557639483
234570	840.7932557639483
234891	840.7932557639483
236425	840.7932557639483
236752	840.7932557639483
237074	840.7932557639483
237389	840.7932557639483
237705	840.7932557639483
238022	840.7932557639483
238337	840.7932557639483
238653	840.7932557639483
238973	840.7932557639483
239289	840.7932557639483
239613	840.7932557639483
239929	840.7932557639483
240248	840.7932557639483
240568	840.7932557639483
240883	840.7932557639483
241198	840.7932557639483
241518	840.7932557639483
241835	840.7932557639483
242152	840.7932557639483
242470	840.7932557639483
243812	840.7932557639483
244133	840.7932557639483
244451	840.7932557639483
244774	840.7932557639483
245093	840.7932557639483
245412	840.7932557639483
245728	840.7932557639483
246049	840.7932557639483
246367	840.7932557639483
246686	840.7932557639483
247372	839.7982916985513
248482	839.7982916663196
248807	839.7982916663196
249126	839.7982916663196
249449	839.7982916663196
249768	839.7982916663196
250088	839.7982916663196
250411	839.7982916663196
250731	839.7982916663196
251052	839.7982916663196
251374	839.7982916663196
251700	839.7982916663196
252021	839.7982916663196
252343	839.7982916663196
252666	839.7982916663196
252986	839.7982916663196
253305	839.7982916663196
253625	839.7982916663196
253948	839.7982916663196
254268	839.7982916663196
255234	839.7982916663196
255556	839.7982916663196
255883	839.7982916663196
256207	839.7982916663196
256530	839.7982916663196
256850	839.7982916663196
257172	839.7982916663196
257491	839.7982916663196
257811	839.7982916663196
258129	839.7982916663196
258449	839.7982916663196
258771	839.7982916663196
259094	839.7982916663196
259422	839.7982916663196
259744	839.7982916663196
260073	839.7982916663196
260395	839.7982916663196
260717	839.7982916663196
261039	839.7982916663196
261358	839.7982916663196
262704	839.7982916663196
263024	839.7982916663196
263349	839.7982916663196
263675	839.7982916663196
264001	839.7982916663196
264328	839.7982916663196
264653	839.7982916663196
264976	839.7982916663196
265304	839.7982916663196
265634	839.7982916663196
265955	839.7982916663196
266285	839.7982916663196
266610	839.7982916663196
266941	839.7982916663196
267266	839.7982916663196
267593	839.7982916663196
267916	839.7982916663196
268248	839.7982916663196
268571	839.7982916663196
268897	839.7982916663196
270024	839.7982916663196
270348	839.7982916663196
270673	839.7982916663196
271007	839.7982916663196
271332	839.7982916663196
271657	839.7982916663196
271985	839.7982916663196
272311	839.7982916663196
272632	839.7982916663196
272962	839.7982916663196
273285	839.7982916663196
273614	839.7982916663196
273939	839.7982916663196
274259	839.7982916663196
274584	839.7982916663196
274908	839.7982916663196
275230	839.7982916663196
275550	839.7982916663196
275868	839.7982916663196
276187	839.7982916663196
278966	839.7982916663196
279294	839.7982916663196
279617	839.7982916663196
279937	839.7982916663196
280262	839.7982916663196
280588	839.7982916663196
280910	839.7982916663196
281235	839.7982916663196
281559	839.7982916663196
281882	839.7982916663196
282210	839.7982916663196
282532	839.7982916663196
282850	839.7982916663196
283170	839.7982916663196
283493	839.7982916663196
283814	839.7982916663196
284137	839.7982916663196
284459	839.7982916663196
284783	839.7982916663196
285103	839.7982916663196
286328	839.7982916663196
286648	839.7982916663196
286975	839.7982916663196
287296	839.7982916663196
287617	839.7982916663196
287934	839.7982916663196
288254	839.7982916663196
288578	839.7982916663196
288898	839.7982916663196
289220	839.7982916663196
291544	839.7982916663196
291864	839.7982916663196
292183	839.7982916663196
292508	839.7982916663196
292828	839.7982916663196
293153	839.7982916663196
293474	839.7982916663196
293793	839.7982916663196
294118	839.7982916663196
294440	839.7982916663196
294764	839.7982916663196
295091	839.7982916663196
295416	839.7982916663196
295748	839.7982916663196
296075	839.7982916663196
296393	839.7982916663196
296717	839.7982916663196
297036	839.7982916663196
297356	839.7982916663196
297675	839.7982916663196
300484	839.7982916663196
