300	1342.5526796322574
626	1271.474405365483
949	1230.3795632064766
1268	1176.4809169318823
1587	1114.1186496266196
1906	1109.9348785652232
2221	1099.3059665331286
2534	1099.3059665331286
2848	1085.2950652048012
3163	1077.8230638768616
3474	1077.8230638768616
3785	1068.0896482782623
4095	1068.0896482782623
4404	1068.0896482782623
4715	1056.730467043803
5027	1039.1861646193195
5339	1039.1861646193195
5648	1035.6949043435907
5958	1012.7515203784754
6269	1012.7515203784754
6579	1012.7515203784754
6887	1012.7515203784754
7195	1012.7515203784754
7503	1012.7515203784754
7811	1012.7515203784754
8119	1012.7515203784754
8429	1012.7515203784754
8739	1012.7515203784754
9047	1004.1956036049077
9355	1004.1956036049077
9665	1004.1956036049077
9974	1004.1956036049077
10283	1004.1956036049077
10592	1004.1956036049077
10902	992.1509751013809
11211	991.3766885157394
11522	991.3766885157394
11832	977.2994615577944
12141	977.2994615577944
12451	977.2994615577944
12761	977.2994615577944
13073	977.2994615577944
16535	838.8033580059109
16844	838.8033580059109
17157	838.8033580059109
17468	838.8033580059109
17777	838.8033580059109
18086	838.8033580059109
18402	838.8033580059109
18715	838.8033580059109
19031	838.8033580059109
19346	838.8033580059109
19657	838.8033580059109
19972	838.8033580059109
20281	838.8033580059109
20593	838.8033580059109
20909	838.8033580059109
21226	838.8033580059109
21545	838.8033580059109
21858	838.8033580059109
22175	838.8033580059109
23259	838.8033580059109
23573	838.8033580059109
23892	838.8033580059109
24211	838.8033580059109
24534	838.8033580059109
24850	838.8033580059109
25165	838.8033580059109
25479	838.8033580059109
25797	838.8033580059109
26114	838.8033580059109
26430	838.8033580059109
26748	838.8033580059109
27065	838.8033580059109
27382	838.8033580059109
27700	838.8033580059109
28013	838.8033580059109
28336	838.8033580059109
28653	838.8033580059109
28967	838.8033580059109
29281	838.8033580059109
30396	838.8033580059109
30711	838.8033580059109
31028	838.8033580059109
31344	838.8033580059109
31662	838.8033580059109
31981	838.8033580059109
32300	838.8033580059109
32622	838.8033580059109
32946	838.8033580059109
33269	838.8033580059109
33596	838.8033580059109
33914	838.8033580059109
34236	838.8033580059109
34559	838.8033580059109
34879	838.8033580059109
35201	838.8033580059109
35522	838.8033580059109
35847	838.8033580059109
36162	838.8033580059109
36481	838.8033580059109
37543	838.8033580059109
37868	838.8033580059109
38191	838.8033580059109
38516	838.8033580059109
38847	838.8033580059109
39171	838.8033580059109
39495	838.8033580059109
39818	838.8033580059109
40142	838.8033580059109
40468	838.8033580059109
40787	838.8033580059109
41111	838.8033580059109
41440	838.8033580059109
41767	838.8033580059109
42093	838.8033580059109
42416	838.8033580059109
42741	838.8033580059109
43063	838.8033580059109
43385	838.8033580059109
43709	838.8033580059109
44799	838.8033580059109
45124	838.8033580059109
45445	838.8033580059109
45768	838.8033580059109
46090	838.8033580059109
46412	838.8033580059109
46735	838.8033580059109
47058	838.8033580059109
47384	838.8033580059109
47709	838.8033580059109
48036	838.8033580059109
48369	838.8033580059109
48694	838.8033580059109
49020	838.8033580059109
49352	838.8033580059109
49682	838.8033580059109
50009	838.8033580059109
50330	838.8033580059109
50652	838.8033580059109
50981	838.8033580059109
52043	838.8033580059109
52369	838.8033580059109
52693	838.8033580059109
53017	838.8033580059109
53335	838.8033580059109
53656	838.8033580059109
53979	838.8033580059109
54295	838.8033580059109
54619	838.8033580059109
54941	838.8033580059109
56452	838.8033580059109
56774	838.8033580059109
57096	838.8033580059109
57417	838.8033580059109
57742	838.8033580059109
58066	838.8033580059109
58388	838.8033580059109
58715	838.8033580059109
59039	838.8033580059109
59362	838.8033580059109
59691	838.8033580059109
60022	838.8033580059109
60349	838.8033580059109
60679	838.8033580059109
61010	838.8033580059109
61337	838.8033580059109
61668	838.8033580059109
62004	838.8033580059109
62335	838.8033580059109
62664	838.8033580059109
64296	838.8033580059109
64623	838.8033580059109
64943	838.8033580059109
65266	838.8033580059109
65585	838.8033580059109
65912	838.8033580059109
66230	838.8033580059109
66557	838.8033580059109
66876	838.8033580059109
67194	838.8033580059109
67515	838.8033580059109
67842	838.8033580059109
68168	838.8033580059109
68494	838.8033580059109
68822	838.8033580059109
69150	838.8033580059109
69474	838.8033580059109
69801	838.8033580059109
70127	838.8033580059109
70458	838.8033580059109
71510	838.8033580059109
71835	838.8033580059109
72159	838.8033580059109
72492	838.8033580059109
72818	838.8033580059109
73140	838.8033580059109
73466	838.8033580059109
73791	838.8033580059109
74116	838.8033580059109
74443	838.8033580059109
74770	838.8033580059109
75096	838.8033580059109
75426	838.8033580059109
75759	838.8033580059109
76086	838.8033580059109
76413	838.8033580059109
76741	838.8033580059109
77067	838.8033580059109
77399	838.8033580059109
77727	838.8033580059109
79708	838.8033580059109
80034	838.8033580059109
80359	838.8033580059109
80682	838.8033580059109
81003	838.8033580059109
81324	838.8033580059109
81649	838.8033580059109
81972	838.8033580059109
82296	838.8033580059109
82617	838.8033580059109
82943	838.8033580059109
83270	838.8033580059109
83603	838.8033580059109
83932	838.8033580059109
84258	838.8033580059109
84578	838.8033580059109
84900	838.8033580059109
85220	838.8033580059109
85542	838.8033580059109
85866	838.8033580059109
86600	835.8184958430376
90190	835.8184958307695
90519	835.8184958307695
90839	835.8184958307695
91161	835.8184958307695
91482	835.8184958307695
91805	835.8184958307695
92131	835.8184958307695
92456	835.8184958307695
92785	835.8184958307695
93111	835.8184958307695
93431	835.8184958307695
93756	835.8184958307695
94083	835.8184958307695
94411	835.8184958307695
94734	835.8184958307695
95059	835.8184958307695
95382	835.8184958307695
95705	835.8184958307695
96030	835.8184958307695
97196	835.8184958307695
97525	835.8184958307695
97854	835.8184958307695
98185	835.8184958307695
98514	835.8184958307695
98834	835.8184958307695
99156	835.8184958307695
99470	835.8184958307695
99787	835.8184958307695
100100	835.8184958307695
100417	835.8184958307695
100733	835.8184958307695
101045	835.8184958307695
101362	835.8184958307695
101682	835.8184958307695
102001	835.8184958307695
102319	835.8184958307695
102635	835.8184958307695
102952	835.8184958307695
103273	835.8184958307695
104808	835.8184958307695
105127	835.8184958307695
105451	835.8184958307695
105774	835.8184958307695
106097	835.8184958307695
106420	835.8184958307695
106750	835.8184958307695
107069	835.8184958307695
107393	835.8184958307695
107715	835.8184958307695
108039	835.8184958307695
108365	835.8184958307695
108694	835.8184958307695
109018	835.8184958307695
109342	835.8184958307695
109662	835.8184958307695
109989	835.8184958307695
110313	835.8184958307695
110637	835.8184958307695
110963	835.8184958307695
111996	835.8184958307695
112328	835.8184958307695
112652	835.8184958307695
112976	835.8184958307695
113301	835.8184958307695
113627	835.8184958307695
113950	835.8184958307695
114273	835.8184958307695
114594	835.8184958307695
114918	835.8184958307695
115248	835.8184958307695
115571	835.8184958307695
115895	835.8184958307695
116220	835.8184958307695
116544	835.8184958307695
116870	835.8184958307695
117192	835.8184958307695
117514	835.8184958307695
117836	835.8184958307695
118160	835.8184958307695
121321	835.8184958307695
121646	835.8184958307695
121968	835.8184958307695
122293	835.8184958307695
122617	835.8184958307695
122946	835.8184958307695
123272	835.8184958307695
123594	835.8184958307695
123916	835.8184958307695
124242	835.8184958307695
124566	835.8184958307695
124885	835.8184958307695
125211	835.8184958307695
125532	835.8184958307695
125852	835.8184958307695
126176	835.8184958307695
126500	835.8184958307695
126829	835.8184958307695
127155	835.8184958307695
127480	835.8184958307695
128442	835.8184958307695
128767	835.8184958307695
129099	835.8184958307695
129428	835.8184958307695
129752	835.8184958307695
130072	835.8184958307695
130394	835.8184958307695
130712	835.8184958307695
131030	835.8184958307695
131352	835.8184958307695
132967	835.8184958307695
133289	835.8184958307695
133608	835.8184958307695
133928	835.8184958307695
134247	835.8184958307695
134569	835.8184958307695
134890	835.8184958307695
135213	835.8184958307695
135538	835.8184958307695
135862	835.8184958307695
136183	835.8184958307695
136509	835.8184958307695
136832	835.8184958307695
137156	835.8184958307695
137478	835.8184958307695
137805	835.8184958307695
138130	835.8184958307695
138452	835.8184958307695
138780	835.8184958307695
139102	835.8184958307695
140159	835.8184958307695
140484	835.8184958307695
140809	835.8184958307695
141138	835.8184958307695
141462	835.8184958307695
141787	835.8184958307695
142115	835.8184958307695
142444	835.8184958307695
142768	835.8184958307695
143090	835.8184958307695
143415	835.8184958307695
143740	835.8184958307695
144066	835.8184958307695
144398	835.8184958307695
144721	835.8184958307695
145046	835.8184958307695
145369	835.8184958307695
145695	835.8184958307695
146014	835.8184958307695
146339	835.8184958307695
149859	835.8184958307695
150177	835.8184958307695
150495	835.8184958307695
150812	835.8184958307695
151132	835.8184958307695
151451	835.8184958307695
151768	835.8184958307695
152088	835.8184958307695
152412	835.8184958307695
152732	835.8184958307695
153051	835.8184958307695
153374	835.8184958307695
153699	835.8184958307695
154021	835.8184958307695
154345	835.8184958307695
154670	835.8184958307695
154990	835.8184958307695
155311	835.8184958307695
155633	835.8184958307695
155957	835.8184958307695
157175	835.8184958307695
157496	835.8184958307695
157818	835.8184958307695
158139	835.8184958307695
158459	835.8184958307695
158780	835.8184958307695
159105	835.8184958307695
159428	835.8184958307695
159753	835.8184958307695
160075	835.8184958307695
160405	835.8184958307695
160725	835.8184958307695
161043	835.8184958307695
161363	835.8184958307695
161685	835.8184958307695
162003	835.8184958307695
162329	835.8184958307695
162652	835.8184958307695
162977	835.8184958307695
163297	835.8184958307695
164391	835.8184958307695
164711	835.8184958307695
165032	835.8184958307695
165352	835.8184958307695
165678	835.8184958307695
165998	835.8184958307695
166313	835.8184958307695
166631	835.8184958307695
166952	835.8184958307695
167276	835.8184958307695
168341	835.8184958307695
168669	835.8184958307695
168994	835.8184958307695
169320	835.8184958307695
169645	835.8184958307695
169974	835.8184958307695
170301	835.8184958307695
170627	835.8184958307695
170952	835.8184958307695
171275	835.8184958307695
171596	835.8184958307695
171924	835.8184958307695
172252	835.8184958307695
172579	835.8184958307695
172904	835.8184958307695
173229	835.8184958307695
173556	835.8184958307695
173887	835.8184958307695
174218	835.8184958307695
174543	835.8184958307695
176233	835.8184958307695
176555	835.8184958307695
176883	835.8184958307695
177208	835.8184958307695
177536	835.8184958307695
177858	835.8184958307695
178181	835.8184958307695
178502	835.8184958307695
178826	835.8184958307695
179153	835.8184958307695
179482	835.8184958307695
179808	835.8184958307695
180137	835.8184958307695
180462	835.8184958307695
180786	835.8184958307695
181117	835.8184958307695
181443	835.8184958307695
181771	835.8184958307695
182102	835.8184958307695
182431	835.8184958307695
184356	835.8184958307695
184682	835.8184958307695
185010	835.8184958307695
185341	835.8184958307695
185670	835.8184958307695
185995	835.8184958307695
186323	835.8184958307695
186643	835.8184958307695
186963	835.8184958307695
187284	835.8184958307695
187604	835.8184958307695
187923	835.8184958307695
188242	835.8184958307695
188560	835.8184958307695
188880	835.8184958307695
189202	835.8184958307695
189523	835.8184958307695
189848	835.8184958307695
190174	835.8184958307695
190496	835.8184958307695
191555	835.8184958307695
191882	835.8184958307695
192210	835.8184958307695
192545	835.8184958307695
192873	835.8184958307695
193206	835.8184958307695
193535	835.8184958307695
193867	835.8184958307695
194198	835.8184958307695
194531	835.8184958307695
194864	835.8184958307695
195198	835.8184958307695
195526	835.8184958307695
195856	835.8184958307695
196184	835.8184958307695
196514	835.8184958307695
196843	835.8184958307695
197163	835.8184958307695
197489	835.8184958307695
197815	835.8184958307695
199764	835.8184958307695
200087	835.8184958307695
200409	835.8184958307695
200727	835.8184958307695
201048	835.8184958307695
201370	835.8184958307695
201690	835.8184958307695
202008	835.8184958307695
202327	835.8184958307695
202645	835.8184958307695
203667	835.8184958307695
203991	835.8184958307695
204308	835.8184958307695
204633	835.8184958307695
204956	835.8184958307695
205281	835.8184958307695
205607	835.8184958307695
205936	835.8184958307695
206265	835.8184958307695
206596	835.8184958307695
206922	835.8184958307695
207241	835.8184958307695
207565	835.8184958307695
207888	835.8184958307695
208212	835.8184958307695
208535	835.8184958307695
208862	835.8184958307695
209189	835.8184958307695
209514	835.8184958307695
209836	835.8184958307695
210741	835.8184958307695
211068	835.8184958307695
211393	835.8184958307695
211713	835.8184958307695
212037	835.8184958307695
212365	835.8184958307695
212693	835.8184958307695
213018	835.8184958307695
213345	835.8184958307695
213676	835.8184958307695
214003	835.8184958307695
214327	835.8184958307695
214657	835.8184958307695
214988	835.8184958307695
215318	835.8184958307695
215643	835.8184958307695
215967	835.8184958307695
216293	835.8184958307695
216611	835.8184958307695
216933	835.8184958307695
219986	835.8184958307695
220303	835.8184958307695
220623	835.8184958307695
220944	835.8184958307695
221269	835.8184958307695
221589	835.8184958307695
221916	835.8184958307695
222239	835.8184958307695
222564	835.8184958307695
222891	835.8184958307695
223216	835.8184958307695
223540	835.8184958307695
223864	835.8184958307695
224190	835.8184958307695
224515	835.8184958307695
224841	835.8184958307695
225167	835.8184958307695
225491	835.8184958307695
225811	835.8184958307695
226132	835.8184958307695
227223	835.8184958307695
227544	835.8184958307695
227865	835.8184958307695
228183	835.8184958307695
228503	835.8184958307695
228823	835.8184958307695
229147	835.8184958307695
229473	835.8184958307695
229791	835.8184958307695
230119	835.8184958307695
230440	835.8184958307695
230762	835.8184958307695
231086	835.8184958307695
231410	835.8184958307695
231736	835.8184958307695
232059	835.8184958307695
232384	835.8184958307695
232707	835.8184958307695
233029	835.8184958307695
233355	835.8184958307695
234383	835.8184958307695
234704	835.8184958307695
235028	835.8184958307695
235357	835.8184958307695
235679	835.8184958307695
235999	835.8184958307695
236320	835.8184958307695
236646	835.8184958307695
236968	835.8184958307695
237294	835.8184958307695
238356	835.8184958307695
238677	835.8184958307695
239004	835.8184958307695
239334	835.8184958307695
239659	835.8184958307695
239987	835.8184958307695
240308	835.8184958307695
240634	835.8184958307695
240958	835.8184958307695
241282	835.8184958307695
241607	835.8184958307695
241930	835.8184958307695
242255	835.8184958307695
242577	835.8184958307695
242903	835.8184958307695
243232	835.8184958307695
243554	835.8184958307695
243878	835.8184958307695
244199	835.8184958307695
244521	835.8184958307695
246107	835.8184958307695
246428	835.8184958307695
246748	835.8184958307695
247069	835.8184958307695
247392	835.8184958307695
247718	835.8184958307695
248050	835.8184958307695
248371	835.8184958307695
248691	835.8184958307695
249013	835.8184958307695
249343	835.8184958307695
249671	835.8184958307695
249997	835.8184958307695
250323	835.8184958307695
250651	835.8184958307695
250975	835.8184958307695
251303	835.8184958307695
251631	835.8184958307695
251962	835.8184958307695
252291	835.8184958307695
252992	834.8235266845976
254115	834.8235266526547
254446	834.8235266526547
254775	834.8235266526547
255103	834.8235266526547
255428	834.8235266526547
255757	834.8235266526547
256083	834.8235266526547
256407	834.8235266526547
256732	834.8235266526547
257068	834.8235266526547
257401	834.8235266526547
257733	834.8235266526547
258062	834.8235266526547
258387	834.8235266526547
258707	834.8235266526547
259026	834.8235266526547
259340	834.8235266526547
259656	834.8235266526547
259972	834.8235266526547
260730	830.8437156779763
261550	828.8538026034867
262708	828.8538025863693
263028	828.8538025863693
263351	828.8538025863693
263672	828.8538025863693
263999	828.8538025863693
264313	828.8538025863693
264633	828.8538025863693
264954	828.8538025863693
265274	828.8538025863693
265596	828.8538025863693
265915	828.8538025863693
266236	828.8538025863693
266561	828.8538025863693
266878	828.8538025863693
267194	828.8538025863693
267510	828.8538025863693
267830	828.8538025863693
268147	828.8538025863693
268464	828.8538025863693
268777	828.8538025863693
269093	828.8538025863693
269415	828.8538025863693
269737	828.8538025863693
270055	828.8538025863693
270376	828.8538025863693
270695	828.8538025863693
271011	828.8538025863693
271335	828.8538025863693
272415	828.8538025863693
272733	828.8538025863693
273055	828.8538025863693
273375	828.8538025863693
273696	828.8538025863693
274021	828.8538025863693
274345	828.8538025863693
274669	828.8538025863693
274992	828.8538025863693
275323	828.8538025863693
276414	828.8538025863693
276736	828.8538025863693
277059	828.8538025863693
277385	828.8538025863693
277709	828.8538025863693
278030	828.8538025863693
278356	828.8538025863693
278685	828.8538025863693
279009	828.8538025863693
279333	828.8538025863693
279656	828.8538025863693
279981	828.8538025863693
280309	828.8538025863693
280632	828.8538025863693
280957	828.8538025863693
281281	828.8538025863693
281604	828.8538025863693
281932	828.8538025863693
282252	828.8538025863693
282571	828.8538025863693
283744	828.8538025863693
284067	828.8538025863693
284396	828.8538025863693
284720	828.8538025863693
285040	828.8538025863693
285363	828.8538025863693
285689	828.8538025863693
286014	828.8538025863693
286347	828.8538025863693
286669	828.8538025863693
286992	828.8538025863693
287316	828.8538025863693
287644	828.8538025863693
287967	828.8538025863693
288299	828.8538025863693
288627	828.8538025863693
288950	828.8538025863693
289271	828.8538025863693
289591	828.8538025863693
289920	828.8538025863693
290645	826.8638895629748
291433	824.8739714492859
292259	822.8840585750341
293543	822.8840583907744
293872	822.8840583907744
294193	822.8840583907744
294516	822.8840583907744
294836	822.8840583907744
295155	822.8840583907744
295473	822.8840583907744
295789	822.8840583907744
296108	822.8840583907744
296430	822.8840583907744
296749	822.8840583907744
297075	822.8840583907744
297397	822.8840583907744
297720	822.8840583907744
298043	822.8840583907744
298359	822.8840583907744
298679	822.8840583907744
299003	822.8840583907744
299322	822.8840583907744
299643	822.8840583907744
299967	822.8840583907744
300289	822.8840583907744
