300	5385.553783637006
646	4054.713330150042
992	3745.588740803967
1344	3665.7716015450405
1674	3637.945910563618
2009	3508.032267192813
2346	3486.014467792055
2672	3441.7818251058925
2995	3411.39656088586
3324	3402.9671059248185
3650	3393.163312836017
3976	3355.7224178905076
4303	3349.434380764429
4627	3332.307095094999
4953	3327.799921853946
5275	3318.0300457710164
5596	3301.9751614284337
5917	3301.9751614284337
6241	3298.182616679286
6559	3284.7574149664883
6878	3284.7574149664883
7199	3280.531297002668
7515	3280.531297002668
7833	3280.3793874298353
8153	3275.6680500592092
8471	3273.1652605686745
8788	3266.6980627011444
9109	3266.6980627011444
9426	3261.9023485860116
9738	3261.4725197415373
10051	3261.4725197415373
10363	3260.394251553791
10675	3260.394251553791
10987	3260.394251553791
11304	3255.3709237425046
11618	3252.8554124085886
11932	3252.8554124085886
12244	3248.7831515078096
12555	3248.7831515078096
12867	3248.7831515078096
13178	3248.7831515078096
13490	3248.7831515078096
15031	3217.269771684557
17947	3217.269771537592
18267	3217.269771537592
18586	3217.269771537592
18906	3217.269771537592
19220	3217.269771537592
19537	3217.269771537592
19851	3217.269771537592
20166	3217.269771537592
20479	3217.269771537592
20795	3217.269771537592
21114	3217.269771537592
21439	3217.269771537592
21756	3217.269771537592
22073	3217.269771537592
22387	3217.269771537592
22702	3217.269771537592
23023	3217.269771537592
23341	3217.269771537592
23656	3217.269771537592
23971	3217.269771537592
24286	3217.269771537592
24596	3217.269771537592
24910	3217.269771537592
25227	3217.269771537592
25538	3217.269771537592
25853	3217.269771537592
26163	3217.269771537592
26476	3217.269771537592
29287	3217.269771537592
29601	3217.269771537592
29915	3217.269771537592
30230	3217.269771537592
30546	3217.269771537592
30859	3217.269771537592
31169	3217.269771537592
31488	3217.269771537592
31797	3217.269771537592
32104	3217.269771537592
33104	3212.85748927562
34410	3208.7521180078265
36015	3208.7521177494277
36340	3208.7521177494277
36661	3208.7521177494277
40622	3208.06750122115
40943	3208.06750122115
41260	3208.06750122115
41578	3208.06750122115
41897	3208.06750122115
42219	3208.06750122115
42550	3208.06750122115
50348	3208.067008391793
50672	3208.067008391793
50994	3208.067008391793
53646	3208.0459820124715
53976	3208.0459820124715
58395	3206.757948649136
63035	3206.757948649136
63353	3206.757948649136
63676	3206.757948649136
63995	3206.757948649136
64310	3206.757948649136
64633	3206.757948649136
64954	3206.757948649136
65271	3206.757948649136
65588	3206.757948649136
65912	3206.757948649136
66228	3206.757948649136
66548	3206.757948649136
66865	3206.757948649136
67188	3206.757948649136
67508	3206.757948649136
67827	3206.757948649136
68142	3206.757948649136
74381	3206.742272595021
74708	3206.742272595021
75028	3206.742272595021
78536	3206.610443743643
81213	3206.5799887589396
81536	3206.5799887589396
81865	3206.5799887589396
85765	3206.495999786739
91540	3206.4572779699074
91864	3206.4572779699074
92189	3206.4572779699074
99300	3205.9418890051534
104174	3205.9418889762132
104503	3205.9418889762132
104831	3205.9418889762132
105158	3205.9418889762132
111029	3205.8161784678123
114963	3205.8161784678123
115286	3205.8161784678123
115604	3205.8161784678123
115928	3205.8161784678123
116248	3205.8161784678123
121219	3205.7470807185978
121547	3205.7470807185978
121862	3205.7470807185978
128120	3205.7228224697
128442	3205.7228224697
128756	3205.7228224697
129072	3205.7228224697
134955	3205.7005967181194
135284	3205.7005967181194
135606	3205.7005967181194
140628	3205.690219268411
145083	3205.6575813856634
145401	3205.6575813856634
145730	3205.6575813856634
151177	3205.6463530979213
156176	3205.6403925909685
162400	3205.6302116195548
162721	3205.6302116195548
163035	3205.6302116195548
166779	3205.6296093075357
173339	3205.6022093573138
178967	3205.5912735434895
179284	3205.5912735434895
184133	3205.5561238487116
188704	3205.556123848549
189024	3205.556123848549
189340	3205.556123848549
193664	3205.5354278600753
198882	3205.529864866927
199205	3205.529864866927
204553	3205.5204564465967
204875	3205.5204564465967
211310	3205.5136597967526
215790	3205.5039911415383
216106	3205.5039911415383
216420	3205.5039911415383
216731	3205.5039911415383
217045	3205.5039911415383
222874	3205.502079067656
223186	3205.502079067656
223507	3205.502079067656
227289	3205.4972170618416
227603	3205.4972170618416
230436	3205.492891526173
233294	3205.487784765548
236776	3205.4804834010224
241231	3205.4804834010224
241549	3205.4804834010224
246818	3205.468947610421
247142	3205.468947610421
247463	3205.468947610421
247776	3205.468947610421
248100	3205.468947610421
251516	3205.4663113673323
251836	3205.4663113673323
254078	3205.4660355426104
254395	3205.4660355426104
260012	3205.4624869983336
263186	3205.4570684487708
263506	3205.4570684487708
263821	3205.4570684487708
264136	3205.4570684487708
268505	3205.453222827326
268826	3205.453222827326
274437	3205.4474155597704
274756	3205.4474155597704
275070	3205.4474155597704
275386	3205.4474155597704
275712	3205.4474155597704
281173	3205.4449626037476
285560	3205.4422247757893
285880	3205.4422247757893
286196	3205.4422247757893
286515	3205.4422247757893
288745	3205.4404478106903
289063	3205.4404478106903
289375	3205.4404478106903
289693	3205.4404478106903
290010	3205.4404478106903
290321	3205.4404478106903
290639	3205.4404478106903
292884	3205.43924045119
296456	3205.4344078758286
296777	3205.4344078758286
297089	3205.4344078758286
301243	3205.434205897215
