300	4697.7114481475855
650	4193.7869151254345
990	4006.688689477088
1339	3652.178985713255
1671	3592.718155665969
2011	3367.826465502683
2344	3367.826465502683
2673	3367.826465502683
3004	3366.4770223273126
3336	3343.9833223651294
3670	3329.977208276461
3991	3326.1985255329373
4315	3309.74410386725
4644	3291.907039441703
4973	3284.114378095334
5299	3274.8117343709655
5623	3270.1685711866903
5949	3262.39621451589
6267	3254.324625254731
6585	3254.324625254731
6905	3253.156830143973
7224	3252.031949078356
7543	3252.031949078356
7861	3252.031949078356
8181	3252.031949078356
8499	3248.3509713169587
8819	3246.2407188714146
9140	3244.768023615672
9458	3242.619860751521
9779	3240.808040506427
10094	3240.808040506427
10409	3240.808040506427
10724	3240.808040506427
11040	3240.808040506427
11351	3240.808040506427
11664	3240.808040506427
11982	3239.1717439736285
12292	3239.1717439736285
12605	3239.1717439736285
12919	3239.1717439736285
13234	3237.618245439874
20920	3225.3663668498566
21239	3225.3663668498566
21547	3225.3663668498566
21865	3225.3663668498566
22180	3225.3663668498566
22493	3225.3663668498566
22809	3225.3663668498566
23134	3225.3663668498566
23459	3225.3663668498566
23776	3225.3663668498566
24093	3225.3663668498566
24415	3225.3663668498566
24729	3225.3663668498566
25049	3225.3663668498566
25371	3225.3663668498566
25684	3225.3663668498566
25998	3225.3663668498566
26314	3225.3663668498566
26629	3225.3663668498566
32624	3224.233508442003
32942	3224.233508442003
33269	3224.233508442003
33583	3224.233508442003
37867	3221.1709921361035
42920	3216.1144619200945
45591	3216.1144619200945
45913	3216.1144619200945
46237	3216.1144619200945
46555	3216.1144619200945
46872	3216.1144619200945
47184	3216.1144619200945
47504	3216.1144619200945
47824	3216.1144619200945
48138	3216.1144619200945
48458	3216.1144619200945
48771	3216.1144619200945
49094	3216.1144619200945
49415	3216.1144619200945
49728	3216.1144619200945
50045	3216.1144619200945
50363	3216.1144619200945
50673	3216.1144619200945
50992	3216.1144619200945
51306	3216.1144619200945
51624	3216.1144619200945
51937	3216.1144619200945
52256	3216.1144619200945
52569	3216.1144619200945
52883	3216.1144619200945
53198	3216.1144619200945
56860	3216.1144619200945
57176	3216.1144619200945
57497	3216.1144619200945
57814	3216.1144619200945
58127	3216.1144619200945
58443	3216.1144619200945
58753	3216.1144619200945
59076	3216.1144619200945
59386	3216.1144619200945
59707	3216.1144619200945
65923	3216.1144619200945
66237	3216.1144619200945
66546	3216.1144619200945
66861	3216.1144619200945
67182	3216.1144619200945
67498	3216.1144619200945
67813	3216.1144619200945
68127	3216.1144619200945
68441	3216.1144619200945
68761	3216.1144619200945
69078	3216.1144619200945
69398	3216.1144619200945
69709	3216.1144619200945
70031	3216.1144619200945
70348	3216.1144619200945
70672	3216.1144619200945
70985	3216.1144619200945
71297	3216.1144619200945
71618	3216.1144619200945
71933	3216.1144619200945
75035	3216.1144619200945
75352	3216.1144619200945
75670	3216.1144619200945
75992	3216.1144619200945
76310	3216.1144619200945
76624	3216.1144619200945
76942	3216.1144619200945
77253	3216.1144619200945
77562	3216.1144619200945
77880	3216.1144619200945
78192	3216.1144619200945
78508	3216.1144619200945
78824	3216.1144619200945
79133	3216.1144619200945
79447	3216.1144619200945
79761	3216.1144619200945
80082	3216.1144619200945
80394	3216.1144619200945
80705	3216.1144619200945
81015	3216.1144619200945
84782	3216.1144619200945
85096	3216.1144619200945
85406	3216.1144619200945
85713	3216.1144619200945
86037	3216.1144619200945
86358	3216.1144619200945
86672	3216.1144619200945
86986	3216.1144619200945
87299	3216.1144619200945
87611	3216.1144619200945
87923	3216.1144619200945
88237	3216.1144619200945
88556	3216.1144619200945
88872	3216.1144619200945
89184	3216.1144619200945
89499	3216.1144619200945
89814	3216.1144619200945
90128	3216.1144619200945
90439	3216.1144619200945
90754	3216.1144619200945
92133	3216.1144619200945
92444	3216.1144619200945
92753	3216.1144619200945
93066	3216.1144619200945
93378	3216.1144619200945
93684	3216.1144619200945
94000	3216.1144619200945
94311	3216.1144619200945
94618	3216.1144619200945
94929	3216.1144619200945
95241	3216.1144619200945
95553	3216.1144619200945
95864	3216.1144619200945
96182	3216.1144619200945
96501	3216.1144619200945
96815	3216.1144619200945
97128	3216.1144619200945
97446	3216.1144619200945
97762	3216.1144619200945
98082	3216.1144619200945
101830	3216.1144619200945
102146	3216.1144619200945
102468	3216.1144619200945
102788	3216.1144619200945
103104	3216.1144619200945
103423	3216.1144619200945
103738	3216.1144619200945
104050	3216.1144619200945
104360	3216.1144619200945
104672	3216.1144619200945
108051	3216.1144619200945
108367	3216.1144619200945
108688	3216.1144619200945
109010	3216.1144619200945
109322	3216.1144619200945
109638	3216.1144619200945
109958	3216.1144619200945
110285	3216.1144619200945
110600	3216.1144619200945
110927	3216.1144619200945
111245	3216.1144619200945
111572	3216.1144619200945
116634	3215.5839530191265
116961	3215.5839530191265
117277	3215.5839530191265
117600	3215.5839530191265
120838	3215.5673619547024
121159	3215.5673619547024
121483	3215.5673619547024
126080	3215.5469536092314
128051	3215.5052762359446
133622	3215.487823428961
137504	3215.384433653168
141642	3215.324252139034
141971	3215.324252139034
142293	3215.324252139034
144703	3215.296455601699
145019	3215.296455601699
150752	3215.257957842556
154216	3215.231585622584
157393	3215.1949833382623
157714	3215.1949833382623
158037	3215.1949833382623
158355	3215.1949833382623
163010	3213.525698827256
165858	3213.525698692787
166192	3213.525698692787
166513	3213.525698692787
166830	3213.525698692787
167156	3213.525698692787
167479	3213.525698692787
167801	3213.525698692787
168119	3213.525698692787
168441	3213.525698692787
168757	3213.525698692787
169071	3213.525698692787
169388	3213.525698692787
169703	3213.525698692787
170026	3213.525698692787
170347	3213.525698692787
170670	3213.525698692787
170999	3213.525698692787
171326	3213.525698692787
171648	3213.525698692787
171967	3213.525698692787
172283	3213.525698692787
172605	3213.525698692787
172922	3213.525698692787
173239	3213.525698692787
173563	3213.525698692787
177017	3213.525698692787
177338	3213.525698692787
177664	3213.525698692787
177988	3213.525698692787
178314	3213.525698692787
178636	3213.525698692787
178953	3213.525698692787
179268	3213.525698692787
179588	3213.525698692787
179909	3213.525698692787
180237	3213.525698692787
180563	3213.525698692787
180892	3213.525698692787
181218	3213.525698692787
181544	3213.525698692787
181873	3213.525698692787
182193	3213.525698692787
182515	3213.525698692787
182838	3213.525698692787
183158	3213.525698692787
186853	3213.525698692787
187167	3213.525698692787
187489	3213.525698692787
187812	3213.525698692787
188132	3213.525698692787
188459	3213.525698692787
192512	3212.739564237435
192838	3212.739564237435
193153	3212.739564237435
193469	3212.739564237435
193783	3212.739564237435
194106	3212.739564237435
194425	3212.739564237435
194750	3212.739564237435
195078	3212.739564237435
201690	3212.6479256270213
202016	3212.6479256270213
202339	3212.6479256270213
202657	3212.6479256270213
202974	3212.6479256270213
203295	3212.6479256270213
209855	3212.6326347575255
214172	3212.557494745951
214487	3212.557494745951
220612	3212.5105007328357
220940	3212.5105007328357
221264	3212.5105007328357
226227	3212.48890528773
230769	3212.479454901243
231091	3212.479454901243
231410	3212.479454901243
231733	3212.479454901243
232056	3212.479454901243
232377	3212.479454901243
232696	3212.479454901243
233013	3212.479454901243
238328	3212.4297617696297
238645	3212.4297617696297
241875	3212.3896315606735
242199	3212.3896315606735
246151	3212.3669788233397
246469	3212.3669788233397
246791	3212.3669788233397
250526	3212.318909667675
250852	3212.318909667675
251181	3212.318909667675
256474	3212.311284829032
260107	3212.29064697013
265445	3212.2563846980847
265770	3212.2563846980847
266100	3212.2563846980847
268831	3212.251949245733
272113	3212.2416108511816
272441	3212.2416108511816
272760	3212.2416108511816
276310	3212.236003202333
280362	3212.229995985593
285034	3212.2257567927863
290015	3212.216003074047
294100	3212.212555401732
294435	3212.212555401732
297679	3212.2086011389692
300691	3212.2046630629734
