1000	7252.897677652275
2276	5725.961132434311
3490	5233.314045879424
4667	5051.58432190165
5840	4835.02210971304
7013	4606.6771308724365
8169	4582.068766573919
9329	4435.773453091844
10483	4391.126864078155
11633	4314.253992247853
12784	4280.447380313641
13932	4248.08784421977
15081	4185.546153252806
16226	4136.492140187416
17366	4136.230977458856
18510	4114.636883783629
19647	4101.308930742976
20787	4090.53297304231
21922	4012.7291061360547
23064	3971.2460015653223
24203	3971.2460015653223
25345	3971.2460015653223
26481	3971.2460015653223
27617	3934.570269429721
28754	3924.539235308317
29886	3909.661374810932
31014	3909.661374810932
32142	3909.661374810932
33271	3909.661374810932
34401	3909.661374810932
35535	3909.661374810932
36663	3857.1281685303557
37795	3857.1281685303557
38924	3857.1281685303557
40056	3857.1281685303557
41183	3857.1281685303557
42313	3847.84375884784
43441	3847.84375884784
44571	3847.84375884784
45697	3847.84375884784
46829	3847.84375884784
47961	3847.84375884784
61566	3315.303263821845
73708	3215.611438325872
95907	3215.611438325872
97045	3215.611438325872
98178	3215.611438325872
99321	3215.611438325872
100462	3215.611438325872
101608	3215.611438325872
102749	3215.611438325872
103885	3215.611438325872
105036	3215.611438325872
106176	3215.611438325872
107323	3215.611438325872
108470	3215.611438325872
109612	3215.611438325872
110761	3215.611438325872
111906	3215.611438325872
113048	3215.611438325872
114204	3215.611438325872
117174	3215.370819292039
129337	3213.0473174400386
138187	3177.2396490772244
145855	3177.2396490072797
147015	3177.2396490072797
148174	3177.2396490072797
149326	3177.2396490072797
150471	3177.2396490072797
151614	3177.2396490072797
152768	3177.2396490072797
153912	3177.2396490072797
155058	3177.2396490072797
156198	3177.2396490072797
157340	3177.2396490072797
158480	3177.2396490072797
159624	3177.2396490072797
160760	3177.2396490072797
161902	3177.2396490072797
163040	3177.2396490072797
164177	3177.2396490072797
165315	3177.2396490072797
166459	3177.2396490072797
167597	3177.2396490072797
168745	3177.2396490072797
169879	3177.2396490072797
171018	3177.2396490072797
172153	3177.2396490072797
173291	3177.2396490072797
174429	3177.2396490072797
175565	3177.2396490072797
181075	3177.2396490072797
182210	3177.2396490072797
183345	3177.2396490072797
184483	3177.2396490072797
185618	3177.2396490072797
186754	3177.2396490072797
187890	3177.2396490072797
189030	3177.2396490072797
190166	3177.2396490072797
191296	3177.2396490072797
203852	3177.2396490072797
204985	3177.2396490072797
206114	3177.2396490072797
207246	3177.2396490072797
208385	3177.2396490072797
209524	3177.2396490072797
210658	3177.2396490072797
211791	3177.2396490072797
212926	3177.2396490072797
214062	3177.2396490072797
215203	3177.2396490072797
216339	3177.2396490072797
217478	3177.2396490072797
218623	3177.2396490072797
219763	3177.2396490072797
220905	3177.2396490072797
222048	3177.2396490072797
223181	3177.2396490072797
224324	3177.2396490072797
225463	3177.2396490072797
239377	3177.2396490072797
240521	3177.2396490072797
241663	3177.2396490072797
242805	3177.2396490072797
243943	3177.2396490072797
245088	3177.2396490072797
246232	3177.2396490072797
247369	3177.2396490072797
248512	3177.2396490072797
249660	3177.2396490072797
250805	3177.2396490072797
251947	3177.2396490072797
253087	3177.2396490072797
254224	3177.2396490072797
255365	3177.2396490072797
256508	3177.2396490072797
257654	3177.2396490072797
258800	3177.2396490072797
259944	3177.2396490072797
261091	3177.2396490072797
263952	3177.228574686378
271017	3177.228574676183
272165	3177.228574676183
273324	3177.228574676183
274472	3177.228574676183
275624	3177.228574676183
276783	3177.228574676183
277937	3177.228574676183
279093	3177.228574676183
280247	3177.228574676183
281399	3177.228574676183
282562	3177.228574676183
283716	3177.228574676183
284871	3177.228574676183
286027	3177.228574676183
287185	3177.228574676183
288341	3177.228574676183
289491	3177.228574676183
290644	3177.228574676183
291800	3177.228574676183
297345	3177.228574676183
298497	3177.228574676183
299654	3177.228574676183
300813	3177.228574676183
301966	3177.228574676183
303120	3177.228574676183
304270	3177.228574676183
305421	3177.228574676183
306581	3177.228574676183
307743	3177.228574676183
308906	3177.228574676183
310064	3177.228574676183
311228	3177.228574676183
312391	3177.228574676183
313549	3177.228574676183
314709	3177.228574676183
315867	3177.228574676183
317032	3177.228574676183
318191	3177.228574676183
319360	3177.228574676183
322135	3171.8881208341318
326114	3171.8881208277853
327283	3171.8881208277853
328443	3171.8881208277853
329602	3171.8881208277853
330758	3171.8881208277853
331908	3171.8881208277853
333071	3171.8881208277853
334228	3171.8881208277853
335399	3171.8881208277853
336561	3171.8881208277853
337723	3171.8881208277853
338880	3171.8881208277853
340041	3171.8881208277853
341204	3171.8881208277853
342356	3171.8881208277853
343516	3171.8881208277853
344666	3171.8881208277853
345826	3171.8881208277853
346984	3171.8881208277853
353591	3165.0973171931782
359899	3165.094411248698
366016	3161.62188223444
377764	3161.62188223444
378921	3161.62188223444
380076	3161.62188223444
381232	3161.62188223444
382381	3161.62188223444
383534	3161.62188223444
384690	3161.62188223444
385850	3161.62188223444
387003	3161.62188223444
388163	3161.62188223444
389317	3161.62188223444
390467	3161.62188223444
391625	3161.62188223444
392774	3161.62188223444
393932	3161.62188223444
395085	3161.62188223444
396239	3161.62188223444
410537	3161.62188223444
411688	3161.62188223444
412849	3161.62188223444
414001	3161.62188223444
415160	3161.62188223444
416312	3161.62188223444
417463	3161.62188223444
418618	3161.62188223444
419768	3161.62188223444
420916	3161.62188223444
422065	3161.62188223444
423223	3161.62188223444
424373	3161.62188223444
425519	3161.62188223444
426671	3161.62188223444
427818	3161.62188223444
428963	3161.62188223444
430115	3161.62188223444
431266	3161.62188223444
432418	3161.62188223444
441235	3161.62188223444
442385	3161.62188223444
443532	3161.62188223444
444674	3161.62188223444
445823	3161.62188223444
446970	3161.62188223444
448117	3161.62188223444
449267	3161.62188223444
450412	3161.62188223444
462879	3154.467279324748
470956	3154.4672793032405
472114	3154.4672793032405
473262	3154.4672793032405
474413	3154.4672793032405
475557	3154.4672793032405
476703	3154.4672793032405
477853	3154.4672793032405
479007	3154.4672793032405
480151	3154.4672793032405
481304	3154.4672793032405
482456	3154.4672793032405
483602	3154.4672793032405
484757	3154.4672793032405
485906	3154.4672793032405
487062	3154.4672793032405
488220	3154.4672793032405
489374	3154.4672793032405
490523	3154.4672793032405
491681	3154.4672793032405
492828	3154.4672793032405
500017	3154.4672793032405
501169	3154.4672793032405
502326	3154.4672793032405
503476	3154.4672793032405
504640	3154.4672793032405
505794	3154.4672793032405
506953	3154.4672793032405
508110	3154.4672793032405
509263	3154.4672793032405
510415	3154.4672793032405
511571	3154.4672793032405
512724	3154.4672793032405
513879	3154.4672793032405
515035	3154.4672793032405
516190	3154.4672793032405
517342	3154.4672793032405
518496	3154.4672793032405
519646	3154.4672793032405
520797	3154.4672793032405
521973	3154.4672793032405
529747	3154.4672793032405
530904	3154.4672793032405
532055	3154.4672793032405
533221	3154.4672793032405
534379	3154.4672793032405
535529	3154.4672793032405
536691	3154.4672793032405
537863	3154.4672793032405
539031	3154.4672793032405
540195	3154.4672793032405
541355	3154.4672793032405
542514	3154.4672793032405
543666	3154.4672793032405
544822	3154.4672793032405
545986	3154.4672793032405
547133	3154.4672793032405
548288	3154.4672793032405
549438	3154.4672793032405
550598	3154.4672793032405
551751	3154.4672793032405
557750	3147.7600631552746
565662	3146.813764927588
577081	3136.704816042976
578246	3136.704816042976
579400	3136.704816042976
580553	3136.704816042976
581700	3136.704816042976
582852	3136.704816042976
583996	3136.704816042976
585144	3136.704816042976
586293	3136.704816042976
587446	3136.704816042976
588594	3136.704816042976
589740	3136.704816042976
590885	3136.704816042976
592027	3136.704816042976
593167	3136.704816042976
594313	3136.704816042976
595460	3136.704816042976
596600	3136.704816042976
597741	3136.704816042976
598889	3136.704816042976
600040	3136.704816042976
601190	3136.704816042976
602334	3136.704816042976
603477	3136.704816042976
604626	3136.704816042976
605769	3136.704816042976
606909	3136.704816042976
608053	3136.704816042976
614363	3136.704816042976
615510	3136.704816042976
616661	3136.704816042976
617813	3136.704816042976
618968	3136.704816042976
620115	3136.704816042976
621271	3136.704816042976
622425	3136.704816042976
623573	3136.704816042976
624720	3136.704816042976
632293	3136.704816042976
633445	3136.704816042976
634593	3136.704816042976
635747	3136.704816042976
636895	3136.704816042976
638048	3136.704816042976
639202	3136.704816042976
640356	3136.704816042976
641508	3136.704816042976
642663	3136.704816042976
643821	3136.704816042976
644972	3136.704816042976
646128	3136.704816042976
647280	3136.704816042976
648436	3136.704816042976
649590	3136.704816042976
650743	3136.704816042976
651901	3136.704816042976
653053	3136.704816042976
654207	3136.704816042976
661977	3136.704816042976
663129	3136.704816042976
664285	3136.704816042976
665438	3136.704816042976
666594	3136.704816042976
667749	3136.704816042976
668914	3136.704816042976
670070	3136.704816042976
671229	3136.704816042976
672386	3136.704816042976
673548	3136.704816042976
674707	3136.704816042976
675867	3136.704816042976
677036	3136.704816042976
678215	3136.704816042976
679387	3136.704816042976
680562	3136.704816042976
681727	3136.704816042976
682902	3136.704816042976
684067	3136.704816042976
691819	3136.704816042976
692992	3136.704816042976
705930	3127.180462514686
719564	3119.578892733731
728257	3116.513597786757
729420	3116.513597786757
730590	3116.513597786757
739660	3116.506582374483
740840	3116.506582374483
751647	3116.4990534624085
752832	3116.4990534624085
754008	3116.4990534624085
755175	3116.4990534624085
764769	3116.486360090219
772852	3116.483939582164
783273	3116.482921349039
792789	3116.482350151345
793957	3116.482350151345
801541	3116.4807712565935
811736	3116.4798914737203
822213	3116.4768420020355
831893	3116.4759980958574
833044	3116.4759980958574
834200	3116.4759980958574
844683	3116.474584343281
854586	3116.474118420836
863841	3116.473299772501
870394	3116.4732849191496
877757	3116.4722792450298
886128	3116.471656361352
887294	3116.471656361352
897885	3116.4712892664747
907064	3116.470549512229
915140	3116.470390324626
921911	3116.4703037608947
931625	3116.4700838698263
939644	3116.469889830235
940807	3116.469889830235
953718	3116.469857176479
961790	3116.4697804132556
971852	3110.956623940181
979709	3110.9566239382884
980874	3110.9566239382884
982031	3110.9566239382884
983207	3110.9566239382884
984372	3110.9566239382884
985532	3110.9566239382884
986695	3110.9566239382884
987854	3110.9566239382884
989027	3110.9566239382884
990182	3110.9566239382884
991341	3110.9566239382884
992498	3110.9566239382884
993666	3110.9566239382884
994829	3110.9566239382884
995994	3110.9566239382884
997156	3110.9566239382884
998319	3110.9566239382884
999480	3110.9566239382884
1000657	3110.9566239382884
