300	1120.601753251011
628	1012.3434168590576
951	900.7727813627904
1273	851.1174766715617
1593	819.4162168303849
1908	819.4162168303849
2229	805.552436142951
2541	778.2605387500075
2853	778.2605387500075
3166	768.836112944515
3479	768.836112944515
3791	767.2229089672935
4101	767.2229089672935
4411	751.7538836816391
4721	751.7538836816391
5032	748.8999840464694
5340	748.8999840464694
5651	738.1422349185857
5962	738.1422349185857
6272	738.1422349185857
6579	738.1422349185857
6885	738.1422349185857
7193	738.1422349185857
7503	736.6356082756395
7810	736.6356082756395
8117	736.6356082756395
8424	736.6356082756395
8732	733.5867406472746
9042	733.5867406472746
9353	733.5867406472746
9665	732.2168164063947
9976	732.2168164063947
10287	732.2168164063947
10597	715.5847882870142
10906	715.5847882870142
11215	715.5847882870142
11524	715.5847882870142
11832	715.5847882870142
12143	715.5847882870142
12455	715.5847882870142
12767	715.5847882870142
13080	715.5847882870142
13391	715.5847882870142
13700	715.5847882870142
14010	715.5847882870142
14317	715.5847882870142
14627	715.5847882870142
14936	715.5847882870142
18010	586.5611855430486
19000	570.6418815171629
19839	564.6722179768333
21190	564.6722176826047
21503	564.6722176826047
21815	564.6722176826047
22128	564.6722176826047
22436	564.6722176826047
22748	564.6722176826047
23061	564.6722176826047
23377	564.6722176826047
23687	564.6722176826047
23998	564.6722176826047
24309	564.6722176826047
24621	564.6722176826047
24933	564.6722176826047
25248	564.6722176826047
25561	564.6722176826047
25872	564.6722176826047
26181	564.6722176826047
26495	564.6722176826047
26805	564.6722176826047
27121	564.6722176826047
28088	556.7125298948654
29794	556.7125298735889
30107	556.7125298735889
30418	556.7125298735889
30729	556.7125298735889
31037	556.7125298735889
31346	556.7125298735889
31655	556.7125298735889
31964	556.7125298735889
32277	556.7125298735889
32590	556.7125298735889
32900	556.7125298735889
33212	556.7125298735889
33525	556.7125298735889
33842	556.7125298735889
34158	556.7125298735889
34474	556.7125298735889
34790	556.7125298735889
35105	556.7125298735889
35419	556.7125298735889
36986	556.7125298735889
37304	556.7125298735889
37619	556.7125298735889
37933	556.7125298735889
38248	556.7125298735889
38563	556.7125298735889
38877	556.7125298735889
39191	556.7125298735889
39507	556.7125298735889
39820	556.7125298735889
40136	556.7125298735889
40449	556.7125298735889
40766	556.7125298735889
41081	556.7125298735889
41394	556.7125298735889
41709	556.7125298735889
42021	556.7125298735889
42337	556.7125298735889
42654	556.7125298735889
42972	556.7125298735889
44179	556.7125298735889
44501	556.7125298735889
44823	556.7125298735889
45145	556.7125298735889
45466	556.7125298735889
45788	556.7125298735889
46108	556.7125298735889
46431	556.7125298735889
46751	556.7125298735889
47075	556.7125298735889
47397	556.7125298735889
47719	556.7125298735889
48043	556.7125298735889
48368	556.7125298735889
48695	556.7125298735889
49020	556.7125298735889
49345	556.7125298735889
49666	556.7125298735889
49997	556.7125298735889
50323	556.7125298735889
51088	551.7377447128449
52216	551.7377446741962
52547	551.7377446741962
52879	551.7377446741962
53208	551.7377446741962
53537	551.7377446741962
53870	551.7377446741962
54194	551.7377446741962
54522	551.7377446741962
54853	551.7377446741962
55182	551.7377446741962
55512	551.7377446741962
55839	551.7377446741962
56171	551.7377446741962
56501	551.7377446741962
56832	551.7377446741962
57159	551.7377446741962
57488	551.7377446741962
57825	551.7377446741962
58150	551.7377446741962
59160	551.7377446741962
59487	551.7377446741962
59816	551.7377446741962
60149	551.7377446741962
60477	551.7377446741962
60806	551.7377446741962
61133	551.7377446741962
61461	551.7377446741962
61788	551.7377446741962
62118	551.7377446741962
62450	551.7377446741962
62783	551.7377446741962
63113	551.7377446741962
63445	551.7377446741962
63772	551.7377446741962
64095	551.7377446741962
64418	551.7377446741962
64740	551.7377446741962
65069	551.7377446741962
65398	551.7377446741962
66567	551.7377446741962
66894	551.7377446741962
67220	551.7377446741962
67549	551.7377446741962
67875	551.7377446741962
68200	551.7377446741962
68530	551.7377446741962
68857	551.7377446741962
69179	551.7377446741962
69504	551.7377446741962
69834	551.7377446741962
70161	551.7377446741962
70489	551.7377446741962
70814	551.7377446741962
71138	551.7377446741962
71464	551.7377446741962
71787	551.7377446741962
72107	551.7377446741962
72439	551.7377446741962
72770	551.7377446741962
73840	551.7377446741962
74169	551.7377446741962
74501	551.7377446741962
74835	551.7377446741962
75161	551.7377446741962
75489	551.7377446741962
75815	551.7377446741962
76141	551.7377446741962
76468	551.7377446741962
76796	551.7377446741962
77128	551.7377446741962
77459	551.7377446741962
77789	551.7377446741962
78118	551.7377446741962
78453	551.7377446741962
78790	551.7377446741962
79115	551.7377446741962
79443	551.7377446741962
79774	551.7377446741962
80108	551.7377446741962
81028	551.7377446741962
81359	551.7377446741962
81688	551.7377446741962
82013	551.7377446741962
82339	551.7377446741962
82667	551.7377446741962
82999	551.7377446741962
83331	551.7377446741962
83658	551.7377446741962
83988	551.7377446741962
84315	551.7377446741962
84641	551.7377446741962
84965	551.7377446741962
85293	551.7377446741962
85616	551.7377446741962
85936	551.7377446741962
86259	551.7377446741962
86573	551.7377446741962
86897	551.7377446741962
87221	551.7377446741962
88591	551.7377446741962
88911	551.7377446741962
89230	551.7377446741962
89551	551.7377446741962
89874	551.7377446741962
90194	551.7377446741962
90514	551.7377446741962
90836	551.7377446741962
91159	551.7377446741962
91482	551.7377446741962
92704	551.7377446741962
93026	551.7377446741962
93346	551.7377446741962
93674	551.7377446741962
93998	551.7377446741962
94320	551.7377446741962
94644	551.7377446741962
94968	551.7377446741962
95292	551.7377446741962
95618	551.7377446741962
95941	551.7377446741962
96268	551.7377446741962
96596	551.7377446741962
96924	551.7377446741962
97253	551.7377446741962
97583	551.7377446741962
97919	551.7377446741962
98247	551.7377446741962
98576	551.7377446741962
98910	551.7377446741962
101246	551.7377446741962
101577	551.7377446741962
101904	551.7377446741962
102237	551.7377446741962
102562	551.7377446741962
102887	551.7377446741962
103211	551.7377446741962
103535	551.7377446741962
103857	551.7377446741962
104179	551.7377446741962
104496	551.7377446741962
104813	551.7377446741962
105132	551.7377446741962
105452	551.7377446741962
105773	551.7377446741962
106090	551.7377446741962
106408	551.7377446741962
106723	551.7377446741962
107041	551.7377446741962
107358	551.7377446741962
108483	551.7377446741962
108800	551.7377446741962
109115	551.7377446741962
109434	551.7377446741962
109750	551.7377446741962
110069	551.7377446741962
110387	551.7377446741962
110704	551.7377446741962
111020	551.7377446741962
111335	551.7377446741962
111653	551.7377446741962
111968	551.7377446741962
112286	551.7377446741962
112599	551.7377446741962
112914	551.7377446741962
113231	551.7377446741962
113556	551.7377446741962
113879	551.7377446741962
114197	551.7377446741962
114513	551.7377446741962
115202	536.8134599433008
116519	536.8134599388717
116837	536.8134599388717
117154	536.8134599388717
117473	536.8134599388717
117792	536.8134599388717
118109	536.8134599388717
118422	536.8134599388717
118739	536.8134599388717
119051	536.8134599388717
119367	536.8134599388717
119682	536.8134599388717
119994	536.8134599388717
120313	536.8134599388717
120628	536.8134599388717
120945	536.8134599388717
121262	536.8134599388717
121580	536.8134599388717
121897	536.8134599388717
122222	536.8134599388717
123323	536.8134599388717
123643	536.8134599388717
123968	536.8134599388717
124292	536.8134599388717
124618	536.8134599388717
124940	536.8134599388717
125260	536.8134599388717
125581	536.8134599388717
125901	536.8134599388717
126222	536.8134599388717
126541	536.8134599388717
126859	536.8134599388717
127184	536.8134599388717
127503	536.8134599388717
127825	536.8134599388717
128155	536.8134599388717
128475	536.8134599388717
128800	536.8134599388717
129125	536.8134599388717
129454	536.8134599388717
130180	535.8185008914977
131304	535.8185008713718
131629	535.8185008713718
131953	535.8185008713718
132275	535.8185008713718
132597	535.8185008713718
132922	535.8185008713718
133245	535.8185008713718
133570	535.8185008713718
133891	535.8185008713718
134214	535.8185008713718
134540	535.8185008713718
134868	535.8185008713718
135194	535.8185008713718
135511	535.8185008713718
135833	535.8185008713718
136156	535.8185008713718
136477	535.8185008713718
136795	535.8185008713718
137113	535.8185008713718
137773	533.8285877984506
138938	533.8285877908161
139264	533.8285877908161
139588	533.8285877908161
139913	533.8285877908161
140235	533.8285877908161
140555	533.8285877908161
140878	533.8285877908161
141203	533.8285877908161
141528	533.8285877908161
141849	533.8285877908161
142174	533.8285877908161
142493	533.8285877908161
142819	533.8285877908161
143147	533.8285877908161
143471	533.8285877908161
143797	533.8285877908161
144118	533.8285877908161
144442	533.8285877908161
144763	533.8285877908161
145861	533.8285877908161
146183	533.8285877908161
146511	533.8285877908161
146834	533.8285877908161
147156	533.8285877908161
147475	533.8285877908161
147795	533.8285877908161
148117	533.8285877908161
148432	533.8285877908161
148751	533.8285877908161
149071	533.8285877908161
149395	533.8285877908161
149719	533.8285877908161
150040	533.8285877908161
150365	533.8285877908161
150687	533.8285877908161
151010	533.8285877908161
151336	533.8285877908161
151660	533.8285877908161
151980	533.8285877908161
153136	533.8285877908161
153458	533.8285877908161
153786	533.8285877908161
154109	533.8285877908161
154435	533.8285877908161
154765	533.8285877908161
155091	533.8285877908161
155414	533.8285877908161
155741	533.8285877908161
156064	533.8285877908161
156391	533.8285877908161
156723	533.8285877908161
157047	533.8285877908161
157373	533.8285877908161
157704	533.8285877908161
158036	533.8285877908161
158365	533.8285877908161
158694	533.8285877908161
159021	533.8285877908161
159350	533.8285877908161
160294	533.8285877908161
160626	533.8285877908161
160956	533.8285877908161
161279	533.8285877908161
161610	533.8285877908161
161942	533.8285877908161
162271	533.8285877908161
162601	533.8285877908161
162931	533.8285877908161
163261	533.8285877908161
163592	533.8285877908161
163921	533.8285877908161
164248	533.8285877908161
164578	533.8285877908161
164910	533.8285877908161
165243	533.8285877908161
165573	533.8285877908161
165903	533.8285877908161
166226	533.8285877908161
166552	533.8285877908161
167861	533.8285877908161
168185	533.8285877908161
168513	533.8285877908161
168840	533.8285877908161
169165	533.8285877908161
169489	533.8285877908161
169817	533.8285877908161
170151	533.8285877908161
170484	533.8285877908161
170815	533.8285877908161
171140	533.8285877908161
171461	533.8285877908161
171786	533.8285877908161
172108	533.8285877908161
172433	533.8285877908161
172760	533.8285877908161
173081	533.8285877908161
173406	533.8285877908161
173735	533.8285877908161
174063	533.8285877908161
175172	533.8285877908161
175496	533.8285877908161
175822	533.8285877908161
176151	533.8285877908161
176477	533.8285877908161
176808	533.8285877908161
177132	533.8285877908161
177459	533.8285877908161
177786	533.8285877908161
178112	533.8285877908161
179149	533.8285877908161
179481	533.8285877908161
179811	533.8285877908161
180144	533.8285877908161
180474	533.8285877908161
180807	533.8285877908161
181140	533.8285877908161
181471	533.8285877908161
181797	533.8285877908161
182124	533.8285877908161
182444	533.8285877908161
182761	533.8285877908161
183074	533.8285877908161
183392	533.8285877908161
183706	533.8285877908161
184019	533.8285877908161
184333	533.8285877908161
184648	533.8285877908161
184962	533.8285877908161
185279	533.8285877908161
186031	529.8487518814701
187333	529.8487516171301
187654	529.8487516171301
187975	529.8487516171301
188295	529.8487516171301
188615	529.8487516171301
188932	529.8487516171301
189254	529.8487516171301
189580	529.8487516171301
189899	529.8487516171301
190218	529.8487516171301
190535	529.8487516171301
190854	529.8487516171301
191173	529.8487516171301
191490	529.8487516171301
191810	529.8487516171301
192126	529.8487516171301
192452	529.8487516171301
192774	529.8487516171301
193095	529.8487516171301
194211	529.8487516171301
194532	529.8487516171301
194847	529.8487516171301
195167	529.8487516171301
195484	529.8487516171301
195809	529.8487516171301
196132	529.8487516171301
196454	529.8487516171301
196776	529.8487516171301
197100	529.8487516171301
197421	529.8487516171301
197736	529.8487516171301
198056	529.8487516171301
198378	529.8487516171301
198700	529.8487516171301
199020	529.8487516171301
199336	529.8487516171301
199655	529.8487516171301
199975	529.8487516171301
200297	529.8487516171301
201367	529.8487516171301
201684	529.8487516171301
202008	529.8487516171301
202333	529.8487516171301
202653	529.8487516171301
202977	529.8487516171301
203302	529.8487516171301
203622	529.8487516171301
203945	529.8487516171301
204270	529.8487516171301
204591	529.8487516171301
204918	529.8487516171301
205241	529.8487516171301
205564	529.8487516171301
205885	529.8487516171301
206208	529.8487516171301
206531	529.8487516171301
206854	529.8487516171301
207176	529.8487516171301
207507	529.8487516171301
208695	529.8487516171301
209023	529.8487516171301
209347	529.8487516171301
209669	529.8487516171301
209990	529.8487516171301
210312	529.8487516171301
210638	529.8487516171301
210963	529.8487516171301
211287	529.8487516171301
211614	529.8487516171301
211942	529.8487516171301
212268	529.8487516171301
212594	529.8487516171301
212921	529.8487516171301
213245	529.8487516171301
213575	529.8487516171301
213897	529.8487516171301
214221	529.8487516171301
214549	529.8487516171301
214874	529.8487516171301
215636	527.8588386635091
217017	527.8588385155869
217346	527.8588385155869
217667	527.8588385155869
217994	527.8588385155869
218319	527.8588385155869
218644	527.8588385155869
218966	527.8588385155869
219289	527.8588385155869
219618	527.8588385155869
219941	527.8588385155869
220270	527.8588385155869
220595	527.8588385155869
220924	527.8588385155869
221243	527.8588385155869
221561	527.8588385155869
221884	527.8588385155869
222203	527.8588385155869
222526	527.8588385155869
222845	527.8588385155869
223512	524.8739613934023
224667	524.8739613457417
224994	524.8739613457417
225312	524.8739613457417
225634	524.8739613457417
225951	524.8739613457417
226270	524.8739613457417
226587	524.8739613457417
226907	524.8739613457417
227229	524.8739613457417
227556	524.8739613457417
227877	524.8739613457417
228207	524.8739613457417
228527	524.8739613457417
228849	524.8739613457417
229176	524.8739613457417
229496	524.8739613457417
229816	524.8739613457417
230135	524.8739613457417
230454	524.8739613457417
231608	524.8739613457417
231929	524.8739613457417
232256	524.8739613457417
232576	524.8739613457417
232894	524.8739613457417
233214	524.8739613457417
233533	524.8739613457417
233854	524.8739613457417
234178	524.8739613457417
234500	524.8739613457417
234819	524.8739613457417
235145	524.8739613457417
235472	524.8739613457417
235793	524.8739613457417
236120	524.8739613457417
236442	524.8739613457417
236766	524.8739613457417
237092	524.8739613457417
237412	524.8739613457417
237734	524.8739613457417
238859	524.8739613457417
239176	524.8739613457417
239495	524.8739613457417
239813	524.8739613457417
240137	524.8739613457417
240459	524.8739613457417
240784	524.8739613457417
241106	524.8739613457417
241433	524.8739613457417
241749	524.8739613457417
242065	524.8739613457417
242380	524.8739613457417
242701	524.8739613457417
243015	524.8739613457417
243337	524.8739613457417
243668	524.8739613457417
243989	524.8739613457417
244312	524.8739613457417
244634	524.8739613457417
244954	524.8739613457417
246053	524.8739613457417
246377	524.8739613457417
246704	524.8739613457417
247026	524.8739613457417
247343	524.8739613457417
247665	524.8739613457417
247987	524.8739613457417
248305	524.8739613457417
248627	524.8739613457417
248950	524.8739613457417
249275	524.8739613457417
249598	524.8739613457417
249921	524.8739613457417
250241	524.8739613457417
250567	524.8739613457417
250893	524.8739613457417
251218	524.8739613457417
251538	524.8739613457417
251864	524.8739613457417
252181	524.8739613457417
252970	521.8890892414843
254262	521.8890891904697
254582	521.8890891904697
254903	521.8890891904697
255221	521.8890891904697
255544	521.8890891904697
255866	521.8890891904697
256185	521.8890891904697
256501	521.8890891904697
256823	521.8890891904697
257147	521.8890891904697
257469	521.8890891904697
257796	521.8890891904697
258117	521.8890891904697
258438	521.8890891904697
258759	521.8890891904697
259083	521.8890891904697
259406	521.8890891904697
259728	521.8890891904697
260058	521.8890891904697
261154	521.8890891904697
261477	521.8890891904697
261796	521.8890891904697
262115	521.8890891904697
262433	521.8890891904697
262752	521.8890891904697
263074	521.8890891904697
263390	521.8890891904697
263710	521.8890891904697
264023	521.8890891904697
264342	521.8890891904697
264657	521.8890891904697
264976	521.8890891904697
265294	521.8890891904697
265615	521.8890891904697
265937	521.8890891904697
266257	521.8890891904697
266581	521.8890891904697
266902	521.8890891904697
267230	521.8890891904697
268441	521.8890891904697
268767	521.8890891904697
269089	521.8890891904697
269415	521.8890891904697
269735	521.8890891904697
270063	521.8890891904697
270385	521.8890891904697
270712	521.8890891904697
271039	521.8890891904697
271363	521.8890891904697
271690	521.8890891904697
272020	521.8890891904697
272350	521.8890891904697
272673	521.8890891904697
272993	521.8890891904697
273321	521.8890891904697
273642	521.8890891904697
273962	521.8890891904697
274287	521.8890891904697
274615	521.8890891904697
275704	521.8890891904697
276030	521.8890891904697
276357	521.8890891904697
276682	521.8890891904697
277007	521.8890891904697
277333	521.8890891904697
277661	521.8890891904697
277986	521.8890891904697
278306	521.8890891904697
278635	521.8890891904697
278961	521.8890891904697
279287	521.8890891904697
279611	521.8890891904697
279933	521.8890891904697
280259	521.8890891904697
280589	521.8890891904697
280914	521.8890891904697
281238	521.8890891904697
281560	521.8890891904697
281883	521.8890891904697
283034	521.8890891904697
283360	521.8890891904697
283688	521.8890891904697
284014	521.8890891904697
284349	521.8890891904697
284679	521.8890891904697
285002	521.8890891904697
285331	521.8890891904697
285661	521.8890891904697
285993	521.8890891904697
286323	521.8890891904697
286650	521.8890891904697
286981	521.8890891904697
287314	521.8890891904697
287642	521.8890891904697
287979	521.8890891904697
288310	521.8890891904697
288641	521.8890891904697
288971	521.8890891904697
289301	521.8890891904697
290472	521.8890891904697
290801	521.8890891904697
291133	521.8890891904697
291466	521.8890891904697
291795	521.8890891904697
292124	521.8890891904697
292452	521.8890891904697
292778	521.8890891904697
293108	521.8890891904697
293434	521.8890891904697
296195	521.8890891904697
296520	521.8890891904697
296850	521.8890891904697
297171	521.8890891904697
297492	521.8890891904697
297814	521.8890891904697
298136	521.8890891904697
298458	521.8890891904697
298780	521.8890891904697
299107	521.8890891904697
299431	521.8890891904697
299755	521.8890891904697
300081	521.8890891904697
