300	1193.251011481514
630	996.2316278156395
955	983.3084710345787
1282	934.6432781050679
1607	897.2498692679276
1929	839.5972219627774
2244	839.5972219627774
2561	839.5972219627774
2875	839.5972219627774
3188	815.0056509759352
3502	792.0981594651735
3815	792.0981594651735
4129	772.3242701675039
4443	757.5013884534393
4751	757.5013884534393
5060	757.5013884534393
5372	757.5013884534393
5684	757.5013884534393
5996	757.5013884534393
6309	724.9963387311051
6620	724.9963387311051
6929	724.9963387311051
7240	724.9963387311051
7547	724.9963387311051
7856	724.9963387311051
8165	722.1063410883338
8473	722.1063410883338
8779	722.1063410883338
9086	717.809218137412
9394	717.809218137412
9700	717.809218137412
10011	717.809218137412
10322	715.3890998579596
10631	715.3890998579596
10940	715.3890998579596
11251	715.3890998579596
11560	715.3890998579596
11868	715.3890998579596
12177	715.3890998579596
12484	715.3890998579596
12794	715.3890998579596
13109	715.3890998579596
13420	715.3890998579596
13732	715.3890998579596
14041	715.3890998579596
14351	715.3890998579596
14665	715.3890998579596
17373	568.6520488866041
17684	568.6520488866041
17994	568.6520488866041
18303	568.6520488866041
18610	568.6520488866041
18920	568.6520488866041
19230	568.6520488866041
19539	568.6520488866041
19854	568.6520488866041
20164	568.6520488866041
20474	568.6520488866041
20784	568.6520488866041
21100	568.6520488866041
21409	568.6520488866041
21723	568.6520488866041
22035	568.6520488866041
22354	568.6520488866041
22666	568.6520488866041
22979	568.6520488866041
23291	568.6520488866041
23605	568.6520488866041
23923	568.6520488866041
24242	568.6520488866041
24556	568.6520488866041
25366	558.7024734109426
26961	558.7024734023613
27278	558.7024734023613
27593	558.7024734023613
27906	558.7024734023613
28219	558.7024734023613
28530	558.7024734023613
28844	558.7024734023613
29160	558.7024734023613
29473	558.7024734023613
29787	558.7024734023613
30100	558.7024734023613
30419	558.7024734023613
30741	558.7024734023613
31058	558.7024734023613
31373	558.7024734023613
31694	558.7024734023613
32015	558.7024734023613
32335	558.7024734023613
32652	558.7024734023613
33699	558.7024734023613
34018	558.7024734023613
34339	558.7024734023613
34659	558.7024734023613
34982	558.7024734023613
35295	558.7024734023613
35613	558.7024734023613
35933	558.7024734023613
36258	558.7024734023613
36585	558.7024734023613
36902	558.7024734023613
37231	558.7024734023613
37556	558.7024734023613
37883	558.7024734023613
38206	558.7024734023613
38525	558.7024734023613
38847	558.7024734023613
39177	558.7024734023613
39497	558.7024734023613
39818	558.7024734023613
41038	558.7024734023613
41365	558.7024734023613
41683	558.7024734023613
42003	558.7024734023613
42324	558.7024734023613
42643	558.7024734023613
42971	558.7024734023613
43300	558.7024734023613
43620	558.7024734023613
43943	558.7024734023613
44261	558.7024734023613
44593	558.7024734023613
44916	558.7024734023613
45248	558.7024734023613
45580	558.7024734023613
45912	558.7024734023613
46238	558.7024734023613
46562	558.7024734023613
46890	558.7024734023613
47208	558.7024734023613
48441	558.7024734023613
48768	558.7024734023613
49093	558.7024734023613
49412	558.7024734023613
49736	558.7024734023613
50056	558.7024734023613
50377	558.7024734023613
50702	558.7024734023613
51034	558.7024734023613
51357	558.7024734023613
51684	558.7024734023613
52011	558.7024734023613
52345	558.7024734023613
52672	558.7024734023613
53000	558.7024734023613
53335	558.7024734023613
53664	558.7024734023613
53999	558.7024734023613
54322	558.7024734023613
54645	558.7024734023613
55794	558.7024734023613
56120	558.7024734023613
56446	558.7024734023613
56779	558.7024734023613
57102	558.7024734023613
57433	558.7024734023613
57759	558.7024734023613
58088	558.7024734023613
58423	558.7024734023613
58763	558.7024734023613
59094	558.7024734023613
59430	558.7024734023613
59759	558.7024734023613
60093	558.7024734023613
60425	558.7024734023613
60758	558.7024734023613
61087	558.7024734023613
61420	558.7024734023613
61755	558.7024734023613
62093	558.7024734023613
63314	558.7024734023613
63655	558.7024734023613
63995	558.7024734023613
64329	558.7024734023613
64664	558.7024734023613
65007	558.7024734023613
65347	558.7024734023613
65669	558.7024734023613
65999	558.7024734023613
66338	558.7024734023613
67627	558.7024734023613
67965	558.7024734023613
68307	558.7024734023613
68639	558.7024734023613
68980	558.7024734023613
69315	558.7024734023613
69650	558.7024734023613
69982	558.7024734023613
70317	558.7024734023613
70651	558.7024734023613
70982	558.7024734023613
71321	558.7024734023613
71657	558.7024734023613
71998	558.7024734023613
72331	558.7024734023613
72667	558.7024734023613
73002	558.7024734023613
73346	558.7024734023613
73678	558.7024734023613
74012	558.7024734023613
75209	558.7024734023613
75545	558.7024734023613
75882	558.7024734023613
76220	558.7024734023613
76554	558.7024734023613
76886	558.7024734023613
77220	558.7024734023613
77558	558.7024734023613
77893	558.7024734023613
78221	558.7024734023613
78553	558.7024734023613
78890	558.7024734023613
79218	558.7024734023613
79545	558.7024734023613
79876	558.7024734023613
80199	558.7024734023613
80534	558.7024734023613
80860	558.7024734023613
81190	558.7024734023613
81516	558.7024734023613
82668	558.7024734023613
82999	558.7024734023613
83322	558.7024734023613
83646	558.7024734023613
83975	558.7024734023613
84306	558.7024734023613
84635	558.7024734023613
84965	558.7024734023613
85296	558.7024734023613
85643	558.7024734023613
85980	558.7024734023613
86318	558.7024734023613
86656	558.7024734023613
86999	558.7024734023613
87334	558.7024734023613
87672	558.7024734023613
88004	558.7024734023613
88342	558.7024734023613
88679	558.7024734023613
89012	558.7024734023613
90294	558.7024734023613
90629	558.7024734023613
90963	558.7024734023613
91295	558.7024734023613
91626	558.7024734023613
91954	558.7024734023613
92285	558.7024734023613
92618	558.7024734023613
92953	558.7024734023613
93286	558.7024734023613
93616	558.7024734023613
93945	558.7024734023613
94280	558.7024734023613
94604	558.7024734023613
94932	558.7024734023613
95260	558.7024734023613
95595	558.7024734023613
95928	558.7024734023613
96255	558.7024734023613
96587	558.7024734023613
97864	558.7024734023613
98186	558.7024734023613
98519	558.7024734023613
98843	558.7024734023613
99167	558.7024734023613
99493	558.7024734023613
99821	558.7024734023613
100148	558.7024734023613
100468	558.7024734023613
100798	558.7024734023613
101525	554.7226422562472
102651	554.7226422400718
102980	554.7226422400718
103314	554.7226422400718
103645	554.7226422400718
103976	554.7226422400718
104306	554.7226422400718
104645	554.7226422400718
104981	554.7226422400718
105320	554.7226422400718
105649	554.7226422400718
105972	554.7226422400718
106292	554.7226422400718
106625	554.7226422400718
106960	554.7226422400718
107292	554.7226422400718
107626	554.7226422400718
107958	554.7226422400718
108289	554.7226422400718
108619	554.7226422400718
109713	554.7226422400718
110040	554.7226422400718
110381	554.7226422400718
110708	554.7226422400718
111039	554.7226422400718
111372	554.7226422400718
111707	554.7226422400718
112039	554.7226422400718
112369	554.7226422400718
112708	554.7226422400718
113037	554.7226422400718
113363	554.7226422400718
113682	554.7226422400718
114002	554.7226422400718
114328	554.7226422400718
114660	554.7226422400718
114982	554.7226422400718
115304	554.7226422400718
115622	554.7226422400718
115946	554.7226422400718
116698	553.7276831560265
118083	553.7276831533984
118409	553.7276831533984
118729	553.7276831533984
119054	553.7276831533984
119376	553.7276831533984
119705	553.7276831533984
120034	553.7276831533984
120359	553.7276831533984
120686	553.7276831533984
121013	553.7276831533984
121342	553.7276831533984
121665	553.7276831533984
121995	553.7276831533984
122319	553.7276831533984
122643	553.7276831533984
122969	553.7276831533984
123285	553.7276831533984
123607	553.7276831533984
123933	553.7276831533984
125216	553.7276831533984
125542	553.7276831533984
125871	553.7276831533984
126195	553.7276831533984
126519	553.7276831533984
126838	553.7276831533984
127162	553.7276831533984
127490	553.7276831533984
127821	553.7276831533984
128146	553.7276831533984
128468	553.7276831533984
128795	553.7276831533984
129124	553.7276831533984
129458	553.7276831533984
129786	553.7276831533984
130114	553.7276831533984
130438	553.7276831533984
130767	553.7276831533984
131093	553.7276831533984
131423	553.7276831533984
132548	553.7276831533984
132875	553.7276831533984
133205	553.7276831533984
133535	553.7276831533984
133870	553.7276831533984
134198	553.7276831533984
134530	553.7276831533984
134862	553.7276831533984
135195	553.7276831533984
135523	553.7276831533984
135852	553.7276831533984
136186	553.7276831533984
136515	553.7276831533984
136853	553.7276831533984
137181	553.7276831533984
137512	553.7276831533984
137844	553.7276831533984
138174	553.7276831533984
138508	553.7276831533984
138833	553.7276831533984
139970	553.7276831533984
140300	553.7276831533984
140627	553.7276831533984
140958	553.7276831533984
141292	553.7276831533984
141621	553.7276831533984
141948	553.7276831533984
142282	553.7276831533984
142608	553.7276831533984
142941	553.7276831533984
143275	553.7276831533984
143614	553.7276831533984
143947	553.7276831533984
144276	553.7276831533984
144610	553.7276831533984
144944	553.7276831533984
145271	553.7276831533984
145608	553.7276831533984
145938	553.7276831533984
146286	553.7276831533984
147385	553.7276831533984
147707	553.7276831533984
148035	553.7276831533984
148367	553.7276831533984
148704	553.7276831533984
149037	553.7276831533984
150599	550.7428110355646
150927	550.7428110355646
151261	550.7428110355646
151586	550.7428110355646
151918	550.7428110355646
152255	550.7428110355646
152586	550.7428110355646
152916	550.7428110355646
153250	550.7428110355646
153576	550.7428110355646
153909	550.7428110355646
154235	550.7428110355646
154559	550.7428110355646
154893	550.7428110355646
155223	550.7428110355646
155552	550.7428110355646
155883	550.7428110355646
156221	550.7428110355646
156554	550.7428110355646
156893	550.7428110355646
157224	550.7428110355646
157557	550.7428110355646
157883	550.7428110355646
158213	550.7428110355646
159662	550.7428110355646
159989	550.7428110355646
160328	550.7428110355646
160657	550.7428110355646
160988	550.7428110355646
161325	550.7428110355646
161654	550.7428110355646
161994	550.7428110355646
162323	550.7428110355646
162652	550.7428110355646
162978	550.7428110355646
163306	550.7428110355646
163639	550.7428110355646
163965	550.7428110355646
164291	550.7428110355646
164619	550.7428110355646
164947	550.7428110355646
165276	550.7428110355646
165605	550.7428110355646
165939	550.7428110355646
167095	550.7428110355646
167424	550.7428110355646
167755	550.7428110355646
168085	550.7428110355646
168414	550.7428110355646
168748	550.7428110355646
169081	550.7428110355646
169412	550.7428110355646
169739	550.7428110355646
170069	550.7428110355646
170401	550.7428110355646
170726	550.7428110355646
171051	550.7428110355646
171374	550.7428110355646
171704	550.7428110355646
172034	550.7428110355646
172363	550.7428110355646
172696	550.7428110355646
173029	550.7428110355646
173354	550.7428110355646
173907	550.7428110344324
174703	549.7478520087651
175747	549.747851965771
176081	549.747851965771
176415	549.747851965771
176745	549.747851965771
177080	549.747851965771
177417	549.747851965771
177747	549.747851965771
178089	549.747851965771
178426	549.747851965771
178760	549.747851965771
179096	549.747851965771
179438	549.747851965771
179775	549.747851965771
180110	549.747851965771
180443	549.747851965771
180765	549.747851965771
181095	549.747851965771
181418	549.747851965771
181741	549.747851965771
182062	549.747851965771
182377	549.747851965771
182691	549.747851965771
183001	549.747851965771
183318	549.747851965771
183631	549.747851965771
183946	549.747851965771
184262	549.747851965771
184585	549.747851965771
186180	549.747851965771
186503	549.747851965771
186828	549.747851965771
187145	549.747851965771
187472	549.747851965771
187795	549.747851965771
188118	549.747851965771
188439	549.747851965771
188766	549.747851965771
189089	549.747851965771
190540	549.747851965771
190866	549.747851965771
191187	549.747851965771
191505	549.747851965771
191827	549.747851965771
192148	549.747851965771
192467	549.747851965771
192789	549.747851965771
193107	549.747851965771
193429	549.747851965771
193750	549.747851965771
194072	549.747851965771
194393	549.747851965771
194717	549.747851965771
195049	549.747851965771
195372	549.747851965771
195699	549.747851965771
196022	549.747851965771
196348	549.747851965771
196672	549.747851965771
197704	549.747851965771
198029	549.747851965771
198360	549.747851965771
198689	549.747851965771
199018	549.747851965771
199347	549.747851965771
199675	549.747851965771
200006	549.747851965771
200340	549.747851965771
200668	549.747851965771
200997	549.747851965771
201325	549.747851965771
201658	549.747851965771
201986	549.747851965771
202312	549.747851965771
202643	549.747851965771
203498	547.757938933581
204561	547.7579389001655
204900	547.7579389001655
205233	547.7579389001655
205572	547.7579389001655
205902	547.7579389001655
206235	547.7579389001655
206564	547.7579389001655
206895	547.7579389001655
207224	547.7579389001655
207556	547.7579389001655
207884	547.7579389001655
208219	547.7579389001655
208550	547.7579389001655
208882	547.7579389001655
209214	547.7579389001655
209551	547.7579389001655
209884	547.7579389001655
210212	547.7579389001655
210543	547.7579389001655
210877	547.7579389001655
211208	547.7579389001655
211542	547.7579389001655
211874	547.7579389001655
214615	547.7579389001655
214946	547.7579389001655
215275	547.7579389001655
215608	547.7579389001655
215934	547.7579389001655
216268	547.7579389001655
216596	547.7579389001655
216929	547.7579389001655
217263	547.7579389001655
217597	547.7579389001655
217927	547.7579389001655
218265	547.7579389001655
218604	547.7579389001655
218944	547.7579389001655
219276	547.7579389001655
219609	547.7579389001655
219943	547.7579389001655
220276	547.7579389001655
220611	547.7579389001655
220943	547.7579389001655
221830	547.7579389001655
222164	547.7579389001655
222496	547.7579389001655
222831	547.7579389001655
223164	547.7579389001655
223502	547.7579389001655
223844	547.7579389001655
224174	547.7579389001655
224514	547.7579389001655
224851	547.7579389001655
225188	547.7579389001655
225529	547.7579389001655
225874	547.7579389001655
226215	547.7579389001655
226553	547.7579389001655
226895	547.7579389001655
227235	547.7579389001655
227570	547.7579389001655
227901	547.7579389001655
228235	547.7579389001655
230565	547.7579389001655
230900	547.7579389001655
231238	547.7579389001655
231565	547.7579389001655
231888	547.7579389001655
232213	547.7579389001655
232543	547.7579389001655
232880	547.7579389001655
233218	547.7579389001655
233544	547.7579389001655
234928	547.7579389001655
235260	547.7579389001655
235589	547.7579389001655
235924	547.7579389001655
236254	547.7579389001655
236583	547.7579389001655
236924	547.7579389001655
237257	547.7579389001655
237593	547.7579389001655
237934	547.7579389001655
238267	547.7579389001655
238603	547.7579389001655
238939	547.7579389001655
239270	547.7579389001655
239603	547.7579389001655
239929	547.7579389001655
240268	547.7579389001655
240593	547.7579389001655
240917	547.7579389001655
241253	547.7579389001655
242509	547.7579389001655
242845	547.7579389001655
243179	547.7579389001655
243499	547.7579389001655
243821	547.7579389001655
244136	547.7579389001655
244458	547.7579389001655
244782	547.7579389001655
245112	547.7579389001655
245433	547.7579389001655
245752	547.7579389001655
246081	547.7579389001655
246414	547.7579389001655
246742	547.7579389001655
247065	547.7579389001655
247396	547.7579389001655
247715	547.7579389001655
248049	547.7579389001655
248376	547.7579389001655
248710	547.7579389001655
249739	547.7579389001655
250069	547.7579389001655
250403	547.7579389001655
250729	547.7579389001655
251061	547.7579389001655
251391	547.7579389001655
251725	547.7579389001655
252060	547.7579389001655
252396	547.7579389001655
252731	547.7579389001655
253060	547.7579389001655
253390	547.7579389001655
253722	547.7579389001655
254052	547.7579389001655
254379	547.7579389001655
254706	547.7579389001655
255032	547.7579389001655
255363	547.7579389001655
255691	547.7579389001655
256017	547.7579389001655
256980	547.7579389001655
257309	547.7579389001655
257645	547.7579389001655
257971	547.7579389001655
258311	547.7579389001655
258649	547.7579389001655
258985	547.7579389001655
259314	547.7579389001655
259650	547.7579389001655
259984	547.7579389001655
260317	547.7579389001655
260648	547.7579389001655
260985	547.7579389001655
261318	547.7579389001655
261652	547.7579389001655
261989	547.7579389001655
262324	547.7579389001655
262672	547.7579389001655
263007	547.7579389001655
263343	547.7579389001655
263961	546.7629798329482
264965	546.7629798293466
265294	546.7629798293466
265633	546.7629798293466
265966	546.7629798293466
266300	546.7629798293466
266637	546.7629798293466
266966	546.7629798293466
267296	546.7629798293466
267627	546.7629798293466
267954	546.7629798293466
268278	546.7629798293466
268604	546.7629798293466
268929	546.7629798293466
269254	546.7629798293466
269578	546.7629798293466
269903	546.7629798293466
270231	546.7629798293466
270562	546.7629798293466
270887	546.7629798293466
271942	546.7629798293466
272270	546.7629798293466
272591	546.7629798293466
272921	546.7629798293466
273247	546.7629798293466
273573	546.7629798293466
273904	546.7629798293466
274227	546.7629798293466
274551	546.7629798293466
274885	546.7629798293466
275211	546.7629798293466
275542	546.7629798293466
275862	546.7629798293466
276184	546.7629798293466
276517	546.7629798293466
276858	546.7629798293466
277184	546.7629798293466
277507	546.7629798293466
277836	546.7629798293466
278176	546.7629798293466
279175	546.7629798293466
279506	546.7629798293466
279838	546.7629798293466
280167	546.7629798293466
280501	546.7629798293466
280824	546.7629798293466
281155	546.7629798293466
281483	546.7629798293466
281814	546.7629798293466
282138	546.7629798293466
282471	546.7629798293466
282799	546.7629798293466
283124	546.7629798293466
283449	546.7629798293466
283780	546.7629798293466
284102	546.7629798293466
284434	546.7629798293466
284762	546.7629798293466
285083	546.7629798293466
285410	546.7629798293466
286441	546.7629798293466
286763	546.7629798293466
287084	546.7629798293466
287415	546.7629798293466
287741	546.7629798293466
288064	546.7629798293466
288384	546.7629798293466
288706	546.7629798293466
289029	546.7629798293466
289349	546.7629798293466
289677	546.7629798293466
290001	546.7629798293466
290323	546.7629798293466
290652	546.7629798293466
292049	545.7680207770973
292377	545.7680207770973
292698	545.7680207770973
293028	545.7680207770973
293357	545.7680207770973
293685	545.7680207770973
294014	545.7680207770973
294340	545.7680207770973
294673	545.7680207770973
295003	545.7680207770973
295326	545.7680207770973
295655	545.7680207770973
295985	545.7680207770973
296306	545.7680207770973
296632	545.7680207770973
296967	545.7680207770973
297289	545.7680207770973
297611	545.7680207770973
297937	545.7680207770973
298261	545.7680207770973
298588	545.7680207770973
298917	545.7680207770973
299247	545.7680207770973
299566	545.7680207770973
299892	545.7680207770973
300216	545.7680207770973
