300	1108.6906529327318
623	1052.273421361188
942	933.6876488984017
1262	913.649546031483
1579	910.3588579621312
1895	874.8745156321452
2210	852.2277203568492
2528	852.2277203568492
2845	850.0679146062816
3159	811.9190517560987
3470	811.9190517560987
3781	796.6132197512227
4090	796.6132197512227
4399	794.6289287160895
4707	794.6289287160895
5018	794.6289287160895
5328	794.6289287160895
5639	794.6289287160895
5950	778.7300473160293
6259	768.8827155415149
6569	768.1076301952976
6877	768.1076301952976
7184	768.1076301952976
7491	768.1076301952976
7797	768.1076301952976
8105	768.1076301952976
8412	768.1076301952976
8720	768.1076301952976
9032	768.1076301952976
9340	741.695662640037
9646	741.695662640037
9955	732.8856308230282
10263	732.8856308230282
10572	732.8856308230282
10882	732.8856308230282
11192	732.8856308230282
11500	732.8856308230282
11808	732.8856308230282
12114	732.8856308230282
12424	732.8856308230282
12734	732.8856308230282
13045	732.8856308230282
13355	732.8856308230282
13665	732.8856308230282
13975	732.8856308230282
14284	732.8856308230282
14592	732.8856308230282
14900	732.8856308230282
15207	732.8856308230282
15515	732.8856308230282
15824	732.8856308230282
16133	732.8856308230282
18617	573.6268140693358
18925	573.6268140693358
19235	573.6268140693358
19545	573.6268140693358
19855	573.6268140693358
20163	573.6268140693358
20471	573.6268140693358
20779	573.6268140693358
21091	573.6268140693358
21403	573.6268140693358
21715	573.6268140693358
22026	573.6268140693358
22336	573.6268140693358
22646	573.6268140693358
22957	573.6268140693358
23272	573.6268140693358
23582	573.6268140693358
23894	573.6268140693358
24205	573.6268140693358
26863	573.6268140693358
27174	573.6268140693358
27485	573.6268140693358
27793	573.6268140693358
28104	573.6268140693358
28413	573.6268140693358
28722	573.6268140693358
29033	573.6268140693358
29342	573.6268140693358
29650	573.6268140693358
29960	573.6268140693358
30270	573.6268140693358
30581	573.6268140693358
30891	573.6268140693358
31203	573.6268140693358
31514	573.6268140693358
31824	573.6268140693358
32136	573.6268140693358
32449	573.6268140693358
32759	573.6268140693358
34344	573.6268140693358
34655	573.6268140693358
34967	573.6268140693358
35277	573.6268140693358
35587	573.6268140693358
35898	573.6268140693358
36209	573.6268140693358
36518	573.6268140693358
36827	573.6268140693358
37138	573.6268140693358
37449	573.6268140693358
37760	573.6268140693358
38072	573.6268140693358
38382	573.6268140693358
38693	573.6268140693358
39001	573.6268140693358
39311	573.6268140693358
39619	573.6268140693358
39928	573.6268140693358
40239	573.6268140693358
42623	573.6268140693358
42934	573.6268140693358
43243	573.6268140693358
43553	573.6268140693358
43863	573.6268140693358
44172	573.6268140693358
44482	573.6268140693358
44790	573.6268140693358
45101	573.6268140693358
45411	573.6268140693358
45720	573.6268140693358
46031	573.6268140693358
46343	573.6268140693358
46654	573.6268140693358
46964	573.6268140693358
47278	573.6268140693358
47586	573.6268140693358
47895	573.6268140693358
48205	573.6268140693358
48515	573.6268140693358
50690	573.6268140693358
51002	573.6268140693358
51313	573.6268140693358
51624	573.6268140693358
51933	573.6268140693358
52243	573.6268140693358
52553	573.6268140693358
52862	573.6268140693358
53172	573.6268140693358
53483	573.6268140693358
53792	573.6268140693358
54103	573.6268140693358
54412	573.6268140693358
54722	573.6268140693358
55033	573.6268140693358
55344	573.6268140693358
55656	573.6268140693358
55966	573.6268140693358
56279	573.6268140693358
56590	573.6268140693358
58147	573.6268140693358
58454	573.6268140693358
58764	573.6268140693358
59074	573.6268140693358
59383	573.6268140693358
59692	573.6268140693358
60001	573.6268140693358
60310	573.6268140693358
60619	573.6268140693358
60929	573.6268140693358
63336	573.6268140693358
63644	573.6268140693358
63956	573.6268140693358
64267	573.6268140693358
64579	573.6268140693358
64890	573.6268140693358
65201	573.6268140693358
65511	573.6268140693358
65820	573.6268140693358
66131	573.6268140693358
66442	573.6268140693358
66755	573.6268140693358
67066	573.6268140693358
67378	573.6268140693358
67689	573.6268140693358
67998	573.6268140693358
68309	573.6268140693358
68620	573.6268140693358
68931	573.6268140693358
69243	573.6268140693358
70888	573.6268140693358
71196	573.6268140693358
71506	573.6268140693358
71815	573.6268140693358
72122	573.6268140693358
72429	573.6268140693358
72737	573.6268140693358
73047	573.6268140693358
73356	573.6268140693358
73664	573.6268140693358
73973	573.6268140693358
74283	573.6268140693358
74592	573.6268140693358
74900	573.6268140693358
75207	573.6268140693358
75514	573.6268140693358
75821	573.6268140693358
76133	573.6268140693358
76444	573.6268140693358
76755	573.6268140693358
78408	573.6268140693358
78719	573.6268140693358
79030	573.6268140693358
79341	573.6268140693358
79654	573.6268140693358
79964	573.6268140693358
80273	573.6268140693358
80581	573.6268140693358
80891	573.6268140693358
81203	573.6268140693358
81513	573.6268140693358
81825	573.6268140693358
82136	573.6268140693358
82448	573.6268140693358
82758	573.6268140693358
83069	573.6268140693358
83380	573.6268140693358
83691	573.6268140693358
84000	573.6268140693358
84310	573.6268140693358
86768	573.6268140693358
87077	573.6268140693358
87387	573.6268140693358
87697	573.6268140693358
88006	573.6268140693358
88316	573.6268140693358
88626	573.6268140693358
88936	573.6268140693358
89245	573.6268140693358
89557	573.6268140693358
89867	573.6268140693358
90174	573.6268140693358
90487	573.6268140693358
90797	573.6268140693358
91108	573.6268140693358
91417	573.6268140693358
91726	573.6268140693358
92037	573.6268140693358
92349	573.6268140693358
92660	573.6268140693358
93867	573.6268140693358
94178	573.6268140693358
94486	573.6268140693358
94794	573.6268140693358
95104	573.6268140693358
95414	573.6268140693358
95723	573.6268140693358
96032	573.6268140693358
96340	573.6268140693358
96651	573.6268140693358
99041	573.6268140693358
99353	573.6268140693358
99663	573.6268140693358
99977	573.6268140693358
100289	573.6268140693358
100601	573.6268140693358
100914	573.6268140693358
101226	573.6268140693358
101537	573.6268140693358
101846	573.6268140693358
102158	573.6268140693358
102466	573.6268140693358
102772	573.6268140693358
103079	573.6268140693358
103389	573.6268140693358
103700	573.6268140693358
104010	573.6268140693358
104323	573.6268140693358
104636	573.6268140693358
104945	573.6268140693358
106166	573.6268140693358
106474	573.6268140693358
106783	573.6268140693358
107093	573.6268140693358
107404	573.6268140693358
107715	573.6268140693358
108026	573.6268140693358
108335	573.6268140693358
108645	573.6268140693358
108956	573.6268140693358
109266	573.6268140693358
109575	573.6268140693358
109886	573.6268140693358
110196	573.6268140693358
110505	573.6268140693358
110819	573.6268140693358
111128	573.6268140693358
111440	573.6268140693358
111751	573.6268140693358
112062	573.6268140693358
113705	573.6268140693358
114015	573.6268140693358
114327	573.6268140693358
114637	573.6268140693358
114949	573.6268140693358
115258	573.6268140693358
115566	573.6268140693358
115875	573.6268140693358
116184	573.6268140693358
116494	573.6268140693358
116803	573.6268140693358
117114	573.6268140693358
117422	573.6268140693358
117730	573.6268140693358
118037	573.6268140693358
118346	573.6268140693358
118659	573.6268140693358
118970	573.6268140693358
119282	573.6268140693358
119590	573.6268140693358
121576	573.6268140693358
121883	573.6268140693358
122191	573.6268140693358
122501	573.6268140693358
122811	573.6268140693358
123122	573.6268140693358
123434	573.6268140693358
123744	573.6268140693358
124054	573.6268140693358
124365	573.6268140693358
124674	573.6268140693358
124983	573.6268140693358
125293	573.6268140693358
125602	573.6268140693358
125913	573.6268140693358
126222	573.6268140693358
126532	573.6268140693358
126839	573.6268140693358
127147	573.6268140693358
127456	573.6268140693358
129856	573.6268140693358
130165	573.6268140693358
130473	573.6268140693358
130782	573.6268140693358
131091	573.6268140693358
131400	573.6268140693358
131710	573.6268140693358
132021	573.6268140693358
132330	573.6268140693358
132638	573.6268140693358
134480	573.6268140693358
134788	573.6268140693358
135098	573.6268140693358
135407	573.6268140693358
135717	573.6268140693358
136027	573.6268140693358
136338	573.6268140693358
136649	573.6268140693358
136960	573.6268140693358
137269	573.6268140693358
137579	573.6268140693358
137889	573.6268140693358
138200	573.6268140693358
138511	573.6268140693358
138825	573.6268140693358
139135	573.6268140693358
139444	573.6268140693358
139756	573.6268140693358
140072	573.6268140693358
140385	573.6268140693358
142751	573.6268140693358
143062	573.6268140693358
143374	573.6268140693358
143683	573.6268140693358
143993	573.6268140693358
144301	573.6268140693358
144611	573.6268140693358
144920	573.6268140693358
145229	573.6268140693358
145540	573.6268140693358
145849	573.6268140693358
146157	573.6268140693358
146466	573.6268140693358
146775	573.6268140693358
147082	573.6268140693358
147392	573.6268140693358
147701	573.6268140693358
148009	573.6268140693358
148318	573.6268140693358
148628	573.6268140693358
150913	573.6268140693358
151224	573.6268140693358
151535	573.6268140693358
151850	573.6268140693358
152162	573.6268140693358
152475	573.6268140693358
152786	573.6268140693358
153096	573.6268140693358
153407	573.6268140693358
153713	573.6268140693358
154022	573.6268140693358
154332	573.6268140693358
154644	573.6268140693358
154955	573.6268140693358
155267	573.6268140693358
155575	573.6268140693358
155887	573.6268140693358
156199	573.6268140693358
156510	573.6268140693358
156819	573.6268140693358
158558	573.6268140693358
158868	573.6268140693358
159177	573.6268140693358
159486	573.6268140693358
159795	573.6268140693358
160102	573.6268140693358
160410	573.6268140693358
160718	573.6268140693358
161026	573.6268140693358
161338	573.6268140693358
161647	573.6268140693358
161958	573.6268140693358
162268	573.6268140693358
162578	573.6268140693358
162889	573.6268140693358
163199	573.6268140693358
163508	573.6268140693358
163816	573.6268140693358
164125	573.6268140693358
164434	573.6268140693358
165549	573.6267581440508
167656	573.6267581428206
167965	573.6267581428206
168274	573.6267581428206
168582	573.6267581428206
168892	573.6267581428206
169202	573.6267581428206
169511	573.6267581428206
169823	573.6267581428206
170133	573.6267581428206
170444	573.6267581428206
170752	573.6267581428206
171063	573.6267581428206
171371	573.6267581428206
171682	573.6267581428206
171992	573.6267581428206
172302	573.6267581428206
172613	573.6267581428206
172925	573.6267581428206
173235	573.6267581428206
175231	573.6267581428206
175546	573.6267581428206
175859	573.6267581428206
176170	573.6267581428206
176481	573.6267581428206
176790	573.6267581428206
177099	573.6267581428206
177409	573.6267581428206
177716	573.6267581428206
178025	573.6267581428206
178336	573.6267581428206
178645	573.6267581428206
178952	573.6267581428206
179263	573.6267581428206
179571	573.6267581428206
179881	573.6267581428206
180191	573.6267581428206
180501	573.6267581428206
180810	573.6267581428206
181116	573.6267581428206
182791	573.6267581428206
183099	573.6267581428206
183409	573.6267581428206
183721	573.6267581428206
184031	573.6267581428206
184341	573.6267581428206
184650	573.6267581428206
184959	573.6267581428206
185269	573.6267581428206
185578	573.6267581428206
185888	573.6267581428206
186197	573.6267581428206
186509	573.6267581428206
186818	573.6267581428206
187128	573.6267581428206
187439	573.6267581428206
187750	573.6267581428206
188059	573.6267581428206
188373	573.6267581428206
188684	573.6267581428206
189869	573.6267581428206
190179	573.6267581428206
190490	573.6267581428206
190800	573.6267581428206
191108	573.6267581428206
191416	573.6267581428206
191727	573.6267581428206
192035	573.6267581428206
192346	573.6267581428206
192656	573.6267581428206
192964	573.6267581428206
193274	573.6267581428206
193585	573.6267581428206
193893	573.6267581428206
194201	573.6267581428206
194509	573.6267581428206
194817	573.6267581428206
195128	573.6267581428206
195439	573.6267581428206
195748	573.6267581428206
196995	573.6267581428206
197304	573.6267581428206
197614	573.6267581428206
197926	573.6267581428206
198237	573.6267581428206
198546	573.6267581428206
198854	573.6267581428206
199164	573.6267581428206
199473	573.6267581428206
199784	573.6267581428206
200095	573.6267581428206
200406	573.6267581428206
200718	573.6267581428206
201029	573.6267581428206
201336	573.6267581428206
201643	573.6267581428206
201952	573.6267581428206
202260	573.6267581428206
202568	573.6267581428206
202879	573.6267581428206
204907	573.6267581428206
205216	573.6267581428206
205524	573.6267581428206
205833	573.6267581428206
206141	573.6267581428206
206450	573.6267581428206
206757	573.6267581428206
207068	573.6267581428206
207376	573.6267581428206
207684	573.6267581428206
209184	573.6267581428206
209497	573.6267581428206
209807	573.6267581428206
210118	573.6267581428206
210430	573.6267581428206
210743	573.6267581428206
211053	573.6267581428206
211362	573.6267581428206
211671	573.6267581428206
211983	573.6267581428206
212293	573.6267581428206
212602	573.6267581428206
212912	573.6267581428206
213221	573.6267581428206
213529	573.6267581428206
213837	573.6267581428206
214147	573.6267581428206
214457	573.6267581428206
214770	573.6267581428206
215081	573.6267581428206
217941	573.6267581428206
218252	573.6267581428206
218564	573.6267581428206
218878	573.6267581428206
219190	573.6267581428206
219501	573.6267581428206
219812	573.6267581428206
220124	573.6267581428206
220436	573.6267581428206
220745	573.6267581428206
221056	573.6267581428206
221365	573.6267581428206
221674	573.6267581428206
221983	573.6267581428206
222294	573.6267581428206
222601	573.6267581428206
222908	573.6267581428206
223215	573.6267581428206
223521	573.6267581428206
223827	573.6267581428206
225522	573.6267581428206
225830	573.6267581428206
226139	573.6267581428206
226452	573.6267581428206
226765	573.6267581428206
227078	573.6267581428206
227389	573.6267581428206
227698	573.6267581428206
228006	573.6267581428206
228316	573.6267581428206
228626	573.6267581428206
228937	573.6267581428206
229246	573.6267581428206
229557	573.6267581428206
229865	573.6267581428206
230176	573.6267581428206
230487	573.6267581428206
230799	573.6267581428206
231108	573.6267581428206
231418	573.6267581428206
233868	573.6267581428206
234178	573.6267581428206
234485	573.6267581428206
234795	573.6267581428206
235106	573.6267581428206
235421	573.6267581428206
235733	573.6267581428206
236043	573.6267581428206
236354	573.6267581428206
236663	573.6267581428206
236971	573.6267581428206
237281	573.6267581428206
237591	573.6267581428206
237901	573.6267581428206
238211	573.6267581428206
238520	573.6267581428206
238829	573.6267581428206
239137	573.6267581428206
239443	573.6267581428206
239751	573.6267581428206
241349	573.6267581428206
241657	573.6267581428206
241965	573.6267581428206
242273	573.6267581428206
242586	573.6267581428206
242895	573.6267581428206
243203	573.6267581428206
243514	573.6267581428206
243823	573.6267581428206
244132	573.6267581428206
245339	573.6267581428206
245648	573.6267581428206
245956	573.6267581428206
246266	573.6267581428206
246573	573.6267581428206
246883	573.6267581428206
247190	573.6267581428206
247498	573.6267581428206
247807	573.6267581428206
248115	573.6267581428206
248425	573.6267581428206
248736	573.6267581428206
249045	573.6267581428206
249355	573.6267581428206
249666	573.6267581428206
249976	573.6267581428206
250284	573.6267581428206
250594	573.6267581428206
250907	573.6267581428206
251219	573.6267581428206
252758	573.6267581428206
253070	573.6267581428206
253381	573.6267581428206
253692	573.6267581428206
254004	573.6267581428206
254314	573.6267581428206
254623	573.6267581428206
254933	573.6267581428206
255240	573.6267581428206
255548	573.6267581428206
255855	573.6267581428206
256163	573.6267581428206
256472	573.6267581428206
256779	573.6267581428206
257087	573.6267581428206
257396	573.6267581428206
257704	573.6267581428206
258014	573.6267581428206
258325	573.6267581428206
258637	573.6267581428206
259856	573.6267581428206
260167	573.6267581428206
260480	573.6267581428206
260791	573.6267581428206
261101	573.6267581428206
261410	573.6267581428206
261722	573.6267581428206
262033	573.6267581428206
262343	573.6267581428206
262654	573.6267581428206
262964	573.6267581428206
263275	573.6267581428206
263583	573.6267581428206
263891	573.6267581428206
264200	573.6267581428206
264509	573.6267581428206
264820	573.6267581428206
265128	573.6267581428206
265438	573.6267581428206
265748	573.6267581428206
266958	573.6267581428206
267267	573.6267581428206
267577	573.6267581428206
267889	573.6267581428206
268198	573.6267581428206
268508	573.6267581428206
268818	573.6267581428206
269125	573.6267581428206
269433	573.6267581428206
269742	573.6267581428206
270050	573.6267581428206
270358	573.6267581428206
270666	573.6267581428206
270976	573.6267581428206
271285	573.6267581428206
271596	573.6267581428206
271907	573.6267581428206
272218	573.6267581428206
272528	573.6267581428206
272838	573.6267581428206
275629	573.6267581428206
275939	573.6267581428206
276250	573.6267581428206
276560	573.6267581428206
276873	573.6267581428206
277184	573.6267581428206
277495	573.6267581428206
277808	573.6267581428206
278123	573.6267581428206
278434	573.6267581428206
279643	573.6267581428206
279955	573.6267581428206
280264	573.6267581428206
280572	573.6267581428206
280881	573.6267581428206
281192	573.6267581428206
281501	573.6267581428206
281810	573.6267581428206
282118	573.6267581428206
282427	573.6267581428206
282736	573.6267581428206
283045	573.6267581428206
283355	573.6267581428206
283665	573.6267581428206
283976	573.6267581428206
284287	573.6267581428206
284597	573.6267581428206
284906	573.6267581428206
285215	573.6267581428206
285525	573.6267581428206
287094	573.6267581428206
287405	573.6267581428206
287714	573.6267581428206
288025	573.6267581428206
288335	573.6267581428206
288644	573.6267581428206
288954	573.6267581428206
289265	573.6267581428206
289577	573.6267581428206
289887	573.6267581428206
290196	573.6267581428206
290506	573.6267581428206
290816	573.6267581428206
291124	573.6267581428206
291431	573.6267581428206
291741	573.6267581428206
292050	573.6267581428206
292359	573.6267581428206
292669	573.6267581428206
292978	573.6267581428206
294238	573.6267581428206
294549	573.6267581428206
294859	573.6267581428206
295167	573.6267581428206
295476	573.6267581428206
295788	573.6267581428206
296097	573.6267581428206
296405	573.6267581428206
296715	573.6267581428206
297025	573.6267581428206
297335	573.6267581428206
297644	573.6267581428206
297952	573.6267581428206
298262	573.6267581428206
298571	573.6267581428206
298878	573.6267581428206
299190	573.6267581428206
299501	573.6267581428206
299810	573.6267581428206
300118	573.6267581428206
