300	1124.9335166603219
631	1007.4711132218781
956	940.9565151121525
1279	867.8241433813157
1601	848.4535652618906
1923	785.0042839583551
2239	785.0042839583551
2559	785.0042839583551
2871	785.0042839583551
3184	776.6878981991829
3497	723.6382199391777
3810	723.6382199391777
4125	723.6382199391777
4438	721.2523658047354
4749	721.2523658047354
5057	721.2523658047354
5366	721.2523658047354
5677	721.2523658047354
5987	721.2523658047354
6295	721.2523658047354
6605	721.2523658047354
6915	721.2523658047354
7224	721.2523658047354
7534	721.2523658047354
7844	721.2254639784435
8152	721.2254639784435
8461	721.2254639784435
8773	682.164966194337
9085	682.164966194337
9391	682.164966194337
9702	682.164966194337
10010	682.164966194337
10319	682.164966194337
10628	682.164966194337
10937	682.164966194337
11249	682.164966194337
11559	682.164966194337
11868	682.164966194337
12176	682.164966194337
12483	682.164966194337
12793	681.8848451995137
13100	681.8848451995137
13408	681.8848451995137
13716	681.8848451995137
14024	681.8848451995137
14332	681.8848451995137
14646	681.8848451995137
14954	681.8848451995137
15261	681.8848451995137
15571	681.8848451995137
15880	681.8848451995137
16191	681.8848451995137
18201	546.7629493764581
18508	546.7629493764581
18817	546.7629493764581
19126	546.7629493764581
19437	546.7629493764581
19745	546.7629493764581
20054	546.7629493764581
20361	546.7629493764581
20670	546.7629493764581
20978	546.7629493764581
21292	546.7629493764581
21602	546.7629493764581
21914	546.7629493764581
22225	546.7629493764581
22536	546.7629493764581
22852	546.7629493764581
23173	546.7629493764581
23494	546.7629493764581
23815	546.7629493764581
24949	546.7629493764581
25271	546.7629493764581
25592	546.7629493764581
25915	546.7629493764581
26237	546.7629493764581
26559	546.7629493764581
26880	546.7629493764581
27207	546.7629493764581
27533	546.7629493764581
27858	546.7629493764581
28187	546.7629493764581
28510	546.7629493764581
28836	546.7629493764581
29164	546.7629493764581
29491	546.7629493764581
29816	546.7629493764581
30136	546.7629493764581
30458	546.7629493764581
30788	546.7629493764581
31114	546.7629493764581
32182	546.7629493764581
32511	546.7629493764581
32836	546.7629493764581
33161	546.7629493764581
33484	546.7629493764581
33808	546.7629493764581
34134	546.7629493764581
34460	546.7629493764581
34791	546.7629493764581
35121	546.7629493764581
35454	546.7629493764581
35783	546.7629493764581
36118	546.7629493764581
36452	546.7629493764581
36787	546.7629493764581
37114	546.7629493764581
37442	546.7629493764581
37771	546.7629493764581
38097	546.7629493764581
38429	546.7629493764581
39494	546.7629493764581
39830	546.7629493764581
40167	546.7629493764581
40504	546.7629493764581
40844	546.7629493764581
41183	546.7629493764581
41518	546.7629493764581
41856	546.7629493764581
42192	546.7629493764581
42527	546.7629493764581
42854	546.7629493764581
43197	546.7629493764581
43533	546.7629493764581
43868	546.7629493764581
44201	546.7629493764581
44548	546.7629493764581
44878	546.7629493764581
45216	546.7629493764581
45547	546.7629493764581
45884	546.7629493764581
46778	546.7629493764581
47118	546.7629493764581
47454	546.7629493764581
47784	546.7629493764581
48117	546.7629493764581
48450	546.7629493764581
48785	546.7629493764581
49117	546.7629493764581
49447	546.7629493764581
49780	546.7629493764581
50110	546.7629493764581
50436	546.7629493764581
50761	546.7629493764581
51085	546.7629493764581
51417	546.7629493764581
51757	546.7629493764581
52089	546.7629493764581
52414	546.7629493764581
52735	546.7629493764581
53060	546.7629493764581
54258	546.7629493764581
54587	546.7629493764581
54916	546.7629493764581
55242	546.7629493764581
55577	546.7629493764581
55917	546.7629493764581
56250	546.7629493764581
56580	546.7629493764581
56913	546.7629493764581
57244	546.7629493764581
58335	546.7629493764581
58669	546.7629493764581
58993	546.7629493764581
59319	546.7629493764581
59656	546.7629493764581
59986	546.7629493764581
60313	546.7629493764581
60636	546.7629493764581
60959	546.7629493764581
61281	546.7629493764581
61602	546.7629493764581
61923	546.7629493764581
62244	546.7629493764581
62566	546.7629493764581
62892	546.7629493764581
63214	546.7629493764581
63537	546.7629493764581
63864	546.7629493764581
64188	546.7629493764581
64516	546.7629493764581
65590	546.7629493764581
65911	546.7629493764581
66233	546.7629493764581
66560	546.7629493764581
66886	546.7629493764581
67216	546.7629493764581
67544	546.7629493764581
67873	546.7629493764581
68198	546.7629493764581
68534	546.7629493764581
68864	546.7629493764581
69182	546.7629493764581
69507	546.7629493764581
69835	546.7629493764581
70163	546.7629493764581
70495	546.7629493764581
70827	546.7629493764581
71156	546.7629493764581
71489	546.7629493764581
71817	546.7629493764581
72838	546.7629493764581
73169	546.7629493764581
73506	546.7629493764581
73833	546.7629493764581
74162	546.7629493764581
74496	546.7629493764581
74823	546.7629493764581
75150	546.7629493764581
75477	546.7629493764581
75802	546.7629493764581
76128	546.7629493764581
76461	546.7629493764581
76791	546.7629493764581
77122	546.7629493764581
77450	546.7629493764581
77783	546.7629493764581
78106	546.7629493764581
78429	546.7629493764581
78761	546.7629493764581
79088	546.7629493764581
80636	546.7629493764581
80965	546.7629493764581
81299	546.7629493764581
81631	546.7629493764581
81962	546.7629493764581
82282	546.7629493764581
82608	546.7629493764581
82938	546.7629493764581
83264	546.7629493764581
83594	546.7629493764581
83914	546.7629493764581
84233	546.7629493764581
84553	546.7629493764581
84880	546.7629493764581
85196	546.7629493764581
85513	546.7629493764581
85829	546.7629493764581
86154	546.7629493764581
86477	546.7629493764581
86796	546.7629493764581
88371	546.7629493764581
88693	546.7629493764581
89010	546.7629493764581
89328	546.7629493764581
89650	546.7629493764581
89975	546.7629493764581
90292	546.7629493764581
90619	546.7629493764581
90944	546.7629493764581
91273	546.7629493764581
92584	546.7629493764581
92906	546.7629493764581
93230	546.7629493764581
93558	546.7629493764581
93873	546.7629493764581
94197	546.7629493764581
94522	546.7629493764581
94844	546.7629493764581
95166	546.7629493764581
95490	546.7629493764581
95809	546.7629493764581
96127	546.7629493764581
96451	546.7629493764581
96773	546.7629493764581
97097	546.7629493764581
97427	546.7629493764581
97749	546.7629493764581
98070	546.7629493764581
98399	546.7629493764581
98726	546.7629493764581
99718	546.7629493764581
100043	546.7629493764581
100366	546.7629493764581
100684	546.7629493764581
101008	546.7629493764581
101328	546.7629493764581
101657	546.7629493764581
101976	546.7629493764581
102296	546.7629493764581
102617	546.7629493764581
102942	546.7629493764581
103270	546.7629493764581
103595	546.7629493764581
103922	546.7629493764581
104242	546.7629493764581
104573	546.7629493764581
104893	546.7629493764581
105212	546.7629493764581
105536	546.7629493764581
105854	546.7629493764581
106843	546.7629493764581
107160	546.7629493764581
107485	546.7629493764581
107808	546.7629493764581
108131	546.7629493764581
109504	544.7730363340655
109824	544.7730363340655
110149	544.7730363340655
110473	544.7730363340655
110795	544.7730363340655
111114	544.7730363340655
111435	544.7730363340655
111751	544.7730363340655
112075	544.7730363340655
112396	544.7730363340655
112716	544.7730363340655
113042	544.7730363340655
113364	544.7730363340655
113681	544.7730363340655
114004	544.7730363340655
114327	544.7730363340655
114658	544.7730363340655
114978	544.7730363340655
115293	544.7730363340655
115617	544.7730363340655
115942	544.7730363340655
116262	544.7730363340655
116578	544.7730363340655
116898	544.7730363340655
117218	544.7730363340655
118190	544.7730363340655
118513	544.7730363340655
118834	544.7730363340655
119155	544.7730363340655
119473	544.7730363340655
119792	544.7730363340655
120115	544.7730363340655
120440	544.7730363340655
120765	544.7730363340655
121086	544.7730363340655
121405	544.7730363340655
121724	544.7730363340655
122049	544.7730363340655
122372	544.7730363340655
122699	544.7730363340655
123024	544.7730363340655
123351	544.7730363340655
123678	544.7730363340655
124004	544.7730363340655
124330	544.7730363340655
124934	543.7780775037711
125960	543.7780773308235
126286	543.7780773308235
126612	543.7780773308235
126941	543.7780773308235
127269	543.7780773308235
127593	543.7780773308235
127920	543.7780773308235
128253	543.7780773308235
128579	543.7780773308235
128907	543.7780773308235
129233	543.7780773308235
129564	543.7780773308235
129898	543.7780773308235
130226	543.7780773308235
130554	543.7780773308235
130888	543.7780773308235
131217	543.7780773308235
131550	543.7780773308235
131880	543.7780773308235
132883	543.7780773308235
133212	543.7780773308235
133546	543.7780773308235
133881	543.7780773308235
134209	543.7780773308235
134544	543.7780773308235
134880	543.7780773308235
135209	543.7780773308235
135539	543.7780773308235
135867	543.7780773308235
136194	543.7780773308235
136524	543.7780773308235
136855	543.7780773308235
137186	543.7780773308235
137512	543.7780773308235
137841	543.7780773308235
138166	543.7780773308235
138500	543.7780773308235
138829	543.7780773308235
139158	543.7780773308235
140221	543.7780773308235
140548	543.7780773308235
140878	543.7780773308235
141209	543.7780773308235
141536	543.7780773308235
141866	543.7780773308235
142193	543.7780773308235
142521	543.7780773308235
142855	543.7780773308235
143185	543.7780773308235
143513	543.7780773308235
143840	543.7780773308235
144172	543.7780773308235
144498	543.7780773308235
144831	543.7780773308235
145161	543.7780773308235
145496	543.7780773308235
145828	543.7780773308235
146162	543.7780773308235
146495	543.7780773308235
148105	543.7780773308235
148430	543.7780773308235
148758	543.7780773308235
149087	543.7780773308235
149410	543.7780773308235
149737	543.7780773308235
150060	543.7780773308235
150396	543.7780773308235
150727	543.7780773308235
151055	543.7780773308235
151390	543.7780773308235
151721	543.7780773308235
152050	543.7780773308235
152390	543.7780773308235
152725	543.7780773308235
153059	543.7780773308235
153397	543.7780773308235
153729	543.7780773308235
154055	543.7780773308235
154388	543.7780773308235
155184	539.7982460708711
156366	539.798246051604
156697	539.798246051604
157030	539.798246051604
157366	539.798246051604
157701	539.798246051604
158031	539.798246051604
158365	539.798246051604
158691	539.798246051604
159022	539.798246051604
159360	539.798246051604
159691	539.798246051604
160022	539.798246051604
160350	539.798246051604
160683	539.798246051604
161017	539.798246051604
161342	539.798246051604
161670	539.798246051604
162002	539.798246051604
162329	539.798246051604
163060	538.8032920387208
163921	536.8133739171993
165075	536.8133739159507
165401	536.8133739159507
165727	536.8133739159507
166058	536.8133739159507
166379	536.8133739159507
166699	536.8133739159507
167020	536.8133739159507
167343	536.8133739159507
167666	536.8133739159507
167987	536.8133739159507
168310	536.8133739159507
168637	536.8133739159507
168953	536.8133739159507
169270	536.8133739159507
169591	536.8133739159507
169910	536.8133739159507
170230	536.8133739159507
170549	536.8133739159507
170864	536.8133739159507
171182	536.8133739159507
171501	536.8133739159507
171820	536.8133739159507
172139	536.8133739159507
172457	536.8133739159507
172772	536.8133739159507
173091	536.8133739159507
173411	536.8133739159507
173728	536.8133739159507
174818	535.8184150347083
175914	535.8184149081455
176233	535.8184149081455
176550	535.8184149081455
176874	535.8184149081455
177196	535.8184149081455
177516	535.8184149081455
177837	535.8184149081455
178167	535.8184149081455
178490	535.8184149081455
178811	535.8184149081455
179135	535.8184149081455
179465	535.8184149081455
179789	535.8184149081455
180117	535.8184149081455
180449	535.8184149081455
180770	535.8184149081455
181097	535.8184149081455
181421	535.8184149081455
181753	535.8184149081455
182803	535.8184149081455
183128	535.8184149081455
183462	535.8184149081455
183788	535.8184149081455
184111	535.8184149081455
184436	535.8184149081455
184764	535.8184149081455
185091	535.8184149081455
185420	535.8184149081455
185747	535.8184149081455
186082	535.8184149081455
186408	535.8184149081455
186732	535.8184149081455
187060	535.8184149081455
187387	535.8184149081455
187714	535.8184149081455
188043	535.8184149081455
188365	535.8184149081455
188697	535.8184149081455
189023	535.8184149081455
190047	535.8184149081455
190377	535.8184149081455
190705	535.8184149081455
191031	535.8184149081455
191370	535.8184149081455
191703	535.8184149081455
192023	535.8184149081455
192342	535.8184149081455
192668	535.8184149081455
192991	535.8184149081455
193323	535.8184149081455
193652	535.8184149081455
193978	535.8184149081455
194305	535.8184149081455
194632	535.8184149081455
194959	535.8184149081455
195283	535.8184149081455
195609	535.8184149081455
195943	535.8184149081455
196276	535.8184149081455
197436	535.8184149081455
197764	535.8184149081455
198089	535.8184149081455
198425	535.8184149081455
198747	535.8184149081455
199080	535.8184149081455
199405	535.8184149081455
199735	535.8184149081455
200069	535.8184149081455
200399	535.8184149081455
200727	535.8184149081455
201057	535.8184149081455
201392	535.8184149081455
201720	535.8184149081455
202055	535.8184149081455
202386	535.8184149081455
202709	535.8184149081455
203033	535.8184149081455
203360	535.8184149081455
203684	535.8184149081455
204204	535.8184148986401
205231	535.8184148611095
205565	535.8184148611095
205893	535.8184148611095
206220	535.8184148611095
206553	535.8184148611095
206887	535.8184148611095
207219	535.8184148611095
207547	535.8184148611095
207880	535.8184148611095
208216	535.8184148611095
208551	535.8184148611095
208884	535.8184148611095
209209	535.8184148611095
209534	535.8184148611095
209862	535.8184148611095
210195	535.8184148611095
210525	535.8184148611095
210853	535.8184148611095
211188	535.8184148611095
212288	535.8184148611095
212616	535.8184148611095
212950	535.8184148611095
213281	535.8184148611095
213605	535.8184148611095
213937	535.8184148611095
214261	535.8184148611095
214587	535.8184148611095
214919	535.8184148611095
215246	535.8184148611095
215570	535.8184148611095
215896	535.8184148611095
216225	535.8184148611095
216552	535.8184148611095
216879	535.8184148611095
217209	535.8184148611095
217542	535.8184148611095
217875	535.8184148611095
218208	535.8184148611095
218540	535.8184148611095
219558	535.8184148611095
219890	535.8184148611095
220222	535.8184148611095
220558	535.8184148611095
220892	535.8184148611095
221220	535.8184148611095
221545	535.8184148611095
221874	535.8184148611095
222215	535.8184148611095
222549	535.8184148611095
222879	535.8184148611095
223211	535.8184148611095
223539	535.8184148611095
223865	535.8184148611095
224188	535.8184148611095
224508	535.8184148611095
224837	535.8184148611095
225162	535.8184148611095
225486	535.8184148611095
225815	535.8184148611095
226746	535.8184148611095
227066	535.8184148611095
228403	534.8234558136019
228729	534.8234558136019
229050	534.8234558136019
229378	534.8234558136019
229698	534.8234558136019
230027	534.8234558136019
230357	534.8234558136019
230684	534.8234558136019
231013	534.8234558136019
231338	534.8234558136019
231670	534.8234558136019
232004	534.8234558136019
232334	534.8234558136019
232668	534.8234558136019
232996	534.8234558136019
233331	534.8234558136019
233657	534.8234558136019
233981	534.8234558136019
234305	534.8234558136019
234627	534.8234558136019
234959	534.8234558136019
235289	534.8234558136019
235619	534.8234558136019
235947	534.8234558136019
236276	534.8234558136019
236604	534.8234558136019
236935	534.8234558136019
237260	534.8234558136019
238320	534.8234558136019
238644	534.8234558136019
238982	534.8234558136019
239314	534.8234558136019
239640	534.8234558136019
239970	534.8234558136019
240301	534.8234558136019
240627	534.8234558136019
240953	534.8234558136019
241287	534.8234558136019
242651	534.8234558136019
242972	534.8234558136019
243303	534.8234558136019
243628	534.8234558136019
243956	534.8234558136019
244291	534.8234558136019
244619	534.8234558136019
244939	534.8234558136019
245271	534.8234558136019
245605	534.8234558136019
245938	534.8234558136019
246271	534.8234558136019
246592	534.8234558136019
246922	534.8234558136019
247254	534.8234558136019
247598	534.8234558136019
247932	534.8234558136019
248268	534.8234558136019
248598	534.8234558136019
248929	534.8234558136019
250342	534.8234558136019
250679	534.8234558136019
251008	534.8234558136019
251336	534.8234558136019
251660	534.8234558136019
251985	534.8234558136019
252309	534.8234558136019
252630	534.8234558136019
252958	534.8234558136019
253283	534.8234558136019
253611	534.8234558136019
253935	534.8234558136019
254260	534.8234558136019
254581	534.8234558136019
254905	534.8234558136019
255236	534.8234558136019
255561	534.8234558136019
255888	534.8234558136019
256217	534.8234558136019
256547	534.8234558136019
257835	534.8234558136019
258162	534.8234558136019
258496	534.8234558136019
258829	534.8234558136019
259164	534.8234558136019
259501	534.8234558136019
259830	534.8234558136019
260170	534.8234558136019
260500	534.8234558136019
260837	534.8234558136019
261173	534.8234558136019
261510	534.8234558136019
261842	534.8234558136019
262174	534.8234558136019
262512	534.8234558136019
262848	534.8234558136019
263175	534.8234558136019
263505	534.8234558136019
263829	534.8234558136019
264153	534.8234558136019
265244	534.8234558136019
265567	534.8234558136019
265895	534.8234558136019
266226	534.8234558136019
266553	534.8234558136019
266881	534.8234558136019
267204	534.8234558136019
267537	534.8234558136019
267871	534.8234558136019
268207	534.8234558136019
268542	534.8234558136019
268880	534.8234558136019
269207	534.8234558136019
269534	534.8234558136019
269864	534.8234558136019
270195	534.8234558136019
270521	534.8234558136019
270843	534.8234558136019
271173	534.8234558136019
271517	534.8234558136019
272559	534.8234558136019
272891	534.8234558136019
273223	534.8234558136019
273563	534.8234558136019
273906	534.8234558136019
274246	534.8234558136019
274580	534.8234558136019
274907	534.8234558136019
275247	534.8234558136019
275582	534.8234558136019
276966	534.8234558136019
277295	534.8234558136019
277634	534.8234558136019
277968	534.8234558136019
278294	534.8234558136019
278622	534.8234558136019
278942	534.8234558136019
279261	534.8234558136019
279587	534.8234558136019
279917	534.8234558136019
280244	534.8234558136019
280570	534.8234558136019
280897	534.8234558136019
281235	534.8234558136019
281566	534.8234558136019
281891	534.8234558136019
282217	534.8234558136019
282542	534.8234558136019
282870	534.8234558136019
283198	534.8234558136019
284231	534.8234558136019
284558	534.8234558136019
284886	534.8234558136019
285208	534.8234558136019
285531	534.8234558136019
285859	534.8234558136019
286187	534.8234558136019
286510	534.8234558136019
286828	534.8234558136019
287152	534.8234558136019
287467	534.8234558136019
287790	534.8234558136019
288109	534.8234558136019
288430	534.8234558136019
288754	534.8234558136019
289085	534.8234558136019
289411	534.8234558136019
289742	534.8234558136019
290064	534.8234558136019
290389	534.8234558136019
291087	531.8386444806971
292294	531.8386444462255
292621	531.8386444462255
292946	531.8386444462255
293276	531.8386444462255
293608	531.8386444462255
293940	531.8386444462255
294273	531.8386444462255
294601	531.8386444462255
294931	531.8386444462255
295259	531.8386444462255
295579	531.8386444462255
295900	531.8386444462255
296221	531.8386444462255
296552	531.8386444462255
296879	531.8386444462255
297205	531.8386444462255
297532	531.8386444462255
297862	531.8386444462255
298189	531.8386444462255
299316	531.8386444462255
299645	531.8386444462255
299977	531.8386444462255
300307	531.8386444462255
