2.3986170621386123	-64.56382534864741	-11.973017130224875	-88.13433816005183	64.04291480384822	12.275732933042377	38.22486711309563	-94.00716771673201	28.990844329993934	-98.13862037253438	16.77747390286332	43.501840124712686	-22.397642217726244	62.96906015959888	-13.881786383783052	0.7076036840202278	-33.778220605358285	-18.81778374315222	-36.01714798574718	-62.363361465265356	-91.35337282277756	-9.671788126760347	-27.21449768966447	66.05723099793158	-64.98817108632815	84.10320467027142	-20.503538788510582	-2.2408984277252415	-83.13871777579871	-85.0686407900536	
-23.17166767334514	-96.31631601576822	37.943216242688464	-57.42631248381383	11.433066178804424	-24.082238664306473	-65.92761208782888	-29.172257275791356	-13.313266419113834	58.544266979110496	-44.980649770858996	-26.754148901326463	-19.90278029237841	17.127810250251528	32.1628225279424	24.834863034546153	-37.14455398586128	-20.665664499312346	21.822520020641747	38.731547546438314	-41.30375734786931	-67.74998047458263	61.50138126482422	40.04839279272188	-28.403814629796486	-34.86240110202999	48.33101561849008	-21.368898720396036	45.081562256282545	-43.806571062617486	
-9.706383368212666	-49.52404604746119	26.797439469846424	-3.480971720326984	24.996282190631206	-49.76242529143041	-5.589862903383098	-13.023662812325608	-29.6406690761749	-45.61938986522857	-18.895965369477906	20.06380813872715	6.360791153671876	8.57053734564257	16.826289945049613	30.02825567968737	-11.509197010885098	-16.830653169043586	8.186496240763773	-11.323778164367884	5.958886974425429	-73.79008936823777	25.56073982878287	69.53515210641996	-26.85731076775712	61.70763249718605	-3.995450098624808	16.78302586423117	-52.07797210013986	-35.23036525887498	
12.675237421767703	-53.054459885270276	21.67339765687882	6.329517671147795	-31.564942506269446	8.80868987655456	86.56253356061475	-46.38341159419071	-26.54209019098215	30.163031017934912	-38.965789419904794	-48.905529745933585	-11.483374962737233	41.676681171910545	-1.1171687204314829	55.09700248444775	-20.256237231264983	9.943442439128901	19.301354875852994	-5.0703853208911385	-63.64470011593628	5.286536446160341	48.8395799167256	9.031949267473546	77.7742137474223	27.110240947916616	25.207510805083402	20.992893055279147	-49.59515226675587	-39.80308680092461	
-7.848510427559198	-50.40651635025222	-50.2242886401032	-14.412169526786457	-28.415527455699127	9.86559611507163	-53.514028610990756	-29.308537554410474	84.0837830957081	-21.544588026847936	-76.08461128971047	36.149380569722396	28.94217139856051	40.69587836457023	87.29928357037802	14.656170339918596	-5.1538070372400675	21.616718644922564	4.339115543059959	-72.71287139882699	-82.51605869004173	-82.69896861973388	-84.09640207040958	64.69122869531655	-48.41497562691072	-65.64118158847828	82.88911890634226	-33.4684838460954	-14.710126129026035	-52.24767605811516	
3.0106696004466036	-50.961709811203825	11.7868480966195	-93.88473170627118	-8.19061472191452	-24.71549173188506	-67.46665081696496	-10.671693287614744	3.454973779102449	-34.3572285666383	-51.44693839104852	-6.335228477637618	-19.17858160518639	39.00828321990788	20.379493413735286	33.65928926336399	-15.199278564445596	-16.796620513359827	39.618057446980686	-20.366667058881625	-91.80479742581014	-37.95192955155951	-34.029388814254034	29.90234679044468	-13.769893046701808	23.540097628096888	49.98175755495581	-38.051997983554145	-51.79688902655488	-16.662576591314426	
-7.860769259633756	-57.05340795076149	-0.40360523546645677	-44.784335028190156	-17.625265062294883	-22.628921965657945	14.626390636893914	-4.080041623955665	40.68144412235482	-32.042318173825265	-23.368535296303307	11.4804759973752	-2.3666156006193035	63.02774224008928	-1.6496030733758715	8.463605166353917	-18.476753788537096	-35.45274817097341	6.279377495572522	-48.95338785939402	-61.77227538826945	-11.021463463519853	-14.891611168092393	33.84347256058321	30.24607460398387	19.679970928516042	32.11903534822211	-40.97207772109178	-71.69264132796407	-54.694662458296776	
44.22770844835055	-66.39679387029332	-5.438753941897921	-68.70894567089994	-55.33554282926096	-60.27705436643732	-35.446522055474425	-60.777507776587875	87.58252489232316	5.8585566543315135	-94.39694217053507	16.513613646689045	14.11536707948066	79.45047372736543	14.599027979312439	15.926410197966387	-13.07078143123506	-14.00571176642384	28.575365714831435	-52.743127157511324	-68.611089819316	-29.011380774788098	-49.76391842760536	80.71108825107537	-31.10733236423831	-45.55128309660056	52.931616295058184	-36.198174861754055	-27.432128937558765	-78.81038091844779	
9.156551854492498	-58.057149337724596	-10.818149583024134	-42.47610465710043	-6.431490619908317	-25.326357472043764	-8.745225715757991	0.95165996549086	61.28426715052909	-39.119521250692344	-39.63440038366088	12.07984578002019	-48.3664807017061	41.60350010738358	16.419584404928408	40.432557390361666	11.265474380313002	-17.350744284023023	51.84576090449616	-33.66805667784125	-95.38451666589778	-25.589288931937265	-41.346349329943195	35.47326699768059	-20.8024244310254	40.67421895541782	47.87771074813924	-36.722091270356174	-78.88418040649904	-14.079534941499979	
14.011126537651876	-63.45144619523681	-28.921158046169104	-49.12264628492694	-31.04484853592182	-8.039669192441098	-34.87436215704135	-46.29301781230621	50.73675836363983	-10.84292782634892	-43.51546325224691	7.671833224338336	0.143096069616913	79.57431733741039	6.425465210644484	19.045461976367857	10.530783493757387	-34.79124160538895	31.194578027441807	-47.32412957244101	-78.57576028820597	-34.93103595371809	-49.02460056734898	70.43501014814503	-1.1041440688172983	-28.355459021327736	58.7294627445381	-21.56728085749144	-63.97077793440052	-26.996734311217764	
