1000	34682.97255826309
7828	23961.533958466247
11766	21958.252452865934
18340	16424.18874954482
22477	16110.333082759778
28242	14104.076338566672
34124	13887.060580246372
40052	13837.318181624556
42775	13837.303881581174
45493	13837.292629832551
48215	13837.286073749474
50936	13837.272315270613
53661	13837.262158391655
56386	13837.252579143413
59112	13837.241771069781
61846	13837.231953152874
64579	13837.223019210956
67314	13837.214371691913
70054	13837.204615983337
72793	13837.19608584544
75531	13837.18419584406
78270	13837.175670106124
81016	13837.165451750978
83756	13837.155667714516
86497	13837.146069451079
89229	13837.135963362729
91963	13837.1293445042
94691	13837.116867500707
97418	13837.10663968532
100147	13837.096599627359
102873	13837.085735246092
105597	13837.078969809285
108329	13837.066014658903
111066	13837.054469847244
113805	13837.042847219782
116543	13837.03424649343
119284	13837.02776062228
122019	13837.016085158499
124765	13837.007511947904
127515	13836.998853519748
130268	13836.989341125514
133015	13836.981185964421
135759	13836.973301996586
138510	13836.963498606521
141257	13836.950217825939
143998	13836.93999120978
146739	13836.929972967071
149487	13836.922427778776
152223	13836.909490815135
154967	13836.900629436153
157712	13836.887642695008
160460	13836.881399099973
163206	13836.874110559947
165943	13836.865324122096
168684	13836.85782766062
171420	13836.850317099204
174158	13836.843513520576
176893	13836.83202791767
179623	13836.823131012676
182357	13836.810414548185
185092	13836.798865215547
187832	13836.78995681645
190565	13836.782940899633
193299	13836.775995989206
196036	13836.770770017654
198774	13836.763064129842
201515	13836.756177230804
204252	13836.748461460174
206992	13836.73980654998
209725	13836.72810230279
212466	13836.713369913534
215211	13836.702365344616
217951	13836.6914227548
220693	13836.683581175355
223440	13836.67739152873
226178	13836.668377447291
228917	13836.657931983147
231654	13836.645875136852
234388	13836.636313711108
237131	13836.626173895296
239879	13836.615356406513
242632	13836.606848395524
245377	13836.600105824109
248122	13836.589757556743
250868	13836.574487586142
253614	13836.565478284847
256358	13836.553992177785
259102	13836.542442786751
261843	13836.534610282357
264585	13836.523387253743
267328	13836.514245817558
270066	13836.50359969863
272805	13836.49384476139
275541	13836.488600102195
278279	13836.483459403767
281016	13836.478717916772
283750	13836.473713139982
286483	13836.46377651595
289215	13836.452714192194
291953	13836.444158100934
294695	13836.437496350547
297431	13836.429592395842
300172	13836.418172347105
302914	13836.404587845278
305658	13836.396286724845
308403	13836.392944614257
311151	13836.384412927619
313895	13836.37832205959
316639	13836.37199675514
319388	13836.368304324187
322127	13836.362662671025
324868	13836.356964964642
327603	13836.348001965296
330349	13836.340641961822
333089	13836.332590206828
335839	13836.323996648476
338587	13836.31557718488
341336	13836.308294798091
344080	13836.302340021535
346826	13836.2953779286
349572	13836.28869728625
352322	13836.280526991708
355071	13836.27095550461
357817	13836.262714380853
360566	13836.254010453671
363311	13836.245527209932
366054	13836.234931249568
368802	13836.229617574409
371546	13836.222003356259
374290	13836.21504535314
377036	13836.205062490277
379783	13836.195526464566
382523	13836.183437875916
385270	13836.176067110115
388008	13836.168414463013
390743	13836.161626580677
393481	13836.153341496694
396220	13836.143535989373
398957	13836.137591578597
401691	13836.12987839308
404420	13836.123852395824
407155	13836.114874395029
409886	13836.10810357926
412621	13836.10035382937
415356	13836.086495097235
418092	13836.07352011489
420830	13836.057461278306
423564	13836.04533070567
426305	13836.035063707863
429040	13836.02758928029
431785	13836.016365604675
434528	13836.009987710255
437267	13835.996148720096
440003	13835.984031604796
442741	13835.974041274701
445478	13835.964151449105
448213	13835.953073597255
450952	13835.944255296228
453695	13835.937557985966
456438	13835.93175407602
459176	13835.921654577625
461913	13835.909938723438
464650	13835.89998786278
467384	13835.891405983857
470114	13835.878892058754
472851	13835.866015870259
475585	13835.86413596064
478322	13835.85442014386
481053	13835.84219443798
483793	13835.833504090766
486531	13835.8268731545
489270	13835.816893095856
492014	13835.805506889024
494749	13835.793363877827
497486	13835.782719262203
500226	13835.772159620024
502959	13835.76399092047
505697	13835.755832398885
508438	13835.744614709423
511174	13835.736171800323
513911	13835.727909522626
516648	13835.716937987814
519379	13835.707979927865
522117	13835.703202156285
524857	13835.693465785858
527597	13835.685637634037
530344	13835.678845027702
533084	13835.671381738131
535828	13835.664343731773
538567	13835.655413910565
541309	13835.649063136541
544048	13835.641733135304
546786	13835.637839887117
549526	13835.630299150402
552268	13835.623022057662
555007	13835.613015994226
557742	13835.603350603455
560482	13835.596159767305
563217	13835.586367067706
565955	13835.57861792394
568696	13835.569198018173
571439	13835.564873697651
574180	13835.557414117611
576918	13835.549727721565
579651	13835.541626591086
582387	13835.531159372033
585121	13835.521013600151
587852	13835.509382266111
590592	13835.500828449425
593328	13835.485893112826
596068	13835.474535526035
598810	13835.463430691329
601561	13835.45475473706
604310	13835.447366779732
607056	13835.436854540469
609801	13835.426710509666
612550	13835.419582085186
615304	13835.410002784742
618055	13835.401125573975
620809	13835.392970124958
623567	13835.383822184875
626323	13835.37917687231
629067	13835.372088562675
631809	13835.366839224833
634556	13835.360670919232
637297	13835.354472326537
640039	13835.343842387869
642787	13835.336743898453
645529	13835.331034728311
648273	13835.32662299605
651014	13835.318439552771
653760	13835.310873795093
656500	13835.302072242514
659239	13835.294042866939
661982	13835.284103496357
664727	13835.275536236524
667476	13835.265344151241
670221	13835.256873467428
672969	13835.250611052164
675716	13835.241352353678
678464	13835.231622136445
681211	13835.225661104843
683954	13835.219049853698
686690	13835.212505277363
689432	13835.202544903943
692173	13835.196552107656
694914	13835.18603288642
697655	13835.180166118327
700391	13835.170234860874
703129	13835.166970950002
705862	13835.156119759169
708609	13835.150277536177
711362	13835.14405553434
714102	13835.136233700749
716847	13835.124127774263
719593	13835.109246820903
722340	13835.10050599938
725088	13835.087897742393
727833	13835.079639400534
730579	13835.070269442109
733327	13835.057006226652
736066	13835.047861149254
738807	13835.037995978746
741547	13835.026321303732
744284	13835.017943837589
747021	13835.007165432726
749757	13834.99589733588
752497	13834.984553059236
755236	13834.970375350615
757980	13834.963188092654
760715	13834.955606639269
763453	13834.941067490843
766195	13834.931729062439
768936	13834.924264526278
771675	13834.914229556893
774419	13834.90659071346
777162	13834.891727656293
779902	13834.886532001725
782642	13834.877338815026
785382	13834.868678539435
788123	13834.858391250888
790864	13834.849726918175
793607	13834.842230485501
796349	13834.83157649812
799090	13834.818024793149
801833	13834.80519110693
804575	13834.797735379598
807314	13834.789006179755
810051	13834.779464018178
812788	13834.770432841695
815530	13834.762293831966
818268	13834.755078008631
821007	13834.749376822663
823747	13834.741866816938
826486	13834.728270658336
829228	13834.716157700954
831964	13834.7035724975
834705	13834.69502544848
837452	13834.684080665153
840196	13834.677821096378
842944	13834.669165808496
845686	13834.657842694858
848431	13834.650194570902
851180	13834.637460088365
853927	13834.626373898962
856671	13834.616504655278
859412	13834.608839899553
862148	13834.593492729404
864879	13834.58401194463
867614	13834.577805422046
870355	13834.568720661631
873095	13834.56142058922
875836	13834.55628256105
878574	13834.549152847641
881309	13834.538542147508
884052	13834.533125798625
886793	13834.525432443264
889538	13834.520354392076
892282	13834.515289091105
895028	13834.505525757788
897770	13834.50184989909
900515	13834.497153004017
903254	13834.48833676385
905999	13834.479336885928
908741	13834.469949352824
911482	13834.46322863836
914228	13834.45335825027
916971	13834.44374062903
919713	13834.434709947353
922451	13834.428298293507
925192	13834.423357809428
927928	13834.41337356966
930668	13834.407297266756
933409	13834.397370626666
936152	13834.390107186297
938895	13834.379748959222
941640	13834.37302386896
944379	13834.367566646884
947123	13834.362728848675
949866	13834.354819964869
952606	13834.345552379305
955349	13834.338444881945
958094	13834.33058796134
960841	13834.32380385858
963588	13834.316957922238
966331	13834.313866985452
969075	13834.306041728436
971821	13834.292490476477
974568	13834.284730081661
977314	13834.278987020229
980057	13834.270421227047
982814	13834.264720695875
985553	13834.257412942887
988295	13834.252845872288
991035	13834.248962146026
993779	13834.245669927717
996530	13834.240316355943
999276	13834.23316960851
1002018	13834.223673670389
