1000	34878.86622617765
2147	34068.331112363856
3281	34068.331112363856
4413	34068.331112363856
5542	34068.331112363856
6670	34068.331112363856
7799	34068.331112363856
8927	34068.331112363856
10054	34068.331112363856
11183	33381.19001969504
12306	33381.19001969504
13430	33381.19001969504
14555	33381.19001969504
15678	33381.19001969504
16804	33381.19001969504
17930	33381.19001969504
19053	33381.19001969504
20176	33381.19001969504
21298	33381.19001969504
22421	33381.19001969504
23545	33381.19001969504
24670	33381.19001969504
25798	33381.19001969504
26925	33381.19001969504
28052	33381.19001969504
29180	33319.456739711044
30308	33319.456739711044
31436	33319.456739711044
32564	32819.333568491835
33691	32819.333568491835
34823	32819.333568491835
35951	32819.333568491835
37080	32819.333568491835
38207	32819.333568491835
39333	32819.333568491835
40462	32819.333568491835
41589	32819.333568491835
42716	32819.333568491835
43843	32819.333568491835
44971	32819.333568491835
46096	32819.333568491835
47219	32819.333568491835
48347	32819.333568491835
49471	32819.333568491835
70134	21467.047772542315
89033	18767.259057436626
104298	16049.294973394932
125379	16049.294954470832
126505	16049.294954470832
127632	16049.294954470832
128758	16049.294954470832
129883	16049.294954470832
131008	16049.294954470832
132135	16049.294954470832
133263	16049.294954470832
134390	16049.294954470832
135517	16049.294954470832
136642	16049.294954470832
137766	16049.294954470832
138893	16049.294954470832
140020	16049.294954470832
141148	16049.294954470832
142275	16049.294954470832
143402	16049.294954470832
144527	16049.294954470832
145654	16049.294954470832
146781	16049.294954470832
147909	16049.294954470832
149037	16049.294954470832
150163	16049.294954470832
151290	16049.294954470832
171897	16049.294954470832
173022	16049.294954470832
174147	16049.294954470832
175273	16049.294954470832
176405	16049.294954470832
177535	16049.294954470832
178662	16049.294954470832
179790	16049.294954470832
180917	16049.294954470832
182044	16049.294954470832
183171	16049.294954470832
184296	16049.294954470832
185426	16049.294954470832
186556	16049.294954470832
187681	16049.294954470832
188809	16049.294954470832
189936	16049.294954470832
191061	16049.294954470832
192188	16049.294954470832
193311	16049.294954470832
217112	16049.294954470832
218239	16049.294954470832
219365	16049.294954470832
220489	16049.294954470832
221611	16049.294954470832
222738	16049.294954470832
223861	16049.294954470832
224985	16049.294954470832
226112	16049.294954470832
227239	16049.294954470832
228367	16049.294954470832
229494	16049.294954470832
230619	16049.294954470832
231745	16049.294954470832
232874	16049.294954470832
234001	16049.294954470832
235130	16049.294954470832
236259	16049.294954470832
237386	16049.294954470832
238515	16049.294954470832
248825	16049.294954470832
249951	16049.294954470832
251079	16049.294954470832
252206	16049.294954470832
253332	16049.294954470832
254455	16049.294954470832
255585	16049.294954470832
256714	16049.294954470832
257840	16049.294954470832
258966	16049.294954470832
287329	16049.294954470832
288457	16049.294954470832
289583	16049.294954470832
290714	16049.294954470832
291842	16049.294954470832
292970	16049.294954470832
294098	16049.294954470832
295225	16049.294954470832
296354	16049.294954470832
297481	16049.294954470832
298606	16049.294954470832
299729	16049.294954470832
300858	16049.294954470832
301982	16049.294954470832
303106	16049.294954470832
304230	16049.294954470832
305354	16049.294954470832
306479	16049.294954470832
307607	16049.294954470832
308736	16049.294954470832
336021	16049.294954470832
337147	16049.294954470832
338274	16049.294954470832
339400	16049.294954470832
340528	16049.294954470832
341657	16049.294954470832
342785	16049.294954470832
343915	16049.294954470832
345040	16049.294954470832
346169	16049.294954470832
347298	16049.294954470832
348424	16049.294954470832
349554	16049.294954470832
350681	16049.294954470832
351808	16049.294954470832
352933	16049.294954470832
354058	16049.294954470832
355186	16049.294954470832
356311	16049.294954470832
357437	16049.294954470832
383451	16049.294954470832
384577	16049.294954470832
385703	16049.294954470832
386828	16049.294954470832
387953	16049.294954470832
389080	16049.294954470832
390206	16049.294954470832
391333	16049.294954470832
392460	16049.294954470832
393587	16049.294954470832
394715	16049.294954470832
395839	16049.294954470832
396965	16049.294954470832
398094	16049.294954470832
399220	16049.294954470832
400351	16049.294954470832
401481	16049.294954470832
402608	16049.294954470832
403732	16049.294954470832
404857	16049.294954470832
414811	16049.294954470832
415938	16049.294954470832
417068	16049.294954470832
418195	16049.294954470832
419319	16049.294954470832
420446	16049.294954470832
421573	16049.294954470832
422699	16049.294954470832
423825	16049.294954470832
424949	16049.294954470832
426073	16049.294954470832
427199	16049.294954470832
428326	16049.294954470832
429453	16049.294954470832
430582	16049.294954470832
431711	16049.294954470832
432838	16049.294954470832
433968	16049.294954470832
435094	16049.294954470832
436225	16049.294954470832
456749	16049.294954470832
457880	16049.294954470832
459007	16049.294954470832
460133	16049.294954470832
461257	16049.294954470832
462380	16049.294954470832
463504	16049.294954470832
464629	16049.294954470832
465756	16049.294954470832
466884	16049.294954470832
485257	16049.294954470832
486384	16049.294954470832
487507	16049.294954470832
488632	16049.294954470832
489757	16049.294954470832
490882	16049.294954470832
492009	16049.294954470832
493136	16049.294954470832
494264	16049.294954470832
495390	16049.294954470832
496517	16049.294954470832
497647	16049.294954470832
498780	16049.294954470832
499910	16049.294954470832
501038	16049.294954470832
502164	16049.294954470832
503291	16049.294954470832
504415	16049.294954470832
505539	16049.294954470832
506665	16049.294954470832
520215	14957.555855521492
545247	14957.540370628427
546373	14957.540370628427
547500	14957.540370628427
548623	14957.540370628427
549750	14957.540370628427
550876	14957.540370628427
552001	14957.540370628427
553129	14957.540370628427
554255	14957.540370628427
555384	14957.540370628427
556511	14957.540370628427
557635	14957.540370628427
558762	14957.540370628427
559894	14957.540370628427
561019	14957.540370628427
562146	14957.540370628427
563276	14957.540370628427
564404	14957.540370628427
565529	14957.540370628427
584806	14957.540370628427
585932	14957.540370628427
587058	14957.540370628427
588182	14957.540370628427
589310	14957.540370628427
590439	14957.540370628427
591566	14957.540370628427
592693	14957.540370628427
593821	14957.540370628427
594947	14957.540370628427
596074	14957.540370628427
597201	14957.540370628427
598329	14957.540370628427
599455	14957.540370628427
600579	14957.540370628427
601708	14957.540370628427
602836	14957.540370628427
603963	14957.540370628427
605093	14957.540370628427
606223	14957.540370628427
626651	14957.540370628427
627778	14957.540370628427
628905	14957.540370628427
630034	14957.540370628427
631160	14957.540370628427
632285	14957.540370628427
633409	14957.540370628427
634534	14957.540370628427
635662	14957.540370628427
636790	14957.540370628427
637916	14957.540370628427
639039	14957.540370628427
640165	14957.540370628427
641292	14957.540370628427
642421	14957.540370628427
643548	14957.540370628427
644674	14957.540370628427
645800	14957.540370628427
646928	14957.540370628427
648055	14957.540370628427
672539	13906.734234186319
702632	12924.089419773241
703760	12924.089419773241
704888	12924.089419773241
706017	12924.089419773241
707146	12924.089419773241
708273	12924.089419773241
709400	12924.089419773241
710527	12924.089419773241
711654	12924.089419773241
712781	12924.089419773241
713910	12924.089419773241
715036	12924.089419773241
716162	12924.089419773241
717289	12924.089419773241
718416	12924.089419773241
719543	12924.089419773241
720668	12924.089419773241
721797	12924.089419773241
722925	12924.089419773241
740793	12924.089419773241
741921	12924.089419773241
743051	12924.089419773241
744178	12924.089419773241
745306	12924.089419773241
746432	12924.089419773241
747557	12924.089419773241
748684	12924.089419773241
749810	12924.089419773241
750938	12924.089419773241
752064	12924.089419773241
753192	12924.089419773241
754321	12924.089419773241
755446	12924.089419773241
756571	12924.089419773241
757696	12924.089419773241
758821	12924.089419773241
759948	12924.089419773241
761073	12924.089419773241
762201	12924.089419773241
782714	12924.089419773241
783842	12924.089419773241
784968	12924.089419773241
786092	12924.089419773241
787221	12924.089419773241
788348	12924.089419773241
789477	12924.089419773241
790605	12924.089419773241
791733	12924.089419773241
792859	12924.089419773241
793984	12924.089419773241
795109	12924.089419773241
796236	12924.089419773241
797365	12924.089419773241
798494	12924.089419773241
799623	12924.089419773241
800752	12924.089419773241
801877	12924.089419773241
803003	12924.089419773241
804129	12924.089419773241
814804	12924.089419773241
815930	12924.089419773241
817057	12924.089419773241
818185	12924.089419773241
819312	12924.089419773241
820438	12924.089419773241
821563	12924.089419773241
822693	12924.089419773241
823820	12924.089419773241
824946	12924.089419773241
826075	12924.089419773241
827201	12924.089419773241
828325	12924.089419773241
829450	12924.089419773241
830576	12924.089419773241
831704	12924.089419773241
832831	12924.089419773241
833959	12924.089419773241
835091	12924.089419773241
836216	12924.089419773241
859366	12924.089419773241
860495	12924.089419773241
861620	12924.089419773241
862743	12924.089419773241
863868	12924.089419773241
864996	12924.089419773241
866120	12924.089419773241
867244	12924.089419773241
868369	12924.089419773241
869494	12924.089419773241
870618	12924.089419773241
871744	12924.089419773241
872867	12924.089419773241
873991	12924.089419773241
875118	12924.089419773241
876246	12924.089419773241
877372	12924.089419773241
878501	12924.089419773241
879628	12924.089419773241
880759	12924.089419773241
909771	12924.089419773241
910899	12924.089419773241
912027	12924.089419773241
913156	12924.089419773241
914282	12924.089419773241
915407	12924.089419773241
916532	12924.089419773241
917659	12924.089419773241
918784	12924.089419773241
919911	12924.089419773241
947914	12924.089419773241
949039	12924.089419773241
950164	12924.089419773241
951289	12924.089419773241
952415	12924.089419773241
953541	12924.089419773241
954672	12924.089419773241
955799	12924.089419773241
956928	12924.089419773241
958057	12924.089419773241
959184	12924.089419773241
960308	12924.089419773241
961433	12924.089419773241
962564	12924.089419773241
963690	12924.089419773241
964816	12924.089419773241
965943	12924.089419773241
967070	12924.089419773241
968199	12924.089419773241
969324	12924.089419773241
985715	12924.089419773241
986842	12924.089419773241
987972	12924.089419773241
989096	12924.089419773241
990220	12924.089419773241
991348	12924.089419773241
992475	12924.089419773241
993603	12924.089419773241
994731	12924.089419773241
995859	12924.089419773241
996988	12924.089419773241
998114	12924.089419773241
999238	12924.089419773241
1000363	12924.089419773241
