52.429780846970374	48.49145409402405	-95.67855197743809	26.426058836740935	82.39711058935734	58.42940074264206	-78.9641116096723	-74.8657702633039	56.75043467438056	-33.79679241658937	-33.504948711144294	61.233699685527995	-5.369130832757449	-92.96472993455447	-81.87911553114589	-31.039632508509314	24.687670448436805	-69.4391065972021	92.2813042339564	28.018455395793126	49.21961966629212	-21.00809312925645	-56.86295666306287	26.45088308658599	-57.94987546780743	-4.910535168130409	36.62979825313201	-7.289711725700613	-4.914474026619217	-35.81550328919741	
-79.18703949353188	22.06320916642074	2.735735092398251	-49.09759961322546	-30.74083881540975	64.23610101855373	-34.08864634137073	1.7596686615581234	68.4501464382692	28.714213538082348	31.23132784566226	43.4612371675125	-12.182310147638749	-9.470351283517445	-36.68029303488151	-61.81314074559964	29.298556073530364	28.635947968040846	4.8713684357631735	-55.398099242407156	-9.180688645592099	-10.519896905379348	-42.29562780961995	-23.491257748750613	-50.5808268415089	-89.93321227876262	55.3608457368912	-15.080590862036114	-76.40616639624028	-48.698867934783216	
21.199930294110317	48.579385419123476	-53.41709181899562	-57.952885558931975	-14.073574531706083	49.011543782053444	-89.0740693588957	34.132523173239875	43.8989194262837	-19.165633937945838	-15.628807317966912	67.1200896931366	-35.865460443556266	-73.09647956221066	-49.012433363404256	1.8048276923416182	-60.76329131864741	-50.55044405388087	-25.35702995658188	39.61574880517941	45.65880064038167	-39.74705771872408	-48.89494425286544	51.50841678288003	-17.773245419518204	-31.858921158295434	44.04714637562925	-8.163985236970023	-8.053542829908537	20.357207428075007	
21.199930294110317	48.579385419123476	-53.41709181899562	-57.952885558931975	-14.073574531706083	49.011543782053444	-89.0740693588957	34.132523173239875	43.8989194262837	-19.165633937945838	-15.628807317966912	67.1200896931366	-35.865460443556266	-73.09647956221066	-49.012433363404256	1.8048276923416182	-60.76329131864741	-50.55044405388087	-25.35702995658188	39.61574880517941	45.65880064038167	-39.74705771872408	-48.89494425286544	51.50841678288003	-17.773245419518204	-31.858921158295434	44.04714637562925	-8.163985236970023	-8.053542829908537	20.357207428075007	
-81.92018175529714	21.2294794876652	-71.65678949785705	-57.60719978880888	-20.782673984530255	61.098150093671606	-84.90510559152054	53.81751841118723	57.589579380374175	6.204685547335227	-9.414559952945577	8.032550423885343	23.449367366804957	-59.83426739788913	-53.6755920992462	16.258905991937286	12.54528574091969	-9.503279581872908	-11.142308349772195	-18.905417977058438	18.997002855191724	-58.295366491704385	-31.1007615659796	27.21149156513691	-20.227007627205964	-50.697966714466006	46.03015254264567	-42.29548848469443	-24.785077287258154	0.6258747446382591	
-23.11358822468731	40.40298252381251	-17.38002211002147	-48.13835066469095	6.240255994888603	75.96225034930512	-51.096824225263504	16.12381469527213	38.32604631758224	54.55890996107976	17.513761588322275	36.04232346983939	-16.697870948328493	-18.534556736158663	-36.75899835853794	-12.78912952815873	-28.892567415262235	-31.879027731147485	-6.919866693314184	3.2757328070778398	34.99451112845213	16.22639574763683	-21.180729581163995	-15.332768824739475	-8.929083284303616	-55.03519036842472	2.5512732415877135	-33.4595907652831	-44.95188967149115	-0.44554144463458556	
-57.38840739653938	22.992191820422335	-6.5376218982894985	-49.00355197574202	-14.238519279492653	46.8731259223722	-52.78402974272001	-27.83946677302402	52.185342874553406	-8.615724555393736	6.661572773352094	53.80345308923225	-21.7347189901167	-70.6499708113951	-17.7045493707036	24.14780995728093	-19.70180762108983	-11.267988496959518	-9.041531563649215	46.398314227504486	12.050387760583527	6.169984973942036	-43.25278286342583	39.267949218966294	-6.032612322097636	-52.2657145747517	47.95064539194192	1.3029839802101009	-52.44903171853579	-4.8708946342725525	
-2.403845734916149	27.296602406889413	-14.7962594668846	-48.186146928242685	50.44246886838631	48.38062147871469	-55.82314353782964	33.32309500237642	31.756501132113314	32.24080966210518	-44.409568579297314	50.62041508643962	-26.324354510572032	-18.3476308023017	-63.796645391643544	-13.642400621328822	-28.347413824744574	-44.715316292245916	16.036622043595315	5.903481831047666	10.719997847109978	-6.4944282094523995	-20.719636579159605	14.776148163188608	-9.803283044359787	-38.51940400062155	27.755044508897264	-10.723075381700896	-46.64938378827183	-5.139889589758469	
13.943722332758275	15.540528897120364	-21.920112019566798	-75.93823811866287	28.37731092339966	44.61836468733204	-83.2261847911751	21.02977991567093	27.279319297100564	-3.175494705423045	19.367163735540693	69.70769481436157	-35.718194627789075	-25.934413288036048	-49.254054461394134	-16.758149772556656	-6.708507103989504	-46.18017521851664	15.369788828034055	25.072420281168508	55.12229460011265	-36.689048444753986	-5.361577576637865	23.010094902505713	-12.449103501497719	-92.13083238923898	54.65998944766474	0.307388091428781	-54.76338854135504	30.38042453356675	
13.943722332758275	15.540528897120364	-21.920112019566798	-75.93823811866287	28.37731092339966	44.61836468733204	-83.2261847911751	21.02977991567093	27.279319297100564	-3.175494705423045	19.367163735540693	69.70769481436157	-35.718194627789075	-25.934413288036048	-49.254054461394134	-16.758149772556656	-6.708507103989504	-46.18017521851664	15.369788828034055	25.072420281168508	55.12229460011265	-36.689048444753986	-5.361577576637865	23.010094902505713	-12.449103501497719	-92.13083238923898	54.65998944766474	0.307388091428781	-54.76338854135504	30.38042453356675	
