500	3064110207.2485366
6690	8622.433092673935
10277	8618.99692316748
11617	8618.740333750004
12963	8618.740333750004
19899	8618.740333750004
25327	8618.740333750004
29918	8618.740333750004
34634	8618.740333750004
38386	8618.740333750004
42908	8618.740333750004
45946	8618.740333750004
50484	8618.740333750004
54215	8618.740333750004
61780	8618.740333750004
65486	8618.740333750004
69921	8618.740333750004
73576	8618.740333750004
77262	8618.740333750004
82619	8618.740333750004
87798	8618.740333750004
91454	8618.740333750004
95118	8618.740333750004
98832	8618.740333750004
104101	8618.740333750004
107788	8618.740333750004
114586	8618.740333750004
117526	8618.740333750004
121998	8618.740333750004
125709	8618.740333750004
131005	8618.740333750004
135458	8618.740333750004
138387	8618.740333750004
141300	8618.740333750004
146511	8618.740333750004
150186	8618.740333750004
153121	8618.740333750004
156011	8618.740333750004
161202	8618.740333750004
164148	8618.740333750004
169458	8618.740333750004
174622	8618.740333750004
178317	8618.740333750004
185091	8618.740333750004
188783	8618.740333750004
191740	8618.740333750004
196112	8618.740333750004
199000	8618.740333750004
201138	8618.740333750004
207083	8618.740333750004
209235	8618.740333750004
214386	8618.740333750004
219593	8618.740333750004
223217	8618.740333750004
226135	8618.740333750004
228269	8618.740333750004
231189	8618.740333750004
233299	8618.740333750004
236204	8618.740333750004
240627	8618.740333750004
242770	8618.740333750004
245699	8618.740333750004
248594	8618.740333750004
251476	8618.740333750004
254370	8618.740333750004
257293	8618.740333750004
261643	8618.740333750004
264545	8618.740333750004
267437	8618.740333750004
269540	8618.740333750004
272480	8618.740333750004
275356	8618.740333750004
279004	8618.740333750004
283410	8618.740333750004
287092	8618.740333750004
290013	8618.740333750004
292912	8618.740333750004
296642	8618.740333750004
299573	8618.740333750004
302446	8618.740333750004
306098	8618.740333750004
310527	8618.740333750004
314977	8618.740333750004
319367	8618.740333750004
323867	8618.740333750004
326812	8618.740333750004
328977	8618.740333750004
334892	8618.740333750004
340082	8618.740333750004
345287	8618.740333750004
347387	8618.740333750004
351765	8618.740333750004
354659	8618.740333750004
358335	8618.740333750004
361259	8618.740333750004
364933	8618.740333750004
367835	8618.740333750004
369972	8618.740333750004
372101	8618.740333750004
375795	8618.740333750004
378678	8618.740333750004
380828	8618.740333750004
386011	8618.740333750004
391156	8618.740333750004
395583	8618.740333750004
398500	8618.740333750004
400617	8618.740333750004
403495	8618.740333750004
406357	8618.740333750004
409223	8618.740333750004
414365	8618.740333750004
418738	8618.740333750004
422427	8618.740333750004
425310	8618.740333750004
429005	8618.740333750004
431127	8618.740333750004
434021	8618.740333750004
437639	8618.740333750004
441291	8618.740333750004
444194	8618.740333750004
446314	8618.740333750004
449219	8618.740333750004
453643	8618.740333750004
457330	8618.740333750004
463198	8618.740333750004
466076	8618.740333750004
468959	8618.740333750004
471834	8618.740333750004
474695	8618.740333750004
479083	8618.740333750004
483510	8618.740333750004
487890	8618.740333750004
495261	8618.740333750004
498139	8618.740333750004
500229	8618.740333750004
