500	7473606423.298262
1084	3040353295.704228
1664	1416108354.9875298
2244	806010621.2794569
2823	385208771.91431767
3398	210146431.07207218
3972	110119855.14616385
4547	65518018.04487808
5120	41155527.0764649
5695	16919656.15438883
6270	14309576.198797327
6843	9513102.629047897
7418	3919820.264334931
7993	2262972.603582219
8567	710511.0125410237
9137	710511.0125410237
9704	710511.0125410237
10271	391409.6042385717
10843	361810.54891117534
11408	311929.5541119837
11975	311929.5541119837
12547	165957.6478609604
13115	139330.67023357557
13682	139330.67023357557
14249	139330.67023357557
14816	96166.12615023663
15382	83711.86122294875
15947	39271.85836593392
16515	30066.911637611633
17078	30066.911637611633
17644	30066.911637611633
18210	24899.55513100978
18776	24899.55513100978
19345	20305.981377286153
19907	20305.981377286153
20470	20305.981377286153
21033	20305.981377286153
21600	17249.7681914022
22163	17249.7681914022
22727	15741.632889245771
23291	15741.632889245771
32132	3738.2552902811863
39936	2511.053687201622
51762	2509.6032594250864
61393	2100.203172237934
61957	2100.203172237934
62518	2100.203172237934
63084	2100.203172237934
63649	2100.203172237934
64213	2100.203172237934
64774	2100.203172237934
65339	2100.203172237934
65900	2100.203172237934
66459	2100.203172237934
67023	2100.203172237934
67583	2100.203172237934
68148	2100.203172237934
68716	2100.203172237934
69277	2100.203172237934
69839	2100.203172237934
70404	2100.203172237934
70961	2100.203172237934
71526	2100.203172237934
72096	2100.203172237934
72661	2100.203172237934
73225	2100.203172237934
73791	2100.203172237934
74354	2100.203172237934
74917	2100.203172237934
75478	2100.203172237934
76038	2100.203172237934
81557	2100.203172237934
82124	2100.203172237934
82691	2100.203172237934
83256	2100.203172237934
83822	2100.203172237934
84386	2100.203172237934
84947	2100.203172237934
85512	2100.203172237934
86076	2100.203172237934
86635	2100.203172237934
103141	2100.203172237934
103701	2100.203172237934
104265	2100.203172237934
104827	2100.203172237934
105382	2100.203172237934
105943	2100.203172237934
106510	2100.203172237934
107075	2100.203172237934
107642	2100.203172237934
108206	2100.203172237934
108774	2100.203172237934
109336	2100.203172237934
109897	2100.203172237934
110459	2100.203172237934
111020	2100.203172237934
111582	2100.203172237934
112142	2100.203172237934
112710	2100.203172237934
113272	2100.203172237934
113834	2100.203172237934
119845	2100.203172237934
120408	2100.203172237934
120973	2100.203172237934
121537	2100.203172237934
122096	2100.203172237934
122658	2100.203172237934
123221	2100.203172237934
123785	2100.203172237934
124350	2100.203172237934
124913	2100.203172237934
125476	2100.203172237934
126040	2100.203172237934
126602	2100.203172237934
127166	2100.203172237934
127729	2100.203172237934
128291	2100.203172237934
128852	2100.203172237934
129412	2100.203172237934
129975	2100.203172237934
130540	2100.203172237934
140139	2100.203172237934
140702	2100.203172237934
141262	2100.203172237934
141822	2100.203172237934
142382	2100.203172237934
142940	2100.203172237934
143501	2100.203172237934
144062	2100.203172237934
144623	2100.203172237934
151077	2076.115485673082
151639	2076.115485673082
152197	2076.115485673082
152759	2076.115485673082
153321	2076.115485673082
153882	2076.115485673082
154446	2076.115485673082
155012	2076.115485673082
163584	2072.7425526855886
164149	2072.7425526855886
170862	2056.1017463190306
171425	2056.1017463190306
171986	2056.1017463190306
172551	2056.1017463190306
173114	2056.1017463190306
173677	2056.1017463190306
174240	2056.1017463190306
174801	2056.1017463190306
175365	2056.1017463190306
175927	2056.1017463190306
176489	2056.1017463190306
177051	2056.1017463190306
177611	2056.1017463190306
178172	2056.1017463190306
178733	2056.1017463190306
179295	2056.1017463190306
179856	2056.1017463190306
180419	2056.1017463190306
180981	2056.1017463190306
181545	2056.1017463190306
182109	2056.1017463190306
202808	2056.1017463190306
203371	2056.1017463190306
203932	2056.1017463190306
204494	2056.1017463190306
205057	2056.1017463190306
205617	2056.1017463190306
206173	2056.1017463190306
206732	2056.1017463190306
207297	2056.1017463190306
207862	2056.1017463190306
208422	2056.1017463190306
208982	2056.1017463190306
209545	2056.1017463190306
210104	2056.1017463190306
210662	2056.1017463190306
211220	2056.1017463190306
211781	2056.1017463190306
212337	2056.1017463190306
212896	2056.1017463190306
213456	2056.1017463190306
218342	2056.1017463190306
218903	2056.1017463190306
219461	2056.1017463190306
220018	2056.1017463190306
220577	2056.1017463190306
221133	2056.1017463190306
221690	2056.1017463190306
222246	2056.1017463190306
231774	2053.839591789664
232337	2053.839591789664
238740	2051.0184822822043
239300	2051.0184822822043
239857	2051.0184822822043
240419	2051.0184822822043
240977	2051.0184822822043
241537	2051.0184822822043
242098	2051.0184822822043
242659	2051.0184822822043
243222	2051.0184822822043
243784	2051.0184822822043
244344	2051.0184822822043
244903	2051.0184822822043
245459	2051.0184822822043
246018	2051.0184822822043
246577	2051.0184822822043
247135	2051.0184822822043
247692	2051.0184822822043
248250	2051.0184822822043
248811	2051.0184822822043
249370	2051.0184822822043
255067	2051.0184822822043
255628	2051.0184822822043
266426	2046.2064645110192
266993	2046.2064645110192
267556	2046.2064645110192
268117	2046.2064645110192
268678	2046.2064645110192
269239	2046.2064645110192
276840	2044.7335161641136
277406	2044.7335161641136
277966	2044.7335161641136
278530	2044.7335161641136
279090	2044.7335161641136
279652	2044.7335161641136
280215	2044.7335161641136
284553	2034.1689930760967
285121	2034.1689930760967
285685	2034.1689930760967
286248	2034.1689930760967
286809	2034.1689930760967
287373	2034.1689930760967
294317	2001.620785042643
301031	2001.620727234146
301593	2001.620727234146
302154	2001.620727234146
302717	2001.620727234146
303283	2001.620727234146
303847	2001.620727234146
304410	2001.620727234146
304974	2001.620727234146
305539	2001.620727234146
306102	2001.620727234146
306664	2001.620727234146
307227	2001.620727234146
307787	2001.620727234146
308351	2001.620727234146
308915	2001.620727234146
309478	2001.620727234146
310043	2001.620727234146
310609	2001.620727234146
311172	2001.620727234146
311736	2001.620727234146
312299	2001.620727234146
312863	2001.620727234146
313426	2001.620727234146
313991	2001.620727234146
314554	2001.620727234146
315119	2001.620727234146
315681	2001.620727234146
316241	2001.620727234146
319483	2001.620727234146
320047	2001.620727234146
320608	2001.620727234146
321170	2001.620727234146
321732	2001.620727234146
322294	2001.620727234146
322857	2001.620727234146
323417	2001.620727234146
323979	2001.620727234146
324540	2001.620727234146
327365	2001.620727234146
327925	2001.620727234146
328485	2001.620727234146
329045	2001.620727234146
329607	2001.620727234146
330165	2001.620727234146
330724	2001.620727234146
331284	2001.620727234146
331843	2001.620727234146
332399	2001.620727234146
332955	2001.620727234146
333512	2001.620727234146
334072	2001.620727234146
334630	2001.620727234146
335186	2001.620727234146
335746	2001.620727234146
336307	2001.620727234146
336866	2001.620727234146
337427	2001.620727234146
337987	2001.620727234146
341072	2001.620727234146
341633	2001.620727234146
342193	2001.620727234146
342753	2001.620727234146
343310	2001.620727234146
343869	2001.620727234146
344425	2001.620727234146
344982	2001.620727234146
345541	2001.620727234146
346099	2001.620727234146
346655	2001.620727234146
347215	2001.620727234146
347773	2001.620727234146
348331	2001.620727234146
348887	2001.620727234146
349443	2001.620727234146
354718	1999.1955178282578
359718	1999.126937457872
360278	1999.126937457872
360836	1999.126937457872
364877	1998.7424031733876
365435	1998.7424031733876
365991	1998.7424031733876
366551	1998.7424031733876
367109	1998.7424031733876
367670	1998.7424031733876
368227	1998.7424031733876
368783	1998.7424031733876
369341	1998.7424031733876
369898	1998.7424031733876
370455	1998.7424031733876
371012	1998.7424031733876
371567	1998.7424031733876
372125	1998.7424031733876
372682	1998.7424031733876
373238	1998.7424031733876
373793	1998.7424031733876
374351	1998.7424031733876
374913	1998.7424031733876
375473	1998.7424031733876
378508	1998.7424031733876
379067	1998.7424031733876
379625	1998.7424031733876
380181	1998.7424031733876
380738	1998.7424031733876
381297	1998.7424031733876
381855	1998.7424031733876
382416	1998.7424031733876
382975	1998.7424031733876
383536	1998.7424031733876
384097	1998.7424031733876
384660	1998.7424031733876
385222	1998.7424031733876
385785	1998.7424031733876
386349	1998.7424031733876
386912	1998.7424031733876
387474	1998.7424031733876
391410	1997.7982839683727
391973	1997.7982839683727
392534	1997.7982839683727
393097	1997.7982839683727
393663	1997.7982839683727
394228	1997.7982839683727
394790	1997.7982839683727
395353	1997.7982839683727
395913	1997.7982839683727
396477	1997.7982839683727
401754	1997.1019859814362
407769	1996.7735460724964
408333	1996.7735460724964
408894	1996.7735460724964
409453	1996.7735460724964
410016	1996.7735460724964
410579	1996.7735460724964
413877	1996.3265784005741
414444	1996.3265784005741
418346	1996.1722309112706
418909	1996.1722309112706
422525	1995.9664683874284
423092	1995.9664683874284
423653	1995.9664683874284
424214	1995.9664683874284
424778	1995.9664683874284
425341	1995.9664683874284
425907	1995.9664683874284
426470	1995.9664683874284
427036	1995.9664683874284
427598	1995.9664683874284
428161	1995.9664683874284
428725	1995.9664683874284
429290	1995.9664683874284
429855	1995.9664683874284
430417	1995.9664683874284
430981	1995.9664683874284
431544	1995.9664683874284
432107	1995.9664683874284
432670	1995.9664683874284
433234	1995.9664683874284
433797	1995.9664683874284
434357	1995.9664683874284
437430	1995.3855449806836
437996	1995.3855449806836
438560	1995.3855449806836
442481	1995.2911883275126
443045	1995.2911883275126
447074	1995.1016573467857
447641	1995.1016573467857
448203	1995.1016573467857
450796	1994.9536863519322
451365	1994.9536863519322
455603	1994.827010504549
456174	1994.827010504549
456739	1994.827010504549
459803	1994.3658923409673
460368	1994.3658923409673
460932	1994.3658923409673
464089	1994.0385496817546
464652	1994.0385496817546
465218	1994.0385496817546
465778	1994.0385496817546
466338	1994.0385496817546
466898	1994.0385496817546
467456	1994.0385496817546
468019	1994.0385496817546
468576	1994.0385496817546
469136	1994.0385496817546
469696	1994.0385496817546
470255	1994.0385496817546
470811	1994.0385496817546
471366	1994.0385496817546
471922	1994.0385496817546
472476	1994.0385496817546
473035	1994.0385496817546
473592	1994.0385496817546
474149	1994.0385496817546
474705	1994.0385496817546
477298	1993.92033889442
477858	1993.92033889442
478416	1993.92033889442
478973	1993.92033889442
481685	1993.867788166148
482243	1993.867788166148
485096	1993.8044688274465
485655	1993.8044688274465
486216	1993.8044688274465
486777	1993.8044688274465
487337	1993.8044688274465
487895	1993.8044688274465
488455	1993.8044688274465
489015	1993.8044688274465
489575	1993.8044688274465
490135	1993.8044688274465
490696	1993.8044688274465
491260	1993.8044688274465
495895	1993.757554381846
496459	1993.757554381846
497021	1993.757554381846
497585	1993.757554381846
498148	1993.757554381846
498713	1993.757554381846
499278	1993.757554381846
499841	1993.757554381846
500402	1993.757554381846
