500	7473606423.298262
1106	2756228085.2868505
1696	1112937695.8135347
2292	456157427.07066876
2877	185274005.2487268
3470	68432434.57578191
4053	42177536.752493575
4638	32899075.27147636
5219	11944017.423152465
5805	4506577.338148229
6384	4506577.338148229
6975	3123893.8592097256
7548	2615001.805783145
8123	1703790.7137131435
8718	1095186.267281921
9300	889135.3383443954
9883	677297.6577554309
10462	479218.74120697007
11035	358080.938145309
11621	247053.00531107734
12201	197717.79927817147
12781	120224.1753230231
13357	98654.72840234406
13931	69405.97312879023
14508	52689.722051886594
15092	42410.93896785832
15669	39248.869933143535
16248	27706.346593589606
16828	26338.31293794366
17408	19994.12578421803
17989	19072.073338969236
18568	16652.28558844718
19145	14045.562882404958
19733	13281.628413510465
20310	11790.545977560769
20885	11400.617370816035
21456	10561.30981072236
22036	9744.822213220235
22617	9451.077659628878
23197	8847.212173529271
23768	7519.4876722704175
31381	5086.40058978565
31963	5086.40058978565
32535	5086.40058978565
33113	5086.40058978565
33691	5086.40058978565
34270	5086.40058978565
34835	5086.40058978565
35410	5086.40058978565
35995	5086.40058978565
36573	5086.40058978565
37154	5086.40058978565
37737	5086.40058978565
38309	5086.40058978565
38878	5086.40058978565
39444	5086.40058978565
57837	2036.124441560843
58402	2036.124441560843
58966	2036.124441560843
59530	2036.124441560843
60100	2036.124441560843
60667	2036.124441560843
61241	2036.124441560843
61809	2036.124441560843
62373	2036.124441560843
62937	2036.124441560843
63499	2036.124441560843
64068	2036.124441560843
64636	2036.124441560843
65203	2036.124441560843
65768	2036.124441560843
66333	2036.124441560843
66897	2036.124441560843
67455	2036.124441560843
68015	2036.124441560843
68578	2036.124441560843
69135	2036.124441560843
69692	2036.124441560843
70256	2036.124441560843
70818	2036.124441560843
71377	2036.124441560843
78865	2036.124441560843
79424	2036.124441560843
79990	2036.124441560843
80552	2036.124441560843
81110	2036.124441560843
81672	2036.124441560843
82249	2036.124441560843
82814	2036.124441560843
83374	2036.124441560843
83938	2036.124441560843
84508	2036.124441560843
85072	2036.124441560843
85638	2036.124441560843
86199	2036.124441560843
86765	2036.124441560843
87327	2036.124441560843
87893	2036.124441560843
88455	2036.124441560843
89017	2036.124441560843
89578	2036.124441560843
99141	2036.124441560843
99701	2036.124441560843
100265	2036.124441560843
100827	2036.124441560843
101394	2036.124441560843
101957	2036.124441560843
102518	2036.124441560843
103082	2036.124441560843
103646	2036.124441560843
104212	2036.124441560843
113063	2036.124441560843
113630	2036.124441560843
114195	2036.124441560843
114758	2036.124441560843
115329	2036.124441560843
115888	2036.124441560843
116450	2036.124441560843
117007	2036.124441560843
117567	2036.124441560843
118132	2036.124441560843
118703	2036.124441560843
119266	2036.124441560843
119827	2036.124441560843
120389	2036.124441560843
120955	2036.124441560843
121526	2036.124441560843
122090	2036.124441560843
122669	2036.124441560843
123242	2036.124441560843
123808	2036.124441560843
131999	2036.124441560843
132568	2036.124441560843
133132	2036.124441560843
133697	2036.124441560843
134261	2036.124441560843
134828	2036.124441560843
135396	2036.124441560843
135961	2036.124441560843
136526	2036.124441560843
137095	2036.124441560843
137662	2036.124441560843
138225	2036.124441560843
138790	2036.124441560843
139348	2036.124441560843
139915	2036.124441560843
140477	2036.124441560843
141039	2036.124441560843
141601	2036.124441560843
142162	2036.124441560843
142722	2036.124441560843
145943	2036.124441560843
146508	2036.124441560843
147075	2036.124441560843
147638	2036.124441560843
148202	2036.124441560843
148768	2036.124441560843
149331	2036.124441560843
149889	2036.124441560843
150455	2036.124441560843
151025	2036.124441560843
151592	2036.124441560843
152153	2036.124441560843
152717	2036.124441560843
153280	2036.124441560843
153847	2036.124441560843
154410	2036.124441560843
154970	2036.124441560843
155538	2036.124441560843
156101	2036.124441560843
156662	2036.124441560843
160569	2036.124441560843
161134	2036.124441560843
161704	2036.124441560843
162275	2036.124441560843
162850	2036.124441560843
163426	2036.124441560843
163999	2036.124441560843
164575	2036.124441560843
165150	2036.124441560843
165725	2036.124441560843
166300	2036.124441560843
166877	2036.124441560843
167442	2036.124441560843
168011	2036.124441560843
168580	2036.124441560843
169148	2036.124441560843
169717	2036.124441560843
170282	2036.124441560843
170845	2036.124441560843
171412	2036.124441560843
177233	2036.124441560843
177802	2036.124441560843
178369	2036.124441560843
178932	2036.124441560843
179497	2036.124441560843
180058	2036.124441560843
180619	2036.124441560843
181182	2036.124441560843
181749	2036.124441560843
182317	2036.124441560843
187697	2036.124441560843
188259	2036.124441560843
188821	2036.124441560843
189387	2036.124441560843
189950	2036.124441560843
190512	2036.124441560843
191077	2036.124441560843
191640	2036.124441560843
192206	2036.124441560843
192767	2036.124441560843
193323	2036.124441560843
193882	2036.124441560843
194442	2036.124441560843
195002	2036.124441560843
195564	2036.124441560843
196128	2036.124441560843
196689	2036.124441560843
197247	2036.124441560843
197808	2036.124441560843
198367	2036.124441560843
202926	2036.124441560843
203487	2036.124441560843
204048	2036.124441560843
204608	2036.124441560843
205169	2036.124441560843
205730	2036.124441560843
206290	2036.124441560843
206851	2036.124441560843
207412	2036.124441560843
207972	2036.124441560843
208530	2036.124441560843
209092	2036.124441560843
209648	2036.124441560843
210204	2036.124441560843
210758	2036.124441560843
211315	2036.124441560843
211869	2036.124441560843
212428	2036.124441560843
212989	2036.124441560843
213549	2036.124441560843
216704	2036.124441560843
217268	2036.124441560843
217828	2036.124441560843
218390	2036.124441560843
218957	2036.124441560843
219521	2036.124441560843
220084	2036.124441560843
220648	2036.124441560843
221211	2036.124441560843
221775	2036.124441560843
222342	2036.124441560843
222905	2036.124441560843
223467	2036.124441560843
224031	2036.124441560843
224588	2036.124441560843
225149	2036.124441560843
225712	2036.124441560843
226274	2036.124441560843
226835	2036.124441560843
227400	2036.124441560843
231063	2036.124441560843
231629	2036.124441560843
232194	2036.124441560843
232757	2036.124441560843
233320	2036.124441560843
233883	2036.124441560843
234448	2036.124441560843
235010	2036.124441560843
235573	2036.124441560843
236138	2036.124441560843
236704	2036.124441560843
237266	2036.124441560843
237831	2036.124441560843
238394	2036.124441560843
238957	2036.124441560843
239518	2036.124441560843
240078	2036.124441560843
240646	2036.124441560843
241207	2036.124441560843
241766	2036.124441560843
245948	2036.124441560843
246505	2036.124441560843
247065	2036.124441560843
247623	2036.124441560843
248186	2036.124441560843
248742	2036.124441560843
249305	2036.124441560843
249864	2036.124441560843
250427	2036.124441560843
250987	2036.124441560843
254018	2036.124441560843
254575	2036.124441560843
255135	2036.124441560843
255698	2036.124441560843
256261	2036.124441560843
256821	2036.124441560843
257382	2036.124441560843
257941	2036.124441560843
258504	2036.124441560843
259066	2036.124441560843
259630	2036.124441560843
260194	2036.124441560843
260759	2036.124441560843
261319	2036.124441560843
261881	2036.124441560843
262450	2036.124441560843
263016	2036.124441560843
263582	2036.124441560843
264146	2036.124441560843
264708	2036.124441560843
267232	2036.124441560843
267798	2036.124441560843
268357	2036.124441560843
268919	2036.124441560843
269479	2036.124441560843
270037	2036.124441560843
270595	2036.124441560843
271158	2036.124441560843
271720	2036.124441560843
272277	2036.124441560843
272838	2036.124441560843
273396	2036.124441560843
273951	2036.124441560843
274506	2036.124441560843
275062	2036.124441560843
275617	2036.124441560843
276174	2036.124441560843
276732	2036.124441560843
277290	2036.124441560843
277849	2036.124441560843
280112	2036.124441560843
280675	2036.124441560843
281233	2036.124441560843
281792	2036.124441560843
282348	2036.124441560843
282907	2036.124441560843
283465	2036.124441560843
284023	2036.124441560843
284582	2036.124441560843
285138	2036.124441560843
285697	2036.124441560843
286258	2036.124441560843
286823	2036.124441560843
287380	2036.124441560843
287938	2036.124441560843
288502	2036.124441560843
289063	2036.124441560843
289625	2036.124441560843
290191	2036.124441560843
290758	2036.124441560843
293440	2036.124441560843
294004	2036.124441560843
294566	2036.124441560843
295128	2036.124441560843
295693	2036.124441560843
296256	2036.124441560843
296822	2036.124441560843
297387	2036.124441560843
297953	2036.124441560843
298516	2036.124441560843
299082	2036.124441560843
299646	2036.124441560843
300212	2036.124441560843
300775	2036.124441560843
301343	2036.124441560843
301909	2036.124441560843
302472	2036.124441560843
303033	2036.124441560843
303594	2036.124441560843
304154	2036.124441560843
306107	2036.124441560843
306667	2036.124441560843
307229	2036.124441560843
307791	2036.124441560843
308355	2036.124441560843
308918	2036.124441560843
309479	2036.124441560843
310042	2036.124441560843
310607	2036.124441560843
311173	2036.124441560843
313513	2036.124441560843
314081	2036.124441560843
314647	2036.124441560843
315212	2036.124441560843
315773	2036.124441560843
316337	2036.124441560843
316893	2036.124441560843
317454	2036.124441560843
318013	2036.124441560843
318573	2036.124441560843
319129	2036.124441560843
319693	2036.124441560843
320260	2036.124441560843
320819	2036.124441560843
321378	2036.124441560843
321938	2036.124441560843
322501	2036.124441560843
323060	2036.124441560843
323623	2036.124441560843
324183	2036.124441560843
327452	2036.124441560843
328010	2036.124441560843
328564	2036.124441560843
329124	2036.124441560843
329683	2036.124441560843
330240	2036.124441560843
330794	2036.124441560843
331350	2036.124441560843
331904	2036.124441560843
332463	2036.124441560843
333022	2036.124441560843
333585	2036.124441560843
334143	2036.124441560843
334701	2036.124441560843
335263	2036.124441560843
335823	2036.124441560843
336385	2036.124441560843
336943	2036.124441560843
337506	2036.124441560843
338070	2036.124441560843
340534	2036.124441560843
341100	2036.124441560843
341662	2036.124441560843
342224	2036.124441560843
342788	2036.124441560843
343349	2036.124441560843
343914	2036.124441560843
344470	2036.124441560843
345032	2036.124441560843
345597	2036.124441560843
346155	2036.124441560843
346721	2036.124441560843
347281	2036.124441560843
347842	2036.124441560843
348407	2036.124441560843
348969	2036.124441560843
349532	2036.124441560843
350094	2036.124441560843
350654	2036.124441560843
351213	2036.124441560843
354064	2036.124441560843
354629	2036.124441560843
355196	2036.124441560843
355758	2036.124441560843
356322	2036.124441560843
356885	2036.124441560843
357447	2036.124441560843
358009	2036.124441560843
358567	2036.124441560843
359128	2036.124441560843
359688	2036.124441560843
360251	2036.124441560843
360818	2036.124441560843
361386	2036.124441560843
361947	2036.124441560843
362510	2036.124441560843
363071	2036.124441560843
363637	2036.124441560843
364198	2036.124441560843
364761	2036.124441560843
367620	2036.124441560843
368179	2036.124441560843
368734	2036.124441560843
369294	2036.124441560843
369856	2036.124441560843
370415	2036.124441560843
370979	2036.124441560843
371539	2036.124441560843
372097	2036.124441560843
372655	2036.124441560843
375370	2036.124441560843
375937	2036.124441560843
376494	2036.124441560843
377056	2036.124441560843
377616	2036.124441560843
378174	2036.124441560843
378738	2036.124441560843
379295	2036.124441560843
379854	2036.124441560843
380418	2036.124441560843
380974	2036.124441560843
381534	2036.124441560843
382093	2036.124441560843
382654	2036.124441560843
383213	2036.124441560843
383774	2036.124441560843
384335	2036.124441560843
384895	2036.124441560843
385455	2036.124441560843
386015	2036.124441560843
388561	2036.124441560843
389117	2036.124441560843
389672	2036.124441560843
390231	2036.124441560843
390789	2036.124441560843
391349	2036.124441560843
391909	2036.124441560843
392470	2036.124441560843
393027	2036.124441560843
393586	2036.124441560843
394146	2036.124441560843
394705	2036.124441560843
395262	2036.124441560843
395823	2036.124441560843
396386	2036.124441560843
396945	2036.124441560843
397510	2036.124441560843
398069	2036.124441560843
398633	2036.124441560843
399194	2036.124441560843
401266	2036.124441560843
401827	2036.124441560843
402392	2036.124441560843
402958	2036.124441560843
403520	2036.124441560843
404085	2036.124441560843
404651	2036.124441560843
405213	2036.124441560843
405776	2036.124441560843
406344	2036.124441560843
406909	2036.124441560843
407473	2036.124441560843
408043	2036.124441560843
408604	2036.124441560843
409175	2036.124441560843
409745	2036.124441560843
410320	2036.124441560843
410886	2036.124441560843
411464	2036.124441560843
412032	2036.124441560843
414612	2036.124441560843
415184	2036.124441560843
415754	2036.124441560843
416322	2036.124441560843
416898	2036.124441560843
417472	2036.124441560843
418040	2036.124441560843
418606	2036.124441560843
419175	2036.124441560843
419740	2036.124441560843
420312	2036.124441560843
420883	2036.124441560843
421450	2036.124441560843
422021	2036.124441560843
422588	2036.124441560843
423158	2036.124441560843
423727	2036.124441560843
424296	2036.124441560843
424861	2036.124441560843
425430	2036.124441560843
428664	2036.124441560843
429232	2036.124441560843
429797	2036.124441560843
430363	2036.124441560843
430940	2036.124441560843
431505	2036.124441560843
432077	2036.124441560843
432650	2036.124441560843
433219	2036.124441560843
433792	2036.124441560843
435891	2036.124441560843
436474	2036.124441560843
437049	2036.124441560843
437633	2036.124441560843
438207	2036.124441560843
438784	2036.124441560843
439364	2036.124441560843
439938	2036.124441560843
440511	2036.124441560843
441082	2036.124441560843
441664	2036.124441560843
442245	2036.124441560843
442837	2036.124441560843
443418	2036.124441560843
443996	2036.124441560843
444569	2036.124441560843
445142	2036.124441560843
445715	2036.124441560843
446291	2036.124441560843
446872	2036.124441560843
450284	2036.124441560843
450859	2036.124441560843
451440	2036.124441560843
452022	2036.124441560843
452600	2036.124441560843
453178	2036.124441560843
453760	2036.124441560843
454337	2036.124441560843
454914	2036.124441560843
455495	2036.124441560843
456072	2036.124441560843
456656	2036.124441560843
457234	2036.124441560843
457812	2036.124441560843
458391	2036.124441560843
458972	2036.124441560843
459563	2036.124441560843
460148	2036.124441560843
460736	2036.124441560843
461314	2036.124441560843
463672	2036.124441560843
464261	2036.124441560843
464856	2036.124441560843
465440	2036.124441560843
466024	2036.124441560843
466608	2036.124441560843
467201	2036.124441560843
467789	2036.124441560843
468372	2036.124441560843
468960	2036.124441560843
469544	2036.124441560843
470134	2036.124441560843
470716	2036.124441560843
471302	2036.124441560843
471888	2036.124441560843
472481	2036.124441560843
473071	2036.124441560843
473659	2036.124441560843
474255	2036.124441560843
474842	2036.124441560843
477248	2036.124441560843
477844	2036.124441560843
478429	2036.124441560843
479013	2036.124441560843
479604	2036.124441560843
480189	2036.124441560843
480779	2036.124441560843
481374	2036.124441560843
481961	2036.124441560843
482549	2036.124441560843
483137	2036.124441560843
483720	2036.124441560843
484297	2036.124441560843
484880	2036.124441560843
485465	2036.124441560843
486046	2036.124441560843
486634	2036.124441560843
487218	2036.124441560843
487801	2036.124441560843
488387	2036.124441560843
491451	2036.124441560843
492032	2036.124441560843
492617	2036.124441560843
493201	2036.124441560843
493780	2036.124441560843
494371	2036.124441560843
494957	2036.124441560843
495542	2036.124441560843
496131	2036.124441560843
496727	2036.124441560843
499793	2036.124441560843
500383	2036.124441560843
