500	6731085525.043677
1099	3873259676.8784885
1689	972006847.693429
2276	391900419.87589884
2862	213707225.0300986
3448	101944989.36771487
4035	69300267.551342
4619	22883556.089043062
5202	17909637.540582728
5786	9857996.590288457
6368	5310416.325674458
6948	2893293.113792071
7530	2009242.3250089474
8112	1635095.286209851
8691	1210149.2721438082
9263	896699.0155596453
9842	867606.9644017775
10423	604469.7693132027
11008	394671.77616333694
11586	249746.12486699456
12161	160272.04712123916
12747	140247.22469292057
13324	103419.19535004778
13901	72288.02837356197
14480	52337.61933324577
15065	51580.548847314276
15651	38068.95230084098
16243	29165.639112189278
16833	28312.124912974225
17420	28312.124912974225
18009	27741.173637298045
18590	26317.559169910768
19168	25327.764784597974
19750	24895.013990226613
20331	23958.90810383168
20920	22903.34780921672
21502	22459.25002358039
22092	21906.142622534484
22681	21203.465484572425
23257	20994.681263408256
23840	19746.254225358665
24426	19746.254225358665
29686	18467.21831027069
35880	2561.154069136724
44098	2555.1350602531493
44670	2555.1350602531493
45250	2555.1350602531493
45825	2555.1350602531493
46393	2555.1350602531493
46961	2555.1350602531493
47529	2555.1350602531493
48093	2555.1350602531493
48651	2555.1350602531493
49215	2555.1350602531493
49776	2555.1350602531493
50340	2555.1350602531493
50901	2555.1350602531493
51459	2555.1350602531493
52015	2555.1350602531493
52569	2555.1350602531493
53124	2555.1350602531493
53684	2555.1350602531493
54240	2555.1350602531493
58063	2014.9616291497173
69131	2014.9436151593413
69696	2014.9436151593413
70257	2014.9436151593413
70821	2014.9436151593413
71379	2014.9436151593413
71936	2014.9436151593413
72497	2014.9436151593413
73054	2014.9436151593413
73613	2014.9436151593413
74172	2014.9436151593413
74732	2014.9436151593413
75292	2014.9436151593413
75855	2014.9436151593413
76423	2014.9436151593413
76984	2014.9436151593413
77547	2014.9436151593413
78117	2014.9436151593413
78692	2014.9436151593413
79257	2014.9436151593413
79825	2014.9436151593413
80401	2014.9436151593413
80972	2014.9436151593413
81541	2014.9436151593413
82117	2014.9436151593413
82693	2014.9436151593413
83270	2014.9436151593413
83846	2014.9436151593413
89697	2014.9436151593413
90273	2014.9436151593413
90855	2014.9436151593413
91435	2014.9436151593413
92015	2014.9436151593413
92598	2014.9436151593413
93168	2014.9436151593413
93737	2014.9436151593413
94305	2014.9436151593413
94886	2014.9436151593413
98722	2007.017932613169
104082	2007.0176931392534
104658	2007.0176931392534
105230	2007.0176931392534
105797	2007.0176931392534
106366	2007.0176931392534
106942	2007.0176931392534
107515	2007.0176931392534
108089	2007.0176931392534
108673	2007.0176931392534
109250	2007.0176931392534
109830	2007.0176931392534
110404	2007.0176931392534
110983	2007.0176931392534
111560	2007.0176931392534
112133	2007.0176931392534
112707	2007.0176931392534
113285	2007.0176931392534
113856	2007.0176931392534
114427	2007.0176931392534
121706	2004.7430369599435
122283	2004.7430369599435
122844	2004.7430369599435
123409	2004.7430369599435
123977	2004.7430369599435
124548	2004.7430369599435
125109	2004.7430369599435
125679	2004.7430369599435
131701	2002.8454379303587
137994	1987.733732734811
143136	1976.7691467081925
149345	1968.9656115481905
149905	1968.9656115481905
150468	1968.9656115481905
151027	1968.9656115481905
151586	1968.9656115481905
152144	1968.9656115481905
152704	1968.9656115481905
153262	1968.9656115481905
153819	1968.9656115481905
154376	1968.9656115481905
154930	1968.9656115481905
155487	1968.9656115481905
156047	1968.9656115481905
156600	1968.9656115481905
157157	1968.9656115481905
157717	1968.9656115481905
158270	1968.9656115481905
158827	1968.9656115481905
159381	1968.9656115481905
162564	1968.9656115481905
163122	1968.9656115481905
163684	1968.9656115481905
164243	1968.9656115481905
164803	1968.9656115481905
165363	1968.9656115481905
165925	1968.9656115481905
166490	1968.9656115481905
167055	1968.9656115481905
167621	1968.9656115481905
168182	1968.9656115481905
168746	1968.9656115481905
169317	1968.9656115481905
169883	1968.9656115481905
170446	1968.9656115481905
171011	1968.9656115481905
171577	1968.9656115481905
172140	1968.9656115481905
172707	1968.9656115481905
173277	1968.9656115481905
179463	1968.9656115481905
180028	1968.9656115481905
180596	1968.9656115481905
181156	1968.9656115481905
181720	1968.9656115481905
182286	1968.9656115481905
182851	1968.9656115481905
183414	1968.9656115481905
183979	1968.9656115481905
184543	1968.9656115481905
185111	1968.9656115481905
185679	1968.9656115481905
186250	1968.9656115481905
186817	1968.9656115481905
187387	1968.9656115481905
187953	1968.9656115481905
188514	1968.9656115481905
189073	1968.9656115481905
189637	1968.9656115481905
190199	1968.9656115481905
193495	1968.9656115481905
194056	1968.9656115481905
194619	1968.9656115481905
195182	1968.9656115481905
195739	1968.9656115481905
196299	1968.9656115481905
196859	1968.9656115481905
197415	1968.9656115481905
197978	1968.9656115481905
198539	1968.9656115481905
199100	1968.9656115481905
199665	1968.9656115481905
200224	1968.9656115481905
200785	1968.9656115481905
201344	1968.9656115481905
201904	1968.9656115481905
202467	1968.9656115481905
203033	1968.9656115481905
203596	1968.9656115481905
204160	1968.9656115481905
206719	1968.9656115481905
207276	1968.9656115481905
207841	1968.9656115481905
208400	1968.9656115481905
208961	1968.9656115481905
209522	1968.9656115481905
210084	1968.9656115481905
210649	1968.9656115481905
211211	1968.9656115481905
211775	1968.9656115481905
212343	1968.9656115481905
212905	1968.9656115481905
213470	1968.9656115481905
214036	1968.9656115481905
214600	1968.9656115481905
215162	1968.9656115481905
215724	1968.9656115481905
216293	1968.9656115481905
216851	1968.9656115481905
217411	1968.9656115481905
219533	1968.9656115481905
220098	1968.9656115481905
220660	1968.9656115481905
221219	1968.9656115481905
221783	1968.9656115481905
222350	1968.9656115481905
222918	1968.9656115481905
223486	1968.9656115481905
224051	1968.9656115481905
224618	1968.9656115481905
230131	1968.9656115481905
230698	1968.9656115481905
231264	1968.9656115481905
231831	1968.9656115481905
232396	1968.9656115481905
232962	1968.9656115481905
233529	1968.9656115481905
234094	1968.9656115481905
234658	1968.9656115481905
235227	1968.9656115481905
235789	1968.9656115481905
236351	1968.9656115481905
236912	1968.9656115481905
237478	1968.9656115481905
238040	1968.9656115481905
238601	1968.9656115481905
239165	1968.9656115481905
239729	1968.9656115481905
240288	1968.9656115481905
240854	1968.9656115481905
242777	1968.9656115481905
243344	1968.9656115481905
243907	1968.9656115481905
244475	1968.9656115481905
245040	1968.9656115481905
245612	1968.9656115481905
246186	1968.9656115481905
246762	1968.9656115481905
247343	1968.9656115481905
247917	1968.9656115481905
248499	1968.9656115481905
249079	1968.9656115481905
249657	1968.9656115481905
250231	1968.9656115481905
250805	1968.9656115481905
251382	1968.9656115481905
251956	1968.9656115481905
252524	1968.9656115481905
253099	1968.9656115481905
253672	1968.9656115481905
256416	1968.9656115481905
256996	1968.9656115481905
257570	1968.9656115481905
258148	1968.9656115481905
258723	1968.9656115481905
259299	1968.9656115481905
259881	1968.9656115481905
260461	1968.9656115481905
261039	1968.9656115481905
261619	1968.9656115481905
262201	1968.9656115481905
262774	1968.9656115481905
263364	1968.9656115481905
263942	1968.9656115481905
264514	1968.9656115481905
265092	1968.9656115481905
265673	1968.9656115481905
266254	1968.9656115481905
266840	1968.9656115481905
267422	1968.9656115481905
270369	1968.9656115481905
270948	1968.9656115481905
271521	1968.9656115481905
272099	1968.9656115481905
272683	1968.9656115481905
273258	1968.9656115481905
273839	1968.9656115481905
274414	1968.9656115481905
274989	1968.9656115481905
275571	1968.9656115481905
276152	1968.9656115481905
276724	1968.9656115481905
277298	1968.9656115481905
277878	1968.9656115481905
278456	1968.9656115481905
279034	1968.9656115481905
279614	1968.9656115481905
280197	1968.9656115481905
280784	1968.9656115481905
281374	1968.9656115481905
283626	1968.9656115481905
284217	1968.9656115481905
284812	1968.9656115481905
285408	1968.9656115481905
285997	1968.9656115481905
286586	1968.9656115481905
287173	1968.9656115481905
287762	1968.9656115481905
288348	1968.9656115481905
288943	1968.9656115481905
291530	1968.9656115481905
292121	1968.9656115481905
292704	1968.9656115481905
293291	1968.9656115481905
293879	1968.9656115481905
294465	1968.9656115481905
295044	1968.9656115481905
295636	1968.9656115481905
296227	1968.9656115481905
296809	1968.9656115481905
297389	1968.9656115481905
297976	1968.9656115481905
298559	1968.9656115481905
299150	1968.9656115481905
299734	1968.9656115481905
300318	1968.9656115481905
300908	1968.9656115481905
301495	1968.9656115481905
302087	1968.9656115481905
302679	1968.9656115481905
304558	1968.9656115481905
305149	1968.9656115481905
305739	1968.9656115481905
306322	1968.9656115481905
306910	1968.9656115481905
307491	1968.9656115481905
308077	1968.9656115481905
308669	1968.9656115481905
309254	1968.9656115481905
309842	1968.9656115481905
310428	1968.9656115481905
311007	1968.9656115481905
311597	1968.9656115481905
312183	1968.9656115481905
312773	1968.9656115481905
313355	1968.9656115481905
313942	1968.9656115481905
314525	1968.9656115481905
315105	1968.9656115481905
315699	1968.9656115481905
317942	1968.9656115481905
318536	1968.9656115481905
319127	1968.9656115481905
319716	1968.9656115481905
320302	1968.9656115481905
320897	1968.9656115481905
321492	1968.9656115481905
322085	1968.9656115481905
322673	1968.9656115481905
323261	1968.9656115481905
323851	1968.9656115481905
324440	1968.9656115481905
325022	1968.9656115481905
325606	1968.9656115481905
326194	1968.9656115481905
326785	1968.9656115481905
327368	1968.9656115481905
327949	1968.9656115481905
328545	1968.9656115481905
329130	1968.9656115481905
331105	1968.9656115481905
331685	1968.9656115481905
332269	1968.9656115481905
332855	1968.9656115481905
333443	1968.9656115481905
334035	1968.9656115481905
334622	1968.9656115481905
335211	1968.9656115481905
335798	1968.9656115481905
336385	1968.9656115481905
336971	1968.9656115481905
337559	1968.9656115481905
338142	1968.9656115481905
338728	1968.9656115481905
339314	1968.9656115481905
339902	1968.9656115481905
340483	1968.9656115481905
341067	1968.9656115481905
341660	1968.9656115481905
342250	1968.9656115481905
344318	1968.9656115481905
344905	1968.9656115481905
345490	1968.9656115481905
346076	1968.9656115481905
346665	1968.9656115481905
347244	1968.9656115481905
347825	1968.9656115481905
348412	1968.9656115481905
348995	1968.9656115481905
349583	1968.9656115481905
351708	1968.9656115481905
352297	1968.9656115481905
352879	1968.9656115481905
353464	1968.9656115481905
354053	1968.9656115481905
354641	1968.9656115481905
355226	1968.9656115481905
355816	1968.9656115481905
356401	1968.9656115481905
356989	1968.9656115481905
357586	1968.9656115481905
358169	1968.9656115481905
358748	1968.9656115481905
359334	1968.9656115481905
359924	1968.9656115481905
360518	1968.9656115481905
361111	1968.9656115481905
361696	1968.9656115481905
362286	1968.9656115481905
362876	1968.9656115481905
365355	1968.9656115481905
365941	1968.9656115481905
366529	1968.9656115481905
367117	1968.9656115481905
367707	1968.9656115481905
368300	1968.9656115481905
368886	1968.9656115481905
369470	1968.9656115481905
370061	1968.9656115481905
370655	1968.9656115481905
371248	1968.9656115481905
371836	1968.9656115481905
372423	1968.9656115481905
373006	1968.9656115481905
373589	1968.9656115481905
374172	1968.9656115481905
374757	1968.9656115481905
375339	1968.9656115481905
375919	1968.9656115481905
376510	1968.9656115481905
378515	1968.9656115481905
379095	1968.9656115481905
379681	1968.9656115481905
380267	1968.9656115481905
380855	1968.9656115481905
381436	1968.9656115481905
382026	1968.9656115481905
382620	1968.9656115481905
383216	1968.9656115481905
383805	1968.9656115481905
384394	1968.9656115481905
384982	1968.9656115481905
385573	1968.9656115481905
386167	1968.9656115481905
386759	1968.9656115481905
387348	1968.9656115481905
387950	1968.9656115481905
388548	1968.9656115481905
389138	1968.9656115481905
389726	1968.9656115481905
391723	1968.9656115481905
392313	1968.9656115481905
392904	1968.9656115481905
393493	1968.9656115481905
394083	1968.9656115481905
394678	1968.9656115481905
395266	1968.9656115481905
395856	1968.9656115481905
396452	1968.9656115481905
397045	1968.9656115481905
397640	1968.9656115481905
398232	1968.9656115481905
398836	1968.9656115481905
399434	1968.9656115481905
400028	1968.9656115481905
400619	1968.9656115481905
401223	1968.9656115481905
401830	1968.9656115481905
402429	1968.9656115481905
403032	1968.9656115481905
405976	1968.9656115481905
406574	1968.9656115481905
407163	1968.9656115481905
407762	1968.9656115481905
408349	1968.9656115481905
408943	1968.9656115481905
409532	1968.9656115481905
410126	1968.9656115481905
410718	1968.9656115481905
411311	1968.9656115481905
413513	1968.9656115481905
414104	1968.9656115481905
414697	1968.9656115481905
415288	1968.9656115481905
415876	1968.9656115481905
416455	1968.9656115481905
417037	1968.9656115481905
417622	1968.9656115481905
418200	1968.9656115481905
418778	1968.9656115481905
419361	1968.9656115481905
419941	1968.9656115481905
420520	1968.9656115481905
421106	1968.9656115481905
421682	1968.9656115481905
422263	1968.9656115481905
422843	1968.9656115481905
423422	1968.9656115481905
424002	1968.9656115481905
424582	1968.9656115481905
426746	1968.9656115481905
427331	1968.9656115481905
427919	1968.9656115481905
428501	1968.9656115481905
429083	1968.9656115481905
429664	1968.9656115481905
430245	1968.9656115481905
430831	1968.9656115481905
431417	1968.9656115481905
432003	1968.9656115481905
432592	1968.9656115481905
433179	1968.9656115481905
433769	1968.9656115481905
434353	1968.9656115481905
434945	1968.9656115481905
435527	1968.9656115481905
436102	1968.9656115481905
436691	1968.9656115481905
437285	1968.9656115481905
437880	1968.9656115481905
440060	1968.9656115481905
440648	1968.9656115481905
441239	1968.9656115481905
441834	1968.9656115481905
442432	1968.9656115481905
443027	1968.9656115481905
443620	1968.9656115481905
444218	1968.9656115481905
444804	1968.9656115481905
445387	1968.9656115481905
445979	1968.9656115481905
446567	1968.9656115481905
447156	1968.9656115481905
447746	1968.9656115481905
448336	1968.9656115481905
448924	1968.9656115481905
449517	1968.9656115481905
450104	1968.9656115481905
450698	1968.9656115481905
451291	1968.9656115481905
453429	1968.9656115481905
454014	1968.9656115481905
454608	1968.9656115481905
455211	1968.9656115481905
455801	1968.9656115481905
456388	1968.9656115481905
456971	1968.9656115481905
457558	1968.9656115481905
458145	1968.9656115481905
458742	1968.9656115481905
459323	1968.9656115481905
459910	1968.9656115481905
460497	1968.9656115481905
461082	1968.9656115481905
461666	1968.9656115481905
462254	1968.9656115481905
462840	1968.9656115481905
463423	1968.9656115481905
464006	1968.9656115481905
464600	1968.9656115481905
467046	1968.9656115481905
467645	1968.9656115481905
468246	1968.9656115481905
468844	1968.9656115481905
469441	1968.9656115481905
470032	1968.9656115481905
470633	1968.9656115481905
471220	1968.9656115481905
471818	1968.9656115481905
472414	1968.9656115481905
474897	1968.9656115481905
475481	1968.9656115481905
476075	1968.9656115481905
476666	1968.9656115481905
477251	1968.9656115481905
477842	1968.9656115481905
478429	1968.9656115481905
479014	1968.9656115481905
479612	1968.9656115481905
480203	1968.9656115481905
480801	1968.9656115481905
481389	1968.9656115481905
481980	1968.9656115481905
482571	1968.9656115481905
483156	1968.9656115481905
483739	1968.9656115481905
484329	1968.9656115481905
484916	1968.9656115481905
485498	1968.9656115481905
486093	1968.9656115481905
488581	1968.9656115481905
489165	1968.9656115481905
489747	1968.9656115481905
490344	1968.9656115481905
490929	1968.9656115481905
491512	1968.9656115481905
492098	1968.9656115481905
492677	1968.9656115481905
493256	1968.9656115481905
493838	1968.9656115481905
494427	1968.9656115481905
495015	1968.9656115481905
495598	1968.9656115481905
496184	1968.9656115481905
496776	1968.9656115481905
497366	1968.9656115481905
497953	1968.9656115481905
498538	1968.9656115481905
499126	1968.9656115481905
499716	1968.9656115481905
502188	1968.9656115481905
