500	3597825005.0574517
1102	2766902521.486978
1692	734938846.2360585
2285	726343961.4537804
2868	223090191.3823241
3458	185693500.09935492
4045	105791758.92271937
4627	32925665.75600815
5222	21810282.51900574
5815	13736995.880118335
6397	7813454.480963466
6979	3894428.545304561
7561	2855863.0370879127
8142	1607350.3504152314
8731	1183198.7890816906
9311	758432.400466337
9896	455810.70586240385
10475	363195.55542185565
11052	153959.5958354395
11632	127424.76019480558
12214	88838.04178773238
12797	86848.73644211386
13380	63654.19573740558
13960	48161.94935387898
14536	42742.457251191154
15118	36197.31496016719
15698	33949.475522509725
16288	32307.14957274918
16871	30912.337301481995
17456	28682.32588289715
18038	28286.634606993444
18619	27645.77590722634
19197	27163.229383251382
19781	26782.811747473865
20368	26574.631100079692
20950	26145.07341999819
21541	26138.739835537974
22123	25981.237307464362
22707	25878.985040242605
23293	25792.476867075016
23871	25770.855591826214
34945	2166.298429979624
43160	2166.296594898815
43737	2166.296594898815
44303	2166.296594898815
51254	2092.5305724270925
58703	2092.5289536611904
59269	2092.5289536611904
59830	2092.5289536611904
60388	2092.5289536611904
60945	2092.5289536611904
61507	2092.5289536611904
62069	2092.5289536611904
62632	2092.5289536611904
63193	2092.5289536611904
63750	2092.5289536611904
64310	2092.5289536611904
64867	2092.5289536611904
65426	2092.5289536611904
65982	2092.5289536611904
66539	2092.5289536611904
67095	2092.5289536611904
67657	2092.5289536611904
68215	2092.5289536611904
68776	2092.5289536611904
69330	2092.5289536611904
69890	2092.5289536611904
70448	2092.5289536611904
71008	2092.5289536611904
71571	2092.5289536611904
72132	2092.5289536611904
79681	2092.5289536611904
80243	2092.5289536611904
80813	2092.5289536611904
81387	2092.5289536611904
81968	2092.5289536611904
82545	2092.5289536611904
83114	2092.5289536611904
83684	2092.5289536611904
84251	2092.5289536611904
84815	2092.5289536611904
85381	2092.5289536611904
85949	2092.5289536611904
86516	2092.5289536611904
87083	2092.5289536611904
87661	2092.5289536611904
88230	2092.5289536611904
88797	2092.5289536611904
89365	2092.5289536611904
89938	2092.5289536611904
90509	2092.5289536611904
94385	2080.8649336173144
105167	2052.6849942860367
110549	2039.3062512966105
111118	2039.3062512966105
111680	2039.3062512966105
112245	2039.3062512966105
118346	2031.4371377903935
118910	2031.4371377903935
119473	2031.4371377903935
120039	2031.4371377903935
120601	2031.4371377903935
121160	2031.4371377903935
121724	2031.4371377903935
122281	2031.4371377903935
122840	2031.4371377903935
123400	2031.4371377903935
123964	2031.4371377903935
124524	2031.4371377903935
125087	2031.4371377903935
125648	2031.4371377903935
126214	2031.4371377903935
126776	2031.4371377903935
127343	2031.4371377903935
127910	2031.4371377903935
128474	2031.4371377903935
129045	2031.4371377903935
129616	2031.4371377903935
130192	2031.4371377903935
130762	2031.4371377903935
131331	2031.4371377903935
134408	2031.4371377903935
134976	2031.4371377903935
135546	2031.4371377903935
136114	2031.4371377903935
136680	2031.4371377903935
137247	2031.4371377903935
137815	2031.4371377903935
138384	2031.4371377903935
138955	2031.4371377903935
139518	2031.4371377903935
140080	2031.4371377903935
144025	2020.6142797169503
144587	2020.6142797169503
145149	2020.6142797169503
145715	2020.6142797169503
146282	2020.6142797169503
146845	2020.6142797169503
147409	2020.6142797169503
147969	2020.6142797169503
152646	1997.9558660229789
153203	1997.9558660229789
153765	1997.9558660229789
154330	1997.9558660229789
154889	1997.9558660229789
155450	1997.9558660229789
156011	1997.9558660229789
156569	1997.9558660229789
157123	1997.9558660229789
157681	1997.9558660229789
158234	1997.9558660229789
158793	1997.9558660229789
159347	1997.9558660229789
159903	1997.9558660229789
160458	1997.9558660229789
161016	1997.9558660229789
161571	1997.9558660229789
162124	1997.9558660229789
162682	1997.9558660229789
163237	1997.9558660229789
168330	1991.722080590466
173980	1991.718237419679
174547	1991.718237419679
175103	1991.718237419679
175664	1991.718237419679
176224	1991.718237419679
176783	1991.718237419679
177344	1991.718237419679
177909	1991.718237419679
178468	1991.718237419679
179029	1991.718237419679
179589	1991.718237419679
180151	1991.718237419679
180712	1991.718237419679
181275	1991.718237419679
181840	1991.718237419679
182404	1991.718237419679
182968	1991.718237419679
183534	1991.718237419679
184093	1991.718237419679
184656	1991.718237419679
186880	1991.718237419679
187442	1991.718237419679
188006	1991.718237419679
188569	1991.718237419679
189133	1991.718237419679
189694	1991.718237419679
190254	1991.718237419679
190816	1991.718237419679
191379	1991.718237419679
191950	1991.718237419679
192514	1991.718237419679
193076	1991.718237419679
193640	1991.718237419679
194203	1991.718237419679
194765	1991.718237419679
195326	1991.718237419679
195883	1991.718237419679
196444	1991.718237419679
197012	1991.718237419679
197583	1991.718237419679
200879	1991.718237419679
201443	1991.718237419679
202008	1991.718237419679
202573	1991.718237419679
203132	1991.718237419679
203693	1991.718237419679
204257	1991.718237419679
204820	1991.718237419679
205384	1991.718237419679
205950	1991.718237419679
206511	1991.718237419679
207067	1991.718237419679
207629	1991.718237419679
208190	1991.718237419679
208748	1991.718237419679
209303	1991.718237419679
209858	1991.718237419679
210414	1991.718237419679
210972	1991.718237419679
211525	1991.718237419679
216280	1991.718237419679
223478	1990.4953280003108
224035	1990.4953280003108
224590	1990.4953280003108
225145	1990.4953280003108
225702	1990.4953280003108
226258	1990.4953280003108
226815	1990.4953280003108
227376	1990.4953280003108
227936	1990.4953280003108
228493	1990.4953280003108
229052	1990.4953280003108
229609	1990.4953280003108
230166	1990.4953280003108
230724	1990.4953280003108
231285	1990.4953280003108
231845	1990.4953280003108
232406	1990.4953280003108
232967	1990.4953280003108
233530	1990.4953280003108
235876	1990.4953280003108
236436	1990.4953280003108
236997	1990.4953280003108
237558	1990.4953280003108
238119	1990.4953280003108
238681	1990.4953280003108
239245	1990.4953280003108
239808	1990.4953280003108
240375	1990.4953280003108
243469	1989.5965903131591
244033	1989.5965903131591
247299	1989.5636501635922
247871	1989.5636501635922
248441	1989.5636501635922
249008	1989.5636501635922
249577	1989.5636501635922
252189	1989.4723613524109
252767	1989.4723613524109
253333	1989.4723613524109
256943	1989.1474587785294
257519	1989.1474587785294
261126	1988.8885809651415
261698	1988.8885809651415
262271	1988.8885809651415
262839	1988.8885809651415
266353	1988.7563605150679
266923	1988.7563605150679
269644	1988.4625007400919
273530	1988.1099646882542
274096	1988.1099646882542
274658	1988.1099646882542
275220	1988.1099646882542
275782	1988.1099646882542
276340	1988.1099646882542
276899	1988.1099646882542
277455	1988.1099646882542
278010	1988.1099646882542
278568	1988.1099646882542
279126	1988.1099646882542
279690	1988.1099646882542
280250	1988.1099646882542
280810	1988.1099646882542
281373	1988.1099646882542
286224	1987.6720930841238
286786	1987.6720930841238
287350	1987.6720930841238
287914	1987.6720930841238
288478	1987.6720930841238
289045	1987.6720930841238
289613	1987.6720930841238
290183	1987.6720930841238
290758	1987.6720930841238
291330	1987.6720930841238
291906	1987.6720930841238
292475	1987.6720930841238
293049	1987.6720930841238
293630	1987.6720930841238
294211	1987.6720930841238
294791	1987.6720930841238
295365	1987.6720930841238
295938	1987.6720930841238
296513	1987.6720930841238
297089	1987.6720930841238
297660	1987.6720930841238
298230	1987.6720930841238
298812	1987.6720930841238
299391	1987.6720930841238
299962	1987.6720930841238
303898	1987.5534823926682
304477	1987.5534823926682
308110	1987.4103358742511
308689	1987.4103358742511
311415	1987.360859847176
315195	1987.3424144718842
318557	1987.259757298734
319141	1987.259757298734
323383	1987.19311383144
328354	1987.1578130993746
332236	1987.1230274400696
336110	1987.054758375152
336686	1987.054758375152
337262	1987.054758375152
337837	1987.054758375152
342171	1986.919508596396
342749	1986.919508596396
343323	1986.919508596396
343904	1986.919508596396
346941	1986.8232267871235
347529	1986.8232267871235
348108	1986.8232267871235
348687	1986.8232267871235
349265	1986.8232267871235
353494	1986.800240353102
354077	1986.800240353102
356999	1986.7695366194573
357572	1986.7695366194573
361791	1986.7511572700264
365567	1986.7250030933444
369000	1986.6485644212225
369578	1986.6485644212225
370159	1986.6485644212225
370733	1986.6485644212225
371304	1986.6485644212225
371875	1986.6485644212225
374602	1986.5584889070096
375179	1986.5584889070096
375750	1986.5584889070096
376323	1986.5584889070096
376897	1986.5584889070096
377475	1986.5584889070096
378049	1986.5584889070096
378619	1986.5584889070096
379195	1986.5584889070096
379770	1986.5584889070096
380344	1986.5584889070096
380921	1986.5584889070096
384082	1986.5502723290783
384660	1986.5502723290783
385231	1986.5502723290783
385814	1986.5502723290783
386390	1986.5502723290783
389850	1986.496212234598
393173	1986.489510811584
393753	1986.489510811584
396613	1986.478914164052
399680	1986.4689068782911
400262	1986.4689068782911
400836	1986.4689068782911
404241	1986.4659900851568
407830	1986.4601716712114
408415	1986.4601716712114
408987	1986.4601716712114
409574	1986.4601716712114
412755	1986.4487322569157
413336	1986.4487322569157
413919	1986.4487322569157
414500	1986.4487322569157
415089	1986.4487322569157
417790	1986.43214715053
421025	1986.4301029892804
421619	1986.4301029892804
422202	1986.4301029892804
422783	1986.4301029892804
426772	1986.4135467072472
427366	1986.4135467072472
430703	1986.4115325401176
433790	1986.343295764815
434370	1986.343295764815
434952	1986.343295764815
435535	1986.343295764815
436116	1986.343295764815
436701	1986.343295764815
437282	1986.343295764815
437858	1986.343295764815
438441	1986.343295764815
439025	1986.343295764815
439609	1986.343295764815
440190	1986.343295764815
440775	1986.343295764815
441355	1986.343295764815
445244	1986.3372055817804
445831	1986.3372055817804
446412	1986.3372055817804
446996	1986.3372055817804
447585	1986.3372055817804
448170	1986.3372055817804
448748	1986.3372055817804
449330	1986.3372055817804
449904	1986.3372055817804
450487	1986.3372055817804
453941	1986.3182309600415
458193	1986.3093685322121
461391	1986.295527429292
466056	1986.2756310187729
466658	1986.2756310187729
470248	1986.2572875244155
470841	1986.2572875244155
473462	1986.2514691596873
474051	1986.2514691596873
474641	1986.2514691596873
478169	1986.2281512795919
481149	1986.2123152362055
481736	1986.2123152362055
482313	1986.2123152362055
482895	1986.2123152362055
483477	1986.2123152362055
486051	1986.206264543035
486631	1986.206264543035
490099	1986.2006456152938
490691	1986.2006456152938
494991	1986.1895454636003
495572	1986.1895454636003
496152	1986.1895454636003
496737	1986.1895454636003
497322	1986.1895454636003
497904	1986.1895454636003
498486	1986.1895454636003
499068	1986.1895454636003
499660	1986.1895454636003
500241	1986.1895454636003
