300	1242660086.966555
3576	2512.5065562286527
5941	2455.518035073957
6673	2455.489863000339
7411	2455.4679008210583
8143	2455.4490778053982
8873	2455.4317441576923
9601	2455.415445292345
10325	2455.399517845625
11054	2455.3838467081114
11779	2455.3685289859477
12504	2455.3533547970505
13238	2455.3385405372424
13966	2455.3236701401556
14692	2455.308832375562
15411	2455.294375963036
16128	2455.2801630680055
16858	2455.265932388432
17578	2455.251851015688
18292	2455.237887603512
19008	2455.2242710043474
19724	2455.210510184963
20446	2455.1967680442176
21163	2455.183351381389
21886	2455.170029953839
22601	2455.156953823719
23312	2455.1438149427827
24031	2455.1307078580394
24752	2455.1177282041695
25470	2455.104779303095
26184	2455.09239853341
26900	2455.079978812786
27622	2455.06720900844
28349	2455.0548941989364
29066	2455.0427017483585
29776	2455.0307601172967
30489	2455.0185874150893
31199	2455.0068892933687
31918	2454.994962010079
32633	2454.9832720893583
33350	2454.9715568344986
34065	2454.9599732597726
34779	2454.948750268926
35505	2454.937260345857
36226	2454.9259276235584
36957	2454.9146392957464
37673	2454.9038672563493
38396	2454.8926247859017
39111	2454.8816157625183
39836	2454.8708892120308
40558	2454.860197962861
41275	2454.8495846269075
42001	2454.8390228175676
42733	2454.8285797782264
43466	2454.8181612871767
44190	2454.8077300723144
44914	2454.7975339996897
45641	2454.787285797035
46360	2454.7772838869428
47094	2454.7672006467446
47832	2454.7571554484475
48571	2454.7472522353305
49297	2454.7376863358772
50024	2454.727699125009
50747	2454.7180553361854
51471	2454.708354051937
52193	2454.6986697943316
52931	2454.689329042832
53654	2454.67988320518
54383	2454.670353108498
55112	2454.6611308343167
55831	2454.651746720647
56553	2454.642815121758
57280	2454.6334924736734
58002	2454.624611028032
58731	2454.615343602453
59467	2454.60641897755
60185	2454.5973793504313
62608	1850.3658685701948
63800	1850.3658685701948
66720	1850.3658685701948
68211	1764.8498043911636
70595	1708.0506236381061
72140	1704.9280407287433
73280	1704.9280407287433
75987	1659.447353146725
76728	1659.447353146725
78262	1659.447353146725
79797	1659.447353146725
81776	1659.447353146725
85750	1659.447353146725
88065	1659.447353146725
90043	1659.447353146725
91582	1659.447353146725
94463	1659.447353146725
97613	1659.447353146725
109384	1659.447353146725
111805	1659.447353146725
117124	1659.447353146725
119434	1659.447353146725
121425	1659.447353146725
123392	1659.447353146725
130301	1659.447353146725
131842	1659.447353146725
134571	1659.447353146725
138095	1659.447353146725
140393	1659.447353146725
142729	1659.447353146725
146632	1659.447353146725
148975	1659.447353146725
153327	1659.447353146725
156049	1659.447353146725
161148	1659.447353146725
164292	1659.447353146725
167052	1659.447353146725
171813	1659.447353146725
174966	1659.447353146725
177297	1659.447353146725
183292	1659.447353146725
186843	1659.447353146725
190393	1659.447353146725
193096	1659.447353146725
196224	1659.447353146725
199377	1659.447353146725
204202	1659.447353146725
208579	1659.447353146725
214152	1659.447353146725
216900	1659.447353146725
218687	1659.447353146725
221270	1659.447353146725
223514	1659.447353146725
225731	1659.447353146725
228322	1659.447353146725
230950	1659.447353146725
233935	1659.447353146725
236159	1659.447353146725
237968	1659.447353146725
240945	1659.447353146725
244387	1659.447353146725
246593	1659.447353146725
249952	1659.447353146725
252178	1659.447353146725
253949	1659.447353146725
255757	1659.447353146725
257577	1659.447353146725
261844	1659.447353146725
265297	1659.447353146725
270052	1659.447353146725
271525	1659.447353146725
275874	1659.447353146725
279376	1659.447353146725
280861	1659.447353146725
281943	1659.447353146725
284660	1659.447353146725
286972	1659.447353146725
290926	1659.447353146725
294851	1659.447353146725
298768	1659.447353146725
300258	1659.447353146725
