300	2196050208.5819035
3249	9033.670685426325
4808	9032.907160640709
7169	8940.538291351944
7903	8940.413603658242
8635	8940.36907905506
9360	8940.332571662497
10085	8940.296903862954
10805	8940.26134956194
11529	8940.2257606647
12242	8940.19018486247
12958	8940.15463800204
13669	8940.11904972457
14381	8940.08347066914
15098	8940.04792322153
15815	8940.012340719119
16537	8939.97675617952
17260	8939.941152085266
17978	8939.90560545809
18699	8939.870001338391
19417	8939.834455209086
20133	8939.79890566154
20856	8939.763361144875
21579	8939.727795587625
22287	8939.692195583106
22999	8939.65665169454
23723	8939.621097478328
24446	8939.585524290893
25164	8939.549922784612
25883	8939.514379665181
26603	8939.47882995053
28406	6415.122533541641
30328	6374.886263525359
31040	6374.675209567508
31752	6374.593858539253
32459	6374.539945743252
33178	6374.495171249996
33891	6374.451864748019
34606	6374.409542217263
35320	6374.367341148389
36046	6374.323982625779
36773	6374.28205496839
39359	4892.0339882278095
40072	4891.802156862387
40783	4891.624286218193
41495	4891.46548339834
42208	4891.31491640931
42930	4891.167347046574
43649	4891.022590928615
44371	4890.8772751751485
45094	4890.729796960117
45815	4890.578787318336
46542	4890.421276696578
47273	4890.256014318543
47995	4890.081390179052
48717	4889.89393588767
49453	4889.691547760165
50193	4889.473005555083
50940	4889.242525926354
51676	4888.997573857876
52418	4888.730855461307
53176	4888.437491514407
53916	4888.109656237846
54653	4887.736686599523
55391	4887.305796567527
58212	4831.782889083312
58933	4831.728129771556
59661	4831.672454003317
60397	4831.619555747219
61121	4831.5682361444215
61851	4831.5170789586355
62578	4831.465859514543
63304	4831.415042602207
64025	4831.364174916198
64749	4831.313540554098
65475	4831.263959812206
66193	4831.213899941682
66917	4831.164224631935
67638	4831.114420475516
68357	4831.065738625179
69079	4831.01605939902
69793	4830.96729685336
70512	4830.9190703860795
71236	4830.870426557429
71967	4830.821992154984
72682	4830.773833486332
73409	4830.7259398270235
74126	4830.677644681483
74844	4830.630194689921
75556	4830.582770941938
76269	4830.534768298534
76986	4830.487350786986
77699	4830.4410430761845
78415	4830.393835395051
79132	4830.3469416993385
79858	4830.2998328634685
80579	4830.253014975273
81297	4830.20762632504
82010	4830.160297434589
82731	4830.114678175971
83465	4830.067904911586
84185	4830.022164801093
84910	4829.976924245098
85624	4829.931170852748
86341	4829.885446430073
87062	4829.840009967937
87777	4829.794207010435
88497	4829.749190374127
89219	4829.704210815227
89939	4829.659284015588
90659	4829.614891697622
91383	4829.569877670397
92105	4829.52524970742
92821	4829.480542192212
93545	4829.436732288736
94258	4829.392777245791
94978	4829.347620559288
95696	4829.304245063311
96412	4829.260344538834
97134	4829.216283972999
97858	4829.172262730312
98575	4829.128949356394
99293	4829.085428233024
100014	4829.041690450855
100729	4828.998110067107
101447	4828.955719590718
102159	4828.912290527175
102881	4828.869015687785
103597	4828.826238594002
104311	4828.783061955968
105025	4828.74059914578
105741	4828.697980505591
106462	4828.655581000028
107191	4828.612805222501
107907	4828.57033131611
108624	4828.527625246377
109342	4828.485684160195
110058	4828.443497182679
110776	4828.401186425259
111493	4828.359232997238
112214	4828.317533513535
112944	4828.27545859523
113665	4828.233714057426
114383	4828.191798263419
115099	4828.1501565755825
115816	4828.108520961261
116532	4828.066461508144
117254	4828.024426369716
117972	4827.983144781359
118694	4827.941998196084
119411	4827.900604790631
120129	4827.859110618692
120850	4827.817939567116
121568	4827.777126593717
122286	4827.735595691462
122999	4827.694665394783
123713	4827.653494778451
124428	4827.612495525571
125146	4827.571365788176
125866	4827.530604153373
126587	4827.489906368826
127311	4827.449447967372
128034	4827.408470656957
128755	4827.367831510195
129486	4827.327504671247
130205	4827.286956742277
130922	4827.246611803579
131634	4827.205839125347
132350	4827.16537981835
133063	4827.1253604432895
133785	4827.08482294253
134503	4827.045093473672
135221	4827.004753548445
135936	4826.965216758856
136655	4826.925123510361
137370	4826.8855016887555
138082	4826.8458401378
138798	4826.806563229908
139525	4826.766483721176
140249	4826.727459376267
140959	4826.688108078295
141674	4826.648850935464
142386	4826.6091292787705
143099	4826.5706430334085
143820	4826.531560102279
144532	4826.492070201319
145249	4826.453577387079
145961	4826.414688244422
146680	4826.376402851642
147395	4826.337767167176
148119	4826.299570066692
148832	4826.261671014179
149559	4826.223270049735
150282	4826.185311968507
150995	4826.1474958338
151709	4826.1096433573275
152426	4826.071247500399
153139	4826.03419492221
153853	4825.996425858569
154572	4825.959458786288
155286	4825.921974557265
156003	4825.8851295295135
156730	4825.848509896947
157448	4825.811494439595
158173	4825.7750904836
158897	4825.738176224862
159619	4825.701706632738
160344	4825.665986115314
161070	4825.62949328343
161794	4825.593540844078
162509	4825.557619641082
163230	4825.522223819333
163956	4825.48672632948
164675	4825.450963738333
165397	4825.415746080434
166128	4825.380984690576
166852	4825.345288727323
167576	4825.310521782087
168296	4825.276350439302
169014	4825.24144316737
169731	4825.207249752304
170444	4825.173188990593
171154	4825.13846603516
171874	4825.104990941204
172588	4825.0712171099285
173301	4825.037797542129
174024	4825.004275256923
174745	4824.971147381064
175471	4824.9375992220175
176188	4824.904397614333
176906	4824.871771310545
177629	4824.83940686031
178342	4824.806666775343
179056	4824.774278045931
179766	4824.742105000568
180481	4824.709757871655
181189	4824.67811803951
181895	4824.646432342181
182599	4824.614474440706
183307	4824.58302364804
184020	4824.55210229347
184724	4824.521034036254
185436	4824.490213280798
186140	4824.459190756228
186847	4824.428818160326
187559	4824.398048735347
188267	4824.368162293253
188977	4824.337821323255
189684	4824.308014324499
190394	4824.278255886822
191100	4824.248971741288
191808	4824.219142673281
192517	4824.189780096014
193232	4824.160472640071
193941	4824.131455066512
194653	4824.102590069451
195361	4824.074015477623
196075	4824.0454559109685
196783	4824.016872926443
197493	4823.98873188375
198201	4823.961017942262
198912	4823.932620516807
199623	4823.905197242982
200329	4823.877516981593
201042	4823.849586786033
201751	4823.8224312089715
202464	4823.795221918486
203181	4823.767903980315
203888	4823.741110234987
204600	4823.714435737206
205309	4823.68812820568
206019	4823.6608837628755
206729	4823.634737722185
207437	4823.608384571458
208151	4823.582582102714
208861	4823.556967343455
209573	4823.530785045787
210280	4823.504637099311
210985	4823.479408651485
211697	4823.454244881812
212419	4823.429090786429
213132	4823.403408511035
213843	4823.378493513517
214552	4823.353732770689
215258	4823.328966583264
215963	4823.304106561742
216668	4823.279595483034
217375	4823.255114813566
218081	4823.230889025079
218783	4823.206569615214
219486	4823.18214901552
220193	4823.158518397067
220902	4823.134360713223
221610	4823.11085515436
222316	4823.086691396367
223031	4823.062980546449
223734	4823.0396656589555
224444	4823.0159792310515
225157	4822.992987259942
225875	4822.969841901153
226591	4822.946652822757
227296	4822.923452333788
228001	4822.900808282484
228718	4822.878303986579
229426	4822.855367461332
230137	4822.832734867918
230845	4822.809774782344
231546	4822.787723631444
232252	4822.765594391151
232958	4822.7428753576005
233671	4822.72106559383
234380	4822.698541915868
235089	4822.676667981167
235799	4822.65471919686
236501	4822.632823013286
237208	4822.610789604067
237911	4822.589387751569
238620	4822.567846980084
239325	4822.5463025687
240029	4822.524537047657
240733	4822.503335722564
241437	4822.482024605897
242144	4822.460946533736
242852	4822.439562869791
243559	4822.418421978019
244265	4822.397584578406
244968	4822.3767070547365
245674	4822.355478147178
246381	4822.334738672186
247088	4822.313932761934
247796	4822.292874942652
248505	4822.272466358986
249209	4822.2519167405135
249917	4822.2311545249695
250616	4822.210887343119
251328	4822.1898142888895
252035	4822.169845072013
252742	4822.149773932069
253450	4822.128893856623
254159	4822.108554175085
254873	4822.088702287321
255580	4822.068030434926
256287	4822.0485496485835
256997	4822.028100336197
257706	4822.008345036333
258413	4821.988466771816
259127	4821.968820514314
259841	4821.948899733352
260550	4821.929055592731
261266	4821.9091649339825
261979	4821.889548516121
262697	4821.8700367384645
263403	4821.8503474539575
264115	4821.830339596951
264825	4821.811190453967
265535	4821.791555144317
266247	4821.772077152284
266959	4821.752315900054
267670	4821.733439413036
268381	4821.714251325289
269088	4821.695038162855
269801	4821.675629438727
270511	4821.656629833516
271229	4821.637312980922
271949	4821.617738616751
272661	4821.59872178745
273379	4821.579943264556
274092	4821.560963197684
274804	4821.541844781487
275512	4821.522599267853
276221	4821.503894495439
276931	4821.485379515368
277637	4821.46605873814
278352	4821.447499670756
279061	4821.428475583301
279774	4821.410049168035
280482	4821.391321011348
281196	4821.372530739969
281908	4821.353830865198
282626	4821.335037012442
283342	4821.315969441871
284050	4821.297608327971
284767	4821.279481450341
285477	4821.2609412923775
286195	4821.242023077342
286907	4821.223556356749
287627	4821.2052683230695
288338	4821.186889219193
289050	4821.16853573608
289756	4821.150178182084
290475	4821.131451650757
291189	4821.113424639184
291900	4821.094636001319
292625	4821.07694545355
293346	4821.0584784238235
294074	4821.039787415588
294794	4821.022112114968
295510	4821.004567590602
296234	4820.985920315233
296950	4820.967320549808
297670	4820.949857048421
298384	4820.930870665432
299100	4820.9134225075995
299816	4820.895251638707
300530	4820.876770320085
