300	104817437891.02109
639	68642266479.27882
970	51162024424.020454
1299	29190222580.478508
1630	20265740790.778812
1963	18314178221.276264
2300	14130017648.416338
2635	10479464427.16876
2965	7832327249.739625
3301	7126744214.945106
3636	5593189816.543709
3969	4014450847.182228
4299	3306666502.457544
4631	2807296778.721034
4965	2111397838.7777169
5302	1860176538.776483
5636	1580158229.7968166
5970	1443950033.6023705
6315	1181239328.4826896
6655	943184714.5253445
6999	766285685.0262065
7329	694743920.2543411
7664	553034552.1876099
8006	520876431.8225903
8347	405125786.78672683
8685	245419531.0027567
9022	232023438.07499975
9362	206882252.9972478
9699	181000678.10780782
10043	108792402.08662166
10380	103334698.68564655
10722	92574555.80258957
11061	69594821.16234073
11401	64108189.91899494
11739	57170991.95334421
12077	47544210.47185729
12417	37332261.76638951
12748	32534025.312920883
13087	28331969.824804146
13426	19882940.284106933
13762	15294935.549173834
18026	100.0000039810413
19630	100.00000396893053
21426	100.00000359221075
24335	100.0000031814702
24668	100.0000031814702
25005	100.0000031814702
25338	100.0000031814702
25671	100.0000031814702
26003	100.0000031814702
26336	100.0000031814702
26672	100.0000031814702
27003	100.0000031814702
27336	100.0000031814702
27669	100.0000031814702
28007	100.0000031814702
28337	100.0000031814702
28671	100.0000031814702
29005	100.0000031814702
29353	100.0000031814702
29693	100.0000031814702
30038	100.0000031814702
30379	100.0000031814702
30712	100.0000031814702
31053	100.0000031814702
31391	100.0000031814702
31726	100.0000031814702
32057	100.0000031814702
32391	100.0000031814702
32727	100.0000031814702
33061	100.0000031814702
36025	100.0000031814702
36359	100.0000031814702
36690	100.0000031814702
37027	100.0000031814702
37369	100.0000031814702
37698	100.0000031814702
38036	100.0000031814702
38370	100.0000031814702
38707	100.0000031814702
39043	100.0000031814702
41155	100.0000031814702
41490	100.0000031814702
41831	100.0000031814702
42180	100.0000031814702
42525	100.0000031814702
42864	100.0000031814702
43201	100.0000031814702
43541	100.0000031814702
43886	100.0000031814702
44223	100.0000031814702
44566	100.0000031814702
44915	100.0000031814702
45251	100.0000031814702
45598	100.0000031814702
45934	100.0000031814702
46275	100.0000031814702
46616	100.0000031814702
46950	100.0000031814702
47285	100.0000031814702
47628	100.0000031814702
49838	100.0000031814702
50184	100.0000031814702
50528	100.0000031814702
50867	100.0000031814702
51209	100.0000031814702
51555	100.0000031814702
51899	100.0000031814702
52243	100.0000031814702
52579	100.0000031814702
52916	100.0000031814702
53263	100.0000031814702
53599	100.0000031814702
53937	100.0000031814702
54276	100.0000031814702
54615	100.0000031814702
54949	100.0000031814702
55288	100.0000031814702
55631	100.0000031814702
55968	100.0000031814702
56306	100.0000031814702
58430	100.0000031814702
58771	100.0000031814702
59114	100.0000031814702
59456	100.0000031814702
59797	100.0000031814702
60136	100.0000031814702
60478	100.0000031814702
60821	100.0000031814702
61169	100.0000031814702
61507	100.0000031814702
61851	100.0000031814702
62191	100.0000031814702
62537	100.0000031814702
62877	100.0000031814702
63225	100.0000031814702
63564	100.0000031814702
63914	100.0000031814702
64258	100.0000031814702
64599	100.0000031814702
64946	100.0000031814702
66875	100.0000031814702
67214	100.0000031814702
67554	100.0000031814702
67896	100.0000031814702
68240	100.0000031814702
68582	100.0000031814702
68926	100.0000031814702
69261	100.0000031814702
69600	100.0000031814702
69938	100.0000031814702
70276	100.0000031814702
70613	100.0000031814702
70952	100.0000031814702
71289	100.0000031814702
71623	100.0000031814702
71957	100.0000031814702
72289	100.0000031814702
72627	100.0000031814702
72956	100.0000031814702
73287	100.0000031814702
75667	100.0000031814702
76003	100.0000031814702
76331	100.0000031814702
76656	100.0000031814702
76988	100.0000031814702
77322	100.0000031814702
77669	100.0000031814702
78008	100.0000031814702
78353	100.0000031814702
78693	100.0000031814702
81691	100.0000031814702
82031	100.0000031814702
82378	100.0000031814702
82722	100.0000031814702
83060	100.0000031814702
83396	100.0000031814702
83737	100.0000031814702
84077	100.0000031814702
84417	100.0000031814702
84761	100.0000031814702
85104	100.0000031814702
85445	100.0000031814702
85784	100.0000031814702
86131	100.0000031814702
86477	100.0000031814702
86829	100.0000031814702
87174	100.0000031814702
87517	100.0000031814702
87857	100.0000031814702
88196	100.0000031814702
91256	100.0000031814702
91597	100.0000031814702
91941	100.0000031814702
92279	100.0000031814702
92625	100.0000031814702
92959	100.0000031814702
93297	100.0000031814702
93645	100.0000031814702
93985	100.0000031814702
94327	100.0000031814702
94669	100.0000031814702
95012	100.0000031814702
95361	100.0000031814702
95704	100.0000031814702
96053	100.0000031814702
96400	100.0000031814702
96747	100.0000031814702
97089	100.0000031814702
97434	100.0000031814702
97776	100.0000031814702
101211	100.0000031814702
101549	100.0000031814702
101891	100.0000031814702
102231	100.0000031814702
102573	100.0000031814702
102915	100.0000031814702
103255	100.0000031814702
103595	100.0000031814702
103937	100.0000031814702
104275	100.0000031814702
104610	100.0000031814702
104948	100.0000031814702
105287	100.0000031814702
105622	100.0000031814702
105964	100.0000031814702
106312	100.0000031814702
106658	100.0000031814702
107003	100.0000031814702
107352	100.0000031814702
107698	100.0000031814702
110940	100.0000031814702
111281	100.0000031814702
111617	100.0000031814702
111952	100.0000031814702
112291	100.0000031814702
112629	100.0000031814702
112971	100.0000031814702
113309	100.0000031814702
113648	100.0000031814702
113987	100.0000031814702
114331	100.0000031814702
114668	100.0000031814702
115009	100.0000031814702
115342	100.0000031814702
115678	100.0000031814702
116012	100.0000031814702
116351	100.0000031814702
116697	100.0000031814702
117047	100.0000031814702
117393	100.0000031814702
120582	100.0000031814702
120931	100.0000031814702
121280	100.0000031814702
121620	100.0000031814702
121957	100.0000031814702
122297	100.0000031814702
122639	100.0000031814702
122984	100.0000031814702
123325	100.0000031814702
123663	100.0000031814702
126056	100.0000031814702
126394	100.0000031814702
126735	100.0000031814702
127068	100.0000031814702
127407	100.0000031814702
127750	100.0000031814702
128095	100.0000031814702
128438	100.0000031814702
128781	100.0000031814702
129125	100.0000031814702
129469	100.0000031814702
129815	100.0000031814702
130152	100.0000031814702
130495	100.0000031814702
130835	100.0000031814702
131180	100.0000031814702
131529	100.0000031814702
131878	100.0000031814702
132215	100.0000031814702
132561	100.0000031814702
134860	100.0000031814702
135198	100.0000031814702
135547	100.0000031814702
135888	100.0000031814702
136228	100.0000031814702
136578	100.0000031814702
136926	100.0000031814702
137285	100.0000031814702
137630	100.0000031814702
137970	100.0000031814702
138310	100.0000031814702
138646	100.0000031814702
138985	100.0000031814702
139332	100.0000031814702
139672	100.0000031814702
140020	100.0000031814702
140359	100.0000031814702
140700	100.0000031814702
141037	100.0000031814702
141377	100.0000031814702
143524	100.0000031814702
143863	100.0000031814702
144199	100.0000031814702
144546	100.0000031814702
144896	100.0000031814702
145241	100.0000031814702
145588	100.0000031814702
145936	100.0000031814702
146280	100.0000031814702
146613	100.0000031814702
146943	100.0000031814702
147282	100.0000031814702
147614	100.0000031814702
147950	100.0000031814702
148288	100.0000031814702
148629	100.0000031814702
148969	100.0000031814702
149314	100.0000031814702
149658	100.0000031814702
149992	100.0000031814702
152288	100.0000031814702
152630	100.0000031814702
152965	100.0000031814702
153313	100.0000031814702
153660	100.0000031814702
154005	100.0000031814702
154356	100.0000031814702
154708	100.0000031814702
155054	100.0000031814702
155392	100.0000031814702
155731	100.0000031814702
156065	100.0000031814702
156405	100.0000031814702
156744	100.0000031814702
157079	100.0000031814702
157419	100.0000031814702
157757	100.0000031814702
158093	100.0000031814702
158432	100.0000031814702
158768	100.0000031814702
161094	100.0000031814702
161431	100.0000031814702
161773	100.0000031814702
162112	100.0000031814702
162448	100.0000031814702
162788	100.0000031814702
163144	100.0000031814702
163487	100.0000031814702
163825	100.0000031814702
164170	100.0000031814702
166999	100.0000031814702
167342	100.0000031814702
167683	100.0000031814702
168026	100.0000031814702
168368	100.0000031814702
168708	100.0000031814702
169059	100.0000031814702
169395	100.0000031814702
169736	100.0000031814702
170074	100.0000031814702
170405	100.0000031814702
170746	100.0000031814702
171090	100.0000031814702
171433	100.0000031814702
171771	100.0000031814702
172117	100.0000031814702
172470	100.0000031814702
172822	100.0000031814702
173168	100.0000031814702
173515	100.0000031814702
176716	100.0000031814702
177053	100.0000031814702
177394	100.0000031814702
177731	100.0000031814702
178074	100.0000031814702
178417	100.0000031814702
178753	100.0000031814702
179100	100.0000031814702
179431	100.0000031814702
179768	100.0000031814702
180105	100.0000031814702
180446	100.0000031814702
180783	100.0000031814702
181119	100.0000031814702
181455	100.0000031814702
181796	100.0000031814702
182131	100.0000031814702
182472	100.0000031814702
182814	100.0000031814702
183164	100.0000031814702
186528	100.0000031814702
186869	100.0000031814702
187213	100.0000031814702
187552	100.0000031814702
187891	100.0000031814702
188231	100.0000031814702
188572	100.0000031814702
188907	100.0000031814702
189245	100.0000031814702
189585	100.0000031814702
189922	100.0000031814702
190261	100.0000031814702
190604	100.0000031814702
190941	100.0000031814702
191282	100.0000031814702
191624	100.0000031814702
191956	100.0000031814702
192298	100.0000031814702
192633	100.0000031814702
192979	100.0000031814702
194922	100.0000031814702
195261	100.0000031814702
195604	100.0000031814702
195947	100.0000031814702
196289	100.0000031814702
196631	100.0000031814702
196975	100.0000031814702
197313	100.0000031814702
197654	100.0000031814702
197992	100.0000031814702
198330	100.0000031814702
198673	100.0000031814702
199011	100.0000031814702
199353	100.0000031814702
199694	100.0000031814702
200034	100.0000031814702
200380	100.0000031814702
200711	100.0000031814702
201054	100.0000031814702
201397	100.0000031814702
202983	100.00000283053444
206176	100.00000246632725
206522	100.00000246632725
206862	100.00000246632725
207202	100.00000246632725
207541	100.00000246632725
207877	100.00000246632725
208211	100.00000246632725
208545	100.00000246632725
208880	100.00000246632725
209215	100.00000246632725
209552	100.00000246632725
209883	100.00000246632725
210224	100.00000246632725
210553	100.00000246632725
210885	100.00000246632725
211225	100.00000246632725
211553	100.00000246632725
211889	100.00000246632725
212226	100.00000246632725
214647	100.00000246632725
214992	100.00000246632725
215323	100.00000246632725
215657	100.00000246632725
215995	100.00000246632725
216334	100.00000246632725
216667	100.00000246632725
217003	100.00000246632725
217352	100.00000246632725
217690	100.00000246632725
218028	100.00000246632725
218363	100.00000246632725
218699	100.00000246632725
219031	100.00000246632725
219370	100.00000246632725
219707	100.00000246632725
220042	100.00000246632725
220378	100.00000246632725
220717	100.00000246632725
221055	100.00000246632725
223322	100.00000246632725
223663	100.00000246632725
224003	100.00000246632725
224337	100.00000246632725
224673	100.00000246632725
225012	100.00000246632725
225343	100.00000246632725
225686	100.00000246632725
226020	100.00000246632725
226350	100.00000246632725
226682	100.00000246632725
227019	100.00000246632725
227359	100.00000246632725
227690	100.00000246632725
228019	100.00000246632725
228347	100.00000246632725
228675	100.00000246632725
229016	100.00000246632725
229356	100.00000246632725
229696	100.00000246632725
232029	100.00000246632725
232367	100.00000246632725
232706	100.00000246632725
233044	100.00000246632725
233383	100.00000246632725
233726	100.00000246632725
234061	100.00000246632725
234403	100.00000246632725
234743	100.00000246632725
235080	100.00000246632725
235420	100.00000246632725
235758	100.00000246632725
236095	100.00000246632725
236433	100.00000246632725
236779	100.00000246632725
237130	100.00000246632725
237469	100.00000246632725
237813	100.00000246632725
238154	100.00000246632725
238501	100.00000246632725
242053	100.00000246632725
242383	100.00000246632725
242725	100.00000246632725
243071	100.00000246632725
243411	100.00000246632725
243751	100.00000246632725
244083	100.00000246632725
244425	100.00000246632725
244767	100.00000246632725
245108	100.00000246632725
245443	100.00000246632725
245779	100.00000246632725
246119	100.00000246632725
246468	100.00000246632725
246816	100.00000246632725
247165	100.00000246632725
247511	100.00000246632725
247857	100.00000246632725
248199	100.00000246632725
248548	100.00000246632725
251549	100.00000246632725
251898	100.00000246632725
252247	100.00000246632725
252592	100.00000246632725
252930	100.00000246632725
253273	100.00000246632725
253612	100.00000246632725
253952	100.00000246632725
254292	100.00000246632725
254629	100.00000246632725
256480	100.00000246632725
256815	100.00000246632725
257149	100.00000246632725
257483	100.00000246632725
257828	100.00000246632725
258182	100.00000246632725
258530	100.00000246632725
258877	100.00000246632725
259222	100.00000246632725
259562	100.00000246632725
259899	100.00000246632725
260247	100.00000246632725
260585	100.00000246632725
260923	100.00000246632725
261260	100.00000246632725
261600	100.00000246632725
261940	100.00000246632725
262281	100.00000246632725
262622	100.00000246632725
262959	100.00000246632725
265468	100.00000246632725
265804	100.00000246632725
266144	100.00000246632725
266477	100.00000246632725
266819	100.00000246632725
267165	100.00000246632725
267511	100.00000246632725
267861	100.00000246632725
268199	100.00000246632725
268537	100.00000246632725
268873	100.00000246632725
269213	100.00000246632725
269557	100.00000246632725
269893	100.00000246632725
270234	100.00000246632725
270573	100.00000246632725
270910	100.00000246632725
271246	100.00000246632725
271584	100.00000246632725
271921	100.00000246632725
274871	100.00000246632725
275206	100.00000246632725
275539	100.00000246632725
275873	100.00000246632725
276207	100.00000246632725
276553	100.00000246632725
276908	100.00000246632725
277249	100.00000246632725
277593	100.00000246632725
277935	100.00000246632725
278274	100.00000246632725
278619	100.00000246632725
278961	100.00000246632725
279301	100.00000246632725
279647	100.00000246632725
279982	100.00000246632725
280316	100.00000246632725
280652	100.00000246632725
280992	100.00000246632725
281330	100.00000246632725
283994	100.00000246632725
284336	100.00000246632725
284676	100.00000246632725
285016	100.00000246632725
285352	100.00000246632725
285694	100.00000246632725
286039	100.00000246632725
286382	100.00000246632725
286724	100.00000246632725
287068	100.00000246632725
287398	100.00000246632725
287739	100.00000246632725
288084	100.00000246632725
288424	100.00000246632725
288768	100.00000246632725
289110	100.00000246632725
289448	100.00000246632725
289788	100.00000246632725
290132	100.00000246632725
290473	100.00000246632725
293164	100.00000246632725
293503	100.00000246632725
293842	100.00000246632725
294180	100.00000246632725
294517	100.00000246632725
294854	100.00000246632725
295196	100.00000246632725
295543	100.00000246632725
295889	100.00000246632725
296235	100.00000246632725
299846	100.00000246632725
300191	100.00000246632725
