300	116205964752.86394
638	79368675777.72249
968	53280481063.53388
1305	38385928244.290115
1641	23577547121.09045
1972	19802465866.045532
2299	12294458123.149536
2640	9542148844.637281
2975	7848610181.676852
3307	6881807730.206905
3643	5202632604.843928
3977	4410652233.755454
4310	3203753125.6534576
4647	2709498166.4375567
4976	2113844891.7236137
5317	1252736554.5829804
5652	1210853285.4886534
5992	886586466.3540175
6331	786670713.0834237
6662	650363573.0786245
6996	550976719.9503553
7329	432073897.696969
7671	317612485.88892305
8011	286581874.0191438
8351	247448619.37520656
8689	207467804.85925534
9029	163271000.46743235
9367	127590705.98378071
9705	121287894.4856752
10044	87477134.1806684
10390	70276466.45387647
10725	56688839.091827944
11064	53484395.270369045
11399	41311937.97378244
11740	33937731.037892446
12079	32946688.702649787
12419	21485213.20213012
12758	18785742.17964737
13102	16708365.961958712
13440	13967154.021084234
13781	10598729.778445588
16659	4078.592882329915
19621	100.00000401655791
22558	100.00000394694618
22899	100.00000394694618
23232	100.00000394694618
23562	100.00000394694618
23890	100.00000394694618
24224	100.00000394694618
24552	100.00000394694618
24882	100.00000394694618
25211	100.00000394694618
25542	100.00000394694618
25864	100.00000394694618
26203	100.00000394694618
26539	100.00000394694618
26869	100.00000394694618
27205	100.00000394694618
27540	100.00000394694618
27873	100.00000394694618
28206	100.00000394694618
28541	100.00000394694618
28878	100.00000394694618
29214	100.00000394694618
29545	100.00000394694618
29880	100.00000394694618
30206	100.00000394694618
30539	100.00000394694618
30872	100.00000394694618
31203	100.00000394694618
31534	100.00000394694618
33014	100.00000393572456
34679	100.00000389961899
37129	100.00000386659899
37470	100.00000386659899
37795	100.00000386659899
38127	100.00000386659899
38452	100.00000386659899
38778	100.00000386659899
39108	100.00000386659899
39437	100.00000386659899
39765	100.00000386659899
40099	100.00000386659899
40426	100.00000386659899
40760	100.00000386659899
41089	100.00000386659899
41416	100.00000386659899
41743	100.00000386659899
42071	100.00000386659899
42399	100.00000386659899
42733	100.00000386659899
43068	100.00000386659899
43395	100.00000386659899
43723	100.00000386659899
44057	100.00000386659899
44390	100.00000386659899
44720	100.00000386659899
45052	100.00000386659899
45384	100.00000386659899
45711	100.00000386659899
46050	100.00000386659899
47869	100.00000367024386
49997	100.00000309495553
52762	100.00000308470963
53101	100.00000308470963
53442	100.00000308470963
53771	100.00000308470963
54116	100.00000308470963
54444	100.00000308470963
54776	100.00000308470963
55115	100.00000308470963
55445	100.00000308470963
55771	100.00000308470963
56103	100.00000308470963
56439	100.00000308470963
56773	100.00000308470963
57104	100.00000308470963
57436	100.00000308470963
57768	100.00000308470963
58097	100.00000308470963
58431	100.00000308470963
58765	100.00000308470963
59104	100.00000308470963
59440	100.00000308470963
59773	100.00000308470963
60102	100.00000308470963
60431	100.00000308470963
60768	100.00000308470963
61105	100.00000308470963
61431	100.00000308470963
61763	100.00000308470963
64207	100.00000308470963
64537	100.00000308470963
64868	100.00000308470963
65197	100.00000308470963
65528	100.00000308470963
65859	100.00000308470963
66187	100.00000308470963
66521	100.00000308470963
66855	100.00000308470963
67189	100.00000308470963
70043	100.00000308470963
70371	100.00000308470963
70707	100.00000308470963
71052	100.00000308470963
71389	100.00000308470963
71729	100.00000308470963
72059	100.00000308470963
72397	100.00000308470963
72733	100.00000308470963
73073	100.00000308470963
73409	100.00000308470963
73747	100.00000308470963
74081	100.00000308470963
74424	100.00000308470963
74759	100.00000308470963
75094	100.00000308470963
75437	100.00000308470963
75775	100.00000308470963
76118	100.00000308470963
76459	100.00000308470963
79694	100.00000308470963
80037	100.00000308470963
80381	100.00000308470963
80727	100.00000308470963
81063	100.00000308470963
81398	100.00000308470963
81736	100.00000308470963
82072	100.00000308470963
82409	100.00000308470963
82749	100.00000308470963
83083	100.00000308470963
83420	100.00000308470963
83758	100.00000308470963
84108	100.00000308470963
84454	100.00000308470963
84800	100.00000308470963
85149	100.00000308470963
85490	100.00000308470963
85832	100.00000308470963
86169	100.00000308470963
89195	100.00000308470963
89529	100.00000308470963
89862	100.00000308470963
90204	100.00000308470963
90543	100.00000308470963
90884	100.00000308470963
91215	100.00000308470963
91553	100.00000308470963
91892	100.00000308470963
92234	100.00000308470963
92572	100.00000308470963
92909	100.00000308470963
93254	100.00000308470963
93593	100.00000308470963
93935	100.00000308470963
94277	100.00000308470963
94619	100.00000308470963
94965	100.00000308470963
95304	100.00000308470963
95640	100.00000308470963
98854	100.00000308470963
99190	100.00000308470963
99528	100.00000308470963
99870	100.00000308470963
100210	100.00000308470963
100552	100.00000308470963
100887	100.00000308470963
101233	100.00000308470963
101573	100.00000308470963
101912	100.00000308470963
102249	100.00000308470963
102589	100.00000308470963
102931	100.00000308470963
103269	100.00000308470963
103609	100.00000308470963
103948	100.00000308470963
104297	100.00000308470963
104643	100.00000308470963
104996	100.00000308470963
105343	100.00000308470963
108404	100.00000308470963
108742	100.00000308470963
109078	100.00000308470963
109418	100.00000308470963
109758	100.00000308470963
110093	100.00000308470963
110431	100.00000308470963
110770	100.00000308470963
111106	100.00000308470963
111443	100.00000308470963
114134	100.00000308470963
114474	100.00000308470963
114815	100.00000308470963
115146	100.00000308470963
115482	100.00000308470963
115827	100.00000308470963
116170	100.00000308470963
116521	100.00000308470963
116871	100.00000308470963
117211	100.00000308470963
117550	100.00000308470963
117892	100.00000308470963
118236	100.00000308470963
118573	100.00000308470963
118921	100.00000308470963
119261	100.00000308470963
119607	100.00000308470963
119941	100.00000308470963
120279	100.00000308470963
120626	100.00000308470963
123380	100.00000308470963
123716	100.00000308470963
124053	100.00000308470963
124386	100.00000308470963
124723	100.00000308470963
125056	100.00000308470963
125396	100.00000308470963
125736	100.00000308470963
126079	100.00000308470963
126420	100.00000308470963
126770	100.00000308470963
127112	100.00000308470963
127453	100.00000308470963
127791	100.00000308470963
128132	100.00000308470963
128473	100.00000308470963
128812	100.00000308470963
129154	100.00000308470963
129494	100.00000308470963
129831	100.00000308470963
132583	100.00000308470963
132914	100.00000308470963
133253	100.00000308470963
133597	100.00000308470963
133933	100.00000308470963
134267	100.00000308470963
134603	100.00000308470963
134946	100.00000308470963
135283	100.00000308470963
135623	100.00000308470963
135972	100.00000308470963
136321	100.00000308470963
136678	100.00000308470963
137026	100.00000308470963
137363	100.00000308470963
137700	100.00000308470963
138042	100.00000308470963
138390	100.00000308470963
138734	100.00000308470963
139071	100.00000308470963
141796	100.00000308470963
142139	100.00000308470963
142484	100.00000308470963
142828	100.00000308470963
143165	100.00000308470963
143510	100.00000308470963
143849	100.00000308470963
144187	100.00000308470963
144529	100.00000308470963
144874	100.00000308470963
145210	100.00000308470963
145557	100.00000308470963
145903	100.00000308470963
146244	100.00000308470963
146590	100.00000308470963
146937	100.00000308470963
147273	100.00000308470963
147612	100.00000308470963
147951	100.00000308470963
148290	100.00000308470963
151160	100.00000308470963
151498	100.00000308470963
151838	100.00000308470963
152181	100.00000308470963
152524	100.00000308470963
152871	100.00000308470963
153212	100.00000308470963
153549	100.00000308470963
153886	100.00000308470963
154227	100.00000308470963
155937	100.00000308470963
156280	100.00000308470963
156625	100.00000308470963
156970	100.00000308470963
157312	100.00000308470963
157659	100.00000308470963
158003	100.00000308470963
158349	100.00000308470963
158691	100.00000308470963
159033	100.00000308470963
159373	100.00000308470963
159715	100.00000308470963
160055	100.00000308470963
160387	100.00000308470963
160728	100.00000308470963
161067	100.00000308470963
161409	100.00000308470963
161755	100.00000308470963
162098	100.00000308470963
162441	100.00000308470963
165838	100.00000308470963
166179	100.00000308470963
166526	100.00000308470963
166867	100.00000308470963
167210	100.00000308470963
167556	100.00000308470963
167893	100.00000308470963
168238	100.00000308470963
168579	100.00000308470963
168915	100.00000308470963
169257	100.00000308470963
169593	100.00000308470963
169936	100.00000308470963
170279	100.00000308470963
170616	100.00000308470963
170958	100.00000308470963
171300	100.00000308470963
171644	100.00000308470963
171993	100.00000308470963
172346	100.00000308470963
176299	100.00000308470963
176637	100.00000308470963
176979	100.00000308470963
177323	100.00000308470963
177665	100.00000308470963
178008	100.00000308470963
178354	100.00000308470963
178700	100.00000308470963
179036	100.00000308470963
179373	100.00000308470963
179714	100.00000308470963
180051	100.00000308470963
180393	100.00000308470963
180735	100.00000308470963
181071	100.00000308470963
181410	100.00000308470963
181759	100.00000308470963
182105	100.00000308470963
182450	100.00000308470963
182797	100.00000308470963
185978	100.00000308470963
186323	100.00000308470963
186663	100.00000308470963
187003	100.00000308470963
187350	100.00000308470963
187687	100.00000308470963
188023	100.00000308470963
188360	100.00000308470963
188701	100.00000308470963
189038	100.00000308470963
189377	100.00000308470963
189720	100.00000308470963
190055	100.00000308470963
190393	100.00000308470963
190735	100.00000308470963
191074	100.00000308470963
191418	100.00000308470963
191763	100.00000308470963
192102	100.00000308470963
192440	100.00000308470963
195709	100.00000308470963
196053	100.00000308470963
196394	100.00000308470963
196736	100.00000308470963
197079	100.00000308470963
197418	100.00000308470963
197753	100.00000308470963
198094	100.00000308470963
198431	100.00000308470963
198769	100.00000308470963
201927	100.00000308470963
202268	100.00000308470963
202607	100.00000308470963
202952	100.00000308470963
203301	100.00000308470963
203653	100.00000308470963
203994	100.00000308470963
204331	100.00000308470963
204677	100.00000308470963
205018	100.00000308470963
205356	100.00000308470963
205699	100.00000308470963
206040	100.00000308470963
206381	100.00000308470963
206724	100.00000308470963
207052	100.00000308470963
207393	100.00000308470963
207734	100.00000308470963
208070	100.00000308470963
208415	100.00000308470963
209949	100.00000308470963
210300	100.00000308470963
210644	100.00000308470963
210997	100.00000308470963
211344	100.00000308470963
211687	100.00000308470963
212033	100.00000308470963
212371	100.00000308470963
212713	100.00000308470963
213055	100.00000308470963
213405	100.00000308470963
213750	100.00000308470963
214095	100.00000308470963
214439	100.00000308470963
214782	100.00000308470963
215115	100.00000308470963
215453	100.00000308470963
215795	100.00000308470963
216144	100.00000308470963
216491	100.00000308470963
219768	100.00000308470963
220118	100.00000308470963
220464	100.00000308470963
220805	100.00000308470963
221150	100.00000308470963
221491	100.00000308470963
221836	100.00000308470963
222177	100.00000308470963
222521	100.00000308470963
222868	100.00000308470963
223210	100.00000308470963
223557	100.00000308470963
223896	100.00000308470963
224228	100.00000308470963
224565	100.00000308470963
224905	100.00000308470963
225248	100.00000308470963
225595	100.00000308470963
225943	100.00000308470963
226291	100.00000308470963
229748	100.00000308470963
230097	100.00000308470963
230435	100.00000308470963
230774	100.00000308470963
231118	100.00000308470963
231459	100.00000308470963
231798	100.00000308470963
232134	100.00000308470963
232474	100.00000308470963
232808	100.00000308470963
233144	100.00000308470963
233483	100.00000308470963
233820	100.00000308470963
234153	100.00000308470963
234481	100.00000308470963
234808	100.00000308470963
235140	100.00000308470963
235466	100.00000308470963
235805	100.00000308470963
236140	100.00000308470963
237812	100.00000308470963
238142	100.00000308470963
238481	100.00000308470963
238820	100.00000308470963
239167	100.00000308470963
239512	100.00000308470963
239858	100.00000308470963
240200	100.00000308470963
240556	100.00000308470963
240911	100.00000308470963
243912	100.00000308470963
244254	100.00000308470963
244598	100.00000308470963
244935	100.00000308470963
245271	100.00000308470963
245613	100.00000308470963
245953	100.00000308470963
246291	100.00000308470963
246634	100.00000308470963
246970	100.00000308470963
247313	100.00000308470963
247658	100.00000308470963
248002	100.00000308470963
248349	100.00000308470963
248695	100.00000308470963
249038	100.00000308470963
249378	100.00000308470963
249715	100.00000308470963
250055	100.00000308470963
250397	100.00000308470963
253638	100.00000308470963
253975	100.00000308470963
254315	100.00000308470963
254651	100.00000308470963
254986	100.00000308470963
255325	100.00000308470963
255663	100.00000308470963
256005	100.00000308470963
256347	100.00000308470963
256682	100.00000308470963
257019	100.00000308470963
257365	100.00000308470963
257710	100.00000308470963
258060	100.00000308470963
258409	100.00000308470963
258755	100.00000308470963
259098	100.00000308470963
259443	100.00000308470963
259784	100.00000308470963
260123	100.00000308470963
263585	100.00000308470963
263929	100.00000308470963
264270	100.00000308470963
264603	100.00000308470963
264941	100.00000308470963
265271	100.00000308470963
265604	100.00000308470963
265942	100.00000308470963
266272	100.00000308470963
266607	100.00000308470963
266942	100.00000308470963
267278	100.00000308470963
267618	100.00000308470963
267956	100.00000308470963
268294	100.00000308470963
268635	100.00000308470963
268983	100.00000308470963
269330	100.00000308470963
269679	100.00000308470963
270031	100.00000308470963
273206	100.00000308470963
273544	100.00000308470963
273884	100.00000308470963
274222	100.00000308470963
274563	100.00000308470963
274899	100.00000308470963
275234	100.00000308470963
275570	100.00000308470963
275916	100.00000308470963
276259	100.00000308470963
276597	100.00000308470963
276938	100.00000308470963
277269	100.00000308470963
277607	100.00000308470963
277949	100.00000308470963
278292	100.00000308470963
278642	100.00000308470963
278987	100.00000308470963
279331	100.00000308470963
279677	100.00000308470963
282921	100.00000308470963
283262	100.00000308470963
283601	100.00000308470963
283939	100.00000308470963
284278	100.00000308470963
284619	100.00000308470963
284966	100.00000308470963
285309	100.00000308470963
285648	100.00000308470963
285991	100.00000308470963
288707	100.00000308470963
289043	100.00000308470963
289382	100.00000308470963
289718	100.00000308470963
290058	100.00000308470963
290394	100.00000308470963
290727	100.00000308470963
291061	100.00000308470963
291401	100.00000308470963
291753	100.00000308470963
292098	100.00000308470963
292453	100.00000308470963
292801	100.00000308470963
293149	100.00000308470963
293485	100.00000308470963
293819	100.00000308470963
294159	100.00000308470963
294495	100.00000308470963
294835	100.00000308470963
295180	100.00000308470963
297284	100.00000308470963
297627	100.00000308470963
297965	100.00000308470963
298302	100.00000308470963
298637	100.00000308470963
298969	100.00000308470963
299304	100.00000308470963
299636	100.00000308470963
299974	100.00000308470963
300320	100.00000308470963
