300	84282279912.09967
645	66315390728.23598
977	45270663336.071335
1305	33069590327.017426
1635	26281752084.863403
1961	23613228371.989124
2289	17437442683.246246
2616	13825308569.904984
2950	11992388533.222078
3278	8458116534.676551
3617	6288481191.380022
3959	4788358890.724191
4295	4747875163.11334
4641	3540510528.3683066
4973	3220452994.629208
5307	2522310646.1621547
5650	2231849996.3350387
5977	1514181711.7679155
6313	1467830054.7291393
6644	1214455986.3117113
6990	879362167.9657748
7321	774705669.854741
7656	683648711.3425735
7998	545025963.3348935
8330	445196586.71608955
8663	414880594.30091554
8996	341302240.73967063
9338	309288275.77783906
9673	256368253.9921875
10003	231316517.53865603
10351	205231377.94433683
10694	187684543.80532658
11039	143347880.729482
11382	125309303.51847102
11715	106880496.68144153
12055	87941208.24049579
12391	77505110.69282852
12734	66575743.73605749
13075	49615215.2726093
13414	43536578.94321398
13757	30042065.341701467
17984	100.0000039537517
20852	100.00000380670312
21192	100.00000380670312
21532	100.00000380670312
21866	100.00000380670312
22196	100.00000380670312
22536	100.00000380670312
22871	100.00000380670312
23204	100.00000380670312
23538	100.00000380670312
23873	100.00000380670312
24209	100.00000380670312
24541	100.00000380670312
24876	100.00000380670312
25210	100.00000380670312
25548	100.00000380670312
25894	100.00000380670312
26241	100.00000380670312
26583	100.00000380670312
26925	100.00000380670312
29927	100.00000380670312
30269	100.00000380670312
30605	100.00000380670312
30939	100.00000380670312
31283	100.00000380670312
31621	100.00000380670312
31957	100.00000380670312
32295	100.00000380670312
32627	100.00000380670312
32965	100.00000380670312
33302	100.00000380670312
33634	100.00000380670312
33972	100.00000380670312
34311	100.00000380670312
34650	100.00000380670312
34991	100.00000380670312
35333	100.00000380670312
35673	100.00000380670312
36009	100.00000380670312
36351	100.00000380670312
38255	100.00000380670312
38596	100.00000380670312
38933	100.00000380670312
39270	100.00000380670312
39612	100.00000380670312
39950	100.00000380670312
40288	100.00000380670312
40629	100.00000380670312
40970	100.00000380670312
41311	100.00000380670312
41649	100.00000380670312
41992	100.00000380670312
42331	100.00000380670312
42672	100.00000380670312
43004	100.00000380670312
43346	100.00000380670312
43676	100.00000380670312
44022	100.00000380670312
44364	100.00000380670312
44709	100.00000380670312
46859	100.00000380670312
47205	100.00000380670312
47545	100.00000380670312
47888	100.00000380670312
48230	100.00000380670312
48577	100.00000380670312
48927	100.00000380670312
49270	100.00000380670312
49612	100.00000380670312
49950	100.00000380670312
50289	100.00000380670312
50633	100.00000380670312
50969	100.00000380670312
51317	100.00000380670312
51654	100.00000380670312
51995	100.00000380670312
52335	100.00000380670312
52676	100.00000380670312
53011	100.00000380670312
53365	100.00000380670312
55423	100.00000380670312
55771	100.00000380670312
56117	100.00000380670312
56456	100.00000380670312
56804	100.00000380670312
57143	100.00000380670312
57490	100.00000380670312
57834	100.00000380670312
58170	100.00000380670312
58505	100.00000380670312
58839	100.00000380670312
59176	100.00000380670312
59511	100.00000380670312
59849	100.00000380670312
60182	100.00000380670312
60525	100.00000380670312
60861	100.00000380670312
61198	100.00000380670312
61527	100.00000380670312
61855	100.00000380670312
63764	100.00000370231275
66113	100.0000036836599
66442	100.0000036836599
66773	100.0000036836599
67101	100.0000036836599
67431	100.0000036836599
67767	100.0000036836599
68095	100.0000036836599
68424	100.0000036836599
68757	100.0000036836599
69095	100.0000036836599
69430	100.0000036836599
69768	100.0000036836599
70113	100.0000036836599
70449	100.0000036836599
70787	100.0000036836599
71132	100.0000036836599
71465	100.0000036836599
71807	100.0000036836599
72143	100.0000036836599
74689	100.0000036836599
75024	100.0000036836599
75357	100.0000036836599
75686	100.0000036836599
76018	100.0000036836599
76353	100.0000036836599
76684	100.0000036836599
77021	100.0000036836599
77353	100.0000036836599
77686	100.0000036836599
78014	100.0000036836599
78350	100.0000036836599
78683	100.0000036836599
79012	100.0000036836599
79342	100.0000036836599
79671	100.0000036836599
80002	100.0000036836599
80335	100.0000036836599
80668	100.0000036836599
81001	100.0000036836599
82901	100.0000036836599
83239	100.0000036836599
83571	100.0000036836599
83907	100.0000036836599
84246	100.0000036836599
84573	100.0000036836599
84907	100.0000036836599
85242	100.0000036836599
85575	100.0000036836599
85907	100.0000036836599
86243	100.0000036836599
86578	100.0000036836599
86910	100.0000036836599
87242	100.0000036836599
87577	100.0000036836599
87918	100.0000036836599
88251	100.0000036836599
88583	100.0000036836599
88912	100.0000036836599
89244	100.0000036836599
91704	100.0000036836599
92037	100.0000036836599
92371	100.0000036836599
92712	100.0000036836599
93048	100.0000036836599
93381	100.0000036836599
93714	100.0000036836599
94050	100.0000036836599
94388	100.0000036836599
94724	100.0000036836599
95051	100.0000036836599
95384	100.0000036836599
95722	100.0000036836599
96060	100.0000036836599
96397	100.0000036836599
96737	100.0000036836599
97074	100.0000036836599
97407	100.0000036836599
97737	100.0000036836599
98069	100.0000036836599
100418	100.0000036836599
100752	100.0000036836599
101083	100.0000036836599
101414	100.0000036836599
101749	100.0000036836599
102079	100.0000036836599
102411	100.0000036836599
102755	100.0000036836599
103098	100.0000036836599
103439	100.0000036836599
103772	100.0000036836599
104111	100.0000036836599
104441	100.0000036836599
104771	100.0000036836599
105101	100.0000036836599
105434	100.0000036836599
105772	100.0000036836599
106097	100.0000036836599
106438	100.0000036836599
106777	100.0000036836599
108176	100.0000035334173
110941	100.00000277867673
111281	100.00000277867673
111613	100.00000277867673
111943	100.00000277867673
112275	100.00000277867673
112608	100.00000277867673
112945	100.00000277867673
113278	100.00000277867673
113613	100.00000277867673
113948	100.00000277867673
114286	100.00000277867673
114625	100.00000277867673
114956	100.00000277867673
115289	100.00000277867673
115622	100.00000277867673
115957	100.00000277867673
116295	100.00000277867673
116628	100.00000277867673
116965	100.00000277867673
119441	100.00000277867673
119780	100.00000277867673
120116	100.00000277867673
120457	100.00000277867673
120797	100.00000277867673
121131	100.00000277867673
121466	100.00000277867673
121803	100.00000277867673
122136	100.00000277867673
122477	100.00000277867673
122819	100.00000277867673
123153	100.00000277867673
123490	100.00000277867673
123821	100.00000277867673
124159	100.00000277867673
124499	100.00000277867673
124835	100.00000277867673
125171	100.00000277867673
125519	100.00000277867673
125866	100.00000277867673
129348	100.00000277867673
129693	100.00000277867673
130036	100.00000277867673
130385	100.00000277867673
130727	100.00000277867673
131073	100.00000277867673
131415	100.00000277867673
131759	100.00000277867673
132095	100.00000277867673
132436	100.00000277867673
132780	100.00000277867673
133119	100.00000277867673
133461	100.00000277867673
133796	100.00000277867673
134135	100.00000277867673
134472	100.00000277867673
134817	100.00000277867673
135158	100.00000277867673
135509	100.00000277867673
135860	100.00000277867673
139936	100.00000277867673
140269	100.00000277867673
140606	100.00000277867673
140944	100.00000277867673
141282	100.00000277867673
141624	100.00000277867673
141961	100.00000277867673
142301	100.00000277867673
142640	100.00000277867673
142981	100.00000277867673
143321	100.00000277867673
143661	100.00000277867673
144006	100.00000277867673
144350	100.00000277867673
144682	100.00000277867673
145018	100.00000277867673
145361	100.00000277867673
145701	100.00000277867673
146043	100.00000277867673
146378	100.00000277867673
149777	100.00000277867673
150119	100.00000277867673
150460	100.00000277867673
150808	100.00000277867673
151156	100.00000277867673
151504	100.00000277867673
151847	100.00000277867673
152195	100.00000277867673
152539	100.00000277867673
152878	100.00000277867673
153220	100.00000277867673
153567	100.00000277867673
153907	100.00000277867673
154247	100.00000277867673
154586	100.00000277867673
154920	100.00000277867673
155258	100.00000277867673
155603	100.00000277867673
155950	100.00000277867673
156298	100.00000277867673
159576	100.00000277867673
159917	100.00000277867673
160262	100.00000277867673
160610	100.00000277867673
160952	100.00000277867673
161297	100.00000277867673
161631	100.00000277867673
161976	100.00000277867673
162321	100.00000277867673
162665	100.00000277867673
165419	100.00000277867673
165762	100.00000277867673
166110	100.00000277867673
166451	100.00000277867673
166795	100.00000277867673
167134	100.00000277867673
167475	100.00000277867673
167824	100.00000277867673
168176	100.00000277867673
168524	100.00000277867673
168860	100.00000277867673
169199	100.00000277867673
169544	100.00000277867673
169887	100.00000277867673
170227	100.00000277867673
170566	100.00000277867673
170909	100.00000277867673
171244	100.00000277867673
171583	100.00000277867673
171921	100.00000277867673
174669	100.00000277867673
175008	100.00000277867673
175342	100.00000277867673
175676	100.00000277867673
176016	100.00000277867673
176353	100.00000277867673
176694	100.00000277867673
177033	100.00000277867673
177384	100.00000277867673
177729	100.00000277867673
178080	100.00000277867673
178432	100.00000277867673
178775	100.00000277867673
179123	100.00000277867673
179464	100.00000277867673
179804	100.00000277867673
180145	100.00000277867673
180485	100.00000277867673
180822	100.00000277867673
181164	100.00000277867673
184625	100.00000277867673
184960	100.00000277867673
185291	100.00000277867673
185632	100.00000277867673
185965	100.00000277867673
186300	100.00000277867673
186636	100.00000277867673
186966	100.00000277867673
187294	100.00000277867673
187628	100.00000277867673
187962	100.00000277867673
188298	100.00000277867673
188651	100.00000277867673
189001	100.00000277867673
189350	100.00000277867673
189699	100.00000277867673
190036	100.00000277867673
190375	100.00000277867673
190718	100.00000277867673
191059	100.00000277867673
194269	100.00000277867673
194611	100.00000277867673
194958	100.00000277867673
195295	100.00000277867673
195641	100.00000277867673
195979	100.00000277867673
196314	100.00000277867673
196655	100.00000277867673
196992	100.00000277867673
197334	100.00000277867673
197677	100.00000277867673
198020	100.00000277867673
198365	100.00000277867673
198702	100.00000277867673
199051	100.00000277867673
199397	100.00000277867673
199743	100.00000277867673
200088	100.00000277867673
200430	100.00000277867673
200770	100.00000277867673
203677	100.00000277867673
204020	100.00000277867673
204360	100.00000277867673
204699	100.00000277867673
205034	100.00000277867673
205368	100.00000277867673
205710	100.00000277867673
206050	100.00000277867673
206386	100.00000277867673
206733	100.00000277867673
208454	100.00000277867673
208804	100.00000277867673
209154	100.00000277867673
209499	100.00000277867673
209841	100.00000277867673
210178	100.00000277867673
210514	100.00000277867673
210861	100.00000277867673
211198	100.00000277867673
211545	100.00000277867673
211881	100.00000277867673
212220	100.00000277867673
212564	100.00000277867673
212903	100.00000277867673
213245	100.00000277867673
213589	100.00000277867673
213923	100.00000277867673
214263	100.00000277867673
214603	100.00000277867673
214940	100.00000277867673
216811	100.00000277867673
217160	100.00000277867673
217515	100.00000277867673
217861	100.00000277867673
218207	100.00000277867673
218557	100.00000277867673
218901	100.00000277867673
219239	100.00000277867673
219577	100.00000277867673
219919	100.00000277867673
220259	100.00000277867673
220602	100.00000277867673
220950	100.00000277867673
221291	100.00000277867673
221630	100.00000277867673
221971	100.00000277867673
222316	100.00000277867673
222664	100.00000277867673
223002	100.00000277867673
223342	100.00000277867673
225053	100.00000277867673
225394	100.00000277867673
225740	100.00000277867673
226089	100.00000277867673
226433	100.00000277867673
226768	100.00000277867673
227113	100.00000277867673
227455	100.00000277867673
227800	100.00000277867673
228139	100.00000277867673
228482	100.00000277867673
228822	100.00000277867673
229166	100.00000277867673
229502	100.00000277867673
229839	100.00000277867673
230170	100.00000277867673
230505	100.00000277867673
230839	100.00000277867673
231175	100.00000277867673
231510	100.00000277867673
234020	100.00000277867673
234361	100.00000277867673
234706	100.00000277867673
235052	100.00000277867673
235397	100.00000277867673
235740	100.00000277867673
236087	100.00000277867673
236434	100.00000277867673
236771	100.00000277867673
237107	100.00000277867673
237446	100.00000277867673
237785	100.00000277867673
238123	100.00000277867673
238463	100.00000277867673
238800	100.00000277867673
239137	100.00000277867673
239472	100.00000277867673
239806	100.00000277867673
240140	100.00000277867673
240479	100.00000277867673
242364	100.00000277867673
242704	100.00000277867673
243037	100.00000277867673
243386	100.00000277867673
243736	100.00000277867673
244091	100.00000277867673
244436	100.00000277867673
244775	100.00000277867673
245128	100.00000277867673
245474	100.00000277867673
248505	100.00000277867673
248841	100.00000277867673
249186	100.00000277867673
249524	100.00000277867673
249853	100.00000277867673
250187	100.00000277867673
250525	100.00000277867673
250860	100.00000277867673
251190	100.00000277867673
251523	100.00000277867673
251856	100.00000277867673
252192	100.00000277867673
252525	100.00000277867673
252860	100.00000277867673
253199	100.00000277867673
253533	100.00000277867673
253873	100.00000277867673
254214	100.00000277867673
254557	100.00000277867673
254909	100.00000277867673
258677	100.00000277867673
259018	100.00000277867673
259361	100.00000277867673
259698	100.00000277867673
260036	100.00000277867673
260373	100.00000277867673
260712	100.00000277867673
261055	100.00000277867673
261398	100.00000277867673
261747	100.00000277867673
262087	100.00000277867673
262425	100.00000277867673
262762	100.00000277867673
263103	100.00000277867673
263437	100.00000277867673
263775	100.00000277867673
264116	100.00000277867673
264451	100.00000277867673
264789	100.00000277867673
265131	100.00000277867673
268590	100.00000277867673
268932	100.00000277867673
269274	100.00000277867673
269619	100.00000277867673
269960	100.00000277867673
270308	100.00000277867673
270653	100.00000277867673
270993	100.00000277867673
271338	100.00000277867673
271676	100.00000277867673
272015	100.00000277867673
272351	100.00000277867673
272689	100.00000277867673
273028	100.00000277867673
273365	100.00000277867673
273700	100.00000277867673
274032	100.00000277867673
274368	100.00000277867673
274697	100.00000277867673
275031	100.00000277867673
276762	100.00000277867673
277092	100.00000277867673
277421	100.00000277867673
277763	100.00000277867673
278104	100.00000277867673
278442	100.00000277867673
278780	100.00000277867673
279120	100.00000277867673
279463	100.00000277867673
279805	100.00000277867673
280147	100.00000277867673
280481	100.00000277867673
280826	100.00000277867673
281162	100.00000277867673
281498	100.00000277867673
281846	100.00000277867673
282182	100.00000277867673
282526	100.00000277867673
282872	100.00000277867673
283214	100.00000277867673
286401	100.00000277867673
286741	100.00000277867673
287083	100.00000277867673
287428	100.00000277867673
287771	100.00000277867673
288113	100.00000277867673
288454	100.00000277867673
288803	100.00000277867673
289145	100.00000277867673
289486	100.00000277867673
292177	100.00000277867673
292514	100.00000277867673
292852	100.00000277867673
293190	100.00000277867673
293526	100.00000277867673
293862	100.00000277867673
294203	100.00000277867673
294541	100.00000277867673
294876	100.00000277867673
295213	100.00000277867673
295561	100.00000277867673
295904	100.00000277867673
296252	100.00000277867673
296593	100.00000277867673
296934	100.00000277867673
297279	100.00000277867673
297614	100.00000277867673
297960	100.00000277867673
298298	100.00000277867673
298631	100.00000277867673
301563	100.00000277867673
