300	107754830350.47392
623	106500374022.28581
944	88506176346.33408
1265	62156662633.624344
1586	56794258966.66993
1905	48432908764.7843
2223	38265961997.17646
2541	31794707224.468365
2859	21361187499.12711
3176	21361187499.12711
3493	14051314152.528643
3813	14051314152.528643
4132	11378333086.375292
4449	11378333086.375292
4767	6437395559.899121
5086	6437395559.899121
5404	6437395559.899121
5721	4539026158.829334
6038	4043775196.5255704
6356	4043775196.5255704
6676	3415217638.112298
6992	2862261461.601403
7311	2020400428.3032558
7628	1955196739.9390159
7945	1955196739.9390159
8265	1352730835.7471225
8582	1133632162.2274888
8900	1014120002.3186318
9217	857990288.6367375
9534	845466657.6945143
9852	633072332.225086
10170	593950546.1162759
10488	412065459.6281504
10808	412065459.6281504
11124	399398867.11179274
11444	333141194.60320526
11763	264638072.77145427
12084	244485776.52372018
12400	187842444.7132276
12717	187842444.7132276
13033	152800637.50402758
17821	100.00000394029753
20978	100.0000039396034
21300	100.0000039396034
21617	100.0000039396034
21935	100.0000039396034
22254	100.0000039396034
22572	100.0000039396034
22889	100.0000039396034
23206	100.0000039396034
23522	100.0000039396034
23842	100.0000039396034
24159	100.0000039396034
24476	100.0000039396034
24795	100.0000039396034
25113	100.0000039396034
25432	100.0000039396034
25750	100.0000039396034
26068	100.0000039396034
26388	100.0000039396034
26705	100.0000039396034
28200	100.00000390636697
31180	100.00000390448052
31500	100.00000390448052
31816	100.00000390448052
32133	100.00000390448052
32449	100.00000390448052
32769	100.00000390448052
33084	100.00000390448052
33399	100.00000390448052
33715	100.00000390448052
34030	100.00000390448052
34343	100.00000390448052
34662	100.00000390448052
34979	100.00000390448052
35298	100.00000390448052
35615	100.00000390448052
35928	100.00000390448052
36246	100.00000390448052
36565	100.00000390448052
36881	100.00000390448052
39549	100.00000390448052
39860	100.00000390448052
40178	100.00000390448052
40496	100.00000390448052
40812	100.00000390448052
41128	100.00000390448052
41445	100.00000390448052
41761	100.00000390448052
42080	100.00000390448052
42396	100.00000390448052
42709	100.00000390448052
43024	100.00000390448052
43340	100.00000390448052
43655	100.00000390448052
43967	100.00000390448052
44279	100.00000390448052
44591	100.00000390448052
44904	100.00000390448052
45219	100.00000390448052
45536	100.00000390448052
48050	100.00000390448052
48365	100.00000390448052
48679	100.00000390448052
48993	100.00000390448052
49308	100.00000390448052
49620	100.00000390448052
49936	100.00000390448052
50251	100.00000390448052
50563	100.00000390448052
50880	100.00000390448052
51194	100.00000390448052
51505	100.00000390448052
51818	100.00000390448052
52133	100.00000390448052
52448	100.00000390448052
52764	100.00000390448052
53075	100.00000390448052
53389	100.00000390448052
53707	100.00000390448052
54020	100.00000390448052
55514	100.00000368534943
58410	100.00000353347527
58730	100.00000353347527
59047	100.00000353347527
59364	100.00000353347527
59680	100.00000353347527
59995	100.00000353347527
60309	100.00000353347527
60625	100.00000353347527
60942	100.00000353347527
61256	100.00000353347527
61566	100.00000353347527
61882	100.00000353347527
62196	100.00000353347527
62511	100.00000353347527
62826	100.00000353347527
63144	100.00000353347527
63461	100.00000353347527
63779	100.00000353347527
64096	100.00000353347527
67007	100.00000353347527
67324	100.00000353347527
67642	100.00000353347527
67960	100.00000353347527
68279	100.00000353347527
68594	100.00000353347527
68910	100.00000353347527
69228	100.00000353347527
69544	100.00000353347527
69859	100.00000353347527
70176	100.00000353347527
70494	100.00000353347527
70811	100.00000353347527
71128	100.00000353347527
71446	100.00000353347527
71763	100.00000353347527
72082	100.00000353347527
72400	100.00000353347527
72718	100.00000353347527
73034	100.00000353347527
76633	100.00000353347527
76951	100.00000353347527
77269	100.00000353347527
77591	100.00000353347527
77909	100.00000353347527
78227	100.00000353347527
78549	100.00000353347527
78869	100.00000353347527
79188	100.00000353347527
79505	100.00000353347527
79824	100.00000353347527
80144	100.00000353347527
80464	100.00000353347527
80783	100.00000353347527
81104	100.00000353347527
81422	100.00000353347527
81742	100.00000353347527
82060	100.00000353347527
82379	100.00000353347527
82699	100.00000353347527
85484	100.00000353347527
85801	100.00000353347527
86120	100.00000353347527
86439	100.00000353347527
86758	100.00000353347527
87075	100.00000353347527
87391	100.00000353347527
87710	100.00000353347527
88028	100.00000353347527
88346	100.00000353347527
88663	100.00000353347527
88981	100.00000353347527
89296	100.00000353347527
89614	100.00000353347527
89934	100.00000353347527
90249	100.00000353347527
90566	100.00000353347527
90884	100.00000353347527
91201	100.00000353347527
91517	100.00000353347527
94492	100.00000353347527
94808	100.00000353347527
95124	100.00000353347527
95440	100.00000353347527
95756	100.00000353347527
96074	100.00000353347527
96393	100.00000353347527
96711	100.00000353347527
97031	100.00000353347527
97349	100.00000353347527
97667	100.00000353347527
97984	100.00000353347527
98300	100.00000353347527
98617	100.00000353347527
98934	100.00000353347527
99252	100.00000353347527
99569	100.00000353347527
99885	100.00000353347527
100201	100.00000353347527
100518	100.00000353347527
103137	100.00000353347527
103457	100.00000353347527
103777	100.00000353347527
104096	100.00000353347527
104412	100.00000353347527
104732	100.00000353347527
105051	100.00000353347527
105368	100.00000353347527
105687	100.00000353347527
106004	100.00000353347527
108313	100.00000353347527
108634	100.00000353347527
108952	100.00000353347527
109271	100.00000353347527
109589	100.00000353347527
109907	100.00000353347527
110227	100.00000353347527
110543	100.00000353347527
110863	100.00000353347527
111178	100.00000353347527
111495	100.00000353347527
111811	100.00000353347527
112129	100.00000353347527
112448	100.00000353347527
112763	100.00000353347527
113080	100.00000353347527
113400	100.00000353347527
113719	100.00000353347527
114041	100.00000353347527
114363	100.00000353347527
116954	100.00000353347527
117274	100.00000353347527
117596	100.00000353347527
117915	100.00000353347527
118232	100.00000353347527
118550	100.00000353347527
118870	100.00000353347527
119187	100.00000353347527
119504	100.00000353347527
119821	100.00000353347527
120140	100.00000353347527
120458	100.00000353347527
120778	100.00000353347527
121097	100.00000353347527
121414	100.00000353347527
121733	100.00000353347527
122052	100.00000353347527
122371	100.00000353347527
122688	100.00000353347527
123007	100.00000353347527
125677	100.00000353347527
125996	100.00000353347527
126315	100.00000353347527
126633	100.00000353347527
126950	100.00000353347527
127267	100.00000353347527
127583	100.00000353347527
127901	100.00000353347527
128222	100.00000353347527
128542	100.00000353347527
128860	100.00000353347527
129177	100.00000353347527
129494	100.00000353347527
129812	100.00000353347527
130130	100.00000353347527
130447	100.00000353347527
130769	100.00000353347527
131090	100.00000353347527
131411	100.00000353347527
131730	100.00000353347527
134534	100.00000353347527
134852	100.00000353347527
135172	100.00000353347527
135490	100.00000353347527
135810	100.00000353347527
136127	100.00000353347527
136446	100.00000353347527
136765	100.00000353347527
137083	100.00000353347527
137401	100.00000353347527
137719	100.00000353347527
138037	100.00000353347527
138356	100.00000353347527
138674	100.00000353347527
138992	100.00000353347527
139309	100.00000353347527
139627	100.00000353347527
139947	100.00000353347527
140269	100.00000353347527
140589	100.00000353347527
143294	100.00000353347527
143614	100.00000353347527
143936	100.00000353347527
144255	100.00000353347527
144574	100.00000353347527
144894	100.00000353347527
145214	100.00000353347527
145533	100.00000353347527
145852	100.00000353347527
146171	100.00000353347527
148663	100.00000353347527
148980	100.00000353347527
149299	100.00000353347527
149620	100.00000353347527
149940	100.00000353347527
150259	100.00000353347527
150577	100.00000353347527
150897	100.00000353347527
151219	100.00000353347527
151537	100.00000353347527
151855	100.00000353347527
152172	100.00000353347527
152489	100.00000353347527
152808	100.00000353347527
153126	100.00000353347527
153447	100.00000353347527
153765	100.00000353347527
154085	100.00000353347527
154407	100.00000353347527
154727	100.00000353347527
156886	100.00000353347527
157206	100.00000353347527
157526	100.00000353347527
157845	100.00000353347527
158163	100.00000353347527
158481	100.00000353347527
158803	100.00000353347527
159124	100.00000353347527
159444	100.00000353347527
159763	100.00000353347527
160083	100.00000353347527
160403	100.00000353347527
160723	100.00000353347527
161041	100.00000353347527
161362	100.00000353347527
161680	100.00000353347527
161999	100.00000353347527
162319	100.00000353347527
162638	100.00000353347527
162956	100.00000353347527
165597	100.00000353347527
165917	100.00000353347527
166237	100.00000353347527
166557	100.00000353347527
166877	100.00000353347527
167195	100.00000353347527
167515	100.00000353347527
167836	100.00000353347527
168156	100.00000353347527
168476	100.00000353347527
168798	100.00000353347527
169116	100.00000353347527
169435	100.00000353347527
169756	100.00000353347527
170075	100.00000353347527
170394	100.00000353347527
170713	100.00000353347527
171033	100.00000353347527
171355	100.00000353347527
171677	100.00000353347527
173956	100.00000353347527
174277	100.00000353347527
174597	100.00000353347527
174921	100.00000353347527
175240	100.00000353347527
175561	100.00000353347527
175881	100.00000353347527
176204	100.00000353347527
176525	100.00000353347527
176843	100.00000353347527
177163	100.00000353347527
177483	100.00000353347527
177803	100.00000353347527
178121	100.00000353347527
178443	100.00000353347527
178762	100.00000353347527
179082	100.00000353347527
179400	100.00000353347527
179719	100.00000353347527
180039	100.00000353347527
183015	100.00000353347527
183335	100.00000353347527
183654	100.00000353347527
183974	100.00000353347527
184294	100.00000353347527
184616	100.00000353347527
184935	100.00000353347527
185254	100.00000353347527
185572	100.00000353347527
185889	100.00000353347527
188440	100.00000353347527
188760	100.00000353347527
189080	100.00000353347527
189398	100.00000353347527
189718	100.00000353347527
190037	100.00000353347527
190357	100.00000353347527
190677	100.00000353347527
190994	100.00000353347527
191315	100.00000353347527
191633	100.00000353347527
191952	100.00000353347527
192272	100.00000353347527
192595	100.00000353347527
192916	100.00000353347527
193239	100.00000353347527
193558	100.00000353347527
193878	100.00000353347527
194200	100.00000353347527
194517	100.00000353347527
197230	100.00000353347527
197549	100.00000353347527
197868	100.00000353347527
198189	100.00000353347527
198507	100.00000353347527
198824	100.00000353347527
199145	100.00000353347527
199468	100.00000353347527
199788	100.00000353347527
200107	100.00000353347527
200426	100.00000353347527
200747	100.00000353347527
201066	100.00000353347527
201386	100.00000353347527
201705	100.00000353347527
202023	100.00000353347527
202342	100.00000353347527
202660	100.00000353347527
202980	100.00000353347527
203301	100.00000353347527
206066	100.00000353347527
206386	100.00000353347527
206706	100.00000353347527
207026	100.00000353347527
207347	100.00000353347527
207668	100.00000353347527
207987	100.00000353347527
208306	100.00000353347527
208625	100.00000353347527
208945	100.00000353347527
209266	100.00000353347527
209584	100.00000353347527
209903	100.00000353347527
210221	100.00000353347527
210539	100.00000353347527
210861	100.00000353347527
211181	100.00000353347527
211502	100.00000353347527
211824	100.00000353347527
212146	100.00000353347527
214425	100.00000353347527
214743	100.00000353347527
215060	100.00000353347527
215379	100.00000353347527
215701	100.00000353347527
216021	100.00000353347527
216341	100.00000353347527
216661	100.00000353347527
216981	100.00000353347527
217301	100.00000353347527
217621	100.00000353347527
217941	100.00000353347527
218260	100.00000353347527
218578	100.00000353347527
218898	100.00000353347527
219219	100.00000353347527
219539	100.00000353347527
219859	100.00000353347527
220179	100.00000353347527
220498	100.00000353347527
223504	100.00000353347527
223824	100.00000353347527
224146	100.00000353347527
224465	100.00000353347527
224786	100.00000353347527
225106	100.00000353347527
225425	100.00000353347527
225744	100.00000353347527
226066	100.00000353347527
226383	100.00000353347527
229084	100.00000353347527
229403	100.00000353347527
229725	100.00000353347527
230046	100.00000353347527
230366	100.00000353347527
230687	100.00000353347527
231008	100.00000353347527
231326	100.00000353347527
231647	100.00000353347527
231966	100.00000353347527
232283	100.00000353347527
232602	100.00000353347527
232922	100.00000353347527
233242	100.00000353347527
233560	100.00000353347527
233881	100.00000353347527
234200	100.00000353347527
234521	100.00000353347527
234840	100.00000353347527
235158	100.00000353347527
238236	100.00000353347527
238558	100.00000353347527
238876	100.00000353347527
239193	100.00000353347527
239511	100.00000353347527
239833	100.00000353347527
240153	100.00000353347527
240475	100.00000353347527
240796	100.00000353347527
241123	100.00000353347527
241441	100.00000353347527
241759	100.00000353347527
242077	100.00000353347527
242395	100.00000353347527
242714	100.00000353347527
243032	100.00000353347527
243351	100.00000353347527
243669	100.00000353347527
243987	100.00000353347527
244308	100.00000353347527
246650	100.00000353347527
246969	100.00000353347527
247288	100.00000353347527
247607	100.00000353347527
247925	100.00000353347527
248243	100.00000353347527
248560	100.00000353347527
248879	100.00000353347527
249198	100.00000353347527
249517	100.00000353347527
249836	100.00000353347527
250155	100.00000353347527
250474	100.00000353347527
250795	100.00000353347527
251114	100.00000353347527
251435	100.00000353347527
251756	100.00000353347527
252075	100.00000353347527
252395	100.00000353347527
252714	100.00000353347527
255204	100.00000353347527
255523	100.00000353347527
255843	100.00000353347527
256164	100.00000353347527
256483	100.00000353347527
256800	100.00000353347527
257118	100.00000353347527
257438	100.00000353347527
257756	100.00000353347527
258074	100.00000353347527
258394	100.00000353347527
258711	100.00000353347527
259030	100.00000353347527
259351	100.00000353347527
259672	100.00000353347527
259989	100.00000353347527
260309	100.00000353347527
260626	100.00000353347527
260948	100.00000353347527
261268	100.00000353347527
263607	100.00000353347527
263926	100.00000353347527
264246	100.00000353347527
264566	100.00000353347527
264888	100.00000353347527
265206	100.00000353347527
265525	100.00000353347527
265843	100.00000353347527
266162	100.00000353347527
266480	100.00000353347527
268760	100.00000353347527
269077	100.00000353347527
269395	100.00000353347527
269712	100.00000353347527
270030	100.00000353347527
270348	100.00000353347527
270666	100.00000353347527
270984	100.00000353347527
271304	100.00000353347527
271624	100.00000353347527
271943	100.00000353347527
272261	100.00000353347527
272581	100.00000353347527
272899	100.00000353347527
273220	100.00000353347527
273539	100.00000353347527
273857	100.00000353347527
274176	100.00000353347527
274494	100.00000353347527
274816	100.00000353347527
277154	100.00000353347527
277473	100.00000353347527
277790	100.00000353347527
278111	100.00000353347527
278430	100.00000353347527
278747	100.00000353347527
279069	100.00000353347527
279387	100.00000353347527
279705	100.00000353347527
280024	100.00000353347527
280345	100.00000353347527
280663	100.00000353347527
280982	100.00000353347527
281300	100.00000353347527
281618	100.00000353347527
281937	100.00000353347527
282255	100.00000353347527
282573	100.00000353347527
282891	100.00000353347527
283208	100.00000353347527
285486	100.00000353347527
285805	100.00000353347527
286125	100.00000353347527
286444	100.00000353347527
286763	100.00000353347527
287084	100.00000353347527
287403	100.00000353347527
287722	100.00000353347527
288040	100.00000353347527
288358	100.00000353347527
288675	100.00000353347527
288995	100.00000353347527
289315	100.00000353347527
289633	100.00000353347527
289953	100.00000353347527
290272	100.00000353347527
290588	100.00000353347527
290905	100.00000353347527
291224	100.00000353347527
291547	100.00000353347527
293826	100.00000353347527
294147	100.00000353347527
294467	100.00000353347527
294790	100.00000353347527
295110	100.00000353347527
295427	100.00000353347527
295751	100.00000353347527
296071	100.00000353347527
296390	100.00000353347527
296711	100.00000353347527
297029	100.00000353347527
297347	100.00000353347527
297666	100.00000353347527
297983	100.00000353347527
298301	100.00000353347527
298622	100.00000353347527
298943	100.00000353347527
299262	100.00000353347527
299582	100.00000353347527
299901	100.00000353347527
303059	100.00000353347527
