500	3435.2391829354206
1087	3193.939695644971
1668	3118.726553638005
2245	3029.9973991927086
2820	2931.567963484177
3394	2908.9558447073773
3967	2873.0737451992045
4536	2818.176338270081
5105	2818.176338270081
5675	2798.243785284137
6236	2798.243785284137
6801	2793.6113694515143
7366	2793.6113694515143
7927	2741.106666971562
8489	2741.106666971562
9047	2741.106666971562
9608	2728.696201389194
10167	2728.696201389194
10723	2728.696201389194
11281	2728.696201389194
11840	2728.696201389194
12399	2728.696201389194
12958	2717.9653501495804
13512	2717.9653501495804
14069	2717.9653501495804
14622	2717.9653501495804
15179	2699.384563407828
15732	2699.384563407828
16287	2677.8713521925465
16843	2677.8713521925465
17397	2677.8713521925465
17960	2677.8713521925465
18514	2677.8713521925465
19067	2677.8713521925465
19624	2677.8713521925465
20178	2677.8713521925465
20733	2677.8713521925465
21287	2677.8713521925465
21842	2677.8713521925465
22396	2672.4800428906115
22949	2672.4800428906115
23503	2672.4800428906115
24060	2672.4800428906115
24617	2672.4800428906115
25172	2672.4800428906115
25727	2672.4800428906115
33091	2394.1918936954808
33650	2394.1918936954808
34206	2394.1918936954808
34762	2394.1918936954808
35322	2394.1918936954808
35882	2394.1918936954808
36446	2394.1918936954808
37017	2394.1918936954808
37586	2394.1918936954808
38150	2394.1918936954808
38715	2394.1918936954808
39282	2394.1918936954808
39853	2394.1918936954808
40425	2394.1918936954808
40994	2394.1918936954808
41562	2394.1918936954808
42132	2394.1918936954808
42699	2394.1918936954808
43263	2394.1918936954808
43829	2394.1918936954808
44393	2394.1918936954808
44960	2394.1918936954808
45527	2394.1918936954808
46088	2394.1918936954808
46648	2394.1918936954808
48385	2391.3809970172138
51687	2391.3809966615026
52257	2391.3809966615026
52821	2391.3809966615026
53395	2391.3809966615026
53965	2391.3809966615026
54536	2391.3809966615026
55103	2391.3809966615026
55671	2391.3809966615026
56239	2391.3809966615026
56811	2391.3809966615026
57385	2391.3809966615026
57957	2391.3809966615026
58524	2391.3809966615026
59093	2391.3809966615026
59660	2391.3809966615026
60232	2391.3809966615026
60801	2391.3809966615026
61372	2391.3809966615026
61945	2391.3809966615026
64077	2391.3809966615026
64652	2391.3809966615026
65229	2391.3809966615026
65804	2391.3809966615026
66374	2391.3809966615026
66955	2391.3809966615026
67528	2391.3809966615026
68104	2391.3809966615026
68683	2391.3809966615026
69254	2391.3809966615026
69838	2391.3809966615026
70415	2391.3809966615026
70996	2391.3809966615026
71576	2391.3809966615026
72158	2391.3809966615026
72746	2391.3809966615026
73326	2391.3809966615026
73922	2391.3809966615026
74512	2391.3809966615026
75104	2391.3809966615026
77144	2391.3809966615026
77725	2391.3809966615026
78308	2391.3809966615026
78885	2391.3809966615026
79466	2391.3809966615026
80053	2391.3809966615026
80643	2391.3809966615026
81236	2391.3809966615026
81819	2391.3809966615026
82404	2391.3809966615026
82988	2391.3809966615026
83573	2391.3809966615026
84167	2391.3809966615026
84757	2391.3809966615026
85343	2391.3809966615026
85938	2391.3809966615026
86522	2391.3809966615026
87108	2391.3809966615026
87700	2391.3809966615026
88292	2391.3809966615026
90448	2391.3809966615026
91035	2391.3809966615026
91623	2391.3809966615026
92223	2391.3809966615026
92809	2391.3809966615026
93401	2391.3809966615026
94000	2391.3809966615026
94596	2391.3809966615026
95191	2391.3809966615026
95787	2391.3809966615026
96376	2391.3809966615026
96959	2391.3809966615026
97546	2391.3809966615026
98140	2391.3809966615026
98720	2391.3809966615026
99303	2391.3809966615026
99894	2391.3809966615026
100478	2391.3809966615026
101066	2391.3809966615026
101652	2391.3809966615026
103695	2391.3809966615026
104291	2391.3809966615026
104874	2391.3809966615026
105462	2391.3809966615026
106050	2391.3809966615026
106644	2391.3809966615026
107233	2391.3809966615026
107823	2391.3809966615026
108413	2391.3809966615026
109010	2391.3809966615026
109607	2391.3809966615026
110208	2391.3809966615026
110807	2391.3809966615026
111393	2391.3809966615026
111983	2391.3809966615026
112568	2391.3809966615026
113163	2391.3809966615026
113760	2391.3809966615026
114348	2391.3809966615026
114940	2391.3809966615026
116949	2391.3809966615026
117546	2391.3809966615026
118133	2391.3809966615026
118725	2391.3809966615026
119317	2391.3809966615026
119913	2391.3809966615026
120502	2391.3809966615026
121088	2391.3809966615026
121681	2391.3809966615026
122266	2391.3809966615026
126666	2391.3809966615026
127244	2391.3809966615026
127837	2391.3809966615026
128420	2391.3809966615026
129011	2391.3809966615026
129595	2391.3809966615026
130187	2391.3809966615026
130770	2391.3809966615026
131359	2391.3809966615026
131950	2391.3809966615026
132533	2391.3809966615026
133118	2391.3809966615026
133706	2391.3809966615026
134301	2391.3809966615026
134894	2391.3809966615026
135475	2391.3809966615026
136061	2391.3809966615026
136650	2391.3809966615026
137233	2391.3809966615026
137825	2391.3809966615026
139716	2391.3809966615026
140300	2391.3809966615026
140887	2391.3809966615026
141480	2391.3809966615026
142070	2391.3809966615026
142657	2391.3809966615026
143245	2391.3809966615026
143830	2391.3809966615026
144417	2391.3809966615026
145003	2391.3809966615026
145593	2391.3809966615026
146186	2391.3809966615026
146769	2391.3809966615026
147362	2391.3809966615026
147951	2391.3809966615026
148535	2391.3809966615026
149123	2391.3809966615026
149716	2391.3809966615026
150314	2391.3809966615026
150901	2391.3809966615026
152739	2391.3809966615026
153328	2391.3809966615026
153921	2391.3809966615026
154513	2391.3809966615026
155114	2391.3809966615026
155695	2391.3809966615026
156289	2391.3809966615026
156883	2391.3809966615026
157471	2391.3809966615026
158069	2391.3809966615026
158667	2391.3809966615026
159262	2391.3809966615026
159849	2391.3809966615026
160446	2391.3809966615026
161048	2391.3809966615026
161652	2391.3809966615026
162248	2391.3809966615026
162835	2391.3809966615026
163431	2391.3809966615026
164022	2391.3809966615026
165564	2391.3809966615026
166162	2391.3809966615026
166759	2391.3809966615026
167355	2391.3809966615026
167951	2391.3809966615026
168548	2391.3809966615026
169148	2391.3809966615026
169741	2391.3809966615026
170332	2391.3809966615026
170928	2391.3809966615026
171528	2391.3809966615026
172124	2391.3809966615026
172716	2391.3809966615026
173309	2391.3809966615026
173897	2391.3809966615026
174480	2391.3809966615026
175071	2391.3809966615026
175660	2391.3809966615026
176256	2391.3809966615026
176848	2391.3809966615026
178563	2385.4904966967556
180362	2385.4904966461527
180963	2385.4904966461527
181555	2385.4904966461527
182149	2385.4904966461527
182742	2385.4904966461527
183341	2385.4904966461527
183942	2385.4904966461527
184533	2385.4904966461527
185126	2385.4904966461527
185717	2385.4904966461527
186306	2385.4904966461527
186887	2385.4904966461527
187464	2385.4904966461527
188047	2385.4904966461527
188639	2385.4904966461527
189233	2385.4904966461527
189820	2385.4904966461527
190400	2385.4904966461527
190984	2385.4904966461527
193414	2385.4904966461527
193997	2385.4904966461527
194578	2385.4904966461527
195169	2385.4904966461527
195758	2385.4904966461527
196344	2385.4904966461527
196934	2385.4904966461527
197523	2385.4904966461527
198107	2385.4904966461527
198696	2385.4904966461527
199284	2385.4904966461527
199870	2385.4904966461527
200454	2385.4904966461527
201041	2385.4904966461527
201627	2385.4904966461527
202212	2385.4904966461527
202794	2385.4904966461527
203374	2385.4904966461527
203958	2385.4904966461527
204534	2385.4904966461527
205979	2385.4904965469177
208126	2385.490496541786
208717	2385.490496541786
209301	2385.490496541786
209892	2385.490496541786
210484	2385.490496541786
211072	2385.490496541786
211656	2385.490496541786
212246	2385.490496541786
212836	2385.490496541786
213444	2385.490496541786
214043	2385.490496541786
214644	2385.490496541786
215234	2385.490496541786
215828	2385.490496541786
216414	2385.490496541786
216994	2385.490496541786
217567	2385.490496541786
218141	2385.490496541786
218716	2385.490496541786
221218	2385.490496541786
221800	2385.490496541786
222382	2385.490496541786
222970	2385.490496541786
223548	2385.490496541786
224134	2385.490496541786
224730	2385.490496541786
225320	2385.490496541786
225907	2385.490496541786
226496	2385.490496541786
227091	2385.490496541786
227679	2385.490496541786
228267	2385.490496541786
228858	2385.490496541786
229450	2385.490496541786
230041	2385.490496541786
230631	2385.490496541786
231227	2385.490496541786
231818	2385.490496541786
232410	2385.490496541786
234116	2385.490496541786
234710	2385.490496541786
235305	2385.490496541786
235914	2385.490496541786
236509	2385.490496541786
237099	2385.490496541786
237686	2385.490496541786
238269	2385.490496541786
238848	2385.490496541786
239428	2385.490496541786
240006	2385.490496541786
240581	2385.490496541786
241160	2385.490496541786
241746	2385.490496541786
242325	2385.490496541786
242912	2385.490496541786
243503	2385.490496541786
244093	2385.490496541786
244683	2385.490496541786
245274	2385.490496541786
247631	2385.490496541786
248222	2385.490496541786
248808	2385.490496541786
249395	2385.490496541786
249985	2385.490496541786
250572	2385.490496541786
251159	2385.490496541786
251753	2385.490496541786
252345	2385.490496541786
252937	2385.490496541786
253526	2385.490496541786
254116	2385.490496541786
254701	2385.490496541786
255290	2385.490496541786
255877	2385.490496541786
256469	2385.490496541786
257061	2385.490496541786
257660	2385.490496541786
258253	2385.490496541786
258850	2385.490496541786
264605	2385.490496541786
265194	2385.490496541786
265783	2385.490496541786
266373	2385.490496541786
266952	2385.490496541786
267535	2385.490496541786
268116	2385.490496541786
268690	2385.490496541786
269269	2385.490496541786
269841	2385.490496541786
270416	2385.490496541786
271001	2385.490496541786
271584	2385.490496541786
272167	2385.490496541786
272756	2385.490496541786
273344	2385.490496541786
273928	2385.490496541786
274519	2385.490496541786
275113	2385.490496541786
275704	2385.490496541786
277860	2385.490496541786
278460	2385.490496541786
279054	2385.490496541786
279655	2385.490496541786
280244	2385.490496541786
280844	2385.490496541786
281438	2385.490496541786
282030	2385.490496541786
282624	2385.490496541786
283208	2385.490496541786
284907	2385.490496541786
285505	2385.490496541786
286114	2385.490496541786
286721	2385.490496541786
287312	2385.490496541786
287903	2385.490496541786
288480	2385.490496541786
289060	2385.490496541786
289633	2385.490496541786
290213	2385.490496541786
290790	2385.490496541786
291366	2385.490496541786
291946	2385.490496541786
292523	2385.490496541786
293109	2385.490496541786
293691	2385.490496541786
294269	2385.490496541786
294854	2385.490496541786
295433	2385.490496541786
296016	2385.490496541786
297622	2383.390141362865
299880	2383.390140919605
300472	2383.390140919605
301063	2383.390140919605
301657	2383.390140919605
302243	2383.390140919605
302830	2383.390140919605
303420	2383.390140919605
304007	2383.390140919605
304592	2383.390140919605
305179	2383.390140919605
305766	2383.390140919605
306366	2383.390140919605
306958	2383.390140919605
307556	2383.390140919605
308154	2383.390140919605
308742	2383.390140919605
309334	2383.390140919605
309922	2383.390140919605
310516	2383.390140919605
311926	2383.0473561996887
314387	2383.0473335454326
316846	2383.047320430855
317434	2383.047320430855
318019	2383.047320430855
318605	2383.047320430855
319194	2383.047320430855
319788	2383.047320430855
320371	2383.047320430855
320951	2383.047320430855
321536	2383.047320430855
322116	2383.047320430855
322701	2383.047320430855
323279	2383.047320430855
323863	2383.047320430855
324450	2383.047320430855
325025	2383.047320430855
325615	2383.047320430855
326206	2383.047320430855
326786	2383.047320430855
327359	2383.047320430855
327944	2383.047320430855
328522	2383.047320430855
329100	2383.047320430855
329683	2383.047320430855
330260	2383.047320430855
330837	2383.047320430855
331410	2383.047320430855
331984	2383.047320430855
332566	2383.047320430855
333963	2383.0473188121596
336248	2383.0473188006017
336833	2383.0473188006017
337414	2383.0473188006017
337990	2383.0473188006017
338572	2383.0473188006017
339153	2383.0473188006017
339736	2383.0473188006017
340316	2383.0473188006017
340896	2383.0473188006017
341479	2383.0473188006017
342059	2383.0473188006017
342641	2383.0473188006017
343218	2383.0473188006017
343796	2383.0473188006017
344382	2383.0473188006017
344975	2383.0473188006017
345561	2383.0473188006017
346154	2383.0473188006017
346738	2383.0473188006017
348832	2383.0473188006017
349415	2383.0473188006017
350007	2383.0473188006017
350596	2383.0473188006017
351183	2383.0473188006017
351768	2383.0473188006017
352347	2383.0473188006017
352934	2383.0473188006017
353520	2383.0473188006017
354112	2383.0473188006017
354697	2383.0473188006017
355281	2383.0473188006017
355861	2383.0473188006017
356455	2383.0473188006017
357037	2383.0473188006017
357619	2383.0473188006017
358200	2383.0473188006017
358787	2383.0473188006017
359371	2383.0473188006017
359952	2383.0473188006017
361733	2383.0473188006017
362318	2383.0473188006017
362897	2383.0473188006017
363479	2383.0473188006017
364058	2383.0473188006017
364639	2383.0473188006017
365227	2383.0473188006017
365812	2383.0473188006017
366406	2383.0473188006017
366994	2383.0473188006017
367582	2383.0473188006017
368166	2383.0473188006017
368751	2383.0473188006017
369341	2383.0473188006017
369925	2383.0473188006017
370512	2383.0473188006017
371101	2383.0473188006017
371687	2383.0473188006017
372276	2383.0473188006017
372857	2383.0473188006017
375117	2383.0473188006017
375703	2383.0473188006017
376295	2383.0473188006017
376888	2383.0473188006017
377482	2383.0473188006017
378069	2383.0473188006017
378659	2383.0473188006017
379260	2383.0473188006017
379864	2383.0473188006017
380465	2383.0473188006017
381066	2383.0473188006017
381664	2383.0473188006017
382269	2383.0473188006017
382871	2383.0473188006017
383456	2383.0473188006017
384043	2383.0473188006017
384636	2383.0473188006017
385223	2383.0473188006017
385804	2383.0473188006017
386387	2383.0473188006017
390192	2383.0473188006017
390774	2383.0473188006017
391365	2383.0473188006017
391955	2383.0473188006017
392541	2383.0473188006017
393140	2383.0473188006017
393736	2383.0473188006017
394327	2383.0473188006017
394919	2383.0473188006017
395514	2383.0473188006017
396110	2383.0473188006017
396707	2383.0473188006017
397302	2383.0473188006017
397906	2383.0473188006017
398502	2383.0473188006017
399098	2383.0473188006017
399695	2383.0473188006017
400290	2383.0473188006017
400881	2383.0473188006017
401480	2383.0473188006017
405933	2383.0473188006017
406526	2383.0473188006017
407119	2383.0473188006017
407708	2383.0473188006017
408295	2383.0473188006017
408884	2383.0473188006017
409472	2383.0473188006017
410061	2383.0473188006017
410640	2383.0473188006017
411229	2383.0473188006017
413488	2383.0473188006017
414077	2383.0473188006017
414667	2383.0473188006017
415259	2383.0473188006017
415846	2383.0473188006017
416431	2383.0473188006017
417018	2383.0473188006017
417601	2383.0473188006017
418189	2383.0473188006017
418787	2383.0473188006017
419377	2383.0473188006017
419973	2383.0473188006017
420567	2383.0473188006017
421160	2383.0473188006017
421759	2383.0473188006017
422350	2383.0473188006017
422942	2383.0473188006017
423536	2383.0473188006017
424135	2383.0473188006017
424733	2383.0473188006017
427054	2383.0473188006017
427655	2383.0473188006017
428245	2383.0473188006017
428818	2383.0473188006017
429388	2383.0473188006017
429964	2383.0473188006017
430536	2383.0473188006017
431108	2383.0473188006017
431684	2383.0473188006017
432258	2383.0473188006017
432841	2383.0473188006017
433425	2383.0473188006017
434006	2383.0473188006017
434589	2383.0473188006017
435167	2383.0473188006017
435746	2383.0473188006017
436331	2383.0473188006017
436910	2383.0473188006017
437480	2383.0473188006017
438062	2383.0473188006017
440567	2383.0473188006017
441146	2383.0473188006017
441730	2383.0473188006017
442304	2383.0473188006017
442884	2383.0473188006017
443472	2383.0473188006017
444056	2383.0473188006017
444633	2383.0473188006017
445217	2383.0473188006017
445798	2383.0473188006017
446388	2383.0473188006017
446966	2383.0473188006017
447548	2383.0473188006017
448131	2383.0473188006017
448711	2383.0473188006017
449294	2383.0473188006017
449880	2383.0473188006017
450471	2383.0473188006017
451059	2383.0473188006017
451649	2383.0473188006017
453458	2367.720349227855
455098	2367.720349011013
455684	2367.720349011013
456275	2367.720349011013
456850	2367.720349011013
457433	2367.720349011013
458011	2367.720349011013
458586	2367.720349011013
459172	2367.720349011013
459750	2367.720349011013
460333	2367.720349011013
460908	2367.720349011013
461486	2367.720349011013
462068	2367.720349011013
462647	2367.720349011013
463225	2367.720349011013
463812	2367.720349011013
464394	2367.720349011013
464978	2367.720349011013
465567	2367.720349011013
467922	2367.720349011013
468502	2367.720349011013
469080	2367.720349011013
469662	2367.720349011013
470238	2367.720349011013
470819	2367.720349011013
471404	2367.720349011013
471980	2367.720349011013
472560	2367.720349011013
473143	2367.720349011013
473719	2367.720349011013
474309	2367.720349011013
474894	2367.720349011013
475472	2367.720349011013
476053	2367.720349011013
476632	2367.720349011013
477210	2367.720349011013
477795	2367.720349011013
478372	2367.720349011013
478955	2367.720349011013
480781	2367.720349011013
481355	2367.720349011013
481929	2367.720349011013
482510	2367.720349011013
483089	2367.720349011013
483666	2367.720349011013
484235	2367.720349011013
484807	2367.720349011013
485382	2367.720349011013
485957	2367.720349011013
486541	2367.720349011013
487114	2367.720349011013
487692	2367.720349011013
488267	2367.720349011013
488857	2367.720349011013
489439	2367.720349011013
490016	2367.720349011013
490599	2367.720349011013
491176	2367.720349011013
491752	2367.720349011013
493805	2367.720349011013
494386	2367.720349011013
494965	2367.720349011013
495540	2367.720349011013
496119	2367.720349011013
496698	2367.720349011013
497277	2367.720349011013
497857	2367.720349011013
498435	2367.720349011013
499019	2367.720349011013
499602	2367.720349011013
500188	2367.720349011013
