500	3434.253458624061
1091	3138.290684011152
1671	3060.3294464711907
2244	3016.8510582970825
2817	2943.068990995059
3388	2855.513174302989
3956	2809.579969682776
4522	2809.579969682776
5085	2809.579969682776
5653	2796.9353234847813
6213	2796.9353234847813
6772	2795.3618239962316
7329	2795.3618239962316
7887	2772.953345898386
8444	2772.953345898386
9005	2772.953345898386
9561	2766.9177322506166
10117	2766.9177322506166
10672	2748.499588539607
11225	2748.499588539607
11783	2740.295444857287
12342	2740.295444857287
12900	2708.814638707097
13456	2708.814638707097
14011	2708.814638707097
14563	2708.814638707097
15118	2708.814638707097
15674	2708.814638707097
16234	2708.814638707097
16791	2708.814638707097
17348	2708.814638707097
17905	2708.814638707097
18463	2708.814638707097
19020	2708.814638707097
19577	2708.814638707097
20133	2708.814638707097
20691	2703.560481280667
21252	2703.560481280667
21813	2668.579123339903
22371	2668.579123339903
22928	2668.579123339903
23485	2668.579123339903
24038	2668.579123339903
24594	2668.579123339903
25151	2668.579123339903
25706	2668.579123339903
26263	2668.579123339903
26822	2668.579123339903
27382	2668.579123339903
27941	2668.579123339903
28498	2668.579123339903
29053	2668.579123339903
29610	2668.579123339903
30168	2668.579123339903
30725	2668.579123339903
31282	2668.579123339903
34899	2405.3030130074358
37139	2399.2870247748156
39073	2380.162866041062
41612	2380.162865583393
42176	2380.162865583393
42738	2380.162865583393
43300	2380.162865583393
43861	2380.162865583393
44419	2380.162865583393
44980	2380.162865583393
45539	2380.162865583393
46101	2380.162865583393
46659	2380.162865583393
47221	2380.162865583393
47782	2380.162865583393
48341	2380.162865583393
48908	2380.162865583393
49469	2380.162865583393
50026	2380.162865583393
50583	2380.162865583393
51145	2380.162865583393
51701	2380.162865583393
52262	2380.162865583393
52826	2380.162865583393
53390	2380.162865583393
55432	2374.851520934623
57168	2373.4512238988113
59657	2373.451223699813
60225	2373.451223699813
60796	2373.451223699813
61361	2373.451223699813
61926	2373.451223699813
62492	2373.451223699813
63057	2373.451223699813
63621	2373.451223699813
64188	2373.451223699813
64752	2373.451223699813
65317	2373.451223699813
65884	2373.451223699813
66452	2373.451223699813
67019	2373.451223699813
67583	2373.451223699813
68152	2373.451223699813
68718	2373.451223699813
69288	2373.451223699813
69855	2373.451223699813
70419	2373.451223699813
70989	2373.451223699813
71563	2373.451223699813
72137	2373.451223699813
72712	2373.451223699813
73282	2373.451223699813
73853	2373.451223699813
74425	2373.451223699813
74991	2373.451223699813
77425	2373.451223699813
77996	2373.451223699813
78570	2373.451223699813
79142	2373.451223699813
79714	2373.451223699813
80289	2373.451223699813
80859	2373.451223699813
81434	2373.451223699813
82010	2373.451223699813
82584	2373.451223699813
84924	2373.451223699813
85497	2373.451223699813
86068	2373.451223699813
86641	2373.451223699813
87213	2373.451223699813
87788	2373.451223699813
88362	2373.451223699813
88936	2373.451223699813
89516	2373.451223699813
90087	2373.451223699813
90659	2373.451223699813
91235	2373.451223699813
91807	2373.451223699813
92380	2373.451223699813
92956	2373.451223699813
93531	2373.451223699813
94108	2373.451223699813
94679	2373.451223699813
95254	2373.451223699813
95837	2373.451223699813
98235	2373.451223699813
98811	2373.451223699813
99386	2373.451223699813
99963	2373.451223699813
100541	2373.451223699813
101117	2373.451223699813
101694	2373.451223699813
102268	2373.451223699813
102842	2373.451223699813
103417	2373.451223699813
103990	2373.451223699813
104564	2373.451223699813
105136	2373.451223699813
105713	2373.451223699813
106284	2373.451223699813
106866	2373.451223699813
107442	2373.451223699813
108015	2373.451223699813
108590	2373.451223699813
109172	2373.451223699813
111461	2373.451223699813
112035	2373.451223699813
112611	2373.451223699813
113188	2373.451223699813
113761	2373.451223699813
114337	2373.451223699813
114911	2373.451223699813
115486	2373.451223699813
116066	2373.451223699813
116638	2373.451223699813
117219	2373.451223699813
117793	2373.451223699813
118370	2373.451223699813
118945	2373.451223699813
119518	2373.451223699813
120088	2373.451223699813
120663	2373.451223699813
121241	2373.451223699813
121813	2373.451223699813
122389	2373.451223699813
124620	2373.451223699813
125197	2373.451223699813
125776	2373.451223699813
126356	2373.451223699813
126938	2373.451223699813
127510	2373.451223699813
128086	2373.451223699813
128669	2373.451223699813
129240	2373.451223699813
129816	2373.451223699813
130395	2373.451223699813
130971	2373.451223699813
131537	2373.451223699813
132113	2373.451223699813
132686	2373.451223699813
133260	2373.451223699813
133834	2373.451223699813
134412	2373.451223699813
134996	2373.451223699813
135569	2373.451223699813
137318	2371.281709582101
139268	2370.8419057550923
142087	2370.841905390115
142662	2370.841905390115
143236	2370.841905390115
143814	2370.841905390115
144395	2370.841905390115
144970	2370.841905390115
145547	2370.841905390115
146126	2370.841905390115
146703	2370.841905390115
147284	2370.841905390115
147860	2370.841905390115
148433	2370.841905390115
149013	2370.841905390115
149586	2370.841905390115
150159	2370.841905390115
150734	2370.841905390115
151311	2370.841905390115
151887	2370.841905390115
152463	2370.841905390115
153041	2370.841905390115
153624	2370.841905390115
154200	2370.841905390115
154773	2370.841905390115
155351	2370.841905390115
155921	2370.841905390115
156495	2370.841905390115
157074	2370.841905390115
157652	2370.841905390115
159953	2370.841905390115
160526	2370.841905390115
161104	2370.841905390115
161677	2370.841905390115
162252	2370.841905390115
162829	2370.841905390115
163404	2370.841905390115
163987	2370.841905390115
164565	2370.841905390115
165143	2370.841905390115
167484	2370.841905390115
168064	2370.841905390115
168640	2370.841905390115
169222	2370.841905390115
169802	2370.841905390115
170384	2370.841905390115
170965	2370.841905390115
171547	2370.841905390115
172120	2370.841905390115
172698	2370.841905390115
173272	2370.841905390115
173854	2370.841905390115
174433	2370.841905390115
175007	2370.841905390115
175585	2370.841905390115
176165	2370.841905390115
176746	2370.841905390115
177323	2370.841905390115
177903	2370.841905390115
178475	2370.841905390115
180866	2370.841905390115
181438	2370.841905390115
182016	2370.841905390115
182593	2370.841905390115
183172	2370.841905390115
183748	2370.841905390115
184322	2370.841905390115
184899	2370.841905390115
185480	2370.841905390115
186057	2370.841905390115
186631	2370.841905390115
187204	2370.841905390115
187775	2370.841905390115
188352	2370.841905390115
188925	2370.841905390115
189505	2370.841905390115
190085	2370.841905390115
190665	2370.841905390115
191244	2370.841905390115
191825	2370.841905390115
194188	2370.841905390115
194767	2370.841905390115
195347	2370.841905390115
195927	2370.841905390115
196510	2370.841905390115
197091	2370.841905390115
197669	2370.841905390115
198256	2370.841905390115
198832	2370.841905390115
199406	2370.841905390115
199991	2370.841905390115
200564	2370.841905390115
201142	2370.841905390115
201722	2370.841905390115
202296	2370.841905390115
202875	2370.841905390115
203455	2370.841905390115
204029	2370.841905390115
204604	2370.841905390115
205184	2370.841905390115
207734	2370.841905390115
208310	2370.841905390115
208886	2370.841905390115
209462	2370.841905390115
210037	2370.841905390115
210619	2370.841905390115
211197	2370.841905390115
211776	2370.841905390115
212353	2370.841905390115
212928	2370.841905390115
213503	2370.841905390115
214080	2370.841905390115
214652	2370.841905390115
215228	2370.841905390115
215801	2370.841905390115
216376	2370.841905390115
216951	2370.841905390115
217527	2370.841905390115
218097	2370.841905390115
218676	2370.841905390115
221081	2370.841905390115
221661	2370.841905390115
222237	2370.841905390115
222813	2370.841905390115
223390	2370.841905390115
223964	2370.841905390115
224540	2370.841905390115
225117	2370.841905390115
225694	2370.841905390115
226268	2370.841905390115
228943	2370.841905390115
229519	2370.841905390115
230096	2370.841905390115
230680	2370.841905390115
231258	2370.841905390115
231829	2370.841905390115
232401	2370.841905390115
232975	2370.841905390115
233545	2370.841905390115
234117	2370.841905390115
234688	2370.841905390115
235261	2370.841905390115
235830	2370.841905390115
236403	2370.841905390115
236974	2370.841905390115
237546	2370.841905390115
238124	2370.841905390115
238700	2370.841905390115
239271	2370.841905390115
239845	2370.841905390115
242456	2370.841905390115
243033	2370.841905390115
243608	2370.841905390115
244180	2370.841905390115
244751	2370.841905390115
245330	2370.841905390115
245906	2370.841905390115
246486	2370.841905390115
247062	2370.841905390115
247637	2370.841905390115
248215	2370.841905390115
248791	2370.841905390115
249373	2370.841905390115
249956	2370.841905390115
250534	2370.841905390115
251116	2370.841905390115
251692	2370.841905390115
252274	2370.841905390115
252854	2370.841905390115
253435	2370.841905390115
255398	2366.271138623051
257205	2364.6053616603763
259857	2364.605361556428
260432	2364.605361556428
261014	2364.605361556428
261594	2364.605361556428
262170	2364.605361556428
262748	2364.605361556428
263333	2364.605361556428
263906	2364.605361556428
264478	2364.605361556428
265049	2364.605361556428
265618	2364.605361556428
266189	2364.605361556428
266766	2364.605361556428
267338	2364.605361556428
267909	2364.605361556428
268479	2364.605361556428
269051	2364.605361556428
269628	2364.605361556428
270203	2364.605361556428
270782	2364.605361556428
271357	2364.605361556428
271931	2364.605361556428
272505	2364.605361556428
273089	2364.605361556428
273668	2364.605361556428
274249	2364.605361556428
274824	2364.605361556428
275397	2364.605361556428
277892	2364.605361556428
278467	2364.605361556428
279039	2364.605361556428
279612	2364.605361556428
280186	2364.605361556428
280764	2364.605361556428
281339	2364.605361556428
281915	2364.605361556428
282492	2364.605361556428
283069	2364.605361556428
284614	2364.605361520022
286907	2364.605361508772
287494	2364.605361508772
288071	2364.605361508772
288646	2364.605361508772
289225	2364.605361508772
289808	2364.605361508772
290388	2364.605361508772
290966	2364.605361508772
291536	2364.605361508772
292110	2364.605361508772
292690	2364.605361508772
293270	2364.605361508772
293848	2364.605361508772
294423	2364.605361508772
295007	2364.605361508772
295587	2364.605361508772
296161	2364.605361508772
296737	2364.605361508772
297312	2364.605361508772
299552	2364.605361508772
300128	2364.605361508772
300703	2364.605361508772
301284	2364.605361508772
301859	2364.605361508772
302436	2364.605361508772
303009	2364.605361508772
303587	2364.605361508772
304161	2364.605361508772
304741	2364.605361508772
305319	2364.605361508772
305895	2364.605361508772
306471	2364.605361508772
307045	2364.605361508772
307625	2364.605361508772
308207	2364.605361508772
308786	2364.605361508772
309364	2364.605361508772
309946	2364.605361508772
310524	2364.605361508772
312356	2364.605361508772
312937	2364.605361508772
313522	2364.605361508772
314099	2364.605361508772
314677	2364.605361508772
315262	2364.605361508772
315843	2364.605361508772
316426	2364.605361508772
317011	2364.605361508772
317591	2364.605361508772
318172	2364.605361508772
318758	2364.605361508772
319341	2364.605361508772
319924	2364.605361508772
320512	2364.605361508772
321094	2364.605361508772
321678	2364.605361508772
322258	2364.605361508772
322838	2364.605361508772
323422	2364.605361508772
325195	2364.605361508772
325776	2364.605361508772
326364	2364.605361508772
326947	2364.605361508772
327527	2364.605361508772
328112	2364.605361508772
328696	2364.605361508772
329272	2364.605361508772
329852	2364.605361508772
330444	2364.605361508772
331023	2364.605361508772
331604	2364.605361508772
332184	2364.605361508772
332765	2364.605361508772
333356	2364.605361508772
333939	2364.605361508772
334519	2364.605361508772
335102	2364.605361508772
335680	2364.605361508772
336262	2364.605361508772
337989	2364.605361508772
338575	2364.605361508772
339159	2364.605361508772
339744	2364.605361508772
340327	2364.605361508772
340907	2364.605361508772
341485	2364.605361508772
342070	2364.605361508772
342659	2364.605361508772
343243	2364.605361508772
343828	2364.605361508772
344418	2364.605361508772
345008	2364.605361508772
345597	2364.605361508772
346184	2364.605361508772
346773	2364.605361508772
347361	2364.605361508772
347944	2364.605361508772
348529	2364.605361508772
349114	2364.605361508772
350821	2361.2080867454533
353468	2361.2080866382103
354057	2361.2080866382103
354638	2361.2080866382103
355227	2361.2080866382103
355807	2361.2080866382103
356395	2361.2080866382103
356978	2361.2080866382103
357563	2361.2080866382103
358148	2361.2080866382103
358728	2361.2080866382103
359310	2361.2080866382103
359889	2361.2080866382103
360465	2361.2080866382103
361042	2361.2080866382103
361622	2361.2080866382103
362199	2361.2080866382103
362787	2361.2080866382103
363371	2361.2080866382103
363951	2361.2080866382103
366145	2361.2080866382103
366723	2361.2080866382103
367298	2361.2080866382103
367875	2361.2080866382103
368449	2361.2080866382103
369026	2361.2080866382103
369607	2361.2080866382103
370181	2361.2080866382103
370759	2361.2080866382103
371341	2361.2080866382103
371917	2361.2080866382103
372493	2361.2080866382103
373066	2361.2080866382103
373644	2361.2080866382103
374224	2361.2080866382103
374803	2361.2080866382103
375381	2361.2080866382103
375955	2361.2080866382103
376530	2361.2080866382103
377106	2361.2080866382103
380041	2361.2080866382103
380617	2361.2080866382103
381196	2361.2080866382103
381766	2361.2080866382103
382345	2361.2080866382103
382923	2361.2080866382103
383505	2361.2080866382103
384080	2361.2080866382103
384657	2361.2080866382103
385233	2361.2080866382103
385814	2361.2080866382103
386388	2361.2080866382103
386966	2361.2080866382103
387545	2361.2080866382103
388120	2361.2080866382103
388693	2361.2080866382103
389272	2361.2080866382103
389855	2361.2080866382103
390438	2361.2080866382103
391018	2361.2080866382103
392732	2361.2080866382103
393310	2361.2080866382103
393891	2361.2080866382103
394471	2361.2080866382103
395047	2361.2080866382103
395628	2361.2080866382103
396211	2361.2080866382103
396791	2361.2080866382103
397368	2361.2080866382103
397952	2361.2080866382103
398533	2361.2080866382103
399113	2361.2080866382103
399700	2361.2080866382103
400287	2361.2080866382103
400866	2361.2080866382103
401448	2361.2080866382103
402027	2361.2080866382103
402609	2361.2080866382103
403192	2361.2080866382103
403777	2361.2080866382103
406839	2361.2080866382103
407419	2361.2080866382103
408002	2361.2080866382103
408588	2361.2080866382103
409167	2361.2080866382103
409753	2361.2080866382103
410331	2361.2080866382103
410912	2361.2080866382103
411493	2361.2080866382103
412076	2361.2080866382103
412659	2361.2080866382103
413239	2361.2080866382103
413821	2361.2080866382103
414401	2361.2080866382103
414986	2361.2080866382103
415570	2361.2080866382103
416154	2361.2080866382103
416732	2361.2080866382103
417310	2361.2080866382103
417893	2361.2080866382103
419919	2361.2080866382103
420504	2361.2080866382103
421085	2361.2080866382103
421671	2361.2080866382103
422260	2361.2080866382103
422850	2361.2080866382103
423442	2361.2080866382103
424024	2361.2080866382103
424600	2361.2080866382103
425190	2361.2080866382103
427643	2361.2080866382103
428224	2361.2080866382103
428802	2361.2080866382103
429377	2361.2080866382103
429967	2361.2080866382103
430546	2361.2080866382103
431123	2361.2080866382103
431703	2361.2080866382103
432284	2361.2080866382103
432858	2361.2080866382103
433438	2361.2080866382103
434017	2361.2080866382103
434596	2361.2080866382103
435174	2361.2080866382103
435753	2361.2080866382103
436331	2361.2080866382103
436910	2361.2080866382103
437490	2361.2080866382103
438066	2361.2080866382103
438646	2361.2080866382103
440827	2361.2080866382103
441412	2361.2080866382103
441994	2361.2080866382103
442577	2361.2080866382103
443164	2361.2080866382103
443743	2361.2080866382103
444326	2361.2080866382103
444904	2361.2080866382103
445493	2361.2080866382103
446076	2361.2080866382103
446664	2361.2080866382103
447246	2361.2080866382103
447836	2361.2080866382103
448421	2361.2080866382103
448998	2361.2080866382103
449575	2361.2080866382103
450150	2361.2080866382103
450728	2361.2080866382103
451295	2361.2080866382103
451867	2361.2080866382103
454201	2361.2080866382103
454777	2361.2080866382103
455352	2361.2080866382103
455929	2361.2080866382103
456508	2361.2080866382103
457095	2361.2080866382103
457676	2361.2080866382103
458261	2361.2080866382103
458842	2361.2080866382103
459423	2361.2080866382103
460000	2361.2080866382103
460582	2361.2080866382103
461158	2361.2080866382103
461739	2361.2080866382103
462320	2361.2080866382103
462899	2361.2080866382103
463480	2361.2080866382103
464059	2361.2080866382103
464637	2361.2080866382103
465215	2361.2080866382103
467032	2361.2080866382103
467612	2361.2080866382103
468197	2361.2080866382103
468781	2361.2080866382103
469364	2361.2080866382103
469947	2361.2080866382103
470529	2361.2080866382103
471124	2361.2080866382103
471711	2361.2080866382103
472302	2361.2080866382103
472884	2361.2080866382103
473463	2361.2080866382103
474038	2361.2080866382103
474611	2361.2080866382103
475185	2361.2080866382103
475755	2361.2080866382103
476329	2361.2080866382103
476902	2361.2080866382103
477478	2361.2080866382103
478058	2361.2080866382103
480451	2361.2080866382103
481020	2361.2080866382103
481592	2361.2080866382103
482165	2361.2080866382103
482739	2361.2080866382103
483311	2361.2080866382103
483888	2361.2080866382103
484465	2361.2080866382103
485039	2361.2080866382103
485613	2361.2080866382103
487154	2353.653169700139
489483	2353.6531670174654
490057	2353.6531670174654
490638	2353.6531670174654
491209	2353.6531670174654
491779	2353.6531670174654
492354	2353.6531670174654
492933	2353.6531670174654
493508	2353.6531670174654
494084	2353.6531670174654
494658	2353.6531670174654
495233	2353.6531670174654
495806	2353.6531670174654
496385	2353.6531670174654
496961	2353.6531670174654
497535	2353.6531670174654
498113	2353.6531670174654
498689	2353.6531670174654
499264	2353.6531670174654
499838	2353.6531670174654
502108	2353.6531670174654
