500	3371.0802928846624
1075	3339.877483437617
1646	3212.0812215462893
2213	3146.7041333828965
2784	3088.980760590547
3351	2980.9352932793217
3913	2980.9352932793217
4477	2980.9352932793217
5040	2978.7680947140143
5602	2970.329541377294
6164	2936.887388866346
6727	2899.3451570402735
7287	2899.3451570402735
7849	2899.3451570402735
8411	2896.246711247229
8971	2867.528475409868
9529	2839.796647051196
10088	2839.796647051196
10648	2839.796647051196
11206	2818.9565380655035
11760	2818.9565380655035
12316	2818.9565380655035
12873	2818.9565380655035
13427	2818.9565380655035
13986	2818.9565380655035
14546	2816.894049043088
15101	2816.894049043088
15658	2816.894049043088
16213	2816.894049043088
16769	2816.894049043088
17327	2800.1496294876797
17881	2800.1496294876797
18437	2800.1496294876797
18990	2800.1496294876797
19546	2785.5301560588173
20099	2785.5301560588173
20655	2785.5301560588173
21214	2785.5301560588173
21769	2785.5301560588173
22327	2755.9921347892723
22883	2755.9921347892723
23439	2755.9921347892723
23992	2755.9921347892723
24547	2755.9921347892723
25103	2755.9921347892723
25657	2755.9921347892723
26213	2755.9921347892723
26768	2755.9921347892723
27326	2755.9921347892723
27883	2755.9921347892723
28439	2755.9921347892723
28994	2755.9921347892723
29549	2755.9921347892723
30102	2755.9921347892723
30657	2755.9921347892723
31213	2755.9921347892723
31768	2755.9921347892723
32322	2755.9921347892723
32878	2755.9921347892723
33435	2755.9921347892723
40485	2399.784068596631
41044	2399.784068596631
41603	2399.784068596631
42162	2399.784068596631
42720	2399.784068596631
43277	2399.784068596631
43837	2399.784068596631
44397	2399.784068596631
44953	2399.784068596631
45510	2399.784068596631
46066	2399.784068596631
46622	2399.784068596631
47178	2399.784068596631
47733	2399.784068596631
48290	2399.784068596631
48846	2399.784068596631
49404	2399.784068596631
49961	2399.784068596631
50518	2399.784068596631
51072	2399.784068596631
51628	2399.784068596631
54160	2399.784068596631
54719	2399.784068596631
55278	2399.784068596631
55838	2399.784068596631
56399	2399.784068596631
56958	2399.784068596631
57517	2399.784068596631
58075	2399.784068596631
58634	2399.784068596631
59191	2399.784068596631
59749	2399.784068596631
60306	2399.784068596631
60862	2399.784068596631
61419	2399.784068596631
61977	2399.784068596631
62532	2399.784068596631
63091	2399.784068596631
63646	2399.784068596631
64204	2399.784068596631
64760	2399.784068596631
67253	2399.784068596631
67806	2399.784068596631
68363	2399.784068596631
68919	2399.784068596631
69473	2399.784068596631
70028	2399.784068596631
70584	2399.784068596631
71139	2399.784068596631
71697	2399.784068596631
72255	2399.784068596631
72815	2399.784068596631
73373	2399.784068596631
73929	2399.784068596631
74484	2399.784068596631
75039	2399.784068596631
75598	2399.784068596631
76155	2399.784068596631
76711	2399.784068596631
77270	2399.784068596631
77830	2399.784068596631
80274	2399.784068596631
80832	2399.784068596631
81389	2399.784068596631
81945	2399.784068596631
82503	2399.784068596631
83060	2399.784068596631
83619	2399.784068596631
84180	2399.784068596631
84737	2399.784068596631
85295	2399.784068596631
85851	2399.784068596631
86408	2399.784068596631
86964	2399.784068596631
87520	2399.784068596631
88076	2399.784068596631
88632	2399.784068596631
89190	2399.784068596631
89750	2399.784068596631
90306	2399.784068596631
90865	2399.784068596631
93365	2399.784068596631
93921	2399.784068596631
94479	2399.784068596631
95036	2399.784068596631
95596	2399.784068596631
96152	2399.784068596631
96711	2399.784068596631
97269	2399.784068596631
97827	2399.784068596631
98386	2399.784068596631
102570	2399.784068596631
103127	2399.784068596631
103682	2399.784068596631
104240	2399.784068596631
104795	2399.784068596631
105349	2399.784068596631
105907	2399.784068596631
106462	2399.784068596631
107019	2399.784068596631
107575	2399.784068596631
108135	2399.784068596631
108693	2399.784068596631
109251	2399.784068596631
109811	2399.784068596631
110370	2399.784068596631
110927	2399.784068596631
111485	2399.784068596631
112043	2399.784068596631
112601	2399.784068596631
113161	2399.784068596631
115661	2399.784068596631
116218	2399.784068596631
116773	2399.784068596631
117332	2399.784068596631
117888	2399.784068596631
118445	2399.784068596631
119002	2399.784068596631
119559	2399.784068596631
120114	2399.784068596631
120670	2399.784068596631
121226	2399.784068596631
121781	2399.784068596631
122336	2399.784068596631
122892	2399.784068596631
123449	2399.784068596631
124008	2399.784068596631
124563	2399.784068596631
125120	2399.784068596631
125676	2399.784068596631
126233	2399.784068596631
130379	2399.784068596631
130936	2399.784068596631
131494	2399.784068596631
132051	2399.784068596631
132608	2399.784068596631
133167	2399.784068596631
133724	2399.784068596631
134283	2399.784068596631
134839	2399.784068596631
135398	2399.784068596631
135958	2399.784068596631
136515	2399.784068596631
137073	2399.784068596631
137630	2399.784068596631
138188	2399.784068596631
138745	2399.784068596631
139302	2399.784068596631
139860	2399.784068596631
140417	2399.784068596631
140974	2399.784068596631
143426	2399.784068596631
143986	2399.784068596631
144544	2399.784068596631
145102	2399.784068596631
145660	2399.784068596631
146215	2399.784068596631
146772	2399.784068596631
147328	2399.784068596631
147884	2399.784068596631
148440	2399.784068596631
148999	2399.784068596631
149554	2399.784068596631
150110	2399.784068596631
150666	2399.784068596631
151225	2399.784068596631
151782	2399.784068596631
152337	2399.784068596631
152893	2399.784068596631
153450	2399.784068596631
154006	2399.784068596631
156385	2399.784068596631
156940	2399.784068596631
157495	2399.784068596631
158054	2399.784068596631
158610	2399.784068596631
159167	2399.784068596631
159722	2399.784068596631
160278	2399.784068596631
160835	2399.784068596631
161393	2399.784068596631
164150	2399.784068596631
164709	2399.784068596631
165265	2399.784068596631
165825	2399.784068596631
166387	2399.784068596631
166950	2399.784068596631
167512	2399.784068596631
168073	2399.784068596631
168632	2399.784068596631
169191	2399.784068596631
169747	2399.784068596631
170302	2399.784068596631
170857	2399.784068596631
171413	2399.784068596631
171972	2399.784068596631
172528	2399.784068596631
173083	2399.784068596631
173639	2399.784068596631
174195	2399.784068596631
174749	2399.784068596631
177193	2399.784068596631
177746	2399.784068596631
178301	2399.784068596631
178857	2399.784068596631
179412	2399.784068596631
179969	2399.784068596631
180527	2399.784068596631
181086	2399.784068596631
181646	2399.784068596631
182205	2399.784068596631
182764	2399.784068596631
183322	2399.784068596631
183879	2399.784068596631
184437	2399.784068596631
184997	2399.784068596631
185556	2399.784068596631
186113	2399.784068596631
186671	2399.784068596631
187229	2399.784068596631
187787	2399.784068596631
192677	2399.784068596631
193235	2399.784068596631
193792	2399.784068596631
194348	2399.784068596631
194905	2399.784068596631
195463	2399.784068596631
196022	2399.784068596631
196576	2399.784068596631
197132	2399.784068596631
197691	2399.784068596631
198252	2399.784068596631
198810	2399.784068596631
199369	2399.784068596631
199928	2399.784068596631
200484	2399.784068596631
201041	2399.784068596631
201595	2399.784068596631
202149	2399.784068596631
202702	2399.784068596631
203259	2399.784068596631
205653	2399.784068596631
206208	2399.784068596631
206763	2399.784068596631
207318	2399.784068596631
207873	2399.784068596631
208431	2399.784068596631
208987	2399.784068596631
209547	2399.784068596631
210107	2399.784068596631
210668	2399.784068596631
211230	2399.784068596631
211792	2399.784068596631
212353	2399.784068596631
212911	2399.784068596631
213466	2399.784068596631
214023	2399.784068596631
214582	2399.784068596631
215137	2399.784068596631
215692	2399.784068596631
216248	2399.784068596631
222681	2399.784068596631
223236	2399.784068596631
223797	2399.784068596631
224353	2399.784068596631
224910	2399.784068596631
225470	2399.784068596631
226026	2399.784068596631
226581	2399.784068596631
227137	2399.784068596631
227693	2399.784068596631
230377	2399.784068596631
230931	2399.784068596631
231488	2399.784068596631
232045	2399.784068596631
232601	2399.784068596631
233160	2399.784068596631
233716	2399.784068596631
234275	2399.784068596631
234837	2399.784068596631
235396	2399.784068596631
235954	2399.784068596631
236514	2399.784068596631
237073	2399.784068596631
237630	2399.784068596631
238188	2399.784068596631
238744	2399.784068596631
239305	2399.784068596631
239861	2399.784068596631
240418	2399.784068596631
240977	2399.784068596631
244584	2399.784068596631
245141	2399.784068596631
245698	2399.784068596631
246255	2399.784068596631
246811	2399.784068596631
247368	2399.784068596631
247928	2399.784068596631
248487	2399.784068596631
249046	2399.784068596631
249604	2399.784068596631
250160	2399.784068596631
250714	2399.784068596631
251267	2399.784068596631
251823	2399.784068596631
252379	2399.784068596631
252935	2399.784068596631
253490	2399.784068596631
254049	2399.784068596631
254606	2399.784068596631
255162	2399.784068596631
258894	2399.784068596631
259453	2399.784068596631
260011	2399.784068596631
260568	2399.784068596631
261126	2399.784068596631
261683	2399.784068596631
262242	2399.784068596631
262800	2399.784068596631
263358	2399.784068596631
263916	2399.784068596631
264476	2399.784068596631
265037	2399.784068596631
265594	2399.784068596631
266150	2399.784068596631
266708	2399.784068596631
267267	2399.784068596631
267824	2399.784068596631
268378	2399.784068596631
268935	2399.784068596631
269492	2399.784068596631
274010	2399.784068596631
274569	2399.784068596631
275130	2399.784068596631
275690	2399.784068596631
276248	2399.784068596631
276807	2399.784068596631
277364	2399.784068596631
277923	2399.784068596631
278477	2399.784068596631
279033	2399.784068596631
279586	2399.784068596631
280139	2399.784068596631
280694	2399.784068596631
281249	2399.784068596631
281804	2399.784068596631
282361	2399.784068596631
282922	2399.784068596631
283481	2399.784068596631
284040	2399.784068596631
284599	2399.784068596631
288190	2399.784068596631
288747	2399.784068596631
289304	2399.784068596631
289864	2399.784068596631
290422	2399.784068596631
290980	2399.784068596631
291537	2399.784068596631
292094	2399.784068596631
292654	2399.784068596631
293212	2399.784068596631
296136	2399.784068596631
296691	2399.784068596631
297247	2399.784068596631
297801	2399.784068596631
298357	2399.784068596631
298914	2399.784068596631
299469	2399.784068596631
300026	2399.784068596631
300585	2399.784068596631
301141	2399.784068596631
301696	2399.784068596631
302253	2399.784068596631
302806	2399.784068596631
303363	2399.784068596631
303920	2399.784068596631
304479	2399.784068596631
305037	2399.784068596631
305595	2399.784068596631
306153	2399.784068596631
306715	2399.784068596631
310015	2399.784068596631
310575	2399.784068596631
311135	2399.784068596631
311693	2399.784068596631
312249	2399.784068596631
312805	2399.784068596631
313362	2399.784068596631
313918	2399.784068596631
314472	2399.784068596631
315028	2399.784068596631
315586	2399.784068596631
316142	2399.784068596631
316699	2399.784068596631
317256	2399.784068596631
317814	2399.784068596631
318376	2399.784068596631
318936	2399.784068596631
319496	2399.784068596631
320054	2399.784068596631
320613	2399.784068596631
323204	2399.784068596631
323765	2399.784068596631
324321	2399.784068596631
324878	2399.784068596631
325435	2399.784068596631
325990	2399.784068596631
326546	2399.784068596631
327101	2399.784068596631
327656	2399.784068596631
328211	2399.784068596631
328765	2399.784068596631
329320	2399.784068596631
329875	2399.784068596631
330431	2399.784068596631
330988	2399.784068596631
331543	2399.784068596631
332100	2399.784068596631
332659	2399.784068596631
333217	2399.784068596631
333775	2399.784068596631
339181	2399.784068596631
339740	2399.784068596631
340298	2399.784068596631
340855	2399.784068596631
341414	2399.784068596631
341972	2399.784068596631
342530	2399.784068596631
343089	2399.784068596631
343652	2399.784068596631
344212	2399.784068596631
344775	2399.784068596631
345339	2399.784068596631
345896	2399.784068596631
346452	2399.784068596631
347011	2399.784068596631
347566	2399.784068596631
348125	2399.784068596631
348684	2399.784068596631
349241	2399.784068596631
349799	2399.784068596631
352433	2399.784068596631
352990	2399.784068596631
353551	2399.784068596631
354108	2399.784068596631
354665	2399.784068596631
355222	2399.784068596631
355776	2399.784068596631
356334	2399.784068596631
356889	2399.784068596631
357447	2399.784068596631
360891	2399.784068596631
361447	2399.784068596631
362004	2399.784068596631
362562	2399.784068596631
363118	2399.784068596631
363672	2399.784068596631
364225	2399.784068596631
364780	2399.784068596631
365335	2399.784068596631
365891	2399.784068596631
366446	2399.784068596631
367005	2399.784068596631
367564	2399.784068596631
368124	2399.784068596631
368684	2399.784068596631
369241	2399.784068596631
369798	2399.784068596631
370357	2399.784068596631
370913	2399.784068596631
371472	2399.784068596631
374114	2399.784068596631
374672	2399.784068596631
375234	2399.784068596631
375792	2399.784068596631
376352	2399.784068596631
376914	2399.784068596631
377477	2399.784068596631
378035	2399.784068596631
378592	2399.784068596631
379149	2399.784068596631
379705	2399.784068596631
380263	2399.784068596631
380821	2399.784068596631
381378	2399.784068596631
381934	2399.784068596631
382489	2399.784068596631
383046	2399.784068596631
383600	2399.784068596631
384157	2399.784068596631
384713	2399.784068596631
387145	2399.784068596631
387703	2399.784068596631
388259	2399.784068596631
388815	2399.784068596631
389371	2399.784068596631
389926	2399.784068596631
390483	2399.784068596631
391040	2399.784068596631
391595	2399.784068596631
392150	2399.784068596631
392704	2399.784068596631
393261	2399.784068596631
393815	2399.784068596631
394369	2399.784068596631
394926	2399.784068596631
395482	2399.784068596631
396038	2399.784068596631
396596	2399.784068596631
397152	2399.784068596631
397710	2399.784068596631
400936	2399.784068596631
401493	2399.784068596631
402051	2399.784068596631
402609	2399.784068596631
403167	2399.784068596631
403725	2399.784068596631
404284	2399.784068596631
404844	2399.784068596631
405404	2399.784068596631
405962	2399.784068596631
406521	2399.784068596631
407084	2399.784068596631
407642	2399.784068596631
408202	2399.784068596631
408758	2399.784068596631
409313	2399.784068596631
409870	2399.784068596631
410425	2399.784068596631
410982	2399.784068596631
411539	2399.784068596631
415249	2399.784068596631
415805	2399.784068596631
416362	2399.784068596631
416920	2399.784068596631
417474	2399.784068596631
418031	2399.784068596631
418587	2399.784068596631
419141	2399.784068596631
419698	2399.784068596631
420253	2399.784068596631
425207	2399.784068596631
425760	2399.784068596631
426318	2399.784068596631
426877	2399.784068596631
427437	2399.784068596631
427997	2399.784068596631
428557	2399.784068596631
429118	2399.784068596631
429680	2399.784068596631
430239	2399.784068596631
430797	2399.784068596631
431356	2399.784068596631
431912	2399.784068596631
432470	2399.784068596631
433030	2399.784068596631
433587	2399.784068596631
434145	2399.784068596631
434703	2399.784068596631
435261	2399.784068596631
435822	2399.784068596631
441197	2399.784068596631
441756	2399.784068596631
442311	2399.784068596631
442870	2399.784068596631
443427	2399.784068596631
443983	2399.784068596631
444540	2399.784068596631
445095	2399.784068596631
445652	2399.784068596631
446213	2399.784068596631
446772	2399.784068596631
447331	2399.784068596631
447889	2399.784068596631
448443	2399.784068596631
448998	2399.784068596631
449555	2399.784068596631
450111	2399.784068596631
450667	2399.784068596631
451223	2399.784068596631
451778	2399.784068596631
455975	2399.784068596631
456529	2399.784068596631
457083	2399.784068596631
457640	2399.784068596631
458196	2399.784068596631
458753	2399.784068596631
459308	2399.784068596631
459866	2399.784068596631
460422	2399.784068596631
460981	2399.784068596631
461541	2399.784068596631
462100	2399.784068596631
462660	2399.784068596631
463221	2399.784068596631
463780	2399.784068596631
464339	2399.784068596631
464899	2399.784068596631
465455	2399.784068596631
466011	2399.784068596631
466566	2399.784068596631
469000	2399.784068596631
469556	2399.784068596631
470111	2399.784068596631
470664	2399.784068596631
471219	2399.784068596631
471776	2399.784068596631
472337	2399.784068596631
472897	2399.784068596631
473458	2399.784068596631
474015	2399.784068596631
474572	2399.784068596631
475130	2399.784068596631
475688	2399.784068596631
476243	2399.784068596631
476800	2399.784068596631
477359	2399.784068596631
477914	2399.784068596631
478471	2399.784068596631
479028	2399.784068596631
479584	2399.784068596631
482702	2399.784068596631
483258	2399.784068596631
483814	2399.784068596631
484372	2399.784068596631
484927	2399.784068596631
485479	2399.784068596631
486035	2399.784068596631
486590	2399.784068596631
487145	2399.784068596631
487702	2399.784068596631
490616	2399.784068596631
491173	2399.784068596631
491730	2399.784068596631
492292	2399.784068596631
492853	2399.784068596631
493411	2399.784068596631
493971	2399.784068596631
494528	2399.784068596631
495086	2399.784068596631
495641	2399.784068596631
496199	2399.784068596631
496754	2399.784068596631
497310	2399.784068596631
497866	2399.784068596631
498426	2399.784068596631
498987	2399.784068596631
499546	2399.784068596631
500107	2399.784068596631
