500	3424.3613378054433
1096	3143.0773992242944
1679	3097.743868888989
2254	2994.7939819041358
2827	2970.087374420199
3398	2931.6495329687464
3966	2859.4532673023086
4534	2855.0999678636203
5100	2855.0999678636203
5664	2839.4959170409265
6234	2791.794315045511
6794	2791.794315045511
7355	2720.7176831452316
7915	2720.7176831452316
8474	2720.7176831452316
9033	2720.7176831452316
9592	2720.7176831452316
10149	2720.7176831452316
10705	2720.7176831452316
11261	2720.7176831452316
11818	2720.7176831452316
12372	2720.7176831452316
12928	2720.7176831452316
13486	2720.7176831452316
14040	2720.7176831452316
14593	2720.7176831452316
15147	2720.7176831452316
15704	2720.7176831452316
16258	2720.7176831452316
16812	2720.7176831452316
17367	2720.7176831452316
17925	2720.7176831452316
18479	2720.7176831452316
23659	2426.3412444331216
24218	2426.3412444331216
24773	2426.3412444331216
25328	2426.3412444331216
25885	2426.3412444331216
26441	2426.3412444331216
26999	2426.3412444331216
27557	2426.3412444331216
28113	2426.3412444331216
28667	2426.3412444331216
29224	2426.3412444331216
29783	2426.3412444331216
30343	2426.3412444331216
30901	2426.3412444331216
31460	2426.3412444331216
32017	2426.3412444331216
32573	2426.3412444331216
33128	2426.3412444331216
33684	2426.3412444331216
34241	2426.3412444331216
34804	2426.3412444331216
35365	2426.3412444331216
35930	2426.3412444331216
36488	2426.3412444331216
37042	2426.3412444331216
37601	2426.3412444331216
38158	2426.3412444331216
38712	2426.3412444331216
40593	2413.850179798223
42579	2412.246171887015
47613	2412.2461717252354
48173	2412.2461717252354
48732	2412.2461717252354
49294	2412.2461717252354
49852	2412.2461717252354
50409	2412.2461717252354
50969	2412.2461717252354
51529	2412.2461717252354
52090	2412.2461717252354
52653	2412.2461717252354
53213	2412.2461717252354
53773	2412.2461717252354
54334	2412.2461717252354
54902	2412.2461717252354
55461	2412.2461717252354
56015	2412.2461717252354
56571	2412.2461717252354
57128	2412.2461717252354
57686	2412.2461717252354
58247	2412.2461717252354
58807	2412.2461717252354
59368	2412.2461717252354
59931	2412.2461717252354
60489	2412.2461717252354
61046	2412.2461717252354
61607	2412.2461717252354
62167	2412.2461717252354
62726	2412.2461717252354
65806	2412.2461717252354
66365	2412.2461717252354
66925	2412.2461717252354
67485	2412.2461717252354
68043	2412.2461717252354
68599	2412.2461717252354
69161	2412.2461717252354
69730	2412.2461717252354
70293	2412.2461717252354
70857	2412.2461717252354
73559	2412.2461717252354
74124	2412.2461717252354
74696	2412.2461717252354
75267	2412.2461717252354
75841	2412.2461717252354
76405	2412.2461717252354
76974	2412.2461717252354
77539	2412.2461717252354
78104	2412.2461717252354
78672	2412.2461717252354
79238	2412.2461717252354
79808	2412.2461717252354
80377	2412.2461717252354
80953	2412.2461717252354
81523	2412.2461717252354
82090	2412.2461717252354
82663	2412.2461717252354
83235	2412.2461717252354
83806	2412.2461717252354
84376	2412.2461717252354
86833	2412.2461717252354
87406	2412.2461717252354
87979	2412.2461717252354
88548	2412.2461717252354
89119	2412.2461717252354
89696	2412.2461717252354
90274	2412.2461717252354
90845	2412.2461717252354
91419	2412.2461717252354
91992	2412.2461717252354
92569	2412.2461717252354
93134	2412.2461717252354
93707	2412.2461717252354
94275	2412.2461717252354
94847	2412.2461717252354
95416	2412.2461717252354
95990	2412.2461717252354
96566	2412.2461717252354
97138	2412.2461717252354
97709	2412.2461717252354
99995	2412.2461717252354
100565	2412.2461717252354
101141	2412.2461717252354
101720	2412.2461717252354
102299	2412.2461717252354
102869	2412.2461717252354
103449	2412.2461717252354
104023	2412.2461717252354
104606	2412.2461717252354
105186	2412.2461717252354
105759	2412.2461717252354
106335	2412.2461717252354
106921	2412.2461717252354
107502	2412.2461717252354
108088	2412.2461717252354
108670	2412.2461717252354
109247	2412.2461717252354
109834	2412.2461717252354
110411	2412.2461717252354
110987	2412.2461717252354
112479	2402.839966095205
114805	2402.8399556565587
115384	2402.8399556565587
115965	2402.8399556565587
116543	2402.8399556565587
117120	2402.8399556565587
117699	2402.8399556565587
118285	2402.8399556565587
118871	2402.8399556565587
119444	2402.8399556565587
120024	2402.8399556565587
120604	2402.8399556565587
121186	2402.8399556565587
121762	2402.8399556565587
122343	2402.8399556565587
122924	2402.8399556565587
123507	2402.8399556565587
124094	2402.8399556565587
124673	2402.8399556565587
125254	2402.8399556565587
127239	2402.8399556565587
127814	2402.8399556565587
128404	2402.8399556565587
128979	2402.8399556565587
129564	2402.8399556565587
130149	2402.8399556565587
130732	2402.8399556565587
131309	2402.8399556565587
131899	2402.8399556565587
132487	2402.8399556565587
133072	2402.8399556565587
133664	2402.8399556565587
134249	2402.8399556565587
134835	2402.8399556565587
135432	2402.8399556565587
136033	2402.8399556565587
136629	2402.8399556565587
137222	2402.8399556565587
137820	2402.8399556565587
138407	2402.8399556565587
140234	2402.8399556565587
140821	2402.8399556565587
141407	2402.8399556565587
141997	2402.8399556565587
142583	2402.8399556565587
143172	2402.8399556565587
143758	2402.8399556565587
144345	2402.8399556565587
144929	2402.8399556565587
145517	2402.8399556565587
146100	2402.8399556565587
146693	2402.8399556565587
147285	2402.8399556565587
147873	2402.8399556565587
148464	2402.8399556565587
149054	2402.8399556565587
149636	2402.8399556565587
150232	2402.8399556565587
150811	2402.8399556565587
151390	2402.8399556565587
153523	2402.8399556565587
154117	2402.8399556565587
154700	2402.8399556565587
155297	2402.8399556565587
155890	2402.8399556565587
156487	2402.8399556565587
157075	2402.8399556565587
157667	2402.8399556565587
158272	2402.8399556565587
158863	2402.8399556565587
159445	2402.8399556565587
160032	2402.8399556565587
160626	2402.8399556565587
161208	2402.8399556565587
161791	2402.8399556565587
162383	2402.8399556565587
162965	2402.8399556565587
163554	2402.8399556565587
164136	2402.8399556565587
164721	2402.8399556565587
166703	2402.8399556565587
167289	2402.8399556565587
167877	2402.8399556565587
168479	2402.8399556565587
169082	2402.8399556565587
169680	2402.8399556565587
170260	2402.8399556565587
170837	2402.8399556565587
171416	2402.8399556565587
172001	2402.8399556565587
172583	2402.8399556565587
173169	2402.8399556565587
173749	2402.8399556565587
174329	2402.8399556565587
174923	2402.8399556565587
175509	2402.8399556565587
176093	2402.8399556565587
176680	2402.8399556565587
177264	2402.8399556565587
177843	2402.8399556565587
182426	2402.8399556565587
183014	2402.8399556565587
183599	2402.8399556565587
184185	2402.8399556565587
184765	2402.8399556565587
185347	2402.8399556565587
185931	2402.8399556565587
186516	2402.8399556565587
187098	2402.8399556565587
187683	2402.8399556565587
189555	2402.8399556565587
190140	2402.8399556565587
190727	2402.8399556565587
191311	2402.8399556565587
191890	2402.8399556565587
192481	2402.8399556565587
193066	2402.8399556565587
193667	2402.8399556565587
194257	2402.8399556565587
194841	2402.8399556565587
195420	2402.8399556565587
196010	2402.8399556565587
196593	2402.8399556565587
197166	2402.8399556565587
197761	2402.8399556565587
198350	2402.8399556565587
198936	2402.8399556565587
199523	2402.8399556565587
200108	2402.8399556565587
200695	2402.8399556565587
203852	2402.8399556565587
204438	2402.8399556565587
205025	2402.8399556565587
205623	2402.8399556565587
206202	2402.8399556565587
206793	2402.8399556565587
207377	2402.8399556565587
207968	2402.8399556565587
208550	2402.8399556565587
209135	2402.8399556565587
209722	2402.8399556565587
210318	2402.8399556565587
210903	2402.8399556565587
211493	2402.8399556565587
212070	2402.8399556565587
212652	2402.8399556565587
213242	2402.8399556565587
213816	2402.8399556565587
214395	2402.8399556565587
214984	2402.8399556565587
216747	2402.8399556565587
217332	2402.8399556565587
217918	2402.8399556565587
218504	2402.8399556565587
219081	2402.8399556565587
219672	2402.8399556565587
220260	2402.8399556565587
220851	2402.8399556565587
221441	2402.8399556565587
222027	2402.8399556565587
222613	2402.8399556565587
223201	2402.8399556565587
223788	2402.8399556565587
224377	2402.8399556565587
224960	2402.8399556565587
225547	2402.8399556565587
226130	2402.8399556565587
226715	2402.8399556565587
227298	2402.8399556565587
227880	2402.8399556565587
229847	2402.8399556565587
230436	2402.8399556565587
231019	2402.8399556565587
231610	2402.8399556565587
232202	2402.8399556565587
232784	2402.8399556565587
233367	2402.8399556565587
233954	2402.8399556565587
234539	2402.8399556565587
235121	2402.8399556565587
235703	2402.8399556565587
236297	2402.8399556565587
236886	2402.8399556565587
237465	2402.8399556565587
238058	2402.8399556565587
238648	2402.8399556565587
239235	2402.8399556565587
239820	2402.8399556565587
240409	2402.8399556565587
240992	2402.8399556565587
243588	2402.8399556565587
244169	2402.8399556565587
244754	2402.8399556565587
245348	2402.8399556565587
245936	2402.8399556565587
246527	2402.8399556565587
247115	2402.8399556565587
247702	2402.8399556565587
248298	2402.8399556565587
248887	2402.8399556565587
250923	2402.8399556565587
251507	2402.8399556565587
252096	2402.8399556565587
252675	2402.8399556565587
253271	2402.8399556565587
253862	2402.8399556565587
254453	2402.8399556565587
255047	2402.8399556565587
255634	2402.8399556565587
256215	2402.8399556565587
256791	2402.8399556565587
257374	2402.8399556565587
257957	2402.8399556565587
258536	2402.8399556565587
259118	2402.8399556565587
259713	2402.8399556565587
260310	2402.8399556565587
260898	2402.8399556565587
261475	2402.8399556565587
262060	2402.8399556565587
264444	2402.8399556565587
265021	2402.8399556565587
265617	2402.8399556565587
266204	2402.8399556565587
266792	2402.8399556565587
267386	2402.8399556565587
267974	2402.8399556565587
268554	2402.8399556565587
269140	2402.8399556565587
269728	2402.8399556565587
270320	2402.8399556565587
270908	2402.8399556565587
271487	2402.8399556565587
272071	2402.8399556565587
272670	2402.8399556565587
273259	2402.8399556565587
273839	2402.8399556565587
274417	2402.8399556565587
275003	2402.8399556565587
275588	2402.8399556565587
277510	2402.8399556565587
278104	2402.8399556565587
278693	2402.8399556565587
279271	2402.8399556565587
279849	2402.8399556565587
280423	2402.8399556565587
280996	2402.8399556565587
281568	2402.8399556565587
282146	2402.8399556565587
282711	2402.8399556565587
283281	2402.8399556565587
283856	2402.8399556565587
284432	2402.8399556565587
285004	2402.8399556565587
285583	2402.8399556565587
286166	2402.8399556565587
286748	2402.8399556565587
287323	2402.8399556565587
287903	2402.8399556565587
288490	2402.8399556565587
290804	2402.8399556565587
291388	2402.8399556565587
291963	2402.8399556565587
292540	2402.8399556565587
293124	2402.8399556565587
293708	2402.8399556565587
294302	2402.8399556565587
294878	2402.8399556565587
295460	2402.8399556565587
296036	2402.8399556565587
296614	2402.8399556565587
297191	2402.8399556565587
297778	2402.8399556565587
298357	2402.8399556565587
298942	2402.8399556565587
299526	2402.8399556565587
300115	2402.8399556565587
300695	2402.8399556565587
301269	2402.8399556565587
301854	2402.8399556565587
303888	2402.8399556565587
304471	2402.8399556565587
305049	2402.8399556565587
305633	2402.8399556565587
306213	2402.8399556565587
306801	2402.8399556565587
307383	2402.8399556565587
307972	2402.8399556565587
308555	2402.8399556565587
309144	2402.8399556565587
311163	2402.8399556565587
311749	2402.8399556565587
312336	2402.8399556565587
312920	2402.8399556565587
313513	2402.8399556565587
314096	2402.8399556565587
314712	2402.8399556565587
315302	2402.8399556565587
315887	2402.8399556565587
316467	2402.8399556565587
317062	2402.8399556565587
317663	2402.8399556565587
318242	2402.8399556565587
318826	2402.8399556565587
319407	2402.8399556565587
319997	2402.8399556565587
320579	2402.8399556565587
321164	2402.8399556565587
321751	2402.8399556565587
322335	2402.8399556565587
324617	2402.8399556565587
325203	2402.8399556565587
325787	2402.8399556565587
326376	2402.8399556565587
326966	2402.8399556565587
327550	2402.8399556565587
328135	2402.8399556565587
328722	2402.8399556565587
329311	2402.8399556565587
329903	2402.8399556565587
330493	2402.8399556565587
331078	2402.8399556565587
331673	2402.8399556565587
332259	2402.8399556565587
332870	2402.8399556565587
333471	2402.8399556565587
334048	2402.8399556565587
334624	2402.8399556565587
335197	2402.8399556565587
335768	2402.8399556565587
338980	2402.8399556565587
339554	2402.8399556565587
340126	2402.8399556565587
340707	2402.8399556565587
341284	2402.8399556565587
341857	2402.8399556565587
342436	2402.8399556565587
343022	2402.8399556565587
343605	2402.8399556565587
344192	2402.8399556565587
344773	2402.8399556565587
345350	2402.8399556565587
345930	2402.8399556565587
346511	2402.8399556565587
347111	2402.8399556565587
347701	2402.8399556565587
348284	2402.8399556565587
348868	2402.8399556565587
349454	2402.8399556565587
350041	2402.8399556565587
352117	2402.8399556565587
352712	2402.8399556565587
353304	2402.8399556565587
353886	2402.8399556565587
354466	2402.8399556565587
355055	2402.8399556565587
355634	2402.8399556565587
356213	2402.8399556565587
356797	2402.8399556565587
357380	2402.8399556565587
357967	2402.8399556565587
358551	2402.8399556565587
359143	2402.8399556565587
359732	2402.8399556565587
360326	2402.8399556565587
360922	2402.8399556565587
361511	2402.8399556565587
362103	2402.8399556565587
362681	2402.8399556565587
363266	2402.8399556565587
365576	2402.8399556565587
366161	2402.8399556565587
366745	2402.8399556565587
367330	2402.8399556565587
367920	2402.8399556565587
368520	2402.8399556565587
369107	2402.8399556565587
369696	2402.8399556565587
370290	2402.8399556565587
370892	2402.8399556565587
372969	2402.8399556565587
373561	2402.8399556565587
374152	2402.8399556565587
374741	2402.8399556565587
375338	2402.8399556565587
375934	2402.8399556565587
376532	2402.8399556565587
377130	2402.8399556565587
377725	2402.8399556565587
378338	2402.8399556565587
378938	2402.8399556565587
379530	2402.8399556565587
380126	2402.8399556565587
380701	2402.8399556565587
381271	2402.8399556565587
381843	2402.8399556565587
382420	2402.8399556565587
382998	2402.8399556565587
383571	2402.8399556565587
384129	2402.8399556565587
387827	2402.8399556565587
388391	2402.8399556565587
388957	2402.8399556565587
389523	2402.8399556565587
390085	2402.8399556565587
390647	2402.8399556565587
391213	2402.8399556565587
391779	2402.8399556565587
392345	2402.8399556565587
392913	2402.8399556565587
393487	2402.8399556565587
394070	2402.8399556565587
394644	2402.8399556565587
395215	2402.8399556565587
395791	2402.8399556565587
396366	2402.8399556565587
396941	2402.8399556565587
397516	2402.8399556565587
398086	2402.8399556565587
398661	2402.8399556565587
400989	2402.8399556565587
401567	2402.8399556565587
402139	2402.8399556565587
402715	2402.8399556565587
403291	2402.8399556565587
403866	2402.8399556565587
404435	2402.8399556565587
405007	2402.8399556565587
405576	2402.8399556565587
406154	2402.8399556565587
406731	2402.8399556565587
407308	2402.8399556565587
407884	2402.8399556565587
408462	2402.8399556565587
409037	2402.8399556565587
409615	2402.8399556565587
410193	2402.8399556565587
410771	2402.8399556565587
411351	2402.8399556565587
411929	2402.8399556565587
413993	2402.8399556565587
414573	2402.8399556565587
415150	2402.8399556565587
415730	2402.8399556565587
416316	2402.8399556565587
416907	2402.8399556565587
417496	2402.8399556565587
418083	2402.8399556565587
418665	2402.8399556565587
419248	2402.8399556565587
419832	2402.8399556565587
420419	2402.8399556565587
421001	2402.8399556565587
421582	2402.8399556565587
422163	2402.8399556565587
422746	2402.8399556565587
423331	2402.8399556565587
423924	2402.8399556565587
424513	2402.8399556565587
425099	2402.8399556565587
427073	2402.8399556565587
427662	2402.8399556565587
428248	2402.8399556565587
428835	2402.8399556565587
429429	2402.8399556565587
430009	2402.8399556565587
430602	2402.8399556565587
431194	2402.8399556565587
431788	2402.8399556565587
432368	2402.8399556565587
434189	2402.8399556565587
434771	2402.8399556565587
435352	2402.8399556565587
435937	2402.8399556565587
436536	2402.8399556565587
437123	2402.8399556565587
437712	2402.8399556565587
438303	2402.8399556565587
438899	2402.8399556565587
439488	2402.8399556565587
440080	2402.8399556565587
440666	2402.8399556565587
441257	2402.8399556565587
441856	2402.8399556565587
442442	2402.8399556565587
443025	2402.8399556565587
443612	2402.8399556565587
444200	2402.8399556565587
444788	2402.8399556565587
445374	2402.8399556565587
448240	2402.8399556565587
448828	2402.8399556565587
449423	2402.8399556565587
450011	2402.8399556565587
450603	2402.8399556565587
451194	2402.8399556565587
451792	2402.8399556565587
452381	2402.8399556565587
452973	2402.8399556565587
453566	2402.8399556565587
454157	2402.8399556565587
454747	2402.8399556565587
455342	2402.8399556565587
455937	2402.8399556565587
456527	2402.8399556565587
457109	2402.8399556565587
457695	2402.8399556565587
458280	2402.8399556565587
458874	2402.8399556565587
459473	2402.8399556565587
461249	2402.8399556565587
461844	2402.8399556565587
462436	2402.8399556565587
463029	2402.8399556565587
463623	2402.8399556565587
464199	2402.8399556565587
464771	2402.8399556565587
465346	2402.8399556565587
465918	2402.8399556565587
466498	2402.8399556565587
467069	2402.8399556565587
467660	2402.8399556565587
468250	2402.8399556565587
468843	2402.8399556565587
469429	2402.8399556565587
470022	2402.8399556565587
470612	2402.8399556565587
471204	2402.8399556565587
471795	2402.8399556565587
472394	2402.8399556565587
474529	2402.8399556565587
475120	2402.8399556565587
475718	2402.8399556565587
476310	2402.8399556565587
476908	2402.8399556565587
477494	2402.8399556565587
478084	2402.8399556565587
478678	2402.8399556565587
479271	2402.8399556565587
479860	2402.8399556565587
480452	2402.8399556565587
481044	2402.8399556565587
481649	2402.8399556565587
482245	2402.8399556565587
482831	2402.8399556565587
483418	2402.8399556565587
484003	2402.8399556565587
484581	2402.8399556565587
485156	2402.8399556565587
485738	2402.8399556565587
489973	2402.8399556565587
490556	2402.8399556565587
491133	2402.8399556565587
491705	2402.8399556565587
492288	2402.8399556565587
492862	2402.8399556565587
493445	2402.8399556565587
494023	2402.8399556565587
494601	2402.8399556565587
495180	2402.8399556565587
496936	2397.8488131538334
499584	2397.8488131072927
500163	2397.8488131072927
