500	3421.128534583866
1089	3141.9974306781455
1667	3112.7070478626474
2242	3004.4499280409855
2816	2950.9419050326114
3390	2859.0991527426386
3964	2826.952609383346
4531	2815.987256486853
5096	2752.1113597261738
5658	2752.1113597261738
6223	2752.1113597261738
6783	2752.1113597261738
7341	2752.1113597261738
7904	2718.271581057619
8465	2718.271581057619
9025	2718.271581057619
9581	2718.271581057619
10138	2704.158154576681
10695	2704.158154576681
11252	2704.158154576681
11808	2704.158154576681
12368	2704.158154576681
12925	2704.158154576681
13483	2700.4255133741653
14042	2669.404542445792
14596	2669.404542445792
15152	2669.404542445792
15708	2669.404542445792
16263	2669.404542445792
16821	2669.404542445792
17378	2669.404542445792
17934	2669.404542445792
18491	2669.404542445792
19048	2669.404542445792
19604	2669.404542445792
20165	2669.404542445792
20721	2669.404542445792
21276	2669.404542445792
21831	2669.404542445792
22387	2669.404542445792
22942	2669.404542445792
23498	2669.404542445792
24054	2669.404542445792
24607	2669.404542445792
25162	2669.404542445792
29603	2388.4189793377427
30161	2388.4189793377427
30719	2388.4189793377427
31278	2388.4189793377427
31836	2388.4189793377427
32395	2388.4189793377427
32953	2388.4189793377427
33511	2388.4189793377427
34065	2388.4189793377427
34620	2388.4189793377427
35179	2388.4189793377427
35742	2388.4189793377427
36306	2388.4189793377427
36866	2388.4189793377427
37425	2388.4189793377427
37983	2388.4189793377427
38540	2388.4189793377427
39099	2388.4189793377427
39660	2388.4189793377427
40222	2388.4189793377427
40779	2388.4189793377427
41341	2388.4189793377427
41898	2388.4189793377427
42454	2388.4189793377427
43014	2388.4189793377427
43577	2388.4189793377427
45317	2380.1045460118903
47719	2380.104545801414
48288	2380.104545801414
48859	2380.104545801414
49424	2380.104545801414
49992	2380.104545801414
50560	2380.104545801414
51124	2380.104545801414
51691	2380.104545801414
52259	2380.104545801414
52822	2380.104545801414
53389	2380.104545801414
53956	2380.104545801414
54524	2380.104545801414
55087	2380.104545801414
55654	2380.104545801414
56221	2380.104545801414
56787	2380.104545801414
57355	2380.104545801414
57923	2380.104545801414
60915	2380.104545801414
61487	2380.104545801414
62058	2380.104545801414
62627	2380.104545801414
63194	2380.104545801414
63760	2380.104545801414
64323	2380.104545801414
64889	2380.104545801414
65456	2380.104545801414
66018	2380.104545801414
66586	2380.104545801414
67153	2380.104545801414
67717	2380.104545801414
68285	2380.104545801414
68854	2380.104545801414
69426	2380.104545801414
69994	2380.104545801414
70560	2380.104545801414
71131	2380.104545801414
71695	2380.104545801414
74086	2380.104545801414
74658	2380.104545801414
75228	2380.104545801414
75798	2380.104545801414
76366	2380.104545801414
76940	2380.104545801414
77512	2380.104545801414
78078	2380.104545801414
78653	2380.104545801414
79222	2380.104545801414
79795	2380.104545801414
80360	2380.104545801414
80932	2380.104545801414
81499	2380.104545801414
82066	2380.104545801414
82637	2380.104545801414
83209	2380.104545801414
83780	2380.104545801414
84352	2380.104545801414
84926	2380.104545801414
86978	2360.6591145546554
89621	2360.65911429274
90194	2360.65911429274
90766	2360.65911429274
91335	2360.65911429274
91910	2360.65911429274
92484	2360.65911429274
93056	2360.65911429274
93627	2360.65911429274
94200	2360.65911429274
94771	2360.65911429274
95340	2360.65911429274
95911	2360.65911429274
96486	2360.65911429274
97059	2360.65911429274
97635	2360.65911429274
98208	2360.65911429274
98783	2360.65911429274
99353	2360.65911429274
99929	2360.65911429274
103696	2360.65911429274
104273	2360.65911429274
104849	2360.65911429274
105421	2360.65911429274
105998	2360.65911429274
106566	2360.65911429274
107139	2360.65911429274
107716	2360.65911429274
108291	2360.65911429274
108864	2360.65911429274
109439	2360.65911429274
110015	2360.65911429274
110591	2360.65911429274
111164	2360.65911429274
111741	2360.65911429274
112317	2360.65911429274
112888	2360.65911429274
113462	2360.65911429274
114036	2360.65911429274
114607	2360.65911429274
116640	2360.65911429274
117218	2360.65911429274
117792	2360.65911429274
118366	2360.65911429274
118939	2360.65911429274
119517	2360.65911429274
120087	2360.65911429274
120662	2360.65911429274
121240	2360.65911429274
121815	2360.65911429274
122391	2360.65911429274
122963	2360.65911429274
123536	2360.65911429274
124114	2360.65911429274
124685	2360.65911429274
125259	2360.65911429274
125832	2360.65911429274
126404	2360.65911429274
126980	2360.65911429274
127553	2360.65911429274
131416	2360.65911429274
131989	2360.65911429274
132564	2360.65911429274
133139	2360.65911429274
133713	2360.65911429274
134283	2360.65911429274
134848	2360.65911429274
135427	2360.65911429274
136000	2360.65911429274
136572	2360.65911429274
137144	2360.65911429274
137712	2360.65911429274
138294	2360.65911429274
138870	2360.65911429274
139440	2360.65911429274
140011	2360.65911429274
140580	2360.65911429274
141154	2360.65911429274
141720	2360.65911429274
142293	2360.65911429274
144680	2360.65911429274
145256	2360.65911429274
145835	2360.65911429274
146409	2360.65911429274
146983	2360.65911429274
147563	2360.65911429274
148139	2360.65911429274
148715	2360.65911429274
149285	2360.65911429274
149858	2360.65911429274
150431	2360.65911429274
151003	2360.65911429274
151575	2360.65911429274
152146	2360.65911429274
152720	2360.65911429274
153301	2360.65911429274
153874	2360.65911429274
154448	2360.65911429274
155030	2360.65911429274
155605	2360.65911429274
158769	2360.65911429274
159342	2360.65911429274
159917	2360.65911429274
160491	2360.65911429274
161067	2360.65911429274
161640	2360.65911429274
162214	2360.65911429274
162789	2360.65911429274
163365	2360.65911429274
163939	2360.65911429274
166918	2360.65911429274
167497	2360.65911429274
168069	2360.65911429274
168641	2360.65911429274
169216	2360.65911429274
169790	2360.65911429274
170365	2360.65911429274
170943	2360.65911429274
171514	2360.65911429274
172089	2360.65911429274
172669	2360.65911429274
173246	2360.65911429274
173821	2360.65911429274
174403	2360.65911429274
174986	2360.65911429274
175561	2360.65911429274
176136	2360.65911429274
176710	2360.65911429274
177284	2360.65911429274
177863	2360.65911429274
182313	2360.65911429274
182888	2360.65911429274
183468	2360.65911429274
184049	2360.65911429274
184627	2360.65911429274
185212	2360.65911429274
185791	2360.65911429274
186366	2360.65911429274
186944	2360.65911429274
187526	2360.65911429274
188108	2360.65911429274
188685	2360.65911429274
189261	2360.65911429274
189839	2360.65911429274
190421	2360.65911429274
190997	2360.65911429274
191572	2360.65911429274
192153	2360.65911429274
192726	2360.65911429274
193307	2360.65911429274
196376	2360.65911429274
196952	2360.65911429274
197529	2360.65911429274
198105	2360.65911429274
198683	2360.65911429274
199258	2360.65911429274
199841	2360.65911429274
200421	2360.65911429274
201002	2360.65911429274
201576	2360.65911429274
202155	2360.65911429274
202740	2360.65911429274
203317	2360.65911429274
203896	2360.65911429274
204476	2360.65911429274
205053	2360.65911429274
205630	2360.65911429274
206202	2360.65911429274
206783	2360.65911429274
207356	2360.65911429274
210428	2360.65911429274
211003	2360.65911429274
211580	2360.65911429274
212164	2360.65911429274
212743	2360.65911429274
213324	2360.65911429274
213908	2360.65911429274
214490	2360.65911429274
215071	2360.65911429274
215654	2360.65911429274
216231	2360.65911429274
216812	2360.65911429274
217390	2360.65911429274
217973	2360.65911429274
218551	2360.65911429274
219128	2360.65911429274
219712	2360.65911429274
220291	2360.65911429274
220869	2360.65911429274
221454	2360.65911429274
224760	2360.65911429274
225339	2360.65911429274
225925	2360.65911429274
226509	2360.65911429274
227095	2360.65911429274
227679	2360.65911429274
228256	2360.65911429274
228832	2360.65911429274
229412	2360.65911429274
229982	2360.65911429274
233127	2360.65911429274
233704	2360.65911429274
234280	2360.65911429274
234856	2360.65911429274
235427	2360.65911429274
235998	2360.65911429274
236574	2360.65911429274
237154	2360.65911429274
237735	2360.65911429274
238313	2360.65911429274
238887	2360.65911429274
239467	2360.65911429274
240044	2360.65911429274
240621	2360.65911429274
241201	2360.65911429274
241776	2360.65911429274
242356	2360.65911429274
242936	2360.65911429274
243512	2360.65911429274
244091	2360.65911429274
246700	2360.65911429274
247282	2360.65911429274
247863	2360.65911429274
248444	2360.65911429274
249020	2360.65911429274
249599	2360.65911429274
250169	2360.65911429274
250747	2360.65911429274
251322	2360.65911429274
251899	2360.65911429274
252474	2360.65911429274
253053	2360.65911429274
253629	2360.65911429274
254207	2360.65911429274
254798	2360.65911429274
255388	2360.65911429274
255969	2360.65911429274
256550	2360.65911429274
257121	2360.65911429274
257698	2360.65911429274
260212	2360.65911429274
260786	2360.65911429274
261363	2360.65911429274
261933	2360.65911429274
262506	2360.65911429274
263082	2360.65911429274
263653	2360.65911429274
264228	2360.65911429274
264803	2360.65911429274
265381	2360.65911429274
265957	2360.65911429274
266531	2360.65911429274
267106	2360.65911429274
267684	2360.65911429274
268262	2360.65911429274
268841	2360.65911429274
269421	2360.65911429274
269997	2360.65911429274
270582	2360.65911429274
271162	2360.65911429274
275035	2360.65911429274
275614	2360.65911429274
276197	2360.65911429274
276777	2360.65911429274
277355	2360.65911429274
277931	2360.65911429274
278507	2360.65911429274
279083	2360.65911429274
279665	2360.65911429274
280243	2360.65911429274
280830	2360.65911429274
281409	2360.65911429274
281989	2360.65911429274
282571	2360.65911429274
283163	2360.65911429274
283753	2360.65911429274
284338	2360.65911429274
284921	2360.65911429274
285504	2360.65911429274
286084	2360.65911429274
291111	2360.65911429274
291683	2360.65911429274
292256	2360.65911429274
292833	2360.65911429274
293410	2360.65911429274
293991	2360.65911429274
294566	2360.65911429274
295141	2360.65911429274
295720	2360.65911429274
296299	2360.65911429274
298806	2360.65911429274
299387	2360.65911429274
299966	2360.65911429274
300546	2360.65911429274
301131	2360.65911429274
301718	2360.65911429274
302303	2360.65911429274
302888	2360.65911429274
303474	2360.65911429274
304057	2360.65911429274
304647	2360.65911429274
305227	2360.65911429274
305806	2360.65911429274
306385	2360.65911429274
306966	2360.65911429274
307552	2360.65911429274
308134	2360.65911429274
308715	2360.65911429274
309311	2360.65911429274
309893	2360.65911429274
313975	2360.65911429274
314555	2360.65911429274
315129	2360.65911429274
315707	2360.65911429274
316284	2360.65911429274
316857	2360.65911429274
317431	2360.65911429274
317999	2360.65911429274
318566	2360.65911429274
319142	2360.65911429274
319719	2360.65911429274
320296	2360.65911429274
320883	2360.65911429274
321461	2360.65911429274
322036	2360.65911429274
322613	2360.65911429274
323189	2360.65911429274
323772	2360.65911429274
324359	2360.65911429274
324946	2360.65911429274
326984	2360.65911429274
327566	2360.65911429274
328143	2360.65911429274
328725	2360.65911429274
329303	2360.65911429274
329877	2360.65911429274
330453	2360.65911429274
331031	2360.65911429274
331606	2360.65911429274
332182	2360.65911429274
332753	2360.65911429274
333327	2360.65911429274
333900	2360.65911429274
334478	2360.65911429274
335051	2360.65911429274
335626	2360.65911429274
336202	2360.65911429274
336780	2360.65911429274
337358	2360.65911429274
337943	2360.65911429274
342315	2360.65911429274
342894	2360.65911429274
343470	2360.65911429274
344051	2360.65911429274
344626	2360.65911429274
345201	2360.65911429274
345777	2360.65911429274
346352	2360.65911429274
346927	2360.65911429274
347508	2360.65911429274
348092	2360.65911429274
348676	2360.65911429274
349260	2360.65911429274
349834	2360.65911429274
350414	2360.65911429274
350996	2360.65911429274
351576	2360.65911429274
352160	2360.65911429274
352743	2360.65911429274
353325	2360.65911429274
355978	2360.65911429274
356558	2360.65911429274
357136	2360.65911429274
357716	2360.65911429274
358295	2360.65911429274
358878	2360.65911429274
359458	2360.65911429274
360038	2360.65911429274
360622	2360.65911429274
361200	2360.65911429274
363334	2360.65911429274
363920	2360.65911429274
364502	2360.65911429274
365085	2360.65911429274
365680	2360.65911429274
366269	2360.65911429274
366848	2360.65911429274
367427	2360.65911429274
368001	2360.65911429274
368582	2360.65911429274
369157	2360.65911429274
369733	2360.65911429274
370305	2360.65911429274
370878	2360.65911429274
371456	2360.65911429274
372034	2360.65911429274
372614	2360.65911429274
373189	2360.65911429274
373770	2360.65911429274
374349	2360.65911429274
376488	2360.65911429274
377072	2360.65911429274
377656	2360.65911429274
378230	2360.65911429274
378814	2360.65911429274
379392	2360.65911429274
379970	2360.65911429274
380551	2360.65911429274
381124	2360.65911429274
381701	2360.65911429274
382279	2360.65911429274
382858	2360.65911429274
383441	2360.65911429274
384021	2360.65911429274
384602	2360.65911429274
385179	2360.65911429274
385761	2360.65911429274
386338	2360.65911429274
386921	2360.65911429274
387502	2360.65911429274
389481	2360.65911429274
390066	2360.65911429274
390647	2360.65911429274
391231	2360.65911429274
391811	2360.65911429274
392394	2360.65911429274
392976	2360.65911429274
393562	2360.65911429274
394145	2360.65911429274
394724	2360.65911429274
395308	2360.65911429274
395891	2360.65911429274
396473	2360.65911429274
397054	2360.65911429274
397635	2360.65911429274
398214	2360.65911429274
398791	2360.65911429274
399369	2360.65911429274
399949	2360.65911429274
400525	2360.65911429274
402514	2360.65911429274
403092	2360.65911429274
403673	2360.65911429274
404250	2360.65911429274
404828	2360.65911429274
405408	2360.65911429274
405992	2360.65911429274
406573	2360.65911429274
407154	2360.65911429274
407735	2360.65911429274
408317	2360.65911429274
408902	2360.65911429274
409491	2360.65911429274
410078	2360.65911429274
410661	2360.65911429274
411240	2360.65911429274
411820	2360.65911429274
412403	2360.65911429274
412988	2360.65911429274
413572	2360.65911429274
416125	2360.65911429274
416712	2360.65911429274
417295	2360.65911429274
417878	2360.65911429274
418462	2360.65911429274
419050	2360.65911429274
419633	2360.65911429274
420217	2360.65911429274
420798	2360.65911429274
421381	2360.65911429274
423280	2360.65911429274
423872	2360.65911429274
424459	2360.65911429274
425044	2360.65911429274
425630	2360.65911429274
426217	2360.65911429274
426803	2360.65911429274
427391	2360.65911429274
427980	2360.65911429274
428564	2360.65911429274
429146	2360.65911429274
429735	2360.65911429274
430318	2360.65911429274
430906	2360.65911429274
431490	2360.65911429274
432075	2360.65911429274
432654	2360.65911429274
433234	2360.65911429274
433816	2360.65911429274
434396	2360.65911429274
436906	2360.65911429274
437487	2360.65911429274
438067	2360.65911429274
438649	2360.65911429274
439228	2360.65911429274
439804	2360.65911429274
440389	2360.65911429274
440976	2360.65911429274
441562	2360.65911429274
442143	2360.65911429274
442729	2360.65911429274
443315	2360.65911429274
443899	2360.65911429274
444485	2360.65911429274
445068	2360.65911429274
445645	2360.65911429274
446226	2360.65911429274
446806	2360.65911429274
447399	2360.65911429274
447989	2360.65911429274
451639	2360.65911429274
452229	2360.65911429274
452808	2360.65911429274
453389	2360.65911429274
453963	2360.65911429274
454536	2360.65911429274
455106	2360.65911429274
455669	2360.65911429274
456238	2360.65911429274
456799	2360.65911429274
457362	2360.65911429274
457935	2360.65911429274
458508	2360.65911429274
459077	2360.65911429274
459646	2360.65911429274
460220	2360.65911429274
460794	2360.65911429274
461365	2360.65911429274
461942	2360.65911429274
462515	2360.65911429274
464843	2360.65911429274
465417	2360.65911429274
465998	2360.65911429274
466573	2360.65911429274
467142	2360.65911429274
467714	2360.65911429274
468281	2360.65911429274
468856	2360.65911429274
469428	2360.65911429274
470002	2360.65911429274
470575	2360.65911429274
471148	2360.65911429274
471726	2360.65911429274
472300	2360.65911429274
472878	2360.65911429274
473457	2360.65911429274
474032	2360.65911429274
474607	2360.65911429274
475184	2360.65911429274
475761	2360.65911429274
477787	2360.65911429274
478363	2360.65911429274
478942	2360.65911429274
479522	2360.65911429274
480095	2360.65911429274
480673	2360.65911429274
481251	2360.65911429274
481830	2360.65911429274
482409	2360.65911429274
482987	2360.65911429274
484870	2360.65911429274
485447	2360.65911429274
486026	2360.65911429274
486604	2360.65911429274
487185	2360.65911429274
487768	2360.65911429274
488354	2360.65911429274
488940	2360.65911429274
489522	2360.65911429274
490101	2360.65911429274
490684	2360.65911429274
491266	2360.65911429274
491849	2360.65911429274
492430	2360.65911429274
493016	2360.65911429274
493598	2360.65911429274
494183	2360.65911429274
494773	2360.65911429274
495361	2360.65911429274
495946	2360.65911429274
498400	2360.65911429274
498980	2360.65911429274
499561	2360.65911429274
500145	2360.65911429274
