1000	474654280808.4228
2172	377216244022.3208
3334	308248830605.6679
4498	249863379427.92676
5656	197995584847.5424
6816	161991318347.35196
7975	145407257015.20654
9139	119235504374.63051
10296	102923112637.01208
11458	90895366651.13815
12627	82969190771.28336
13795	71278857494.76843
14956	65458528265.91452
16131	61740821335.70101
17307	55565332865.193665
18479	50526739112.22462
19652	46650758350.37709
20827	41459741728.09329
22000	38111541524.66411
23172	36263087604.774506
24350	33301154371.929485
25524	31927214907.079975
26704	29605966106.024406
27878	27702710065.113
29058	25695550623.190727
30241	24612200735.124474
31427	22085986830.276066
32605	20875401015.878567
33776	19029628872.258118
34958	18259536122.673286
36128	16466597922.664536
37298	15972232912.43498
38477	14915897487.542103
39661	14055992000.754082
40843	13374000056.99652
42024	12232942649.742422
43204	11352183664.911266
44387	10685164069.354008
45576	10234124163.12382
46758	9701991054.288374
47926	9132038621.472223
63535	2673.451697784539
77379	100.0000632944226
89712	100.00006320153892
90889	100.00006320153892
92065	100.00006320153892
93237	100.00006320153892
94408	100.00006320153892
95579	100.00006320153892
96747	100.00006320153892
97917	100.00006320153892
99087	100.00006320153892
100257	100.00006320153892
101431	100.00006320153892
102605	100.00006320153892
103773	100.00006320153892
104946	100.00006320153892
106111	100.00006320153892
107285	100.00006320153892
108453	100.00006320153892
109625	100.00006320153892
110802	100.00006320153892
111976	100.00006320153892
113149	100.00006320153892
114320	100.00006320153892
115476	100.00006320153892
116635	100.00006320153892
117797	100.00006320153892
118954	100.00006320153892
120110	100.00006320153892
121270	100.00006320153892
129067	100.00006320153892
130227	100.00006320153892
131390	100.00006320153892
132561	100.00006320153892
133729	100.00006320153892
134893	100.00006320153892
136068	100.00006320153892
137241	100.00006320153892
138419	100.00006320153892
139589	100.00006320153892
148906	100.00006320153892
150075	100.00006320153892
151249	100.00006320153892
152425	100.00006320153892
153596	100.00006320153892
154767	100.00006320153892
155945	100.00006320153892
157119	100.00006320153892
158297	100.00006320153892
159465	100.00006320153892
160637	100.00006320153892
161812	100.00006320153892
162989	100.00006320153892
164163	100.00006320153892
165337	100.00006320153892
166507	100.00006320153892
167684	100.00006320153892
168859	100.00006320153892
170038	100.00006320153892
171220	100.00006320153892
181347	100.00006320153892
182523	100.00006320153892
183705	100.00006320153892
184885	100.00006320153892
186070	100.00006320153892
187252	100.00006320153892
188431	100.00006320153892
189607	100.00006320153892
190786	100.00006320153892
191964	100.00006320153892
193151	100.00006320153892
194338	100.00006320153892
195521	100.00006320153892
196703	100.00006320153892
197882	100.00006320153892
199054	100.00006320153892
200234	100.00006320153892
201414	100.00006320153892
202589	100.00006320153892
203770	100.00006320153892
215014	100.00006320153892
216205	100.00006320153892
217382	100.00006320153892
218553	100.00006320153892
219725	100.00006320153892
220903	100.00006320153892
222083	100.00006320153892
223266	100.00006320153892
224440	100.00006320153892
225617	100.00006320153892
226796	100.00006320153892
227972	100.00006320153892
229150	100.00006320153892
230324	100.00006320153892
231504	100.00006320153892
232682	100.00006320153892
233855	100.00006320153892
235033	100.00006320153892
236216	100.00006320153892
237407	100.00006320153892
247960	100.00006320153892
249145	100.00006320153892
250331	100.00006320153892
251515	100.00006320153892
252704	100.00006320153892
253884	100.00006320153892
255070	100.00006320153892
256260	100.00006320153892
257440	100.00006320153892
258627	100.00006320153892
259809	100.00006320153892
260987	100.00006320153892
262164	100.00006320153892
263346	100.00006320153892
264526	100.00006320153892
265713	100.00006320153892
266899	100.00006320153892
268083	100.00006320153892
269264	100.00006320153892
270446	100.00006320153892
275474	100.00005446962561
285999	100.00004638681962
287188	100.00004638681962
288374	100.00004638681962
289558	100.00004638681962
290744	100.00004638681962
291921	100.00004638681962
293095	100.00004638681962
294280	100.00004638681962
295456	100.00004638681962
296635	100.00004638681962
297817	100.00004638681962
298998	100.00004638681962
300181	100.00004638681962
301375	100.00004638681962
302555	100.00004638681962
303742	100.00004638681962
304928	100.00004638681962
306107	100.00004638681962
307286	100.00004638681962
319837	100.00004638681962
321020	100.00004638681962
322202	100.00004638681962
323378	100.00004638681962
324558	100.00004638681962
325731	100.00004638681962
326906	100.00004638681962
328084	100.00004638681962
329262	100.00004638681962
330437	100.00004638681962
331618	100.00004638681962
332796	100.00004638681962
333970	100.00004638681962
335146	100.00004638681962
336326	100.00004638681962
337496	100.00004638681962
338675	100.00004638681962
339853	100.00004638681962
341033	100.00004638681962
342218	100.00004638681962
355669	100.00004638681962
356848	100.00004638681962
358027	100.00004638681962
359209	100.00004638681962
360395	100.00004638681962
361578	100.00004638681962
362763	100.00004638681962
363943	100.00004638681962
365129	100.00004638681962
366319	100.00004638681962
367502	100.00004638681962
368683	100.00004638681962
369855	100.00004638681962
371034	100.00004638681962
372221	100.00004638681962
373400	100.00004638681962
374579	100.00004638681962
375759	100.00004638681962
376938	100.00004638681962
378119	100.00004638681962
389962	100.00004638681962
391138	100.00004638681962
392321	100.00004638681962
393503	100.00004638681962
394697	100.00004638681962
395887	100.00004638681962
397070	100.00004638681962
398253	100.00004638681962
399452	100.00004638681962
400633	100.00004638681962
401808	100.00004638681962
402989	100.00004638681962
404173	100.00004638681962
405354	100.00004638681962
406536	100.00004638681962
407718	100.00004638681962
408899	100.00004638681962
410078	100.00004638681962
411257	100.00004638681962
412444	100.00004638681962
421985	100.00004638681962
423164	100.00004638681962
424343	100.00004638681962
425523	100.00004638681962
426712	100.00004638681962
427901	100.00004638681962
429085	100.00004638681962
430277	100.00004638681962
431460	100.00004638681962
432650	100.00004638681962
433837	100.00004638681962
435020	100.00004638681962
436213	100.00004638681962
437402	100.00004638681962
438587	100.00004638681962
439773	100.00004638681962
440962	100.00004638681962
442146	100.00004638681962
443330	100.00004638681962
444518	100.00004638681962
453747	100.00004638681962
454928	100.00004638681962
456112	100.00004638681962
457290	100.00004638681962
458474	100.00004638681962
459653	100.00004638681962
460828	100.00004638681962
462010	100.00004638681962
463192	100.00004638681962
464384	100.00004638681962
471213	100.00004638681962
472400	100.00004638681962
473587	100.00004638681962
474779	100.00004638681962
475965	100.00004638681962
477152	100.00004638681962
478343	100.00004638681962
479529	100.00004638681962
480712	100.00004638681962
481897	100.00004638681962
483079	100.00004638681962
484266	100.00004638681962
485442	100.00004638681962
486631	100.00004638681962
487808	100.00004638681962
488984	100.00004638681962
490161	100.00004638681962
491343	100.00004638681962
492519	100.00004638681962
493701	100.00004638681962
503646	100.00004638681962
504820	100.00004638681962
505996	100.00004638681962
507185	100.00004638681962
508376	100.00004638681962
509570	100.00004638681962
510752	100.00004638681962
511937	100.00004638681962
513126	100.00004638681962
514312	100.00004638681962
515495	100.00004638681962
516669	100.00004638681962
517853	100.00004638681962
519044	100.00004638681962
520227	100.00004638681962
521409	100.00004638681962
522588	100.00004638681962
523774	100.00004638681962
524961	100.00004638681962
526145	100.00004638681962
534173	100.00004638681962
535355	100.00004638681962
536537	100.00004638681962
537723	100.00004638681962
538901	100.00004638681962
540082	100.00004638681962
541275	100.00004638681962
542460	100.00004638681962
543642	100.00004638681962
544821	100.00004638681962
546011	100.00004638681962
547195	100.00004638681962
548375	100.00004638681962
549568	100.00004638681962
550754	100.00004638681962
551939	100.00004638681962
553113	100.00004638681962
554302	100.00004638681962
555492	100.00004638681962
556675	100.00004638681962
568618	100.00004638681962
569800	100.00004638681962
570979	100.00004638681962
572164	100.00004638681962
573342	100.00004638681962
574524	100.00004638681962
575703	100.00004638681962
576893	100.00004638681962
578073	100.00004638681962
579257	100.00004638681962
580435	100.00004638681962
581623	100.00004638681962
582812	100.00004638681962
584004	100.00004638681962
585191	100.00004638681962
586381	100.00004638681962
587562	100.00004638681962
588746	100.00004638681962
589933	100.00004638681962
591117	100.00004638681962
601847	100.00004638681962
603035	100.00004638681962
604228	100.00004638681962
605402	100.00004638681962
606583	100.00004638681962
607760	100.00004638681962
608935	100.00004638681962
610115	100.00004638681962
611287	100.00004638681962
612462	100.00004638681962
624902	100.00004638681962
626083	100.00004638681962
627259	100.00004638681962
628441	100.00004638681962
629625	100.00004638681962
630823	100.00004638681962
632013	100.00004638681962
633192	100.00004638681962
634375	100.00004638681962
635562	100.00004638681962
636746	100.00004638681962
637933	100.00004638681962
639106	100.00004638681962
640290	100.00004638681962
641465	100.00004638681962
642645	100.00004638681962
643824	100.00004638681962
645008	100.00004638681962
646198	100.00004638681962
647385	100.00004638681962
658119	100.00004638681962
659306	100.00004638681962
660484	100.00004638681962
661665	100.00004638681962
662839	100.00004638681962
664020	100.00004638681962
665195	100.00004638681962
666375	100.00004638681962
667549	100.00004638681962
668728	100.00004638681962
669900	100.00004638681962
671071	100.00004638681962
672250	100.00004638681962
673420	100.00004638681962
674594	100.00004638681962
675776	100.00004638681962
676947	100.00004638681962
678120	100.00004638681962
679296	100.00004638681962
680472	100.00004638681962
690496	100.00004638681962
691674	100.00004638681962
692853	100.00004638681962
694030	100.00004638681962
695211	100.00004638681962
696387	100.00004638681962
697565	100.00004638681962
698740	100.00004638681962
699916	100.00004638681962
701099	100.00004638681962
702280	100.00004638681962
703463	100.00004638681962
704639	100.00004638681962
705822	100.00004638681962
707001	100.00004638681962
708185	100.00004638681962
709357	100.00004638681962
710534	100.00004638681962
711707	100.00004638681962
712887	100.00004638681962
725442	100.00004638681962
726618	100.00004638681962
727795	100.00004638681962
728980	100.00004638681962
730161	100.00004638681962
731342	100.00004638681962
732518	100.00004638681962
733697	100.00004638681962
734877	100.00004638681962
736058	100.00004638681962
737236	100.00004638681962
738416	100.00004638681962
739594	100.00004638681962
740768	100.00004638681962
741939	100.00004638681962
743111	100.00004638681962
744281	100.00004638681962
745456	100.00004638681962
746645	100.00004638681962
747833	100.00004638681962
759670	100.00004638681962
760852	100.00004638681962
762036	100.00004638681962
763214	100.00004638681962
764393	100.00004638681962
765569	100.00004638681962
766741	100.00004638681962
767921	100.00004638681962
769100	100.00004638681962
770278	100.00004638681962
781012	100.00004638681962
782191	100.00004638681962
783365	100.00004638681962
784535	100.00004638681962
785706	100.00004638681962
786886	100.00004638681962
788066	100.00004638681962
789245	100.00004638681962
790429	100.00004638681962
791605	100.00004638681962
792779	100.00004638681962
793958	100.00004638681962
795141	100.00004638681962
796314	100.00004638681962
797488	100.00004638681962
798659	100.00004638681962
799833	100.00004638681962
801008	100.00004638681962
802188	100.00004638681962
803371	100.00004638681962
815215	100.00004638681962
816400	100.00004638681962
817590	100.00004638681962
818766	100.00004638681962
819950	100.00004638681962
821135	100.00004638681962
822314	100.00004638681962
823492	100.00004638681962
824669	100.00004638681962
825849	100.00004638681962
827029	100.00004638681962
828210	100.00004638681962
829387	100.00004638681962
830564	100.00004638681962
831743	100.00004638681962
832914	100.00004638681962
834089	100.00004638681962
835259	100.00004638681962
836437	100.00004638681962
837613	100.00004638681962
849155	100.00004638681962
850334	100.00004638681962
851509	100.00004638681962
852685	100.00004638681962
853860	100.00004638681962
855033	100.00004638681962
856216	100.00004638681962
857398	100.00004638681962
858576	100.00004638681962
859755	100.00004638681962
860927	100.00004638681962
862104	100.00004638681962
863282	100.00004638681962
864464	100.00004638681962
865643	100.00004638681962
866826	100.00004638681962
868003	100.00004638681962
869178	100.00004638681962
870364	100.00004638681962
871549	100.00004638681962
881475	100.00004638681962
882651	100.00004638681962
883825	100.00004638681962
885003	100.00004638681962
886180	100.00004638681962
887355	100.00004638681962
888531	100.00004638681962
889708	100.00004638681962
890887	100.00004638681962
892062	100.00004638681962
893242	100.00004638681962
894412	100.00004638681962
895581	100.00004638681962
896753	100.00004638681962
897928	100.00004638681962
899095	100.00004638681962
900261	100.00004638681962
901429	100.00004638681962
902599	100.00004638681962
903775	100.00004638681962
916626	100.00004638681962
917800	100.00004638681962
918989	100.00004638681962
920169	100.00004638681962
921353	100.00004638681962
922536	100.00004638681962
923717	100.00004638681962
924897	100.00004638681962
926081	100.00004638681962
927249	100.00004638681962
935558	100.00004638681962
936733	100.00004638681962
937917	100.00004638681962
939096	100.00004638681962
940275	100.00004638681962
941454	100.00004638681962
942632	100.00004638681962
943812	100.00004638681962
944989	100.00004638681962
946173	100.00004638681962
947359	100.00004638681962
948539	100.00004638681962
949723	100.00004638681962
950904	100.00004638681962
952092	100.00004638681962
953270	100.00004638681962
954453	100.00004638681962
955641	100.00004638681962
956821	100.00004638681962
958005	100.00004638681962
966328	100.00004638681962
967509	100.00004638681962
968688	100.00004638681962
969864	100.00004638681962
971045	100.00004638681962
972222	100.00004638681962
973397	100.00004638681962
974581	100.00004638681962
975774	100.00004638681962
976958	100.00004638681962
978142	100.00004638681962
979324	100.00004638681962
980510	100.00004638681962
981694	100.00004638681962
982876	100.00004638681962
984064	100.00004638681962
985250	100.00004638681962
986433	100.00004638681962
987622	100.00004638681962
988812	100.00004638681962
998848	100.00004638681962
1000041	100.00004638681962
