1000	529147093357.7871
2148	508487471801.78235
3294	409521495338.6248
4439	391881078029.29645
5581	346563908067.3849
6725	322479717299.4295
7870	272675615149.45514
9013	263634983999.84375
10159	239863111158.91782
11302	204428940261.97467
12447	183097576195.09683
13588	170572457253.45288
14731	161577378904.71808
15873	140070809294.28683
17014	132371541132.75047
18154	125337820174.76567
19299	125293909600.56158
20444	111630019041.6881
21583	105646623528.26823
22724	94718547639.50597
23866	89293971220.31976
25008	76244713247.99571
26151	71143171185.10037
27295	64286343742.72894
28436	62737766725.35119
29576	55168349023.88867
30717	55168349023.88867
31857	52807426198.64818
33000	47359042660.58396
34139	36805904700.09532
35282	36805904700.09532
36422	36805904700.09532
37565	34320364100.486607
38706	29555285124.176414
39848	29555285124.176414
40989	24701257592.374004
42128	24343396277.255398
43270	21163006158.823193
44411	20485502760.513447
45552	20485502760.513447
46692	18088645792.017143
65897	100.00006369708703
78098	100.00006360886329
79246	100.00006360886329
80392	100.00006360886329
81537	100.00006360886329
82681	100.00006360886329
83829	100.00006360886329
84974	100.00006360886329
86119	100.00006360886329
87264	100.00006360886329
88411	100.00006360886329
89557	100.00006360886329
90705	100.00006360886329
91852	100.00006360886329
92997	100.00006360886329
94141	100.00006360886329
95285	100.00006360886329
96434	100.00006360886329
97580	100.00006360886329
98729	100.00006360886329
110624	100.00006360886329
111771	100.00006360886329
112914	100.00006360886329
114052	100.00006360886329
115185	100.00006360886329
116326	100.00006360886329
117461	100.00006360886329
118599	100.00006360886329
119739	100.00006360886329
120877	100.00006360886329
122017	100.00006360886329
123151	100.00006360886329
124292	100.00006360886329
125432	100.00006360886329
126567	100.00006360886329
127703	100.00006360886329
128840	100.00006360886329
129977	100.00006360886329
131111	100.00006360886329
132248	100.00006360886329
139749	100.00006262449519
151842	100.00006260994697
152979	100.00006260994697
154109	100.00006260994697
155242	100.00006260994697
156372	100.00006260994697
157505	100.00006260994697
158637	100.00006260994697
159771	100.00006260994697
160905	100.00006260994697
162035	100.00006260994697
163166	100.00006260994697
164295	100.00006260994697
165426	100.00006260994697
166562	100.00006260994697
167695	100.00006260994697
168828	100.00006260994697
169959	100.00006260994697
171090	100.00006260994697
172224	100.00006260994697
186626	100.00006260994697
187756	100.00006260994697
188889	100.00006260994697
190015	100.00006260994697
191140	100.00006260994697
192267	100.00006260994697
193393	100.00006260994697
194521	100.00006260994697
195650	100.00006260994697
196779	100.00006260994697
197907	100.00006260994697
199035	100.00006260994697
200162	100.00006260994697
201293	100.00006260994697
202420	100.00006260994697
203546	100.00006260994697
204672	100.00006260994697
205799	100.00006260994697
206927	100.00006260994697
208056	100.00006260994697
219336	100.00006260994697
220465	100.00006260994697
221594	100.00006260994697
222722	100.00006260994697
223850	100.00006260994697
224978	100.00006260994697
226108	100.00006260994697
227236	100.00006260994697
228366	100.00006260994697
229498	100.00006260994697
230630	100.00006260994697
231760	100.00006260994697
232893	100.00006260994697
234025	100.00006260994697
235158	100.00006260994697
236292	100.00006260994697
237427	100.00006260994697
238561	100.00006260994697
239697	100.00006260994697
240833	100.00006260994697
252623	100.00006260994697
253764	100.00006260994697
254905	100.00006260994697
256048	100.00006260994697
257189	100.00006260994697
258331	100.00006260994697
259473	100.00006260994697
260616	100.00006260994697
261757	100.00006260994697
262901	100.00006260994697
264046	100.00006260994697
265192	100.00006260994697
266336	100.00006260994697
267482	100.00006260994697
268628	100.00006260994697
269772	100.00006260994697
270918	100.00006260994697
272065	100.00006260994697
273209	100.00006260994697
274356	100.00006260994697
285849	100.00006260994697
286994	100.00006260994697
288138	100.00006260994697
289284	100.00006260994697
290426	100.00006260994697
291569	100.00006260994697
292711	100.00006260994697
293854	100.00006260994697
295000	100.00006260994697
296144	100.00006260994697
297288	100.00006260994697
298428	100.00006260994697
299571	100.00006260994697
300712	100.00006260994697
301851	100.00006260994697
302989	100.00006260994697
304129	100.00006260994697
305267	100.00006260994697
306408	100.00006260994697
307549	100.00006260994697
314647	100.00004754877398
325946	100.00004743913465
327094	100.00004743913465
328239	100.00004743913465
329383	100.00004743913465
330529	100.00004743913465
331672	100.00004743913465
332818	100.00004743913465
333964	100.00004743913465
335109	100.00004743913465
336256	100.00004743913465
337403	100.00004743913465
338549	100.00004743913465
339696	100.00004743913465
340844	100.00004743913465
341991	100.00004743913465
343136	100.00004743913465
344282	100.00004743913465
345427	100.00004743913465
346574	100.00004743913465
354348	100.00004743913465
355493	100.00004743913465
356642	100.00004743913465
357784	100.00004743913465
358922	100.00004743913465
360063	100.00004743913465
361203	100.00004743913465
362342	100.00004743913465
363482	100.00004743913465
364620	100.00004743913465
365760	100.00004743913465
366901	100.00004743913465
368041	100.00004743913465
369179	100.00004743913465
370320	100.00004743913465
371459	100.00004743913465
372599	100.00004743913465
373738	100.00004743913465
374879	100.00004743913465
376016	100.00004743913465
383078	100.00004743913465
384217	100.00004743913465
385358	100.00004743913465
386501	100.00004743913465
387641	100.00004743913465
388781	100.00004743913465
389922	100.00004743913465
391064	100.00004743913465
392209	100.00004743913465
393349	100.00004743913465
394490	100.00004743913465
395629	100.00004743913465
396768	100.00004743913465
397908	100.00004743913465
399047	100.00004743913465
400186	100.00004743913465
401329	100.00004743913465
402467	100.00004743913465
403604	100.00004743913465
404744	100.00004743913465
411706	100.00004743913465
412844	100.00004743913465
413982	100.00004743913465
415123	100.00004743913465
416262	100.00004743913465
417403	100.00004743913465
418542	100.00004743913465
419683	100.00004743913465
420822	100.00004743913465
421962	100.00004743913465
423102	100.00004743913465
424241	100.00004743913465
425378	100.00004743913465
426519	100.00004743913465
427658	100.00004743913465
428799	100.00004743913465
429946	100.00004743913465
431087	100.00004743913465
432226	100.00004743913465
433367	100.00004743913465
439729	100.00004743913465
440868	100.00004743913465
442009	100.00004743913465
443151	100.00004743913465
444291	100.00004743913465
445431	100.00004743913465
446572	100.00004743913465
447713	100.00004743913465
448858	100.00004743913465
450001	100.00004743913465
451143	100.00004743913465
452284	100.00004743913465
453427	100.00004743913465
454565	100.00004743913465
455704	100.00004743913465
456845	100.00004743913465
457985	100.00004743913465
459125	100.00004743913465
460268	100.00004743913465
461410	100.00004743913465
467672	100.00004743913465
468813	100.00004743913465
469951	100.00004743913465
471093	100.00004743913465
472234	100.00004743913465
473373	100.00004743913465
474514	100.00004743913465
475653	100.00004743913465
476791	100.00004743913465
477928	100.00004743913465
484192	100.00004743913465
485331	100.00004743913465
486472	100.00004743913465
487615	100.00004743913465
488753	100.00004743913465
489895	100.00004743913465
491037	100.00004743913465
492177	100.00004743913465
493318	100.00004743913465
494457	100.00004743913465
495596	100.00004743913465
496737	100.00004743913465
497877	100.00004743913465
499019	100.00004743913465
500161	100.00004743913465
501304	100.00004743913465
502449	100.00004743913465
503592	100.00004743913465
504732	100.00004743913465
505876	100.00004743913465
512139	100.00004743913465
513281	100.00004743913465
514422	100.00004743913465
515564	100.00004743913465
516705	100.00004743913465
517846	100.00004743913465
518988	100.00004743913465
520128	100.00004743913465
521268	100.00004743913465
522410	100.00004743913465
523552	100.00004743913465
524694	100.00004743913465
525836	100.00004743913465
526978	100.00004743913465
528119	100.00004743913465
529261	100.00004743913465
530403	100.00004743913465
531546	100.00004743913465
532689	100.00004743913465
533833	100.00004743913465
543007	100.00004743913465
544151	100.00004743913465
545297	100.00004743913465
546442	100.00004743913465
547589	100.00004743913465
548735	100.00004743913465
549882	100.00004743913465
551027	100.00004743913465
552172	100.00004743913465
553318	100.00004743913465
554465	100.00004743913465
555612	100.00004743913465
556759	100.00004743913465
557907	100.00004743913465
559056	100.00004743913465
560204	100.00004743913465
561354	100.00004743913465
562502	100.00004743913465
563651	100.00004743913465
564799	100.00004743913465
571872	100.00004743913465
573020	100.00004743913465
574168	100.00004743913465
575315	100.00004743913465
576462	100.00004743913465
577608	100.00004743913465
578752	100.00004743913465
579898	100.00004743913465
581043	100.00004743913465
582188	100.00004743913465
583335	100.00004743913465
584481	100.00004743913465
585622	100.00004743913465
586761	100.00004743913465
587902	100.00004743913465
589047	100.00004743913465
590188	100.00004743913465
591328	100.00004743913465
592469	100.00004743913465
593609	100.00004743913465
600672	100.00004743913465
601813	100.00004743913465
602954	100.00004743913465
604096	100.00004743913465
605236	100.00004743913465
606376	100.00004743913465
607516	100.00004743913465
608656	100.00004743913465
609793	100.00004743913465
610931	100.00004743913465
617893	100.00004743913465
619033	100.00004743913465
620172	100.00004743913465
621314	100.00004743913465
622457	100.00004743913465
623598	100.00004743913465
624738	100.00004743913465
625880	100.00004743913465
627022	100.00004743913465
628159	100.00004743913465
629301	100.00004743913465
630441	100.00004743913465
631580	100.00004743913465
632721	100.00004743913465
633862	100.00004743913465
635004	100.00004743913465
636142	100.00004743913465
637282	100.00004743913465
638425	100.00004743913465
639567	100.00004743913465
645830	100.00004743913465
646973	100.00004743913465
648112	100.00004743913465
649254	100.00004743913465
650397	100.00004743913465
651537	100.00004743913465
652679	100.00004743913465
653818	100.00004743913465
654956	100.00004743913465
656097	100.00004743913465
657235	100.00004743913465
658378	100.00004743913465
659521	100.00004743913465
660660	100.00004743913465
661801	100.00004743913465
662942	100.00004743913465
664081	100.00004743913465
665228	100.00004743913465
666370	100.00004743913465
667510	100.00004743913465
673771	100.00004743913465
674916	100.00004743913465
676054	100.00004743913465
677194	100.00004743913465
678334	100.00004743913465
679475	100.00004743913465
680618	100.00004743913465
681760	100.00004743913465
682903	100.00004743913465
684044	100.00004743913465
685183	100.00004743913465
686324	100.00004743913465
687464	100.00004743913465
688602	100.00004743913465
689744	100.00004743913465
690885	100.00004743913465
692023	100.00004743913465
693165	100.00004743913465
694305	100.00004743913465
695446	100.00004743913465
701107	100.00004743913465
702246	100.00004743913465
703389	100.00004743913465
704528	100.00004743913465
705669	100.00004743913465
706809	100.00004743913465
707949	100.00004743913465
709090	100.00004743913465
710232	100.00004743913465
711375	100.00004743913465
712518	100.00004743913465
713661	100.00004743913465
714804	100.00004743913465
715947	100.00004743913465
717089	100.00004743913465
718231	100.00004743913465
719374	100.00004743913465
720516	100.00004743913465
721659	100.00004743913465
722803	100.00004743913465
729170	100.00004743913465
730316	100.00004743913465
731460	100.00004743913465
732607	100.00004743913465
733753	100.00004743913465
734900	100.00004743913465
736047	100.00004743913465
737192	100.00004743913465
738340	100.00004743913465
739487	100.00004743913465
745856	100.00004743913465
747001	100.00004743913465
748145	100.00004743913465
749288	100.00004743913465
750432	100.00004743913465
751575	100.00004743913465
752718	100.00004743913465
753866	100.00004743913465
755010	100.00004743913465
756152	100.00004743913465
757294	100.00004743913465
758438	100.00004743913465
759580	100.00004743913465
760723	100.00004743913465
761865	100.00004743913465
763006	100.00004743913465
764147	100.00004743913465
765289	100.00004743913465
766431	100.00004743913465
767574	100.00004743913465
773837	100.00004743913465
774979	100.00004743913465
776122	100.00004743913465
777265	100.00004743913465
778407	100.00004743913465
779551	100.00004743913465
780694	100.00004743913465
781838	100.00004743913465
782981	100.00004743913465
784125	100.00004743913465
785274	100.00004743913465
786423	100.00004743913465
787568	100.00004743913465
788714	100.00004743913465
789860	100.00004743913465
791008	100.00004743913465
792156	100.00004743913465
793302	100.00004743913465
794449	100.00004743913465
795595	100.00004743913465
801961	100.00004743913465
803106	100.00004743913465
804253	100.00004743913465
805399	100.00004743913465
806542	100.00004743913465
807687	100.00004743913465
808830	100.00004743913465
809975	100.00004743913465
811119	100.00004743913465
812260	100.00004743913465
813406	100.00004743913465
814550	100.00004743913465
815690	100.00004743913465
816832	100.00004743913465
817972	100.00004743913465
819112	100.00004743913465
820252	100.00004743913465
821394	100.00004743913465
822534	100.00004743913465
823673	100.00004743913465
830035	100.00004743913465
831178	100.00004743913465
832319	100.00004743913465
833459	100.00004743913465
834599	100.00004743913465
835739	100.00004743913465
836878	100.00004743913465
838019	100.00004743913465
839160	100.00004743913465
840301	100.00004743913465
841442	100.00004743913465
842584	100.00004743913465
843725	100.00004743913465
844866	100.00004743913465
846004	100.00004743913465
847145	100.00004743913465
848284	100.00004743913465
849422	100.00004743913465
850563	100.00004743913465
851701	100.00004743913465
858065	100.00004743913465
859208	100.00004743913465
860347	100.00004743913465
861486	100.00004743913465
862624	100.00004743913465
863763	100.00004743913465
864901	100.00004743913465
866037	100.00004743913465
867178	100.00004743913465
868321	100.00004743913465
873978	100.00004743913465
875118	100.00004743913465
876259	100.00004743913465
877400	100.00004743913465
878537	100.00004743913465
879675	100.00004743913465
880815	100.00004743913465
881955	100.00004743913465
883097	100.00004743913465
884234	100.00004743913465
885374	100.00004743913465
886514	100.00004743913465
887650	100.00004743913465
888790	100.00004743913465
889933	100.00004743913465
891074	100.00004743913465
892213	100.00004743913465
893353	100.00004743913465
894493	100.00004743913465
895635	100.00004743913465
901997	100.00004743913465
903137	100.00004743913465
904276	100.00004743913465
905416	100.00004743913465
906555	100.00004743913465
907692	100.00004743913465
908831	100.00004743913465
909971	100.00004743913465
911111	100.00004743913465
912251	100.00004743913465
913390	100.00004743913465
914529	100.00004743913465
915670	100.00004743913465
916816	100.00004743913465
917959	100.00004743913465
919103	100.00004743913465
920244	100.00004743913465
921384	100.00004743913465
922525	100.00004743913465
923665	100.00004743913465
929226	100.00004743913465
930366	100.00004743913465
931506	100.00004743913465
932648	100.00004743913465
933791	100.00004743913465
934930	100.00004743913465
936070	100.00004743913465
937211	100.00004743913465
938351	100.00004743913465
939492	100.00004743913465
940632	100.00004743913465
941774	100.00004743913465
942916	100.00004743913465
944059	100.00004743913465
945199	100.00004743913465
946341	100.00004743913465
947487	100.00004743913465
948630	100.00004743913465
949774	100.00004743913465
950918	100.00004743913465
956481	100.00004743913465
957624	100.00004743913465
958769	100.00004743913465
959915	100.00004743913465
961062	100.00004743913465
962207	100.00004743913465
963354	100.00004743913465
964500	100.00004743913465
965647	100.00004743913465
966794	100.00004743913465
967941	100.00004743913465
969089	100.00004743913465
970236	100.00004743913465
971385	100.00004743913465
972534	100.00004743913465
973680	100.00004743913465
974827	100.00004743913465
975974	100.00004743913465
977122	100.00004743913465
978269	100.00004743913465
984639	100.00004743913465
985784	100.00004743913465
986930	100.00004743913465
988077	100.00004743913465
989222	100.00004743913465
990370	100.00004743913465
991517	100.00004743913465
992663	100.00004743913465
993806	100.00004743913465
994950	100.00004743913465
1001213	100.00004743913465
