1000	535936196316.55084
2163	423685505224.5707
3322	289125996133.2261
4484	237932732868.5664
5642	205299975136.5476
6805	170438766876.7928
7966	144635235385.35144
9129	121273787769.40674
10287	110896540807.43633
11448	93871997214.23991
12617	88541041189.81317
13784	78611381441.0353
14957	75055679150.41824
16132	65243186636.317535
17300	57919105889.920525
18474	55660149314.375595
19662	49176425285.25096
20841	46625125361.611275
22016	43516018841.39288
23188	40241237796.27207
24371	36276624949.224464
25547	34107324051.214375
26719	32782827156.78987
27893	31010275799.904804
29069	28476172887.842876
30239	27600391819.947697
31417	25669955313.461117
32610	23756006435.409756
33780	21863361150.70057
34953	20253545094.749634
36121	19008691254.183212
37299	17904113261.97156
38479	17298048495.072784
39663	16322648733.010122
40846	15277156483.375738
42023	14078673729.304415
43197	13573731829.570576
44385	12577225990.521881
45557	11914063206.502333
46743	10911786734.810066
47933	10218576604.266193
63536	336.38847135929853
78084	100.00006329885802
83716	100.00006328492381
96061	100.0000629814329
97235	100.0000629814329
98411	100.0000629814329
99588	100.0000629814329
100763	100.0000629814329
101931	100.0000629814329
103095	100.0000629814329
104267	100.0000629814329
105438	100.0000629814329
106606	100.0000629814329
107776	100.0000629814329
108950	100.0000629814329
110124	100.0000629814329
111295	100.0000629814329
112471	100.0000629814329
113650	100.0000629814329
114825	100.0000629814329
115992	100.0000629814329
117170	100.0000629814329
118346	100.0000629814329
119510	100.0000629814329
120670	100.0000629814329
121831	100.0000629814329
122990	100.0000629814329
124153	100.0000629814329
125312	100.0000629814329
126473	100.0000629814329
132158	100.0000629814329
133324	100.0000629814329
134491	100.0000629814329
135658	100.0000629814329
136823	100.0000629814329
137995	100.0000629814329
139166	100.0000629814329
140327	100.0000629814329
141498	100.0000629814329
142670	100.0000629814329
151990	100.0000629814329
153161	100.0000629814329
154344	100.0000629814329
155522	100.0000629814329
156703	100.0000629814329
157886	100.0000629814329
159062	100.0000629814329
160237	100.0000629814329
161410	100.0000629814329
162585	100.0000629814329
163763	100.0000629814329
164939	100.0000629814329
166114	100.0000629814329
167291	100.0000629814329
168477	100.0000629814329
169661	100.0000629814329
170840	100.0000629814329
172016	100.0000629814329
173193	100.0000629814329
174379	100.0000629814329
184503	100.0000629814329
185682	100.0000629814329
186858	100.0000629814329
188034	100.0000629814329
189212	100.0000629814329
190388	100.0000629814329
191569	100.0000629814329
192746	100.0000629814329
193920	100.0000629814329
195094	100.0000629814329
196268	100.0000629814329
197453	100.0000629814329
198626	100.0000629814329
199805	100.0000629814329
200976	100.0000629814329
202154	100.0000629814329
203332	100.0000629814329
204519	100.0000629814329
205700	100.0000629814329
206890	100.0000629814329
218332	100.0000629814329
219509	100.0000629814329
220685	100.0000629814329
221868	100.0000629814329
223051	100.0000629814329
224234	100.0000629814329
225411	100.0000629814329
226592	100.0000629814329
227769	100.0000629814329
228947	100.0000629814329
230124	100.0000629814329
231301	100.0000629814329
232485	100.0000629814329
233673	100.0000629814329
234857	100.0000629814329
236049	100.0000629814329
237247	100.0000629814329
238431	100.0000629814329
239619	100.0000629814329
240800	100.0000629814329
252651	100.0000629814329
253835	100.0000629814329
255021	100.0000629814329
256198	100.0000629814329
257381	100.0000629814329
258576	100.0000629814329
259763	100.0000629814329
260948	100.0000629814329
262129	100.0000629814329
263314	100.0000629814329
264502	100.0000629814329
265686	100.0000629814329
266879	100.0000629814329
268062	100.0000629814329
269261	100.0000629814329
270443	100.0000629814329
271630	100.0000629814329
272817	100.0000629814329
274005	100.0000629814329
275194	100.0000629814329
285032	100.0000629814329
286219	100.0000629814329
287408	100.0000629814329
288594	100.0000629814329
289786	100.0000629814329
290973	100.0000629814329
292165	100.0000629814329
293350	100.0000629814329
294541	100.0000629814329
295724	100.0000629814329
302156	100.00006240690732
309569	100.00006200533446
310761	100.00006200533446
311938	100.00006200533446
313125	100.00006200533446
314313	100.00006200533446
315502	100.00006200533446
316691	100.00006200533446
317888	100.00006200533446
319087	100.00006200533446
320283	100.00006200533446
321482	100.00006200533446
322676	100.00006200533446
323862	100.00006200533446
325053	100.00006200533446
326242	100.00006200533446
327430	100.00006200533446
328621	100.00006200533446
329807	100.00006200533446
330986	100.00006200533446
338696	100.00006200533446
339881	100.00006200533446
341066	100.00006200533446
342242	100.00006200533446
343422	100.00006200533446
344607	100.00006200533446
345794	100.00006200533446
346971	100.00006200533446
348155	100.00006200533446
349339	100.00006200533446
350530	100.00006200533446
351729	100.00006200533446
352923	100.00006200533446
354110	100.00006200533446
355299	100.00006200533446
356492	100.00006200533446
357682	100.00006200533446
358873	100.00006200533446
360067	100.00006200533446
361253	100.00006200533446
374200	100.00006200533446
375387	100.00006200533446
376577	100.00006200533446
377759	100.00006200533446
378944	100.00006200533446
380133	100.00006200533446
381322	100.00006200533446
382513	100.00006200533446
383696	100.00006200533446
384879	100.00006200533446
386066	100.00006200533446
387253	100.00006200533446
388449	100.00006200533446
389632	100.00006200533446
390819	100.00006200533446
392006	100.00006200533446
393204	100.00006200533446
394391	100.00006200533446
395588	100.00006200533446
396779	100.00006200533446
403631	100.00006190726691
416080	100.00006160520685
417269	100.00006160520685
418465	100.00006160520685
419654	100.00006160520685
420843	100.00006160520685
422026	100.00006160520685
423211	100.00006160520685
424392	100.00006160520685
425569	100.00006160520685
426750	100.00006160520685
427929	100.00006160520685
429111	100.00006160520685
430287	100.00006160520685
431471	100.00006160520685
432651	100.00006160520685
433837	100.00006160520685
435019	100.00006160520685
436194	100.00006160520685
437381	100.00006160520685
443100	100.00006160520685
444287	100.00006160520685
445475	100.00006160520685
446669	100.00006160520685
447868	100.00006160520685
449063	100.00006160520685
450258	100.00006160520685
451451	100.00006160520685
452638	100.00006160520685
453825	100.00006160520685
455016	100.00006160520685
456207	100.00006160520685
457398	100.00006160520685
458589	100.00006160520685
459776	100.00006160520685
460957	100.00006160520685
462139	100.00006160520685
463321	100.00006160520685
464507	100.00006160520685
465682	100.00006160520685
472087	100.00006160520685
473267	100.00006160520685
474447	100.00006160520685
475633	100.00006160520685
476811	100.00006160520685
478007	100.00006160520685
479197	100.00006160520685
480384	100.00006160520685
481574	100.00006160520685
482763	100.00006160520685
483965	100.00006160520685
485157	100.00006160520685
486353	100.00006160520685
487547	100.00006160520685
488733	100.00006160520685
489921	100.00006160520685
491117	100.00006160520685
492304	100.00006160520685
493488	100.00006160520685
494675	100.00006160520685
501882	100.00006160520685
503074	100.00006160520685
504264	100.00006160520685
505450	100.00006160520685
506627	100.00006160520685
507815	100.00006160520685
509000	100.00006160520685
510193	100.00006160520685
511376	100.00006160520685
512567	100.00006160520685
513770	100.00006160520685
514968	100.00006160520685
516167	100.00006160520685
517363	100.00006160520685
518557	100.00006160520685
519744	100.00006160520685
520933	100.00006160520685
522126	100.00006160520685
523313	100.00006160520685
524500	100.00006160520685
534938	100.00006160520685
536134	100.00006160520685
537321	100.00006160520685
538505	100.00006160520685
539691	100.00006160520685
540882	100.00006160520685
542067	100.00006160520685
543245	100.00006160520685
544423	100.00006160520685
545605	100.00006160520685
546787	100.00006160520685
547968	100.00006160520685
549151	100.00006160520685
550337	100.00006160520685
551519	100.00006160520685
552700	100.00006160520685
553892	100.00006160520685
555083	100.00006160520685
556281	100.00006160520685
557480	100.00006160520685
571024	100.00006160520685
572216	100.00006160520685
573402	100.00006160520685
574594	100.00006160520685
575782	100.00006160520685
576964	100.00006160520685
578154	100.00006160520685
579341	100.00006160520685
580534	100.00006160520685
581721	100.00006160520685
588139	100.00006160520685
589327	100.00006160520685
590516	100.00006160520685
591700	100.00006160520685
592877	100.00006160520685
594064	100.00006160520685
595249	100.00006160520685
596427	100.00006160520685
597609	100.00006160520685
598805	100.00006160520685
600004	100.00006160520685
601201	100.00006160520685
602399	100.00006160520685
603590	100.00006160520685
604788	100.00006160520685
605976	100.00006160520685
607160	100.00006160520685
608352	100.00006160520685
609538	100.00006160520685
610724	100.00006160520685
618648	100.00006160520685
619828	100.00006160520685
621014	100.00006160520685
622195	100.00006160520685
623388	100.00006160520685
624577	100.00006160520685
625770	100.00006160520685
626956	100.00006160520685
628138	100.00006160520685
629327	100.00006160520685
630513	100.00006160520685
631706	100.00006160520685
632900	100.00006160520685
634099	100.00006160520685
635292	100.00006160520685
636477	100.00006160520685
637662	100.00006160520685
638848	100.00006160520685
640034	100.00006160520685
641223	100.00006160520685
654077	100.00006160520685
655272	100.00006160520685
656468	100.00006160520685
657659	100.00006160520685
658847	100.00006160520685
660041	100.00006160520685
661227	100.00006160520685
662413	100.00006160520685
663603	100.00006160520685
664788	100.00006160520685
665979	100.00006160520685
667160	100.00006160520685
668344	100.00006160520685
669535	100.00006160520685
670724	100.00006160520685
671921	100.00006160520685
673119	100.00006160520685
674316	100.00006160520685
675512	100.00006160520685
676694	100.00006160520685
687938	100.00006160520685
689128	100.00006160520685
690317	100.00006160520685
691509	100.00006160520685
692697	100.00006160520685
693888	100.00006160520685
695074	100.00006160520685
696258	100.00006160520685
697447	100.00006160520685
698629	100.00006160520685
699810	100.00006160520685
700991	100.00006160520685
702160	100.00006160520685
703325	100.00006160520685
704490	100.00006160520685
705651	100.00006160520685
706811	100.00006160520685
707971	100.00006160520685
709134	100.00006160520685
710295	100.00006160520685
712968	100.00000723788689
719675	100.00000721870424
720860	100.00000721870424
722039	100.00000721870424
723230	100.00000721870424
724422	100.00000721870424
725619	100.00000721870424
726814	100.00000721870424
728006	100.00000721870424
729198	100.00000721870424
730386	100.00000721870424
731574	100.00000721870424
732759	100.00000721870424
733948	100.00000721870424
735133	100.00000721870424
736318	100.00000721870424
737502	100.00000721870424
738683	100.00000721870424
739872	100.00000721870424
741059	100.00000721870424
748267	100.00000721870424
749446	100.00000721870424
750621	100.00000721870424
751798	100.00000721870424
752978	100.00000721870424
754156	100.00000721870424
755329	100.00000721870424
756508	100.00000721870424
757685	100.00000721870424
758859	100.00000721870424
760036	100.00000721870424
761218	100.00000721870424
762411	100.00000721870424
763608	100.00000721870424
764800	100.00000721870424
765994	100.00000721870424
767180	100.00000721870424
768375	100.00000721870424
769564	100.00000721870424
770757	100.00000721870424
783201	100.00000721870424
784390	100.00000721870424
785579	100.00000721870424
786767	100.00000721870424
787951	100.00000721870424
789133	100.00000721870424
790316	100.00000721870424
791492	100.00000721870424
792671	100.00000721870424
793858	100.00000721870424
795041	100.00000721870424
796225	100.00000721870424
797406	100.00000721870424
798588	100.00000721870424
799765	100.00000721870424
800938	100.00000721870424
802117	100.00000721870424
803296	100.00000721870424
804484	100.00000721870424
805660	100.00000721870424
808260	100.00000285391407
811272	100.00000009237169
824509	100.00000004784661
825712	100.00000004784661
826908	100.00000004784661
828100	100.00000004784661
829288	100.00000004784661
830478	100.00000004784661
831668	100.00000004784661
832859	100.00000004784661
834041	100.00000004784661
835229	100.00000004784661
836415	100.00000004784661
837603	100.00000004784661
838787	100.00000004784661
839971	100.00000004784661
841163	100.00000004784661
842353	100.00000004784661
843539	100.00000004784661
844721	100.00000004784661
845901	100.00000004784661
847089	100.00000004784661
848280	100.00000004784661
849476	100.00000004784661
850670	100.00000004784661
851865	100.00000004784661
853062	100.00000004784661
854249	100.00000004784661
855443	100.00000004784661
856633	100.00000004784661
870396	100.00000004784661
871582	100.00000004784661
872768	100.00000004784661
873953	100.00000004784661
875140	100.00000004784661
876324	100.00000004784661
877507	100.00000004784661
878686	100.00000004784661
879874	100.00000004784661
881058	100.00000004784661
888165	100.00000004784661
889351	100.00000004784661
890533	100.00000004784661
891713	100.00000004784661
892886	100.00000004784661
894067	100.00000004784661
895253	100.00000004784661
896432	100.00000004784661
897612	100.00000004784661
898793	100.00000004784661
899982	100.00000004784661
901177	100.00000004784661
902361	100.00000004784661
903552	100.00000004784661
904740	100.00000004784661
905926	100.00000004784661
907113	100.00000004784661
908305	100.00000004784661
909500	100.00000004784661
910694	100.00000004784661
921029	100.00000004784661
922221	100.00000004784661
923403	100.00000004784661
924588	100.00000004784661
925773	100.00000004784661
926961	100.00000004784661
928149	100.00000004784661
929337	100.00000004784661
930522	100.00000004784661
931712	100.00000004784661
932908	100.00000004784661
934116	100.00000004784661
935309	100.00000004784661
936501	100.00000004784661
937697	100.00000004784661
938884	100.00000004784661
940080	100.00000004784661
941266	100.00000004784661
942449	100.00000004784661
943632	100.00000004784661
954564	100.00000004784661
955754	100.00000004784661
956946	100.00000004784661
958138	100.00000004784661
959339	100.00000004784661
960526	100.00000004784661
961715	100.00000004784661
962906	100.00000004784661
964093	100.00000004784661
965279	100.00000004784661
966460	100.00000004784661
967648	100.00000004784661
968827	100.00000004784661
970020	100.00000004784661
971212	100.00000004784661
972408	100.00000004784661
973599	100.00000004784661
974791	100.00000004784661
975970	100.00000004784661
977163	100.00000004784661
987188	100.00000004784661
988378	100.00000004784661
989563	100.00000004784661
990759	100.00000004784661
991939	100.00000004784661
993123	100.00000004784661
994312	100.00000004784661
995498	100.00000004784661
996689	100.00000004784661
997883	100.00000004784661
999069	100.00000004784661
1000253	100.00000004784661
