1000	535167157530.85254
2162	422969021012.73193
3323	358870392182.1907
4480	257720059044.37915
5637	210286437908.70346
6796	184036205590.2649
7953	155852415050.91544
9117	142060087695.9558
10280	121115347145.85094
11440	109591024913.37776
12599	98013456980.91512
13764	85607673273.81073
14924	79885688356.46356
16096	74345007546.1231
17260	68153845277.91834
18424	61771130567.97448
19589	56136666426.60961
20760	53781400512.09402
21931	48125968066.23994
23098	44722043458.20045
24271	43183979388.37954
25443	39595076005.10358
26608	36893032216.51131
27782	34698673249.88184
28947	32298474401.21531
30112	30511154307.23865
31285	28848558034.319847
32452	25301283692.873344
33619	23548931445.23367
34797	21435427378.095245
35973	19932463202.79245
37146	18229591909.302273
38319	17227411638.098648
39489	16197664470.879673
40652	15472410407.42737
41823	14637224025.179571
42991	13246441432.006485
44156	12925511778.920942
45336	11903592542.057459
46515	11423187181.314486
47687	10677591695.917992
56069	5386.099142404175
69287	100.0000637437867
74995	100.00006357276315
80705	100.00006334818127
88436	100.0000621622942
101366	100.00006074349575
102529	100.00006074349575
103694	100.00006074349575
104855	100.00006074349575
106012	100.00006074349575
107177	100.00006074349575
108337	100.00006074349575
109499	100.00006074349575
110663	100.00006074349575
111826	100.00006074349575
112991	100.00006074349575
114152	100.00006074349575
115317	100.00006074349575
116485	100.00006074349575
117648	100.00006074349575
118812	100.00006074349575
119979	100.00006074349575
121145	100.00006074349575
122303	100.00006074349575
123460	100.00006074349575
124613	100.00006074349575
125769	100.00006074349575
126923	100.00006074349575
128073	100.00006074349575
129226	100.00006074349575
136918	100.00006074349575
138074	100.00006074349575
139224	100.00006074349575
140382	100.00006074349575
141538	100.00006074349575
142692	100.00006074349575
143850	100.00006074349575
145003	100.00006074349575
146161	100.00006074349575
147324	100.00006074349575
148484	100.00006074349575
149643	100.00006074349575
150802	100.00006074349575
151963	100.00006074349575
153120	100.00006074349575
154283	100.00006074349575
155446	100.00006074349575
156614	100.00006074349575
157771	100.00006074349575
158932	100.00006074349575
161707	100.0000017571673
168288	100.00000169627928
169452	100.00000169627928
170621	100.00000169627928
171788	100.00000169627928
172951	100.00000169627928
174119	100.00000169627928
175280	100.00000169627928
176444	100.00000169627928
177608	100.00000169627928
178767	100.00000169627928
179931	100.00000169627928
181102	100.00000169627928
182266	100.00000169627928
183424	100.00000169627928
184590	100.00000169627928
185754	100.00000169627928
186921	100.00000169627928
188083	100.00000169627928
189250	100.00000169627928
198460	100.00000169627928
199624	100.00000169627928
200788	100.00000169627928
201961	100.00000169627928
203123	100.00000169627928
204283	100.00000169627928
205449	100.00000169627928
206612	100.00000169627928
207773	100.00000169627928
208939	100.00000169627928
210103	100.00000169627928
211267	100.00000169627928
212427	100.00000169627928
213589	100.00000169627928
214750	100.00000169627928
215914	100.00000169627928
217076	100.00000169627928
218238	100.00000169627928
219403	100.00000169627928
220574	100.00000169627928
230493	100.00000169627928
231665	100.00000169627928
232837	100.00000169627928
233999	100.00000169627928
235174	100.00000169627928
236345	100.00000169627928
237516	100.00000169627928
238682	100.00000169627928
239852	100.00000169627928
241019	100.00000169627928
242181	100.00000169627928
243354	100.00000169627928
244518	100.00000169627928
245691	100.00000169627928
246864	100.00000169627928
248036	100.00000169627928
249205	100.00000169627928
250374	100.00000169627928
251544	100.00000169627928
252714	100.00000169627928
263127	100.00000169627928
264300	100.00000169627928
265471	100.00000169627928
266638	100.00000169627928
267806	100.00000169627928
268976	100.00000169627928
270148	100.00000169627928
271326	100.00000169627928
272497	100.00000169627928
273670	100.00000169627928
274843	100.00000169627928
276015	100.00000169627928
277185	100.00000169627928
278355	100.00000169627928
279529	100.00000169627928
280704	100.00000169627928
281875	100.00000169627928
283044	100.00000169627928
284216	100.00000169627928
285385	100.00000169627928
295397	100.00000169627928
296569	100.00000169627928
297740	100.00000169627928
298913	100.00000169627928
300082	100.00000169627928
301256	100.00000169627928
302421	100.00000169627928
303590	100.00000169627928
304760	100.00000169627928
305935	100.00000169627928
307114	100.00000169627928
308292	100.00000169627928
309467	100.00000169627928
310642	100.00000169627928
311811	100.00000169627928
312976	100.00000169627928
314149	100.00000169627928
315321	100.00000169627928
316490	100.00000169627928
317664	100.00000169627928
329700	100.00000169627928
330875	100.00000169627928
332048	100.00000169627928
333214	100.00000169627928
334388	100.00000169627928
335561	100.00000169627928
336736	100.00000169627928
337901	100.00000169627928
339074	100.00000169627928
340248	100.00000169627928
351782	100.00000169627928
352951	100.00000169627928
354119	100.00000169627928
355290	100.00000169627928
356458	100.00000169627928
357626	100.00000169627928
358796	100.00000169627928
359969	100.00000169627928
361144	100.00000169627928
362314	100.00000169627928
363492	100.00000169627928
364672	100.00000169627928
365849	100.00000169627928
367020	100.00000169627928
368197	100.00000169627928
369366	100.00000169627928
370540	100.00000169627928
371706	100.00000169627928
372873	100.00000169627928
374046	100.00000169627928
384669	100.00000169627928
385839	100.00000169627928
387011	100.00000169627928
388183	100.00000169627928
389353	100.00000169627928
390523	100.00000169627928
391696	100.00000169627928
392868	100.00000169627928
394033	100.00000169627928
395205	100.00000169627928
396373	100.00000169627928
397540	100.00000169627928
398711	100.00000169627928
399881	100.00000169627928
401050	100.00000169627928
402218	100.00000169627928
403386	100.00000169627928
404558	100.00000169627928
405730	100.00000169627928
406900	100.00000169627928
421356	100.00000169627928
422532	100.00000169627928
423700	100.00000169627928
424875	100.00000169627928
426053	100.00000169627928
427227	100.00000169627928
428404	100.00000169627928
429573	100.00000169627928
430746	100.00000169627928
431916	100.00000169627928
433083	100.00000169627928
434254	100.00000169627928
435433	100.00000169627928
436610	100.00000169627928
437784	100.00000169627928
438956	100.00000169627928
440121	100.00000169627928
441290	100.00000169627928
442460	100.00000169627928
443631	100.00000169627928
450729	100.00000169627928
451893	100.00000169627928
453064	100.00000169627928
454233	100.00000169627928
455401	100.00000169627928
456571	100.00000169627928
457742	100.00000169627928
458916	100.00000169627928
460083	100.00000169627928
461259	100.00000169627928
462430	100.00000169627928
463608	100.00000169627928
464791	100.00000169627928
465969	100.00000169627928
467147	100.00000169627928
468324	100.00000169627928
469494	100.00000169627928
470673	100.00000169627928
471853	100.00000169627928
473029	100.00000169627928
486470	100.00000169627928
487641	100.00000169627928
488814	100.00000169627928
489986	100.00000169627928
491165	100.00000169627928
492333	100.00000169627928
493506	100.00000169627928
494680	100.00000169627928
495851	100.00000169627928
497022	100.00000169627928
505625	100.00000169627928
506795	100.00000169627928
507964	100.00000169627928
509139	100.00000169627928
510311	100.00000169627928
511483	100.00000169627928
512652	100.00000169627928
513819	100.00000169627928
514987	100.00000169627928
516162	100.00000169627928
517334	100.00000169627928
518511	100.00000169627928
519685	100.00000169627928
520861	100.00000169627928
522050	100.00000169627928
523224	100.00000169627928
524399	100.00000169627928
525577	100.00000169627928
526751	100.00000169627928
527931	100.00000169627928
540660	100.00000169627928
541831	100.00000169627928
543003	100.00000169627928
544178	100.00000169627928
545348	100.00000169627928
546523	100.00000169627928
547693	100.00000169627928
548862	100.00000169627928
550026	100.00000169627928
551193	100.00000169627928
552361	100.00000169627928
553531	100.00000169627928
554700	100.00000169627928
555876	100.00000169627928
557046	100.00000169627928
558216	100.00000169627928
559389	100.00000169627928
560557	100.00000169627928
561724	100.00000169627928
562894	100.00000169627928
565774	100.00000009113444
572472	100.00000007931716
573643	100.00000007931716
574817	100.00000007931716
575995	100.00000007931716
577174	100.00000007931716
578358	100.00000007931716
579535	100.00000007931716
580710	100.00000007931716
581887	100.00000007931716
583060	100.00000007931716
584233	100.00000007931716
585405	100.00000007931716
586580	100.00000007931716
587753	100.00000007931716
588930	100.00000007931716
590100	100.00000007931716
591273	100.00000007931716
592445	100.00000007931716
593618	100.00000007931716
604140	100.00000007931716
605315	100.00000007931716
606494	100.00000007931716
607665	100.00000007931716
608834	100.00000007931716
610003	100.00000007931716
611174	100.00000007931716
612345	100.00000007931716
613514	100.00000007931716
614687	100.00000007931716
615855	100.00000007931716
617022	100.00000007931716
618197	100.00000007931716
619367	100.00000007931716
620547	100.00000007931716
621726	100.00000007931716
622902	100.00000007931716
624077	100.00000007931716
625258	100.00000007931716
626435	100.00000007931716
640788	100.00000007931716
641969	100.00000007931716
643142	100.00000007931716
644314	100.00000007931716
645483	100.00000007931716
646655	100.00000007931716
647832	100.00000007931716
649004	100.00000007931716
650178	100.00000007931716
651350	100.00000007931716
652526	100.00000007931716
653698	100.00000007931716
654869	100.00000007931716
656037	100.00000007931716
657204	100.00000007931716
658376	100.00000007931716
659548	100.00000007931716
660720	100.00000007931716
661888	100.00000007931716
663063	100.00000007931716
669656	100.00000007931716
670826	100.00000007931716
671993	100.00000007931716
673167	100.00000007931716
674336	100.00000007931716
675504	100.00000007931716
676683	100.00000007931716
677870	100.00000007931716
679048	100.00000007931716
680227	100.00000007931716
681402	100.00000007931716
682577	100.00000007931716
683754	100.00000007931716
684929	100.00000007931716
686099	100.00000007931716
687267	100.00000007931716
688441	100.00000007931716
689613	100.00000007931716
690789	100.00000007931716
691963	100.00000007931716
700464	100.00000007931716
701635	100.00000007931716
702811	100.00000007931716
703987	100.00000007931716
705159	100.00000007931716
706331	100.00000007931716
707501	100.00000007931716
708682	100.00000007931716
709855	100.00000007931716
711026	100.00000007931716
712199	100.00000007931716
713372	100.00000007931716
714541	100.00000007931716
715711	100.00000007931716
716879	100.00000007931716
718049	100.00000007931716
719226	100.00000007931716
720410	100.00000007931716
721590	100.00000007931716
722766	100.00000007931716
737617	100.00000007931716
738794	100.00000007931716
739977	100.00000007931716
741150	100.00000007931716
742326	100.00000007931716
743499	100.00000007931716
744675	100.00000007931716
745851	100.00000007931716
747026	100.00000007931716
748197	100.00000007931716
759121	100.00000007931716
760292	100.00000007931716
761467	100.00000007931716
762640	100.00000007931716
763811	100.00000007931716
764987	100.00000007931716
766160	100.00000007931716
767336	100.00000007931716
768513	100.00000007931716
769682	100.00000007931716
770853	100.00000007931716
772022	100.00000007931716
773191	100.00000007931716
774363	100.00000007931716
775527	100.00000007931716
776695	100.00000007931716
777868	100.00000007931716
779043	100.00000007931716
780222	100.00000007931716
781395	100.00000007931716
795841	100.00000007931716
797017	100.00000007931716
798194	100.00000007931716
799369	100.00000007931716
800547	100.00000007931716
801726	100.00000007931716
802910	100.00000007931716
804083	100.00000007931716
805256	100.00000007931716
806428	100.00000007931716
807603	100.00000007931716
808773	100.00000007931716
809946	100.00000007931716
811114	100.00000007931716
812284	100.00000007931716
813457	100.00000007931716
814632	100.00000007931716
815801	100.00000007931716
816971	100.00000007931716
818137	100.00000007931716
825226	100.00000007931716
826398	100.00000007931716
827568	100.00000007931716
828737	100.00000007931716
829906	100.00000007931716
831077	100.00000007931716
832249	100.00000007931716
833415	100.00000007931716
834590	100.00000007931716
835756	100.00000007931716
836926	100.00000007931716
838101	100.00000007931716
839275	100.00000007931716
840446	100.00000007931716
841626	100.00000007931716
842800	100.00000007931716
843978	100.00000007931716
845153	100.00000007931716
846325	100.00000007931716
847500	100.00000007931716
860939	100.00000007931716
862108	100.00000007931716
863280	100.00000007931716
864448	100.00000007931716
865619	100.00000007931716
866786	100.00000007931716
867955	100.00000007931716
869126	100.00000007931716
870300	100.00000007931716
871468	100.00000007931716
872634	100.00000007931716
873799	100.00000007931716
874974	100.00000007931716
876142	100.00000007931716
877310	100.00000007931716
878481	100.00000007931716
879649	100.00000007931716
880821	100.00000007931716
881985	100.00000007931716
883152	100.00000007931716
888951	100.00000007931716
890112	100.00000007931716
891286	100.00000007931716
892460	100.00000007931716
893634	100.00000007931716
894810	100.00000007931716
895986	100.00000007931716
897167	100.00000007931716
898343	100.00000007931716
899525	100.00000007931716
913373	100.00000007931716
914549	100.00000007931716
915723	100.00000007931716
916899	100.00000007931716
918070	100.00000007931716
919246	100.00000007931716
920420	100.00000007931716
921592	100.00000007931716
922764	100.00000007931716
923929	100.00000007931716
925100	100.00000007931716
926273	100.00000007931716
927446	100.00000007931716
928615	100.00000007931716
929787	100.00000007931716
930957	100.00000007931716
932131	100.00000007931716
933298	100.00000007931716
934464	100.00000007931716
935631	100.00000007931716
942726	100.00000007931716
943895	100.00000007931716
945061	100.00000007931716
946228	100.00000007931716
947399	100.00000007931716
948572	100.00000007931716
949748	100.00000007931716
950926	100.00000007931716
952101	100.00000007931716
953275	100.00000007931716
954457	100.00000007931716
955630	100.00000007931716
956812	100.00000007931716
957986	100.00000007931716
959164	100.00000007931716
960333	100.00000007931716
961507	100.00000007931716
962683	100.00000007931716
963854	100.00000007931716
965027	100.00000007931716
976146	100.00000007931716
977323	100.00000007931716
978495	100.00000007931716
979670	100.00000007931716
980845	100.00000007931716
982017	100.00000007931716
983189	100.00000007931716
984365	100.00000007931716
985536	100.00000007931716
986707	100.00000007931716
987873	100.00000007931716
989044	100.00000007931716
990213	100.00000007931716
991383	100.00000007931716
992555	100.00000007931716
993723	100.00000007931716
994894	100.00000007931716
996074	100.00000007931716
997249	100.00000007931716
998428	100.00000007931716
1013374	100.00000007931716
