1000	27545.42936322929
6599	11137.121594463295
43173	7344.657673966582
45790	7344.275053062297
49855	7343.240841211817
52465	7342.724554865485
55067	7342.497825631069
57673	7341.820525276459
61721	7340.339238226418
74296	7278.883745724733
76869	7278.575635773847
79425	7278.575635773847
81799	7278.575635773847
87185	7278.575635773847
105031	4658.255343951199
107978	4658.116873842154
112740	4657.736773197818
115680	4657.730540074181
118630	4657.497383834541
121572	4657.408521735315
124522	4657.283845512304
127481	4657.283845512304
135749	4657.283845512304
138105	4657.283845512304
140501	4657.283845512304
146975	4657.283845512304
150856	4657.283845512304
157198	4657.283845512304
186895	4657.283845512304
191772	4657.283845512304
195502	4657.283845512304
200753	4657.283845512304
218918	4657.283845512304
239297	4538.20130966871
243245	4466.3784788762405
245765	4466.324103572315
248286	4466.2558731832105
250809	4466.189771135776
253329	4465.776310857213
257248	4465.776310857213
288738	4465.776310857213
293915	4465.776310857213
303544	4465.776310857213
308999	4465.776310857213
334486	4465.776310857213
355254	4204.04481692794
389924	4048.1481516552726
392897	4048.1481516552726
436592	4048.1481516552726
463682	4048.1481516552726
470520	4048.1481516552726
477179	4048.1481516552726
481044	4048.1481516552726
493595	4048.1481516552726
497529	4048.1481516552726
501439	4048.1481516552726
530702	4048.1481516552726
543242	4048.1481516552726
562862	4048.1481516552726
573395	4048.1481516552726
590309	4048.1481516552726
611642	4048.1481516552726
627389	4048.1481516552726
631378	4048.1481516552726
671654	4048.1481516552726
678772	4048.1481516552726
681159	4048.1481516552726
708349	4048.1481516552726
715367	4048.1481516552726
717673	4048.1481516552726
749007	4048.1481516552726
751366	4048.1481516552726
753736	4048.1481516552726
765924	4048.1481516552726
784301	4048.1481516552726
791110	4048.1481516552726
811627	4048.1481516552726
821408	4048.1481516552726
827840	4048.1481516552726
840221	4048.1481516552726
853722	4048.1481516552726
858706	4048.1481516552726
872443	4048.1481516552726
876266	4048.1481516552726
899990	4048.1481516552726
912142	4048.1481516552726
932700	4048.1481516552726
950864	4048.1481516552726
969815	4048.1481516552726
993980	4048.1481516552726
1016047	4048.1481516552726
