1000	28189.508826506368
2188	21304.30238723632
3356	17532.43142147035
4517	16447.125758813607
5676	14417.632565652264
6826	13958.584003547328
7975	13424.784907036128
9121	12427.635684279467
10262	11464.277387307427
11402	11464.277387307427
12534	11464.277387307427
13672	11464.277387307427
14808	11464.277387307427
15942	11327.663601764663
17077	10616.365161699714
18208	10519.824608715642
19337	10519.824608715642
20466	10519.824608715642
21594	10519.824608715642
22721	10519.824608715642
23849	10519.824608715642
24978	10519.824608715642
26106	10133.363285295785
27232	10133.363285295785
28355	9581.925402135152
29482	9581.925402135152
30607	9581.925402135152
31733	9581.925402135152
32858	9581.925402135152
33984	9581.925402135152
35117	9581.925402135152
36244	9581.925402135152
37372	9581.925402135152
38499	9581.925402135152
39630	9581.925402135152
40759	9581.925402135152
41889	9581.925402135152
43022	9581.925402135152
44154	9581.925402135152
45284	9581.925402135152
46413	9581.925402135152
47542	9581.925402135152
48674	9581.925402135152
49806	9581.925402135152
50942	9581.925402135152
94014	4939.5102936117455
125246	4448.435471410583
162814	4386.6974781607105
163941	4386.6974781607105
165069	4386.6974781607105
166196	4386.6974781607105
167320	4386.6974781607105
168446	4386.6974781607105
169568	4386.6974781607105
170696	4386.6974781607105
171820	4386.6974781607105
172946	4386.6974781607105
174081	4386.6974781607105
175208	4386.6974781607105
176338	4386.6974781607105
177471	4386.6974781607105
178598	4386.6974781607105
179728	4386.6974781607105
180861	4386.6974781607105
181991	4386.6974781607105
183118	4386.6974781607105
184252	4386.6974781607105
185390	4386.6974781607105
186530	4386.6974781607105
187671	4386.6974781607105
188809	4386.6974781607105
251142	4386.6974781607105
252278	4386.6974781607105
253411	4386.6974781607105
254542	4386.6974781607105
255670	4386.6974781607105
256801	4386.6974781607105
257931	4386.6974781607105
259067	4386.6974781607105
260203	4386.6974781607105
261336	4386.6974781607105
262474	4386.6974781607105
263612	4386.6974781607105
264746	4386.6974781607105
265884	4386.6974781607105
267030	4386.6974781607105
268176	4386.6974781607105
269320	4386.6974781607105
270464	4386.6974781607105
271609	4386.6974781607105
272757	4386.6974781607105
291777	4386.6974781607105
292919	4386.6974781607105
294068	4386.6974781607105
295210	4386.6974781607105
296355	4386.6974781607105
297502	4386.6974781607105
298648	4386.6974781607105
299791	4386.6974781607105
300939	4386.6974781607105
302086	4386.6974781607105
303233	4386.6974781607105
304380	4386.6974781607105
305525	4386.6974781607105
306671	4386.6974781607105
307812	4386.6974781607105
308957	4386.6974781607105
310106	4386.6974781607105
311251	4386.6974781607105
312394	4386.6974781607105
313535	4386.6974781607105
329833	4054.914104952865
363150	4054.8659713945376
364300	4054.8659713945376
365450	4054.8659713945376
366593	4054.8659713945376
367741	4054.8659713945376
368885	4054.8659713945376
370030	4054.8659713945376
371179	4054.8659713945376
372325	4054.8659713945376
373478	4054.8659713945376
374623	4054.8659713945376
375776	4054.8659713945376
376926	4054.8659713945376
378081	4054.8659713945376
379237	4054.8659713945376
380387	4054.8659713945376
381539	4054.8659713945376
382687	4054.8659713945376
383839	4054.8659713945376
407520	4054.8659713945376
408677	4054.8659713945376
409831	4054.8659713945376
410996	4054.8659713945376
412154	4054.8659713945376
413322	4054.8659713945376
414487	4054.8659713945376
415657	4054.8659713945376
416813	4054.8659713945376
417964	4054.8659713945376
419113	4054.8659713945376
420266	4054.8659713945376
421417	4054.8659713945376
422573	4054.8659713945376
423744	4054.8659713945376
424911	4054.8659713945376
426087	4054.8659713945376
427251	4054.8659713945376
428414	4054.8659713945376
429573	4054.8659713945376
454060	4054.8659713945376
455212	4054.8659713945376
456373	4054.8659713945376
457527	4054.8659713945376
458680	4054.8659713945376
459830	4054.8659713945376
460982	4054.8659713945376
462126	4054.8659713945376
463272	4054.8659713945376
464419	4054.8659713945376
465570	4054.8659713945376
466707	4054.8659713945376
467846	4054.8659713945376
468993	4054.8659713945376
470131	4054.8659713945376
471276	4054.8659713945376
472418	4054.8659713945376
473556	4054.8659713945376
474695	4054.8659713945376
475834	4054.8659713945376
505618	4054.8659713945376
506756	4054.8659713945376
507890	4054.8659713945376
509025	4054.8659713945376
510169	4054.8659713945376
511304	4054.8659713945376
512442	4054.8659713945376
513582	4054.8659713945376
514722	4054.8659713945376
515863	4054.8659713945376
517002	4054.8659713945376
518140	4054.8659713945376
519275	4054.8659713945376
520413	4054.8659713945376
521553	4054.8659713945376
522685	4054.8659713945376
523819	4054.8659713945376
524952	4054.8659713945376
526089	4054.8659713945376
527230	4054.8659713945376
550407	4054.8659713945376
551543	4054.8659713945376
552683	4054.8659713945376
553816	4054.8659713945376
554960	4054.8659713945376
556101	4054.8659713945376
557239	4054.8659713945376
558390	4054.8659713945376
559534	4054.8659713945376
560678	4054.8659713945376
561815	4054.8659713945376
562957	4054.8659713945376
564101	4054.8659713945376
565244	4054.8659713945376
566382	4054.8659713945376
567515	4054.8659713945376
568655	4054.8659713945376
569797	4054.8659713945376
570928	4054.8659713945376
572062	4054.8659713945376
589257	4054.8659713945376
590396	4054.8659713945376
591536	4054.8659713945376
592672	4054.8659713945376
593807	4054.8659713945376
594944	4054.8659713945376
596080	4054.8659713945376
597217	4054.8659713945376
598349	4054.8659713945376
599485	4054.8659713945376
633349	4054.8659713945376
634490	4054.8659713945376
635634	4054.8659713945376
636771	4054.8659713945376
637906	4054.8659713945376
639039	4054.8659713945376
640178	4054.8659713945376
641317	4054.8659713945376
642453	4054.8659713945376
643588	4054.8659713945376
644723	4054.8659713945376
645857	4054.8659713945376
646992	4054.8659713945376
648125	4054.8659713945376
649260	4054.8659713945376
650395	4054.8659713945376
651535	4054.8659713945376
652667	4054.8659713945376
653806	4054.8659713945376
654943	4054.8659713945376
683042	4054.8659713945376
684175	4054.8659713945376
685314	4054.8659713945376
686451	4054.8659713945376
687589	4054.8659713945376
688726	4054.8659713945376
689864	4054.8659713945376
690999	4054.8659713945376
692137	4054.8659713945376
693283	4054.8659713945376
694422	4054.8659713945376
695570	4054.8659713945376
696717	4054.8659713945376
697861	4054.8659713945376
699020	4054.8659713945376
700168	4054.8659713945376
701314	4054.8659713945376
702460	4054.8659713945376
703606	4054.8659713945376
704756	4054.8659713945376
727773	4054.8659713945376
728912	4054.8659713945376
730057	4054.8659713945376
731199	4054.8659713945376
732344	4054.8659713945376
733483	4054.8659713945376
734629	4054.8659713945376
735765	4054.8659713945376
736907	4054.8659713945376
738048	4054.8659713945376
739190	4054.8659713945376
740328	4054.8659713945376
741465	4054.8659713945376
742610	4054.8659713945376
743750	4054.8659713945376
744890	4054.8659713945376
746033	4054.8659713945376
747174	4054.8659713945376
748323	4054.8659713945376
749469	4054.8659713945376
771122	4054.8659713945376
772259	4054.8659713945376
773400	4054.8659713945376
774537	4054.8659713945376
775674	4054.8659713945376
776813	4054.8659713945376
777948	4054.8659713945376
779086	4054.8659713945376
780224	4054.8659713945376
781357	4054.8659713945376
782495	4054.8659713945376
783629	4054.8659713945376
784762	4054.8659713945376
785893	4054.8659713945376
787027	4054.8659713945376
788159	4054.8659713945376
789294	4054.8659713945376
790426	4054.8659713945376
791562	4054.8659713945376
792693	4054.8659713945376
812676	4054.8659713945376
813813	4054.8659713945376
814953	4054.8659713945376
816090	4054.8659713945376
817233	4054.8659713945376
818368	4054.8659713945376
819500	4054.8659713945376
820642	4054.8659713945376
821779	4054.8659713945376
822916	4054.8659713945376
838491	4054.8659713945376
839631	4054.8659713945376
840769	4054.8659713945376
841920	4054.8659713945376
843067	4054.8659713945376
844217	4054.8659713945376
845358	4054.8659713945376
846504	4054.8659713945376
847652	4054.8659713945376
848800	4054.8659713945376
849953	4054.8659713945376
851110	4054.8659713945376
852270	4054.8659713945376
853422	4054.8659713945376
854579	4054.8659713945376
855739	4054.8659713945376
856890	4054.8659713945376
858038	4054.8659713945376
859190	4054.8659713945376
860335	4054.8659713945376
874238	4054.8659713945376
875394	4054.8659713945376
876547	4054.8659713945376
877703	4054.8659713945376
878854	4054.8659713945376
880018	4054.8659713945376
881173	4054.8659713945376
882328	4054.8659713945376
883479	4054.8659713945376
884632	4054.8659713945376
885787	4054.8659713945376
886936	4054.8659713945376
888093	4054.8659713945376
889244	4054.8659713945376
890396	4054.8659713945376
891541	4054.8659713945376
892687	4054.8659713945376
893834	4054.8659713945376
894980	4054.8659713945376
896131	4054.8659713945376
917659	4054.8659713945376
918809	4054.8659713945376
919954	4054.8659713945376
921100	4054.8659713945376
922243	4054.8659713945376
923385	4054.8659713945376
924529	4054.8659713945376
925675	4054.8659713945376
926823	4054.8659713945376
927970	4054.8659713945376
929115	4054.8659713945376
930260	4054.8659713945376
931410	4054.8659713945376
932558	4054.8659713945376
933708	4054.8659713945376
934858	4054.8659713945376
936005	4054.8659713945376
937158	4054.8659713945376
938306	4054.8659713945376
939448	4054.8659713945376
962876	4054.8659713945376
964012	4054.8659713945376
965153	4054.8659713945376
966294	4054.8659713945376
967435	4054.8659713945376
968576	4054.8659713945376
969726	4054.8659713945376
970879	4054.8659713945376
972030	4054.8659713945376
973173	4054.8659713945376
974318	4054.8659713945376
975466	4054.8659713945376
976615	4054.8659713945376
977763	4054.8659713945376
978916	4054.8659713945376
980066	4054.8659713945376
981220	4054.8659713945376
982371	4054.8659713945376
983514	4054.8659713945376
984659	4054.8659713945376
1006566	4054.8659713945376
