1000	27545.42936322929
2172	19167.35440776341
3331	16946.82263738844
4492	15194.907599987342
5647	14131.355309635626
6801	13491.514692136203
7952	12107.474859623975
9096	12107.474859623975
10239	11614.421605315745
11378	11548.48575540884
12510	11099.801082416163
13641	11099.801082416163
14773	10454.610044115103
15900	10454.610044115103
17032	10454.610044115103
18158	9563.69488335698
19285	9563.69488335698
20414	9563.69488335698
21545	9563.69488335698
22676	9563.69488335698
23807	9563.69488335698
24932	9563.69488335698
26061	9563.69488335698
27185	9563.69488335698
28313	9563.69488335698
29439	9563.69488335698
30567	9563.69488335698
31695	9563.69488335698
32819	9563.69488335698
33947	9563.69488335698
35077	9563.69488335698
36206	9563.69488335698
37337	9563.69488335698
38468	9563.69488335698
39599	9563.69488335698
40726	9563.69488335698
72077	4246.507167559192
73207	4246.507167559192
74338	4246.507167559192
75468	4246.507167559192
76599	4246.507167559192
77729	4246.507167559192
78859	4246.507167559192
79987	4246.507167559192
81117	4246.507167559192
82245	4246.507167559192
83373	4246.507167559192
84502	4246.507167559192
85630	4246.507167559192
86759	4246.507167559192
87887	4246.507167559192
89013	4246.507167559192
90141	4246.507167559192
91269	4246.507167559192
92399	4246.507167559192
93528	4246.507167559192
94661	4246.507167559192
95793	4246.507167559192
96929	4246.507167559192
98063	4246.507167559192
99193	4246.507167559192
118245	4246.507167559192
119377	4246.507167559192
120510	4246.507167559192
121640	4246.507167559192
122766	4246.507167559192
123897	4246.507167559192
125024	4246.507167559192
126152	4246.507167559192
127279	4246.507167559192
128408	4246.507167559192
129536	4246.507167559192
130665	4246.507167559192
131796	4246.507167559192
132930	4246.507167559192
134060	4246.507167559192
135190	4246.507167559192
136324	4246.507167559192
137458	4246.507167559192
138588	4246.507167559192
139717	4246.507167559192
170829	4246.507167559192
171954	4246.507167559192
173082	4246.507167559192
174212	4246.507167559192
175342	4246.507167559192
176473	4246.507167559192
177602	4246.507167559192
178728	4246.507167559192
179853	4246.507167559192
180980	4246.507167559192
210109	3900.9450512842714
233020	3899.442736151371
234148	3899.442736151371
235276	3899.442736151371
236411	3899.442736151371
237543	3899.442736151371
238675	3899.442736151371
239809	3899.442736151371
240943	3899.442736151371
242077	3899.442736151371
243213	3899.442736151371
244357	3899.442736151371
245494	3899.442736151371
246627	3899.442736151371
247762	3899.442736151371
248897	3899.442736151371
250029	3899.442736151371
251162	3899.442736151371
252296	3899.442736151371
253430	3899.442736151371
270219	3841.7350112329477
288523	3586.7013518641534
314267	3582.4720868071695
315401	3582.4720868071695
316538	3582.4720868071695
317675	3582.4720868071695
318808	3582.4720868071695
319951	3582.4720868071695
321090	3582.4720868071695
322225	3582.4720868071695
323360	3582.4720868071695
324499	3582.4720868071695
325634	3582.4720868071695
326773	3582.4720868071695
327913	3582.4720868071695
329049	3582.4720868071695
330185	3582.4720868071695
331324	3582.4720868071695
332460	3582.4720868071695
333596	3582.4720868071695
334730	3582.4720868071695
335869	3582.4720868071695
337008	3582.4720868071695
338153	3582.4720868071695
339296	3582.4720868071695
340437	3582.4720868071695
341577	3582.4720868071695
342719	3582.4720868071695
343860	3582.4720868071695
345001	3582.4720868071695
362871	3582.4720868071695
364008	3582.4720868071695
365150	3582.4720868071695
366288	3582.4720868071695
367428	3582.4720868071695
368571	3582.4720868071695
369713	3582.4720868071695
370851	3582.4720868071695
371989	3582.4720868071695
373131	3582.4720868071695
392553	3388.7892498001265
427728	3388.7892498001265
428869	3388.7892498001265
430011	3388.7892498001265
431154	3388.7892498001265
432294	3388.7892498001265
433437	3388.7892498001265
434578	3388.7892498001265
435716	3388.7892498001265
436851	3388.7892498001265
437990	3388.7892498001265
439131	3388.7892498001265
440276	3388.7892498001265
441419	3388.7892498001265
442564	3388.7892498001265
443705	3388.7892498001265
444846	3388.7892498001265
445987	3388.7892498001265
447128	3388.7892498001265
448267	3388.7892498001265
460190	3388.7892498001265
461328	3388.7892498001265
462466	3388.7892498001265
463607	3388.7892498001265
464749	3388.7892498001265
465885	3388.7892498001265
467026	3388.7892498001265
468171	3388.7892498001265
469309	3388.7892498001265
470448	3388.7892498001265
471586	3388.7892498001265
472723	3388.7892498001265
473862	3388.7892498001265
474998	3388.7892498001265
476133	3388.7892498001265
477268	3388.7892498001265
478404	3388.7892498001265
479536	3388.7892498001265
480669	3388.7892498001265
481807	3388.7892498001265
509097	3388.7892498001265
510232	3388.7892498001265
511366	3388.7892498001265
512498	3388.7892498001265
513630	3388.7892498001265
514761	3388.7892498001265
515892	3388.7892498001265
517022	3388.7892498001265
518153	3388.7892498001265
519283	3388.7892498001265
520415	3388.7892498001265
521545	3388.7892498001265
522679	3388.7892498001265
523809	3388.7892498001265
524937	3388.7892498001265
526066	3388.7892498001265
527195	3388.7892498001265
528325	3388.7892498001265
529453	3388.7892498001265
530585	3388.7892498001265
542233	3388.7892498001265
543369	3388.7892498001265
544503	3388.7892498001265
545639	3388.7892498001265
546772	3388.7892498001265
547904	3388.7892498001265
549034	3388.7892498001265
550166	3388.7892498001265
551296	3388.7892498001265
552429	3388.7892498001265
553561	3388.7892498001265
554690	3388.7892498001265
555820	3388.7892498001265
556954	3388.7892498001265
558084	3388.7892498001265
559216	3388.7892498001265
560349	3388.7892498001265
561484	3388.7892498001265
562620	3388.7892498001265
563753	3388.7892498001265
574694	3388.7892498001265
575828	3388.7892498001265
576960	3388.7892498001265
578094	3388.7892498001265
579227	3388.7892498001265
580363	3388.7892498001265
581500	3388.7892498001265
582632	3388.7892498001265
583764	3388.7892498001265
584898	3388.7892498001265
598949	3388.7892498001265
600082	3388.7892498001265
601211	3388.7892498001265
602342	3388.7892498001265
603474	3388.7892498001265
604608	3388.7892498001265
605742	3388.7892498001265
606881	3388.7892498001265
608013	3388.7892498001265
609143	3388.7892498001265
610274	3388.7892498001265
611405	3388.7892498001265
612539	3388.7892498001265
613671	3388.7892498001265
614801	3388.7892498001265
615931	3388.7892498001265
617060	3388.7892498001265
618195	3388.7892498001265
619326	3388.7892498001265
620460	3388.7892498001265
635213	3388.7892498001265
636349	3388.7892498001265
637482	3388.7892498001265
638614	3388.7892498001265
639743	3388.7892498001265
640873	3388.7892498001265
642008	3388.7892498001265
643137	3388.7892498001265
644265	3388.7892498001265
645394	3388.7892498001265
646528	3388.7892498001265
647659	3388.7892498001265
648792	3388.7892498001265
649925	3388.7892498001265
651057	3388.7892498001265
652188	3388.7892498001265
653318	3388.7892498001265
654449	3388.7892498001265
655582	3388.7892498001265
656713	3388.7892498001265
684601	3388.7892498001265
685736	3388.7892498001265
686866	3388.7892498001265
687996	3388.7892498001265
689128	3388.7892498001265
690264	3388.7892498001265
691398	3388.7892498001265
692533	3388.7892498001265
693666	3388.7892498001265
694795	3388.7892498001265
695929	3388.7892498001265
697060	3388.7892498001265
698193	3388.7892498001265
699327	3388.7892498001265
700461	3388.7892498001265
701591	3388.7892498001265
702720	3388.7892498001265
703852	3388.7892498001265
704986	3388.7892498001265
706118	3388.7892498001265
723697	3388.7892498001265
724826	3388.7892498001265
725954	3388.7892498001265
727083	3388.7892498001265
728213	3388.7892498001265
729343	3388.7892498001265
730476	3388.7892498001265
731613	3388.7892498001265
732747	3388.7892498001265
733884	3388.7892498001265
735016	3388.7892498001265
736150	3388.7892498001265
737286	3388.7892498001265
738421	3388.7892498001265
739555	3388.7892498001265
740692	3388.7892498001265
741833	3388.7892498001265
742971	3388.7892498001265
744113	3388.7892498001265
745253	3388.7892498001265
762007	3388.7892498001265
763148	3388.7892498001265
764288	3388.7892498001265
765426	3388.7892498001265
766565	3388.7892498001265
767709	3388.7892498001265
768845	3388.7892498001265
769984	3388.7892498001265
771123	3388.7892498001265
772262	3388.7892498001265
786025	3388.7892498001265
787166	3388.7892498001265
788312	3388.7892498001265
789456	3388.7892498001265
790602	3388.7892498001265
791747	3388.7892498001265
792888	3388.7892498001265
794033	3388.7892498001265
795173	3388.7892498001265
796315	3388.7892498001265
797461	3388.7892498001265
798607	3388.7892498001265
799750	3388.7892498001265
800892	3388.7892498001265
802035	3388.7892498001265
803176	3388.7892498001265
804319	3388.7892498001265
805465	3388.7892498001265
806608	3388.7892498001265
807755	3388.7892498001265
816268	3387.9319111984496
832875	3380.1972850602815
849735	3380.1972850602815
850887	3380.1972850602815
852035	3380.1972850602815
853184	3380.1972850602815
854334	3380.1972850602815
855484	3380.1972850602815
856634	3380.1972850602815
857780	3380.1972850602815
858926	3380.1972850602815
860067	3380.1972850602815
861212	3380.1972850602815
862354	3380.1972850602815
863495	3380.1972850602815
864636	3380.1972850602815
881617	3379.948929592125
882757	3379.948929592125
883898	3379.948929592125
885034	3379.948929592125
886175	3379.948929592125
901229	3379.843633219437
902367	3379.843633219437
903508	3379.843633219437
904643	3379.843633219437
905779	3379.843633219437
906913	3379.843633219437
918329	3379.793477830097
919465	3379.793477830097
920601	3379.793477830097
932826	3379.605474033184
933964	3379.605474033184
935098	3379.605474033184
936229	3379.605474033184
937358	3379.605474033184
938486	3379.605474033184
939613	3379.605474033184
940742	3379.605474033184
941873	3379.605474033184
943007	3379.605474033184
944137	3379.605474033184
945270	3379.605474033184
946403	3379.605474033184
960765	3379.4052000004845
961896	3379.4052000004845
963032	3379.4052000004845
964166	3379.4052000004845
965301	3379.4052000004845
978332	3379.384484674677
979466	3379.384484674677
980599	3379.384484674677
993040	3379.2960940640996
994177	3379.2960940640996
995312	3379.2960940640996
996447	3379.2960940640996
997582	3379.2960940640996
1016193	3378.876353070831
