1000	28653.390829663556
2172	20894.57297812347
3334	18066.077300867757
4489	15100.220494648638
5641	14625.830840952565
6790	13222.755782910632
7935	13222.755782910632
9082	12405.369265655467
10225	12405.369265655467
11366	12293.153222002755
12500	12207.077691487042
13633	12207.077691487042
14771	11972.333531582857
15906	11972.333531582857
17035	11972.333531582857
18168	11471.202280027826
19298	11471.202280027826
20426	11471.202280027826
21557	11471.202280027826
22684	10573.198348462654
23813	10573.198348462654
24939	10573.198348462654
26064	10573.198348462654
27193	10573.198348462654
28319	10573.198348462654
29446	10573.198348462654
30572	10411.286042543938
31701	10411.286042543938
32823	10411.286042543938
33952	10411.286042543938
35077	10411.286042543938
36203	10411.286042543938
37328	10411.286042543938
38455	10411.286042543938
39585	10411.286042543938
40713	10411.286042543938
41840	10411.286042543938
42967	10152.042803345696
44094	9991.447536297823
45223	9817.67687917919
46349	9817.67687917919
47479	9817.67687917919
48609	9817.67687917919
78118	6110.8269831810785
109446	5128.659196977176
132646	5128.658668309913
133776	5128.658668309913
134905	5128.658668309913
136034	5128.658668309913
137164	5128.658668309913
138292	5128.658668309913
139422	5128.658668309913
140552	5128.658668309913
141681	5128.658668309913
142807	5128.658668309913
143933	5128.658668309913
145065	5128.658668309913
146195	5128.658668309913
147330	5128.658668309913
148465	5128.658668309913
149597	5128.658668309913
150733	5128.658668309913
151866	5128.658668309913
153000	5128.658668309913
154132	5128.658668309913
155265	5128.658668309913
156397	5128.658668309913
157531	5128.658668309913
158662	5128.658668309913
159790	5128.658668309913
160922	5128.658668309913
189631	5128.658668309913
190762	5128.658668309913
191893	5128.658668309913
193021	5128.658668309913
194153	5128.658668309913
195280	5128.658668309913
196406	5128.658668309913
197536	5128.658668309913
198664	5128.658668309913
199799	5128.658668309913
200930	5128.658668309913
202063	5128.658668309913
203196	5128.658668309913
204329	5128.658668309913
205461	5128.658668309913
206594	5128.658668309913
207729	5128.658668309913
208860	5128.658668309913
209991	5128.658668309913
211123	5128.658668309913
223237	4518.162171295839
253988	4517.8834884061325
255120	4517.8834884061325
256251	4517.8834884061325
257383	4517.8834884061325
258515	4517.8834884061325
259651	4517.8834884061325
260783	4517.8834884061325
261917	4517.8834884061325
263052	4517.8834884061325
264185	4517.8834884061325
265321	4517.8834884061325
266457	4517.8834884061325
267591	4517.8834884061325
268724	4517.8834884061325
269860	4517.8834884061325
271000	4517.8834884061325
290271	4517.739096189795
291406	4517.739096189795
292540	4517.739096189795
293677	4517.739096189795
294815	4517.739096189795
295957	4517.739096189795
297098	4517.739096189795
298235	4517.739096189795
299371	4517.739096189795
300507	4517.739096189795
301646	4517.739096189795
302786	4517.739096189795
303925	4517.739096189795
305065	4517.739096189795
306203	4517.739096189795
307338	4517.739096189795
308477	4517.739096189795
309613	4517.739096189795
310751	4517.739096189795
311891	4517.739096189795
313032	4517.739096189795
314175	4517.739096189795
315320	4517.739096189795
331507	4302.196513117728
363375	4302.170019998277
364519	4302.170019998277
365659	4302.170019998277
366799	4302.170019998277
367939	4302.170019998277
369081	4302.170019998277
370223	4302.170019998277
371363	4302.170019998277
372504	4302.170019998277
373642	4302.170019998277
374782	4302.170019998277
375929	4302.170019998277
377067	4302.170019998277
378207	4302.170019998277
379340	4302.170019998277
380479	4302.170019998277
381616	4302.170019998277
382756	4302.170019998277
383894	4302.170019998277
410156	4302.170019998277
411298	4302.170019998277
412440	4302.170019998277
413578	4302.170019998277
414720	4302.170019998277
415857	4302.170019998277
416994	4302.170019998277
418129	4302.170019998277
419264	4302.170019998277
420400	4302.170019998277
421538	4302.170019998277
422675	4302.170019998277
423811	4302.170019998277
424946	4302.170019998277
426084	4302.170019998277
427222	4302.170019998277
428360	4302.170019998277
429498	4302.170019998277
430633	4302.170019998277
431769	4302.170019998277
443796	4302.170019998277
444934	4302.170019998277
446068	4302.170019998277
447205	4302.170019998277
448335	4302.170019998277
449473	4302.170019998277
450608	4302.170019998277
451744	4302.170019998277
452881	4302.170019998277
454015	4302.170019998277
455147	4302.170019998277
456280	4302.170019998277
457417	4302.170019998277
458556	4302.170019998277
459687	4302.170019998277
460826	4302.170019998277
461959	4302.170019998277
463089	4302.170019998277
464223	4302.170019998277
465357	4302.170019998277
474645	4302.170019998277
475776	4302.170019998277
476910	4302.170019998277
478040	4302.170019998277
479170	4302.170019998277
480301	4302.170019998277
481429	4302.170019998277
482563	4302.170019998277
483699	4302.170019998277
484829	4302.170019998277
485962	4302.170019998277
487100	4302.170019998277
488232	4302.170019998277
489365	4302.170019998277
490499	4302.170019998277
491630	4302.170019998277
492764	4302.170019998277
493899	4302.170019998277
495030	4302.170019998277
496164	4302.170019998277
512081	4302.170019998277
513217	4302.170019998277
514351	4302.170019998277
515487	4302.170019998277
516624	4302.170019998277
517761	4302.170019998277
518898	4302.170019998277
520032	4302.170019998277
521170	4302.170019998277
522309	4302.170019998277
523445	4302.170019998277
524581	4302.170019998277
525721	4302.170019998277
526860	4302.170019998277
528003	4302.170019998277
529151	4302.170019998277
530295	4302.170019998277
531439	4302.170019998277
532579	4302.170019998277
533720	4302.170019998277
558098	4302.170019998277
559244	4302.170019998277
560386	4302.170019998277
561527	4302.170019998277
562665	4302.170019998277
563811	4302.170019998277
564952	4302.170019998277
566092	4302.170019998277
567231	4302.170019998277
568370	4302.170019998277
589817	4302.170019998277
590957	4302.170019998277
592097	4302.170019998277
593239	4302.170019998277
594382	4302.170019998277
595525	4302.170019998277
596667	4302.170019998277
597810	4302.170019998277
598952	4302.170019998277
600096	4302.170019998277
601240	4302.170019998277
602384	4302.170019998277
603527	4302.170019998277
604671	4302.170019998277
605810	4302.170019998277
606950	4302.170019998277
608093	4302.170019998277
609238	4302.170019998277
610380	4302.170019998277
611521	4302.170019998277
633642	4302.170019998277
634784	4302.170019998277
635923	4302.170019998277
637064	4302.170019998277
638204	4302.170019998277
639342	4302.170019998277
640480	4302.170019998277
641617	4302.170019998277
642760	4302.170019998277
643894	4302.170019998277
645032	4302.170019998277
646165	4302.170019998277
647299	4302.170019998277
648437	4302.170019998277
649574	4302.170019998277
650710	4302.170019998277
651841	4302.170019998277
652978	4302.170019998277
654112	4302.170019998277
655241	4302.170019998277
673706	4302.170019998277
674839	4302.170019998277
675972	4302.170019998277
677105	4302.170019998277
678234	4302.170019998277
679364	4302.170019998277
680498	4302.170019998277
681634	4302.170019998277
682767	4302.170019998277
683901	4302.170019998277
685031	4302.170019998277
686160	4302.170019998277
687292	4302.170019998277
688427	4302.170019998277
689560	4302.170019998277
690691	4302.170019998277
691822	4302.170019998277
692954	4302.170019998277
694085	4302.170019998277
695212	4302.170019998277
713289	4302.170019998277
714421	4302.170019998277
715547	4302.170019998277
716677	4302.170019998277
717808	4302.170019998277
718940	4302.170019998277
720070	4302.170019998277
721201	4302.170019998277
722330	4302.170019998277
723462	4302.170019998277
724594	4302.170019998277
725724	4302.170019998277
726856	4302.170019998277
727989	4302.170019998277
729124	4302.170019998277
730256	4302.170019998277
731391	4302.170019998277
732528	4302.170019998277
733662	4302.170019998277
734797	4302.170019998277
752533	4302.170019998277
753667	4302.170019998277
754802	4302.170019998277
755936	4302.170019998277
757070	4302.170019998277
758204	4302.170019998277
759341	4302.170019998277
760482	4302.170019998277
761625	4302.170019998277
762758	4302.170019998277
781318	4302.170019998277
782455	4302.170019998277
783592	4302.170019998277
784731	4302.170019998277
785871	4302.170019998277
787008	4302.170019998277
788146	4302.170019998277
789283	4302.170019998277
790420	4302.170019998277
791561	4302.170019998277
792703	4302.170019998277
793840	4302.170019998277
794981	4302.170019998277
796117	4302.170019998277
797255	4302.170019998277
798388	4302.170019998277
799526	4302.170019998277
800660	4302.170019998277
801795	4302.170019998277
802931	4302.170019998277
823904	4302.170019998277
825042	4302.170019998277
826182	4302.170019998277
852772	4300.911322251875
853909	4300.911322251875
855047	4300.911322251875
856178	4300.911322251875
857308	4300.911322251875
858438	4300.911322251875
859574	4300.911322251875
860706	4300.911322251875
861839	4300.911322251875
862972	4300.911322251875
864106	4300.911322251875
865238	4300.911322251875
866367	4300.911322251875
867500	4300.911322251875
868633	4300.911322251875
869765	4300.911322251875
870895	4300.911322251875
872026	4300.911322251875
873155	4300.911322251875
874285	4300.911322251875
875419	4300.911322251875
876557	4300.911322251875
877691	4300.911322251875
878826	4300.911322251875
879959	4300.911322251875
881091	4300.911322251875
882221	4300.911322251875
895039	4300.911322251875
896174	4300.911322251875
897307	4300.911322251875
898438	4300.911322251875
899570	4300.911322251875
900705	4300.911322251875
901832	4300.911322251875
902964	4300.911322251875
904095	4300.911322251875
905222	4300.911322251875
909131	4300.730217228593
923049	4300.6804893944245
924176	4300.6804893944245
925307	4300.6804893944245
942936	4300.657688793375
944075	4300.657688793375
959199	4300.603478287165
973709	4300.214632845703
974843	4300.214632845703
975974	4300.214632845703
977105	4300.214632845703
978236	4300.214632845703
979369	4300.214632845703
980506	4300.214632845703
981642	4300.214632845703
982780	4300.214632845703
983918	4300.214632845703
985055	4300.214632845703
986191	4300.214632845703
987331	4300.214632845703
988474	4300.214632845703
989610	4300.214632845703
990750	4300.214632845703
991891	4300.214632845703
993030	4300.214632845703
994172	4300.214632845703
995309	4300.214632845703
996447	4300.214632845703
997584	4300.214632845703
998723	4300.214632845703
1007111	4300.214632845703
