1000	82806.8046014838
6131	18284.967282812715
8583	18284.967282812715
16227	14911.563698533728
22242	13910.797443089046
24612	13910.7511252751
26978	13910.746723183789
29346	13910.746291379637
31713	13910.746246590023
34075	13910.746241912542
36436	13910.746241425175
38786	13910.746241377914
41149	13910.746241374161
43505	13910.746241374147
45858	13910.746241374147
49571	13910.746241374147
53328	13910.746241374147
58368	13910.746241374147
63373	13910.746241374147
70887	13871.698327338643
75669	13016.75815518533
82839	11143.856249928369
85178	11143.758873746785
87512	11143.746332845305
89846	11143.744774433058
92182	11143.74458614827
94511	11143.74456358684
96841	11143.74456080692
99173	11143.744560433712
101509	11143.744560374134
103839	11143.74456036182
106167	11143.74456035853
108496	11143.744560357489
110829	11143.74456035714
113157	11143.744560357012
115487	11143.744560356969
117816	11143.744560356956
120146	11143.744560356947
122470	11143.744560356947
127446	11143.744560356947
132397	11143.744560356947
138543	11143.744560356947
140963	11143.744560356947
150778	11143.744560356947
154516	11143.744560356947
164228	11143.744560356947
170354	11143.744560356947
174048	11143.744560356947
180205	11143.744560356947
185165	11143.744560356947
198836	11143.744560356947
211280	11143.744560356947
222161	11143.744560356947
232046	11143.744560356947
241925	11143.744560356947
251886	11143.744560356947
260588	11143.744560356947
266777	11143.744560356947
275250	11143.744560356947
278964	11143.744560356947
290052	11143.744560356947
295047	11143.744560356947
300000	11143.744560356947
312235	11143.744560356947
315926	11143.744560356947
322128	11143.744560356947
328271	11143.744560356947
333208	11143.744560356947
340593	11143.744560356947
345518	11143.744560356947
353008	11143.744560356947
357966	11143.744560356947
364088	11143.744560356947
372725	11143.744560356947
376376	11143.744560356947
380087	11143.744560356947
388685	11143.744560356947
394845	11143.744560356947
408346	11143.744560356947
416976	11143.744560356947
420628	11143.744560356947
424342	11143.744560356947
428033	11143.744560356947
431732	11143.744560356947
436703	11143.744560356947
442897	11143.744560356947
445338	11143.744560356947
448994	11143.744560356947
454010	11143.744560356947
458965	11143.744560356947
462697	11143.744560356947
465126	11143.744560356947
468867	11143.744560356947
471299	11143.744560356947
476237	11143.744560356947
479977	11143.744560356947
483665	11143.744560356947
489887	11143.744560356947
494876	11143.744560356947
497334	11143.744560356947
508269	11143.744560356947
511941	11143.744560356947
514459	11143.744560356947
524287	11143.744560356947
526710	11143.744560356947
530348	11143.744560356947
534042	11143.744560356947
541430	11143.744560356947
543830	11143.744560356947
548730	11143.744560356947
551204	11143.744560356947
553634	11143.744560356947
556098	11143.744560356947
558536	11143.744560356947
560989	11143.744560356947
563418	11143.744560356947
565849	11143.744560356947
580330	11143.744560356947
582766	11143.744560356947
585187	11143.744560356947
587634	11143.744560356947
590093	11143.744560356947
592504	11143.744560356947
594918	11143.744560356947
597332	11143.744560356947
599739	11143.744560356947
602144	11143.744560356947
604569	11143.744560356947
606982	11143.744560356947
609406	11143.744560356947
611820	11143.744560356947
614280	11143.744560356947
616763	11143.744560356947
619228	11143.744560356947
621679	11143.744560356947
624113	11143.744560356947
626513	11143.744560356947
628921	11143.744560356947
631348	11143.744560356947
633794	11143.744560356947
636224	11143.744560356947
638651	11143.744560356947
641088	11143.744560356947
643536	11143.744560356947
645933	11143.744560356947
648376	11143.744560356947
650810	11143.744560356947
653215	11143.744560356947
655631	11143.744560356947
658051	11143.744560356947
660458	11143.744560356947
662856	11143.744560356947
665257	11143.744560356947
667686	11143.744560356947
670094	11143.744560356947
672511	11143.744560356947
674906	11143.744560356947
677309	11143.744560356947
679725	11143.744560356947
682138	11143.744560356947
684568	11143.744560356947
686980	11143.744560356947
689395	11143.744560356947
691821	11143.744560356947
694249	11143.744560356947
696664	11143.744560356947
699075	11143.744560356947
701479	11143.744560356947
703898	11143.744560356947
706315	11143.744560356947
708713	11143.744560356947
711136	11143.744560356947
713558	11143.744560356947
715976	11143.744560356947
718389	11143.744560356947
720794	11143.744560356947
723210	11143.744560356947
725633	11143.744560356947
728055	11143.744560356947
730478	11143.744560356947
732894	11143.744560356947
735304	11143.744560356947
737730	11143.744560356947
740135	11143.744560356947
742537	11143.744560356947
744936	11143.744560356947
747346	11143.744560356947
749762	11143.744560356947
752195	11143.744560356947
754612	11143.744560356947
757027	11143.744560356947
759443	11143.744560356947
761866	11143.744560356947
764286	11143.744560356947
766689	11143.744560356947
769100	11143.744560356947
771496	11143.744560356947
773901	11143.744560356947
776292	11143.744560356947
778693	11143.744560356947
781096	11143.744560356947
783491	11143.744560356947
785894	11143.744560356947
788292	11143.744560356947
790683	11143.744560356947
793069	11143.744560356947
795468	11143.744560356947
797864	11143.744560356947
800265	11143.744560356947
802662	11143.744560356947
805082	11143.744560356947
807512	11143.744560356947
809932	11143.744560356947
812325	11143.744560356947
814748	11143.744560356947
817178	11143.744560356947
819590	11143.744560356947
821995	11143.744560356947
824406	11143.744560356947
826818	11143.744560356947
829241	11143.744560356947
831650	11143.744560356947
834061	11143.744560356947
836466	11143.744560356947
838876	11143.744560356947
841306	11143.744560356947
843709	11143.744560356947
846114	11143.744560356947
848528	11143.744560356947
850945	11143.744560356947
853356	11143.744560356947
855767	11143.744560356947
858177	11143.744560356947
860575	11143.744560356947
862975	11143.744560356947
865388	11143.744560356947
867812	11143.744560356947
870246	11143.744560356947
872658	11143.744560356947
875063	11143.744560356947
877479	11143.744560356947
879886	11143.744560356947
882288	11143.744560356947
884721	11143.744560356947
887159	11143.744560356947
889585	11143.744560356947
892017	11143.744560356947
894432	11143.744560356947
896859	11143.744560356947
899281	11134.79983308379
901714	11127.142941862552
904138	11127.142941862552
906579	11127.142941862552
909019	11123.790756637378
911441	11121.886744151818
913873	11117.444995847942
916288	11116.253448349293
918730	11114.21145566467
921174	11112.773944510544
923608	11112.276747228618
926021	11112.145135171013
928435	11106.562503968817
930862	11106.562503968817
933293	11106.562503968817
935715	11106.450714930568
938142	11104.309700025951
940570	11102.144426910909
942978	11102.144426910909
945419	11100.340668693103
947833	11100.340668693103
950272	11096.365762396385
952698	11093.667571062093
955118	11093.667571062093
957537	11091.018994701852
959984	11089.094709624433
962413	11088.713241988587
964849	11085.105012651067
967298	11082.591920587962
969721	11077.748305003117
972143	11076.60442761748
974567	11074.206000183287
976989	11073.355816272306
979447	11072.536177314625
981882	11069.247932228502
984325	11068.656031169512
986747	11068.489859361083
989173	11068.489859361083
991601	11064.93282292893
994026	11064.93282292893
996462	11064.93282292893
998899	11064.285128535266
1001360	11063.2306585407
