1000	72526.22147175454
8811	16570.179971215726
12501	16570.179971215726
22550	14240.600355714732
26130	13974.41600921067
28505	13974.41600921067
34774	13974.41600921067
42445	13974.41600921067
56001	13694.236102733332
60821	13597.939376024515
65545	13250.643259556802
71439	12706.162492894811
73774	12706.132711136157
76111	12706.130189119078
78445	12706.129783152395
80781	12706.129725897854
83112	12706.129719422566
85446	12706.129718843402
87780	12706.129718807142
90105	12706.129718807142
96432	12706.129718807142
103910	12706.129718807142
110090	12706.129718807142
113809	12706.129718807142
117518	12706.129718807142
123768	12706.129718807142
128746	12706.129718807142
135094	12706.129718807142
148432	12661.098767207899
150766	12661.098767207899
159626	12661.098767207899
171945	12071.295348165055
177842	11700.14497601417
180159	11700.13213272869
182482	11700.131079268107
184803	11700.130996818738
187121	11700.130990883434
189445	11700.130990475234
191765	11700.130990443115
194086	11700.130990439548
196404	11700.13099043907
198733	11700.130990439015
201054	11700.130990439
203375	11700.130990439
210787	11700.130990439
213231	11700.130990439
215666	11700.130990439
218099	11700.130990439
220526	11700.130990439
225501	11700.130990439
229233	11700.130990439
240283	11700.130990439
250091	11700.130990439
259905	11700.130990439
263594	11700.130990439
269830	11700.130990439
272269	11700.130990439
283296	11700.130990439
285733	11700.130990439
288151	11700.130990439
290615	11700.130990439
293019	11700.130990439
301579	11700.130990439
304005	11700.130990439
306449	11700.130990439
308875	11700.130990439
311292	11700.130990439
313701	11700.130990439
316122	11700.130990439
318547	11700.130990439
320972	11700.130990439
323383	11700.130990439
325824	11700.130990439
328229	11700.130990439
330640	11700.130990439
334356	11700.130990439
336790	11700.130990439
339232	11700.130990439
342929	11700.130990439
345362	11700.130990439
349062	11700.130990439
351508	11700.130990439
353944	11700.130990439
356382	11700.130990439
358785	11700.130990439
361188	11700.130990439
363593	11700.130990439
366030	11700.130990439
368448	11700.130990439
370852	11700.130990439
373297	11700.130990439
375704	11700.130990439
378123	11700.130990439
380539	11700.130990439
382963	11700.130990439
385358	11700.130990439
387762	11700.130990439
390174	11700.130990439
392602	11700.130990439
395029	11700.130990439
397456	11700.130990439
399880	11700.130990439
402278	11700.130990439
404713	11700.130990439
407175	11700.130990439
409639	11700.130990439
412079	11700.130990439
414534	11700.130990439
416947	11700.130990439
419369	11700.130990439
421788	11700.130990439
424237	11700.130990439
426660	11700.130990439
429061	11700.130990439
431483	11700.130990439
433920	11700.130990439
436381	11700.130990439
438808	11700.130990439
441227	11700.130990439
443650	11700.130990439
446084	11700.130990439
448517	11700.130990439
450954	11700.130990439
453382	11700.130990439
455795	11700.130990439
458255	11700.130990439
460713	11700.130990439
463144	11700.130990439
465590	11700.130990439
468042	11700.130990439
470482	11700.130990439
472915	11700.130990439
475354	11700.130990439
477775	11700.130990439
480226	11700.130990439
482677	11700.130990439
485113	11700.130990439
487565	11700.130990439
489944	11700.130990439
492335	11700.130990439
494720	11700.130990439
497114	11700.130990439
499568	11700.130990439
502032	11700.130990439
504474	11700.130990439
506915	11700.130990439
509353	11700.130990439
511735	11668.431481284011
514136	11667.052465967117
516541	11663.59350322728
518948	11635.674113234916
521354	11597.856371711852
523779	11567.616092937744
526220	11567.616092937744
528619	11560.925671305526
531089	11524.291316564999
533485	11471.585434533195
535888	11443.352004833543
538274	11427.886907294418
540746	11427.886907294418
543153	11407.869311099139
545562	11374.55817477294
547974	11350.946044427992
550381	11340.985546958713
552778	11334.153029971054
555177	11290.863212592913
557581	11239.850384586369
559973	11222.31544290252
562424	11222.31544290252
564865	11222.31544290252
567304	11222.31544290252
569701	11202.170970486606
572126	11202.170970486606
574522	11163.200985307645
576922	11146.213298145989
579304	11143.938589879934
581694	11142.796293681042
584087	11123.113316725163
586511	11115.25801968012
588899	11101.836707900293
591294	11074.486498804265
593693	11034.967671383678
596124	11034.967671383678
598544	11034.967671383678
600917	11018.597012089409
603300	10994.05384681782
605692	10988.690831947628
608077	10978.689762106735
610459	10964.387058193068
612860	10963.06453527349
615258	10947.119565832498
617643	10924.11838827039
620032	10897.124277285002
622420	10896.505474849768
624810	10888.624145405174
627224	10888.624145405174
629605	10874.699671704615
632020	10874.699671704615
634399	10867.854101918056
636772	10850.642402064992
639151	10834.362599911654
641590	10834.362599911654
643964	10817.03969911161
646364	10798.686346578024
648783	10798.686346578024
651193	10797.903408169046
653572	10789.322346489076
655951	10768.74955808614
658373	10768.74955808614
660776	10762.267120127577
663184	10761.824621351225
665583	10758.04486732137
667970	10751.024886536161
670341	10750.419033090187
672772	10750.419033090187
675143	10741.212827179967
677528	10728.612949309956
679912	10723.768244779865
682298	10718.694216630727
684695	10707.120452573788
687080	10698.583987433934
689479	10683.321378349543
691868	10670.599506592736
694253	10670.008229679132
696675	10666.334231765843
699052	10659.82313881192
701502	10659.82313881192
703874	10652.55587164205
706249	10651.02730501102
708641	10644.091671318856
711034	10642.89498321616
713456	10633.077425963205
715851	10623.262750400943
718230	10621.466545601495
720610	10609.356434149639
723041	10609.356434149639
725414	10607.05017874696
727847	10607.05017874696
730235	10602.550065422105
732603	10596.094106847791
734984	10591.847561257036
737373	10586.62654636296
739774	10586.397621026104
742148	10586.376121865831
744550	10580.98792987937
746927	10578.012365450671
749308	10572.934178713076
751691	10568.567579095501
754137	10568.567579095501
756515	10567.161819405912
758945	10567.161819405912
761319	10563.74924785144
763703	10561.184668353337
766090	10558.10470848775
768480	10556.31857275014
770864	10554.092989299319
773254	10550.941702914435
775648	10549.74646033255
778022	10545.04061308009
780394	10536.35759721648
782789	10530.069726723861
785178	10519.6246763542
787565	10517.386767341231
789942	10515.551581732347
792322	10514.19126800587
794699	10508.95295068432
797081	10507.765619891197
799460	10506.971645204778
801847	10504.397564316509
804221	10501.648510779578
806596	10497.46257681052
808980	10493.878458461559
811367	10491.830913052301
813748	10487.112594573624
816147	10485.60187034051
818537	10484.129756567381
820922	10482.521676726468
823304	10477.417918161953
825717	10477.417918161953
828095	10473.638398319203
830541	10473.638398319203
832931	10471.977947760599
835304	10470.790590626235
837701	10468.612451489942
840085	10467.410841620009
842470	10466.18662471644
844850	10464.682910775791
847232	10464.175505800848
849619	10462.119060046742
852011	10461.71265346032
854385	10459.433959254717
856774	10458.544841166542
859154	10457.565210754257
861573	10457.565210754257
863949	10457.185446063964
866323	10454.34798258064
868699	10452.422462796017
871081	10451.346890207267
873468	10450.260311780936
875861	10449.5462763414
878307	10449.5462763414
880691	10448.670883184492
883080	10448.532237505968
885454	10446.99520028288
887883	10446.99520028288
890261	10446.768580694361
892641	10445.301515100597
895022	10444.674703051809
897430	10443.231617116833
899819	10443.096805384685
902186	10442.784114041668
904573	10441.760071060202
906959	10440.549134796613
909382	10440.549134796613
911759	10439.258810599731
914144	10438.726695150077
916525	10438.365152252061
918904	10437.620400219454
921290	10436.91591537107
923671	10435.547336925569
926053	10435.38076084085
928437	10433.955796646169
930820	10433.44428471909
933211	10431.297695129793
935598	10430.774323863357
937991	10430.243049422243
940356	10429.366839961374
942746	10428.766544965372
945131	10428.33808371866
947516	10428.14865147593
949896	10426.407402531464
952286	10426.369672185818
954669	10425.453108126954
957039	10425.400530585252
959429	10425.390403046213
961837	10423.732396662273
964286	10423.732396662273
966707	10423.732396662273
969093	10422.26439468011
971484	10422.075172776556
973874	10422.048712931193
976268	10421.447563852718
978655	10420.663478462162
981059	10420.504782192185
983455	10419.798498950393
985834	10419.17506611968
988244	10419.17506611968
990637	10418.243452167637
993034	10418.203785367263
995429	10417.908881554557
997836	10417.601666265344
1000240	10416.90166291734
