1000	76774.01829371127
6212	18578.687010354817
13617	13248.874888382665
20889	13003.296887692046
26925	13003.296887692046
32017	13003.296887692046
40699	13003.296887692046
44509	13003.296887692046
53323	13003.296887692046
60892	13003.296887692046
68406	13003.296887692046
74627	13003.296887692046
79540	13003.296887692046
88237	13003.296887692046
91988	13003.296887692046
101919	13003.296887692046
108162	13003.296887692046
114470	13003.296887692046
120775	13003.296887692046
128233	13003.296887692046
134439	13003.296887692046
141827	13003.296887692046
147984	13003.296887692046
152929	13003.296887692046
161558	13003.296887692046
165254	13003.296887692046
170194	13003.296887692046
175178	13003.296887692046
178887	13003.296887692046
186418	13003.296887692046
195197	13003.296887692046
201404	13003.296887692046
208819	13003.296887692046
213804	13003.296887692046
220024	13003.296887692046
226236	13003.296887692046
229952	13003.296887692046
236013	13003.296887692046
243494	13003.296887692046
250854	12784.507154557905
253176	12784.507154557905
258094	12784.507154557905
270335	11335.875383665225
275037	11219.43539646136
277353	11219.428345215201
279675	11219.427832391679
281993	11219.42776931294
284311	11219.427760389997
286627	11219.427759156304
288945	11219.4277589935
291262	11219.427758972604
293582	11219.427758971595
295909	11219.427758969525
298231	11219.427758969525
306853	11219.427758969525
310548	11219.427758969525
316693	11219.427758969525
322862	11219.427758969525
329074	11219.427758969525
336462	11219.427758969525
344052	11219.427758969525
351527	11219.427758969525
358904	11219.427758969525
368735	11219.427758969525
371223	11219.427758969525
377471	11219.427758969525
383830	11219.427758969525
391207	11219.427758969525
396177	11219.427758969525
402455	11219.427758969525
407446	11219.427758969525
413607	11219.427758969525
421009	11219.427758969525
423467	11219.427758969525
427194	11219.427758969525
433372	11219.427758969525
439601	11219.427758969525
443316	11219.427758969525
450662	11219.427758969525
455662	11219.427758969525
459391	11219.427758969525
461848	11219.427758969525
464296	11219.427758969525
466763	11219.427758969525
471642	11219.427758969525
481441	11219.427758969525
488754	11219.427758969525
499734	11219.427758969525
503412	11219.427758969525
510748	11219.427758969525
515728	11219.427758969525
520677	11219.427758969525
525687	11219.427758969525
530658	11219.427758969525
536801	11219.427758969525
546650	11219.427758969525
549099	11219.427758969525
551563	11219.427758969525
553988	11219.427758969525
557701	11219.427758969525
560162	11219.427758969525
566343	11219.427758969525
573875	11219.427758969525
578886	11219.427758969525
585164	11219.427758969525
587605	11219.427758969525
590063	11219.427758969525
592543	11219.427758969525
599864	11219.427758969525
608350	11219.427758969525
610786	11219.427758969525
613251	11219.427758969525
615705	11219.427758969525
618163	11219.427758969525
620611	11219.427758969525
623069	11219.427758969525
625524	11219.427758969525
627976	11219.427758969525
630410	11219.427758969525
632874	11219.427758969525
635328	11219.427758969525
637752	11219.427758969525
640187	11219.427758969525
642625	11219.427758969525
648829	11219.427758969525
651269	11219.427758969525
653742	11219.427758969525
656194	11219.427758969525
658639	11219.427758969525
661040	11219.427758969525
663476	11219.427758969525
665890	11219.427758969525
668319	11219.427758969525
670774	11219.427758969525
673205	11219.427758969525
675626	11219.427758969525
678053	11219.427758969525
680508	11219.427758969525
682912	11219.427758969525
685332	11219.427758969525
687746	11219.427758969525
690156	11219.427758969525
692572	11219.427758969525
694987	11219.427758969525
697404	11219.427758969525
699833	11219.427758969525
702257	11219.427758969525
704678	11219.427758969525
707126	11219.427758969525
709544	11219.427758969525
712012	11219.427758969525
714441	11219.427758969525
716886	11219.427758969525
719313	11219.427758969525
721737	11219.427758969525
724173	11219.427758969525
726614	11219.427758969525
729086	11219.427758969525
731552	11200.650152734957
733984	11177.677841059562
736419	11143.931175456753
738872	11080.162648735595
741315	11073.027867648123
743750	11070.833591984536
746213	11046.17725583757
748669	11017.190458624744
751114	11006.989203713378
753548	10974.513695713626
755993	10946.80035863348
758435	10935.106524122786
760903	10909.584843306211
763329	10898.46764305684
765749	10889.659124614656
768201	10882.93501119475
770636	10868.029366239643
773078	10862.020749278607
775531	10847.823103542947
777972	10837.001578433337
780425	10825.355203975461
782880	10818.780261010235
785328	10809.371434419694
787775	10793.902360544958
790227	10790.296397768154
792680	10783.334232344672
795132	10774.78122857659
797586	10766.863008887194
800025	10763.036053419448
802469	10754.11303288748
804892	10747.17762587007
807326	10743.696944557829
809756	10739.136737467195
812189	10732.667304623428
814633	10728.768860053511
817064	10722.64182529281
819502	10717.850404061479
821963	10712.460257533165
824400	10707.546688716133
826831	10704.004880434382
829281	10700.567132093413
831706	10698.227020397579
834143	10697.216425881046
836589	10694.696262445705
839018	10691.221690113221
841468	10687.791935158884
843914	10685.610443170046
846352	10683.206615916213
848794	10682.536898508544
851232	10679.651824732093
853675	10676.35614483483
856141	10673.715610214185
858598	10672.40629435018
861030	10669.907838312382
863464	10669.299745440352
865900	10665.059032191972
868344	10662.438162093229
870785	10661.179690335939
873234	10659.356156353195
875679	10658.010339442235
878119	10657.44289461711
880577	10656.093602601157
883018	10654.24395745654
885472	10653.605831582518
887918	10652.695675521447
890352	10651.647751246986
892786	10650.527803160412
895233	10649.573745150734
897683	10649.3601134138
900139	10648.941338729066
902594	10648.060337515686
905044	10645.916837579985
907489	10644.173170531694
909930	10644.042096683954
912376	10643.443589328912
914811	10642.962388785505
917243	10642.565574041197
919684	10642.151445818825
922124	10641.578378347716
924576	10641.100781949428
927018	10640.73153984873
929461	10640.345363034548
931893	10640.102449174505
934342	10639.644140393888
936775	10639.202212826893
939220	10638.890711541526
941662	10638.659285800211
944111	10638.224751467795
946552	10637.90160793866
949000	10637.616180029576
951443	10637.4591856541
953879	10637.181061557563
956335	10637.019236016384
958766	10636.768669716337
961219	10636.658351177359
963653	10636.369269499219
966098	10636.22853371151
968536	10636.05407399219
970967	10635.775927398665
973408	10635.587732049633
975849	10635.462289591185
978285	10635.357232252813
980725	10635.252464944095
983173	10635.143118869013
985611	10635.03378212246
988060	10634.936100461233
990490	10634.831306814332
992932	10634.75232080623
995384	10634.615016109992
997816	10634.573039521456
1000253	10634.435373840946
