1000	72526.22147175454
2165	53612.194547777304
3323	53608.3815211669
4480	51625.73679702781
5632	46260.581259128296
6781	39279.02792586875
7936	34535.154644379894
9085	34064.10814863819
10232	32649.281653669805
11381	27961.99951808185
12529	27961.99951808185
13676	27504.115245288125
14822	25813.964678469256
15969	24932.328869014375
17115	23676.43207225034
18259	22446.901444259238
19402	22134.722429341455
20545	21575.118360185632
21685	20321.12949044061
22826	20321.12949044061
23964	20144.908794278163
25100	20144.908794278163
26237	19877.124953267572
27376	19876.887019232832
28512	18676.465635262077
29653	18676.465635262077
30786	18676.465635262077
31920	18676.465635262077
33057	18468.25661739293
34189	18468.25661739293
35322	17804.902614687584
36458	17804.902614687584
37591	17804.902614687584
38724	17658.792377622507
39852	17658.792377622507
40980	17658.792377622507
42108	16983.695656732914
43237	16983.695656732914
44362	16983.695656732914
45491	16983.695656732914
46621	16983.695656732914
47753	16983.695656732914
48881	16983.695656732914
50008	16983.695656732914
51137	16983.695656732914
52264	16983.695656732914
53393	16983.695656732914
54519	16983.695656732914
55644	16983.695656732914
66058	8850.105854650763
67186	8850.105854650763
68314	8850.105854650763
69445	8850.105854650763
70575	8850.105854650763
71701	8850.105854650763
72828	8850.105854650763
73957	8850.105854650763
75083	8850.105854650763
76211	8850.105854650763
77335	8850.105854650763
78459	8850.105854650763
79583	8850.105854650763
80710	8850.105854650763
81838	8850.105854650763
82963	8850.105854650763
84090	8850.105854650763
85220	8850.105854650763
86346	8850.105854650763
87471	8850.105854650763
88597	8850.105854650763
89724	8850.105854650763
94415	8850.105854650763
95545	8850.105854650763
96676	8850.105854650763
97810	8850.105854650763
98947	8850.105854650763
100086	8850.105854650763
101223	8850.105854650763
102358	8850.105854650763
103492	8850.105854650763
104626	8850.105854650763
105757	8850.105854650763
106889	8850.105854650763
108025	8850.105854650763
109161	8850.105854650763
110290	8850.105854650763
111423	8850.105854650763
112553	8850.105854650763
113684	8850.105854650763
114812	8850.105854650763
115943	8850.105854650763
120812	8850.105854650763
121943	8850.105854650763
123072	8850.105854650763
124202	8850.105854650763
125333	8850.105854650763
126466	8850.105854650763
127596	8850.105854650763
128724	8850.105854650763
129851	8850.105854650763
130978	8850.105854650763
132103	8850.105854650763
133231	8850.105854650763
134356	8850.105854650763
135487	8850.105854650763
136622	8850.105854650763
137756	8850.105854650763
138891	8850.105854650763
140025	8850.105854650763
141159	8850.105854650763
142294	8850.105854650763
147974	8850.105854650763
149107	8850.105854650763
150239	8850.105854650763
151369	8850.105854650763
152498	8850.105854650763
153626	8850.105854650763
154755	8850.105854650763
155886	8850.105854650763
157016	8850.105854650763
158143	8850.105854650763
159271	8850.105854650763
160400	8850.105854650763
161530	8850.105854650763
162656	8850.105854650763
163786	8850.105854650763
164916	8850.105854650763
166043	8850.105854650763
167173	8850.105854650763
168303	8850.105854650763
169434	8850.105854650763
174145	8850.105854650763
175274	8850.105854650763
176402	8850.105854650763
177534	8850.105854650763
178667	8850.105854650763
179798	8850.105854650763
180934	8850.105854650763
182068	8850.105854650763
183202	8850.105854650763
184337	8850.105854650763
189222	8850.105854650763
190356	8850.105854650763
191495	8850.105854650763
192627	8850.105854650763
193762	8850.105854650763
194894	8850.105854650763
196025	8850.105854650763
197157	8850.105854650763
198287	8850.105854650763
199419	8850.105854650763
200547	8850.105854650763
201677	8850.105854650763
202808	8850.105854650763
203938	8850.105854650763
205069	8850.105854650763
206202	8850.105854650763
207333	8850.105854650763
208468	8850.105854650763
209600	8850.105854650763
210729	8850.105854650763
217955	8850.105854650763
219086	8850.105854650763
220215	8850.105854650763
221345	8850.105854650763
222478	8850.105854650763
223612	8850.105854650763
224745	8850.105854650763
225876	8850.105854650763
227006	8850.105854650763
228140	8850.105854650763
229278	8850.105854650763
230413	8850.105854650763
231544	8850.105854650763
232678	8850.105854650763
233810	8850.105854650763
234944	8850.105854650763
236077	8850.105854650763
237207	8850.105854650763
238338	8850.105854650763
239469	8850.105854650763
244168	8850.105854650763
245299	8850.105854650763
246429	8850.105854650763
247561	8850.105854650763
248691	8850.105854650763
249820	8850.105854650763
250949	8850.105854650763
252081	8850.105854650763
253216	8850.105854650763
254348	8850.105854650763
255478	8850.105854650763
256608	8850.105854650763
257738	8850.105854650763
258868	8850.105854650763
259998	8850.105854650763
261125	8850.105854650763
262254	8850.105854650763
263381	8850.105854650763
264511	8850.105854650763
265641	8850.105854650763
270710	8850.105854650763
271843	8850.105854650763
272977	8850.105854650763
274106	8850.105854650763
275241	8850.105854650763
276375	8850.105854650763
277508	8850.105854650763
278640	8850.105854650763
279771	8850.105854650763
280900	8850.105854650763
282030	8850.105854650763
283160	8850.105854650763
284289	8850.105854650763
285418	8850.105854650763
286548	8850.105854650763
287679	8850.105854650763
288812	8850.105854650763
289946	8850.105854650763
291074	8850.105854650763
292206	8850.105854650763
296924	8850.105854650763
298057	8850.105854650763
299188	8850.105854650763
300320	8850.105854650763
301455	8850.105854650763
302591	8850.105854650763
303726	8850.105854650763
304857	8850.105854650763
305992	8850.105854650763
307128	8850.105854650763
312410	8850.105854650763
313546	8850.105854650763
314681	8850.105854650763
315813	8850.105854650763
316944	8850.105854650763
318074	8850.105854650763
319203	8850.105854650763
320335	8850.105854650763
321467	8850.105854650763
322597	8850.105854650763
323726	8850.105854650763
324858	8850.105854650763
325991	8850.105854650763
327123	8850.105854650763
328255	8850.105854650763
329385	8850.105854650763
330517	8850.105854650763
331655	8850.105854650763
332789	8850.105854650763
333923	8850.105854650763
343071	8850.105854650763
344203	8850.105854650763
345332	8850.105854650763
346463	8850.105854650763
347592	8850.105854650763
348723	8850.105854650763
349851	8850.105854650763
350978	8850.105854650763
352106	8850.105854650763
353234	8850.105854650763
354363	8850.105854650763
355489	8850.105854650763
356616	8850.105854650763
357740	8850.105854650763
358865	8850.105854650763
359990	8850.105854650763
361114	8850.105854650763
362241	8850.105854650763
363372	8850.105854650763
364506	8850.105854650763
370416	8850.105854650763
371546	8850.105854650763
372676	8850.105854650763
373807	8850.105854650763
374937	8850.105854650763
376071	8850.105854650763
377209	8850.105854650763
378350	8850.105854650763
379483	8850.105854650763
380616	8850.105854650763
381749	8850.105854650763
382883	8850.105854650763
384021	8850.105854650763
385155	8850.105854650763
386292	8850.105854650763
387426	8850.105854650763
388558	8850.105854650763
389690	8850.105854650763
390822	8850.105854650763
391957	8850.105854650763
399268	8850.105854650763
400401	8850.105854650763
401528	8850.105854650763
402658	8850.105854650763
403791	8850.105854650763
404923	8850.105854650763
406050	8850.105854650763
407178	8850.105854650763
408308	8850.105854650763
409440	8850.105854650763
410567	8850.105854650763
411693	8850.105854650763
412820	8850.105854650763
413946	8850.105854650763
415074	8850.105854650763
416205	8850.105854650763
417337	8850.105854650763
418467	8850.105854650763
419599	8850.105854650763
420735	8850.105854650763
425307	8850.105854650763
426445	8850.105854650763
427581	8850.105854650763
428716	8850.105854650763
429849	8850.105854650763
430980	8850.105854650763
432112	8850.105854650763
433243	8850.105854650763
434372	8850.105854650763
435499	8850.105854650763
440274	8850.105854650763
441407	8850.105854650763
442540	8850.105854650763
443674	8850.105854650763
444810	8850.105854650763
445941	8850.105854650763
447074	8850.105854650763
448209	8850.105854650763
449340	8850.105854650763
450475	8850.105854650763
451611	8850.105854650763
452744	8850.105854650763
453875	8850.105854650763
455006	8850.105854650763
456136	8850.105854650763
457269	8850.105854650763
458401	8850.105854650763
459531	8850.105854650763
460660	8850.105854650763
461791	8850.105854650763
466185	8850.105854650763
467309	8850.105854650763
468438	8850.105854650763
469563	8850.105854650763
470688	8850.105854650763
471817	8850.105854650763
472942	8850.105854650763
474070	8850.105854650763
475203	8850.105854650763
476335	8850.105854650763
477468	8850.105854650763
478602	8850.105854650763
479737	8850.105854650763
480870	8850.105854650763
482003	8850.105854650763
483136	8850.105854650763
484269	8850.105854650763
485401	8850.105854650763
486534	8850.105854650763
487668	8850.105854650763
492250	8850.105854650763
493383	8850.105854650763
494513	8850.105854650763
495645	8850.105854650763
496779	8850.105854650763
497910	8850.105854650763
499042	8850.105854650763
500173	8850.105854650763
501303	8850.105854650763
502437	8850.105854650763
503566	8850.105854650763
504698	8850.105854650763
505826	8850.105854650763
506957	8850.105854650763
508087	8850.105854650763
509217	8850.105854650763
510344	8850.105854650763
511473	8850.105854650763
512601	8850.105854650763
513730	8850.105854650763
518351	8850.105854650763
519483	8850.105854650763
520613	8850.105854650763
521741	8850.105854650763
522869	8850.105854650763
524002	8850.105854650763
525129	8850.105854650763
526256	8850.105854650763
527384	8850.105854650763
528513	8850.105854650763
529642	8850.105854650763
530767	8850.105854650763
531899	8850.105854650763
533034	8850.105854650763
534167	8850.105854650763
535302	8850.105854650763
536438	8850.105854650763
537576	8850.105854650763
538711	8850.105854650763
539847	8850.105854650763
545954	8850.105854650763
547086	8850.105854650763
548219	8850.105854650763
549354	8850.105854650763
550490	8850.105854650763
551625	8850.105854650763
552756	8850.105854650763
553890	8850.105854650763
555022	8850.105854650763
556153	8850.105854650763
559709	8752.587414397192
564375	8745.013922192296
569111	8745.013909810003
570240	8745.013909810003
571368	8745.013909810003
572499	8745.013909810003
573633	8745.013909810003
574764	8745.013909810003
575895	8745.013909810003
577023	8745.013909810003
578153	8745.013909810003
579284	8745.013909810003
580418	8745.013909810003
581547	8745.013909810003
582680	8745.013909810003
583809	8745.013909810003
584940	8745.013909810003
586071	8745.013909810003
587202	8745.013909810003
588338	8745.013909810003
589472	8745.013909810003
590607	8745.013909810003
591745	8745.013909810003
592884	8745.013909810003
594022	8745.013909810003
595158	8745.013909810003
596293	8745.013909810003
597425	8745.013909810003
598559	8745.013909810003
599693	8745.013909810003
604554	8745.013909810003
605688	8745.013909810003
606820	8745.013909810003
607952	8745.013909810003
609086	8745.013909810003
610216	8745.013909810003
611346	8745.013909810003
612478	8745.013909810003
613610	8745.013909810003
614743	8745.013909810003
624940	8745.013909810003
626073	8745.013909810003
627203	8745.013909810003
628335	8745.013909810003
629467	8745.013909810003
630597	8745.013909810003
631724	8745.013909810003
632848	8745.013909810003
633976	8745.013909810003
635102	8745.013909810003
636227	8745.013909810003
637353	8745.013909810003
638480	8745.013909810003
639612	8745.013909810003
640745	8745.013909810003
641879	8745.013909810003
643012	8745.013909810003
644147	8745.013909810003
645284	8745.013909810003
646420	8745.013909810003
650913	8745.013909810003
652044	8745.013909810003
653174	8745.013909810003
654301	8745.013909810003
655432	8745.013909810003
656563	8745.013909810003
657697	8745.013909810003
658831	8745.013909810003
659964	8745.013909810003
661098	8745.013909810003
662230	8745.013909810003
663362	8745.013909810003
664493	8745.013909810003
665627	8745.013909810003
666760	8745.013909810003
667892	8745.013909810003
669030	8745.013909810003
670161	8745.013909810003
671295	8745.013909810003
672430	8745.013909810003
684831	8745.013909810003
685966	8745.013909810003
687098	8745.013909810003
688230	8745.013909810003
689362	8745.013909810003
690493	8745.013909810003
691625	8745.013909810003
692758	8745.013909810003
693890	8745.013909810003
695022	8745.013909810003
696156	8745.013909810003
697291	8745.013909810003
698425	8745.013909810003
699556	8745.013909810003
700687	8745.013909810003
701819	8745.013909810003
702948	8745.013909810003
704080	8745.013909810003
705216	8745.013909810003
706350	8745.013909810003
711202	8745.013909810003
712332	8745.013909810003
713464	8745.013909810003
714600	8745.013909810003
715736	8745.013909810003
716867	8745.013909810003
717998	8745.013909810003
719134	8745.013909810003
720268	8745.013909810003
721398	8745.013909810003
722530	8745.013909810003
723662	8745.013909810003
724792	8745.013909810003
725924	8745.013909810003
727056	8745.013909810003
728189	8745.013909810003
729321	8745.013909810003
730455	8745.013909810003
731586	8745.013909810003
732717	8745.013909810003
737678	8745.013909810003
738809	8745.013909810003
739941	8745.013909810003
741074	8745.013909810003
742203	8745.013909810003
743331	8745.013909810003
744460	8745.013909810003
745589	8745.013909810003
746726	8745.013909810003
747858	8745.013909810003
750914	8490.513658876818
757772	8490.513654616883
758905	8490.513654616883
760039	8490.513654616883
761170	8490.513654616883
762300	8490.513654616883
763430	8490.513654616883
764556	8490.513654616883
765683	8490.513654616883
766810	8490.513654616883
767938	8490.513654616883
769066	8490.513654616883
770192	8490.513654616883
771322	8490.513654616883
772455	8490.513654616883
773585	8490.513654616883
774716	8490.513654616883
775848	8490.513654616883
776977	8490.513654616883
778108	8490.513654616883
787940	8490.513654616883
789072	8490.513654616883
790205	8490.513654616883
791339	8490.513654616883
792469	8490.513654616883
793602	8490.513654616883
794736	8490.513654616883
795871	8490.513654616883
797005	8490.513654616883
798136	8490.513654616883
799270	8490.513654616883
800406	8490.513654616883
801540	8490.513654616883
802676	8490.513654616883
803812	8490.513654616883
804951	8490.513654616883
806087	8490.513654616883
807222	8490.513654616883
808359	8490.513654616883
809493	8490.513654616883
817117	8490.513654616883
818251	8490.513654616883
819379	8490.513654616883
820508	8490.513654616883
821638	8490.513654616883
822765	8490.513654616883
823894	8490.513654616883
825026	8490.513654616883
826156	8490.513654616883
827290	8490.513654616883
828423	8490.513654616883
829553	8490.513654616883
830684	8490.513654616883
831819	8490.513654616883
832949	8490.513654616883
834081	8490.513654616883
835214	8490.513654616883
836347	8490.513654616883
837481	8490.513654616883
838612	8490.513654616883
844272	8490.513654616883
845402	8490.513654616883
846533	8490.513654616883
847661	8490.513654616883
848791	8490.513654616883
849917	8490.513654616883
851041	8490.513654616883
852171	8490.513654616883
853296	8490.513654616883
854426	8490.513654616883
855561	8490.513654616883
856697	8490.513654616883
857828	8490.513654616883
858959	8490.513654616883
860090	8490.513654616883
861219	8490.513654616883
862351	8490.513654616883
863483	8490.513654616883
864612	8490.513654616883
865740	8490.513654616883
870208	8490.513654616883
871335	8490.513654616883
872466	8490.513654616883
873593	8490.513654616883
874720	8490.513654616883
875848	8490.513654616883
876978	8490.513654616883
878106	8490.513654616883
879237	8490.513654616883
880371	8490.513654616883
881502	8490.513654616883
882636	8490.513654616883
883772	8490.513654616883
884906	8490.513654616883
886042	8490.513654616883
887176	8490.513654616883
888308	8490.513654616883
889440	8490.513654616883
890569	8490.513654616883
891700	8490.513654616883
900949	8490.513654616883
902084	8490.513654616883
903219	8490.513654616883
904358	8490.513654616883
905488	8490.513654616883
906619	8490.513654616883
907750	8490.513654616883
908882	8490.513654616883
910016	8490.513654616883
911150	8490.513654616883
915417	8490.513654616883
916555	8490.513654616883
917690	8490.513654616883
918824	8490.513654616883
919956	8490.513654616883
921089	8490.513654616883
922220	8490.513654616883
923348	8490.513654616883
924478	8490.513654616883
925607	8490.513654616883
926738	8490.513654616883
927867	8490.513654616883
929000	8490.513654616883
930131	8490.513654616883
931263	8490.513654616883
932395	8490.513654616883
933525	8490.513654616883
934656	8490.513654616883
935786	8490.513654616883
936914	8490.513654616883
941502	8490.513654616883
942635	8490.513654616883
943766	8490.513654616883
944898	8490.513654616883
946029	8490.513654616883
947158	8490.513654616883
948290	8490.513654616883
949420	8490.513654616883
950551	8490.513654616883
951684	8490.513654616883
952815	8490.513654616883
953946	8490.513654616883
955077	8490.513654616883
956212	8490.513654616883
957344	8490.513654616883
958474	8490.513654616883
959605	8490.513654616883
960737	8490.513654616883
961871	8490.513654616883
963007	8490.513654616883
967378	8490.513654616883
968514	8490.513654616883
969648	8490.513654616883
970784	8490.513654616883
971920	8490.513654616883
973056	8490.513654616883
974190	8490.513654616883
975322	8490.513654616883
976463	8490.513654616883
977599	8490.513654616883
978732	8490.513654616883
979865	8490.513654616883
980998	8490.513654616883
982129	8490.513654616883
983259	8490.513654616883
984387	8490.513654616883
985516	8490.513654616883
986648	8490.513654616883
987777	8490.513654616883
988906	8490.513654616883
993974	8490.513654616883
995103	8490.513654616883
996230	8490.513654616883
997360	8490.513654616883
998487	8490.513654616883
999619	8490.513654616883
1000751	8490.513654616883
