1000	59299.62323749945
2223	48341.15691502426
3411	44788.42304637465
4587	38547.621644862906
5755	35027.0256430788
6921	29764.84615589824
8082	29130.144663417283
9237	27053.22350165868
10393	24755.881597467807
11545	24308.452347976807
12696	23181.67633735932
13851	22757.032201470218
14998	22368.305311689004
16144	22180.688318267243
17286	21715.59592409397
18424	21290.203402658954
19571	21290.203402658954
20713	20379.78556478713
21850	20379.78556478713
22996	20236.8512984433
24135	19891.480645695134
25280	19891.480645695134
26424	19765.40787719862
27564	19245.994217028936
28703	18891.89876273741
29841	18891.89876273741
30977	18832.846608888256
32110	18832.846608888256
33243	18721.803443999175
34378	18721.803443999175
35508	18607.23400325438
36641	18607.23400325438
37778	18212.689601929844
38911	18212.689601929844
40045	18212.689601929844
41178	18212.689601929844
42316	17527.55725539382
43457	17527.55725539382
44593	17527.55725539382
45725	17527.55725539382
46855	17527.55725539382
62560	11969.356803502476
63697	11969.356803502476
64832	11969.356803502476
65963	11969.356803502476
67100	11969.356803502476
68238	11969.356803502476
69380	11969.356803502476
70518	11969.356803502476
71658	11969.356803502476
72798	11969.356803502476
73932	11969.356803502476
75067	11969.356803502476
76202	11969.356803502476
77331	11969.356803502476
78460	11969.356803502476
79593	11969.356803502476
80727	11969.356803502476
81858	11969.356803502476
82989	11969.356803502476
84127	11969.356803502476
87481	9884.43151014589
91854	9884.431509278495
92998	9884.431509278495
94133	9884.431509278495
95269	9884.431509278495
96401	9884.431509278495
97536	9884.431509278495
98676	9884.431509278495
99817	9884.431509278495
100957	9884.431509278495
102108	9884.431509278495
103250	9884.431509278495
104387	9884.431509278495
105526	9884.431509278495
106666	9884.431509278495
107817	9884.431509278495
108961	9884.431509278495
110111	9884.431509278495
111260	9884.431509278495
112411	9884.431509278495
115685	9292.566390732065
120418	9292.566384598147
121586	9292.566384598147
122742	9292.566384598147
123900	9292.566384598147
125056	9292.566384598147
126209	9292.566384598147
127368	9292.566384598147
128520	9292.566384598147
129676	9292.566384598147
130826	9292.566384598147
131976	9292.566384598147
133130	9292.566384598147
134284	9292.566384598147
135440	9292.566384598147
136591	9292.566384598147
137750	9292.566384598147
138902	9292.566384598147
140054	9292.566384598147
141208	9292.566384598147
145736	9292.566384598147
146895	9292.566384598147
148048	9292.566384598147
149207	9292.566384598147
150354	9292.566384598147
151512	9292.566384598147
152668	9292.566384598147
153830	9292.566384598147
154989	9292.566384598147
156144	9292.566384598147
157298	9292.566384598147
158458	9292.566384598147
159621	9292.566384598147
160778	9292.566384598147
161929	9292.566384598147
163087	9292.566384598147
164249	9292.566384598147
165408	9292.566384598147
166571	9292.566384598147
167720	9292.566384598147
171446	9292.566384598147
172603	9292.566384598147
173759	9292.566384598147
174918	9292.566384598147
176073	9292.566384598147
177235	9292.566384598147
178398	9292.566384598147
179557	9292.566384598147
180719	9292.566384598147
181881	9292.566384598147
183043	9292.566384598147
184204	9292.566384598147
185368	9292.566384598147
186530	9292.566384598147
187689	9292.566384598147
188848	9292.566384598147
190008	9292.566384598147
191167	9292.566384598147
192329	9292.566384598147
193493	9292.566384598147
197112	9292.566384598147
198277	9292.566384598147
199440	9292.566384598147
200606	9292.566384598147
201771	9292.566384598147
202932	9292.566384598147
204093	9292.566384598147
205257	9292.566384598147
206419	9292.566384598147
207584	9292.566384598147
208749	9292.566384598147
209926	9292.566384598147
211089	9292.566384598147
212255	9292.566384598147
213418	9292.566384598147
214579	9292.566384598147
215743	9292.566384598147
216911	9292.566384598147
218074	9292.566384598147
219243	9292.566384598147
223875	9292.566384598147
225042	9292.566384598147
226213	9292.566384598147
227377	9292.566384598147
228539	9292.566384598147
229706	9292.566384598147
230872	9292.566384598147
232040	9292.566384598147
233211	9292.566384598147
234380	9292.566384598147
235548	9292.566384598147
236712	9292.566384598147
237870	9292.566384598147
239033	9292.566384598147
240209	9292.566384598147
241369	9292.566384598147
242538	9292.566384598147
243699	9292.566384598147
244862	9292.566384598147
246029	9292.566384598147
249759	9292.566384598147
250933	9292.566384598147
252102	9292.566384598147
253270	9292.566384598147
254436	9292.566384598147
255604	9292.566384598147
256776	9292.566384598147
257941	9292.566384598147
259100	9292.566384598147
260270	9292.566384598147
268806	9292.566384598147
269976	9292.566384598147
271138	9292.566384598147
272308	9292.566384598147
273478	9292.566384598147
274640	9292.566384598147
275810	9292.566384598147
276975	9292.566384598147
278148	9292.566384598147
279322	9292.566384598147
280491	9292.566384598147
281663	9292.566384598147
282830	9292.566384598147
283997	9292.566384598147
285162	9292.566384598147
286329	9292.566384598147
287502	9292.566384598147
288673	9292.566384598147
289847	9292.566384598147
291020	9292.566384598147
294412	9195.455929905193
299376	9195.455926070104
300554	9195.455926070104
301722	9195.455926070104
302889	9195.455926070104
304059	9195.455926070104
305221	9195.455926070104
306382	9195.455926070104
307545	9195.455926070104
308711	9195.455926070104
309883	9195.455926070104
311051	9195.455926070104
312215	9195.455926070104
313377	9195.455926070104
314540	9195.455926070104
315711	9195.455926070104
316878	9195.455926070104
318043	9195.455926070104
319209	9195.455926070104
320371	9195.455926070104
324606	9195.455926070104
325774	9195.455926070104
326939	9195.455926070104
328117	9195.455926070104
329287	9195.455926070104
330449	9195.455926070104
331616	9195.455926070104
332792	9195.455926070104
333969	9195.455926070104
335137	9195.455926070104
336302	9195.455926070104
337468	9195.455926070104
338641	9195.455926070104
339802	9195.455926070104
340968	9195.455926070104
342141	9195.455926070104
343304	9195.455926070104
344476	9195.455926070104
345644	9195.455926070104
346812	9195.455926070104
350851	9195.455926070104
352031	9195.455926070104
353207	9195.455926070104
354381	9195.455926070104
355560	9195.455926070104
356740	9195.455926070104
357912	9195.455926070104
359081	9195.455926070104
360248	9195.455926070104
361411	9195.455926070104
362575	9195.455926070104
363741	9195.455926070104
364901	9195.455926070104
366070	9195.455926070104
367239	9195.455926070104
368401	9195.455926070104
369574	9195.455926070104
370758	9195.455926070104
371934	9195.455926070104
373107	9195.455926070104
377342	9195.455926070104
378512	9195.455926070104
379688	9195.455926070104
380868	9195.455926070104
382037	9195.455926070104
383210	9195.455926070104
384376	9195.455926070104
385547	9195.455926070104
386718	9195.455926070104
387887	9195.455926070104
389059	9195.455926070104
390237	9195.455926070104
391409	9195.455926070104
392573	9195.455926070104
393749	9195.455926070104
394925	9195.455926070104
396100	9195.455926070104
397266	9195.455926070104
398437	9195.455926070104
399604	9195.455926070104
403776	9195.455926070104
404949	9195.455926070104
406119	9195.455926070104
407289	9195.455926070104
408463	9195.455926070104
409629	9195.455926070104
410793	9195.455926070104
411961	9195.455926070104
413130	9195.455926070104
414297	9195.455926070104
415475	9195.455926070104
416644	9195.455926070104
417814	9195.455926070104
418999	9195.455926070104
420181	9195.455926070104
421347	9195.455926070104
422528	9195.455926070104
423698	9195.455926070104
424869	9195.455926070104
426054	9195.455926070104
430425	9195.455926070104
431599	9195.455926070104
432770	9195.455926070104
433940	9195.455926070104
435116	9195.455926070104
436297	9195.455926070104
437473	9195.455926070104
438647	9195.455926070104
439827	9195.455926070104
441006	9195.455926070104
444505	9117.2847369585
448947	9117.284736263513
450125	9117.284736263513
451301	9117.284736263513
452469	9117.284736263513
453638	9117.284736263513
454810	9117.284736263513
455968	9117.284736263513
457134	9117.284736263513
458307	9117.284736263513
459469	9117.284736263513
460630	9117.284736263513
461790	9117.284736263513
462955	9117.284736263513
464121	9117.284736263513
465293	9117.284736263513
466468	9117.284736263513
467631	9117.284736263513
468789	9117.284736263513
469952	9117.284736263513
472632	9075.976222480049
477090	9075.976221691168
478260	9075.976221691168
479432	9075.976221691168
480592	9075.976221691168
481754	9075.976221691168
482914	9075.976221691168
484083	9075.976221691168
485243	9075.976221691168
486408	9075.976221691168
487572	9075.976221691168
488738	9075.976221691168
489904	9075.976221691168
491068	9075.976221691168
492230	9075.976221691168
493384	9075.976221691168
494546	9075.976221691168
495705	9075.976221691168
496858	9075.976221691168
498018	9075.976221691168
501716	9075.976221691168
502865	9075.976221691168
504028	9075.976221691168
505186	9075.976221691168
506341	9075.976221691168
507493	9075.976221691168
508644	9075.976221691168
509794	9075.976221691168
510948	9075.976221691168
512104	9075.976221691168
513255	9075.976221691168
514407	9075.976221691168
515565	9075.976221691168
516715	9075.976221691168
517862	9075.976221691168
519014	9075.976221691168
520170	9075.976221691168
521319	9075.976221691168
522469	9075.976221691168
523621	9075.976221691168
526384	9064.450252247287
530798	9064.450251261258
531949	9064.450251261258
533093	9064.450251261258
534244	9064.450251261258
535396	9064.450251261258
536544	9064.450251261258
537695	9064.450251261258
538848	9064.450251261258
539996	9064.450251261258
541148	9064.450251261258
542299	9064.450251261258
543449	9064.450251261258
544592	9064.450251261258
545743	9064.450251261258
546888	9064.450251261258
548037	9064.450251261258
549182	9064.450251261258
550340	9064.450251261258
551495	9064.450251261258
555219	9064.450251261258
556366	9064.450251261258
557517	9064.450251261258
558674	9064.450251261258
559825	9064.450251261258
560988	9064.450251261258
562145	9064.450251261258
563300	9064.450251261258
564456	9064.450251261258
565609	9064.450251261258
566766	9064.450251261258
567923	9064.450251261258
569081	9064.450251261258
570242	9064.450251261258
571401	9064.450251261258
572563	9064.450251261258
573720	9064.450251261258
574885	9064.450251261258
576040	9064.450251261258
577193	9064.450251261258
581224	9064.450251261258
582382	9064.450251261258
583542	9064.450251261258
584700	9064.450251261258
585850	9064.450251261258
587013	9064.450251261258
588175	9064.450251261258
589331	9064.450251261258
590485	9064.450251261258
591641	9064.450251261258
592802	9064.450251261258
593960	9064.450251261258
595117	9064.450251261258
596271	9064.450251261258
597432	9064.450251261258
598592	9064.450251261258
599747	9064.450251261258
600919	9064.450251261258
602078	9064.450251261258
603240	9064.450251261258
607261	9064.450251261258
608425	9064.450251261258
609591	9064.450251261258
610756	9064.450251261258
611920	9064.450251261258
613075	9064.450251261258
614235	9064.450251261258
615396	9064.450251261258
616558	9064.450251261258
617720	9064.450251261258
618881	9064.450251261258
620039	9064.450251261258
621197	9064.450251261258
622361	9064.450251261258
623530	9064.450251261258
624689	9064.450251261258
625855	9064.450251261258
627021	9064.450251261258
628186	9064.450251261258
629351	9064.450251261258
632465	9064.450251261258
633636	9064.450251261258
634804	9064.450251261258
635971	9064.450251261258
637139	9064.450251261258
638314	9064.450251261258
639481	9064.450251261258
640659	9064.450251261258
641824	9064.450251261258
642991	9064.450251261258
644165	9064.450251261258
645336	9064.450251261258
646503	9064.450251261258
647680	9064.450251261258
648856	9064.450251261258
650034	9064.450251261258
651202	9064.450251261258
652382	9064.450251261258
653553	9064.450251261258
654725	9064.450251261258
658870	9064.450251261258
660048	9064.450251261258
661228	9064.450251261258
662399	9064.450251261258
663565	9064.450251261258
664737	9064.450251261258
665911	9064.450251261258
667089	9064.450251261258
668266	9064.450251261258
669444	9064.450251261258
673384	9064.450251261258
674552	9064.450251261258
675722	9064.450251261258
676891	9064.450251261258
678059	9064.450251261258
679234	9064.450251261258
680408	9064.450251261258
681597	9064.450251261258
682775	9064.450251261258
683947	9064.450251261258
685124	9064.450251261258
686296	9064.450251261258
687472	9064.450251261258
688647	9064.450251261258
689824	9064.450251261258
691002	9064.450251261258
692173	9064.450251261258
693352	9064.450251261258
694530	9064.450251261258
695699	9064.450251261258
698709	9064.450251261258
699874	9064.450251261258
701068	9064.450251261258
702257	9064.450251261258
703429	9064.450251261258
704612	9064.450251261258
705781	9064.450251261258
706961	9064.450251261258
708139	9064.450251261258
709314	9064.450251261258
710487	9064.450251261258
711657	9064.450251261258
712830	9064.450251261258
714008	9064.450251261258
715185	9064.450251261258
716360	9064.450251261258
717545	9064.450251261258
718725	9064.450251261258
719909	9064.450251261258
721091	9064.450251261258
723792	9051.264044302248
727934	9051.264044050931
729112	9051.264044050931
730297	9051.264044050931
731480	9051.264044050931
732665	9051.264044050931
733844	9051.264044050931
735024	9051.264044050931
736199	9051.264044050931
737374	9051.264044050931
738548	9051.264044050931
739721	9051.264044050931
740890	9051.264044050931
742065	9051.264044050931
743245	9051.264044050931
744421	9051.264044050931
745602	9051.264044050931
746777	9051.264044050931
747956	9051.264044050931
749141	9051.264044050931
752570	9051.264044050931
753744	9051.264044050931
754912	9051.264044050931
756090	9051.264044050931
757273	9051.264044050931
758457	9051.264044050931
759623	9051.264044050931
760809	9051.264044050931
761987	9051.264044050931
763163	9051.264044050931
764332	9051.264044050931
765506	9051.264044050931
766680	9051.264044050931
767866	9051.264044050931
769044	9051.264044050931
770217	9051.264044050931
771389	9051.264044050931
772554	9051.264044050931
773734	9051.264044050931
774901	9051.264044050931
777689	9037.95947629089
782325	9037.959475915517
783496	9037.959475915517
784674	9037.959475915517
785841	9037.959475915517
787007	9037.959475915517
788169	9037.959475915517
789330	9037.959475915517
790488	9037.959475915517
791654	9037.959475915517
792817	9037.959475915517
793981	9037.959475915517
795140	9037.959475915517
796304	9037.959475915517
797472	9037.959475915517
798625	9037.959475915517
799781	9037.959475915517
800935	9037.959475915517
802088	9037.959475915517
803241	9037.959475915517
806557	9037.959475915517
807709	9037.959475915517
808857	9037.959475915517
810011	9037.959475915517
811171	9037.959475915517
812331	9037.959475915517
813494	9037.959475915517
814650	9037.959475915517
815799	9037.959475915517
816954	9037.959475915517
818122	9037.959475915517
819282	9037.959475915517
820443	9037.959475915517
821605	9037.959475915517
822770	9037.959475915517
823931	9037.959475915517
825097	9037.959475915517
826258	9037.959475915517
827420	9037.959475915517
828582	9037.959475915517
832206	9037.959475915517
833375	9037.959475915517
834538	9037.959475915517
835697	9037.959475915517
836858	9037.959475915517
838023	9037.959475915517
839189	9037.959475915517
840354	9037.959475915517
841526	9037.959475915517
842690	9037.959475915517
843858	9037.959475915517
845032	9037.959475915517
846194	9037.959475915517
847366	9037.959475915517
848530	9037.959475915517
849699	9037.959475915517
850869	9037.959475915517
852033	9037.959475915517
853193	9037.959475915517
854359	9037.959475915517
857579	9037.959475915517
858744	9037.959475915517
859907	9037.959475915517
861073	9037.959475915517
862236	9037.959475915517
863395	9037.959475915517
864560	9037.959475915517
865727	9037.959475915517
866896	9037.959475915517
868061	9037.959475915517
869226	9037.959475915517
870395	9037.959475915517
871557	9037.959475915517
872724	9037.959475915517
873886	9037.959475915517
875044	9037.959475915517
876208	9037.959475915517
877374	9037.959475915517
878541	9037.959475915517
879703	9037.959475915517
883410	9037.959475915517
884578	9037.959475915517
885744	9037.959475915517
886905	9037.959475915517
888077	9037.959475915517
889245	9037.959475915517
890409	9037.959475915517
891569	9037.959475915517
892729	9037.959475915517
893890	9037.959475915517
895056	9037.959475915517
896223	9037.959475915517
897394	9037.959475915517
898561	9037.959475915517
899731	9037.959475915517
900896	9037.959475915517
902061	9037.959475915517
903233	9037.959475915517
904403	9037.959475915517
905573	9037.959475915517
908701	9037.959475915517
909872	9037.959475915517
911047	9037.959475915517
912216	9037.959475915517
913391	9037.959475915517
914574	9037.959475915517
915744	9037.959475915517
916923	9037.959475915517
918102	9037.959475915517
919278	9037.959475915517
922417	9037.959475915517
923592	9037.959475915517
924767	9037.959475915517
925945	9037.959475915517
927117	9037.959475915517
928286	9037.959475915517
929462	9037.959475915517
930631	9037.959475915517
931802	9037.959475915517
932979	9037.959475915517
934150	9037.959475915517
935323	9037.959475915517
936497	9037.959475915517
937676	9037.959475915517
938858	9037.959475915517
940031	9037.959475915517
941218	9037.959475915517
942397	9037.959475915517
943564	9037.959475915517
944742	9037.959475915517
947778	9037.959475915517
948964	9037.959475915517
950149	9037.959475915517
951323	9037.959475915517
952503	9037.959475915517
953677	9037.959475915517
954864	9037.959475915517
956044	9037.959475915517
957221	9037.959475915517
958406	9037.959475915517
959586	9037.959475915517
960763	9037.959475915517
961944	9037.959475915517
963126	9037.959475915517
964304	9037.959475915517
965477	9037.959475915517
966649	9037.959475915517
967836	9037.959475915517
969023	9037.959475915517
970216	9037.959475915517
979163	9037.959475915517
980346	9037.959475915517
981528	9037.959475915517
982708	9037.959475915517
983897	9037.959475915517
985080	9037.959475915517
986262	9037.959475915517
987442	9037.959475915517
988634	9037.959475915517
989817	9037.959475915517
991004	9037.959475915517
992196	9037.959475915517
993384	9037.959475915517
994572	9037.959475915517
995755	9037.959475915517
996935	9037.959475915517
998144	9037.959475915517
999326	9037.959475915517
1000519	9037.959475915517
