1000	73604.04588052843
2173	64511.69470160737
3338	54647.029820152675
4496	46494.978333250896
5645	44002.04610548807
6796	38741.35343007541
7945	35224.68093081945
9090	35224.68093081945
10236	33196.984694073915
11385	30131.937829409377
12532	28440.75019807731
13677	25749.017812065435
14826	25749.017812065435
15972	25749.017812065435
17116	23049.749811950438
18259	23049.749811950438
19401	23049.749811950438
20544	22258.493792539473
21684	21553.555511250386
22822	21383.831209312128
23964	20262.80181666335
25101	20262.80181666335
26242	19790.54033039361
27378	19535.138053368693
28517	19394.891777785742
29652	18841.323277497515
30792	18536.61792771027
31926	18536.61792771027
33060	17745.77982727334
34194	17745.77982727334
35329	17510.921165962296
36461	17510.921165962296
37594	17510.921165962296
38724	16918.10541164403
39854	16918.10541164403
40983	16918.10541164403
42114	16918.10541164403
43245	16918.10541164403
44374	16918.10541164403
45505	16918.10541164403
46636	16918.10541164403
47767	16918.10541164403
48893	16918.10541164403
50022	16918.10541164403
67354	8546.220804168326
68481	8546.220804168326
69608	8546.220804168326
70736	8546.220804168326
71861	8546.220804168326
72991	8546.220804168326
74116	8546.220804168326
75246	8546.220804168326
76373	8546.220804168326
77502	8546.220804168326
78630	8546.220804168326
79758	8546.220804168326
80884	8546.220804168326
82010	8546.220804168326
83137	8546.220804168326
84262	8546.220804168326
85385	8546.220804168326
86507	8546.220804168326
87633	8546.220804168326
88761	8546.220804168326
89887	8546.220804168326
91018	8546.220804168326
92148	8546.220804168326
93275	8546.220804168326
94404	8546.220804168326
95535	8546.220804168326
96665	8546.220804168326
101453	8546.220804168326
102584	8546.220804168326
103718	8546.220804168326
104852	8546.220804168326
105989	8546.220804168326
107124	8546.220804168326
108259	8546.220804168326
109397	8546.220804168326
110537	8546.220804168326
111674	8546.220804168326
122870	8546.220804168326
124002	8546.220804168326
125138	8546.220804168326
126273	8546.220804168326
127409	8546.220804168326
128546	8546.220804168326
129684	8546.220804168326
130821	8546.220804168326
131953	8546.220804168326
133084	8546.220804168326
134217	8546.220804168326
135348	8546.220804168326
136482	8546.220804168326
137617	8546.220804168326
138749	8546.220804168326
139880	8546.220804168326
141011	8546.220804168326
142145	8546.220804168326
143276	8546.220804168326
144405	8546.220804168326
150678	8546.220804168326
151803	8546.220804168326
152928	8546.220804168326
154054	8546.220804168326
155181	8546.220804168326
156304	8546.220804168326
157429	8546.220804168326
158560	8546.220804168326
159690	8546.220804168326
160817	8546.220804168326
161947	8546.220804168326
163075	8546.220804168326
164204	8546.220804168326
165331	8546.220804168326
166458	8546.220804168326
167586	8546.220804168326
168713	8546.220804168326
169841	8546.220804168326
170974	8546.220804168326
172111	8546.220804168326
177507	8546.220804168326
178645	8546.220804168326
179780	8546.220804168326
180917	8546.220804168326
182054	8546.220804168326
183194	8546.220804168326
184333	8546.220804168326
185470	8546.220804168326
186605	8546.220804168326
187737	8546.220804168326
188869	8546.220804168326
190002	8546.220804168326
191136	8546.220804168326
192263	8546.220804168326
193395	8546.220804168326
194525	8546.220804168326
195657	8546.220804168326
196792	8546.220804168326
197923	8546.220804168326
199056	8546.220804168326
203543	8546.220804168326
204675	8546.220804168326
205804	8546.220804168326
206935	8546.220804168326
208065	8546.220804168326
209197	8546.220804168326
210324	8546.220804168326
211452	8546.220804168326
212579	8546.220804168326
213704	8546.220804168326
214832	8546.220804168326
215960	8546.220804168326
217092	8546.220804168326
218223	8546.220804168326
219350	8546.220804168326
220480	8546.220804168326
221611	8546.220804168326
222743	8546.220804168326
223877	8546.220804168326
225013	8546.220804168326
229779	8546.220804168326
230917	8546.220804168326
232049	8546.220804168326
233184	8546.220804168326
234319	8546.220804168326
235452	8546.220804168326
236585	8546.220804168326
237722	8546.220804168326
238854	8546.220804168326
239988	8546.220804168326
250725	8546.220804168326
251862	8546.220804168326
252996	8546.220804168326
254125	8546.220804168326
255256	8546.220804168326
256387	8546.220804168326
257514	8546.220804168326
258646	8546.220804168326
259775	8546.220804168326
260908	8546.220804168326
262040	8546.220804168326
263173	8546.220804168326
264304	8546.220804168326
265435	8546.220804168326
266568	8546.220804168326
267699	8546.220804168326
268827	8546.220804168326
269957	8546.220804168326
271088	8546.220804168326
272218	8546.220804168326
278400	8546.220804168326
279527	8546.220804168326
280657	8546.220804168326
281790	8546.220804168326
282923	8546.220804168326
284057	8546.220804168326
285191	8546.220804168326
286330	8546.220804168326
287467	8546.220804168326
288602	8546.220804168326
289735	8546.220804168326
290868	8546.220804168326
292001	8546.220804168326
293135	8546.220804168326
294268	8546.220804168326
295401	8546.220804168326
296531	8546.220804168326
297660	8546.220804168326
298791	8546.220804168326
299917	8546.220804168326
304611	8546.220804168326
305746	8546.220804168326
306876	8546.220804168326
308004	8546.220804168326
309135	8546.220804168326
310264	8546.220804168326
311394	8546.220804168326
312521	8546.220804168326
313650	8546.220804168326
314779	8546.220804168326
315909	8546.220804168326
317041	8546.220804168326
318170	8546.220804168326
319298	8546.220804168326
320428	8546.220804168326
321560	8546.220804168326
322693	8546.220804168326
323825	8546.220804168326
324962	8546.220804168326
326097	8546.220804168326
338375	8546.220804168326
339508	8546.220804168326
340642	8546.220804168326
341775	8546.220804168326
342908	8546.220804168326
344039	8546.220804168326
345175	8546.220804168326
346305	8546.220804168326
347439	8546.220804168326
348575	8546.220804168326
349712	8546.220804168326
350844	8546.220804168326
351975	8546.220804168326
353104	8546.220804168326
354235	8546.220804168326
355363	8546.220804168326
356490	8546.220804168326
357621	8546.220804168326
358751	8546.220804168326
359883	8546.220804168326
367913	8546.220804168326
369045	8546.220804168326
370176	8546.220804168326
371305	8546.220804168326
372436	8546.220804168326
373567	8546.220804168326
374698	8546.220804168326
375828	8546.220804168326
376958	8546.220804168326
378088	8546.220804168326
383270	8546.220804168326
384403	8546.220804168326
385538	8546.220804168326
386670	8546.220804168326
387804	8546.220804168326
388938	8546.220804168326
390072	8546.220804168326
391206	8546.220804168326
392338	8546.220804168326
393473	8546.220804168326
394607	8546.220804168326
395740	8546.220804168326
396875	8546.220804168326
398009	8546.220804168326
399143	8546.220804168326
400274	8546.220804168326
401403	8546.220804168326
402535	8546.220804168326
403665	8546.220804168326
404795	8546.220804168326
411499	8546.220804168326
412630	8546.220804168326
413760	8546.220804168326
414889	8546.220804168326
416022	8546.220804168326
417156	8546.220804168326
418287	8546.220804168326
419418	8546.220804168326
420549	8546.220804168326
421681	8546.220804168326
422810	8546.220804168326
423939	8546.220804168326
425066	8546.220804168326
426195	8546.220804168326
427324	8546.220804168326
428455	8546.220804168326
429583	8546.220804168326
430709	8546.220804168326
431836	8546.220804168326
432963	8546.220804168326
437638	8546.220804168326
438773	8546.220804168326
439905	8546.220804168326
441034	8546.220804168326
442166	8546.220804168326
443299	8546.220804168326
444433	8546.220804168326
445564	8546.220804168326
446693	8546.220804168326
447827	8546.220804168326
448965	8546.220804168326
450099	8546.220804168326
451233	8546.220804168326
452363	8546.220804168326
453495	8546.220804168326
454630	8546.220804168326
455764	8546.220804168326
456894	8546.220804168326
458024	8546.220804168326
459153	8546.220804168326
463770	8546.220804168326
464897	8546.220804168326
466029	8546.220804168326
467161	8546.220804168326
468293	8546.220804168326
469425	8546.220804168326
470558	8546.220804168326
471688	8546.220804168326
472817	8546.220804168326
473947	8546.220804168326
475078	8546.220804168326
476210	8546.220804168326
477342	8546.220804168326
478474	8546.220804168326
479608	8546.220804168326
480738	8546.220804168326
481871	8546.220804168326
483005	8546.220804168326
484142	8546.220804168326
485276	8546.220804168326
490095	8546.220804168326
491229	8546.220804168326
492364	8546.220804168326
493498	8546.220804168326
494632	8546.220804168326
495766	8546.220804168326
496895	8546.220804168326
498025	8546.220804168326
499154	8546.220804168326
500283	8546.220804168326
511134	8546.220804168326
512265	8546.220804168326
513400	8546.220804168326
514529	8546.220804168326
515658	8546.220804168326
516788	8546.220804168326
517923	8546.220804168326
519057	8546.220804168326
520192	8546.220804168326
521327	8546.220804168326
522459	8546.220804168326
523593	8546.220804168326
524728	8546.220804168326
525863	8546.220804168326
526999	8546.220804168326
528132	8546.220804168326
529264	8546.220804168326
530397	8546.220804168326
531523	8546.220804168326
532653	8546.220804168326
537923	8546.220804168326
539050	8546.220804168326
540180	8546.220804168326
541310	8546.220804168326
542437	8546.220804168326
543566	8546.220804168326
544697	8546.220804168326
545830	8546.220804168326
546964	8546.220804168326
548097	8546.220804168326
549234	8546.220804168326
550368	8546.220804168326
551503	8546.220804168326
552638	8546.220804168326
553776	8546.220804168326
554908	8546.220804168326
556041	8546.220804168326
557172	8546.220804168326
558305	8546.220804168326
559437	8546.220804168326
569131	8546.220804168326
570261	8546.220804168326
571391	8546.220804168326
572523	8546.220804168326
573658	8546.220804168326
574788	8546.220804168326
575919	8546.220804168326
577050	8546.220804168326
578179	8546.220804168326
579310	8546.220804168326
580440	8546.220804168326
581571	8546.220804168326
582702	8546.220804168326
583832	8546.220804168326
584963	8546.220804168326
586093	8546.220804168326
587224	8546.220804168326
588353	8546.220804168326
589487	8546.220804168326
590624	8546.220804168326
595305	8546.220804168326
596437	8546.220804168326
597568	8546.220804168326
598701	8546.220804168326
599835	8546.220804168326
600966	8546.220804168326
602098	8546.220804168326
603231	8546.220804168326
604362	8546.220804168326
605492	8546.220804168326
606621	8546.220804168326
607753	8546.220804168326
608887	8546.220804168326
610018	8546.220804168326
611145	8546.220804168326
612275	8546.220804168326
613409	8546.220804168326
614541	8546.220804168326
615675	8546.220804168326
616807	8546.220804168326
621489	8546.220804168326
622625	8546.220804168326
623758	8546.220804168326
624890	8546.220804168326
626025	8546.220804168326
627157	8546.220804168326
628286	8546.220804168326
629418	8546.220804168326
630550	8546.220804168326
631682	8546.220804168326
636054	8546.220804168326
637188	8546.220804168326
638315	8546.220804168326
639445	8546.220804168326
640579	8546.220804168326
641717	8546.220804168326
642850	8546.220804168326
643981	8546.220804168326
645112	8546.220804168326
646244	8546.220804168326
647378	8546.220804168326
648510	8546.220804168326
649641	8546.220804168326
650772	8546.220804168326
651902	8546.220804168326
653030	8546.220804168326
654156	8546.220804168326
655285	8546.220804168326
656410	8546.220804168326
657540	8546.220804168326
662113	8546.220804168326
663245	8546.220804168326
664376	8546.220804168326
665506	8546.220804168326
666636	8546.220804168326
667766	8546.220804168326
668893	8546.220804168326
670023	8546.220804168326
671154	8546.220804168326
672285	8546.220804168326
673420	8546.220804168326
674552	8546.220804168326
675687	8546.220804168326
676820	8546.220804168326
677953	8546.220804168326
679090	8546.220804168326
680226	8546.220804168326
681360	8546.220804168326
682497	8546.220804168326
683633	8546.220804168326
694583	8546.220804168326
695718	8546.220804168326
696853	8546.220804168326
697989	8546.220804168326
699122	8546.220804168326
700256	8546.220804168326
701388	8546.220804168326
702520	8546.220804168326
703647	8546.220804168326
704771	8546.220804168326
705899	8546.220804168326
707031	8546.220804168326
708160	8546.220804168326
709291	8546.220804168326
710422	8546.220804168326
711552	8546.220804168326
712682	8546.220804168326
713813	8546.220804168326
714940	8546.220804168326
716070	8546.220804168326
721650	8546.220804168326
722781	8546.220804168326
723912	8546.220804168326
725044	8546.220804168326
726174	8546.220804168326
727308	8546.220804168326
728439	8546.220804168326
729573	8546.220804168326
730706	8546.220804168326
731839	8546.220804168326
732971	8546.220804168326
734101	8546.220804168326
735237	8546.220804168326
736373	8546.220804168326
737506	8546.220804168326
738637	8546.220804168326
739771	8546.220804168326
740906	8546.220804168326
742038	8546.220804168326
743172	8546.220804168326
747521	8546.220804168326
748652	8546.220804168326
749785	8546.220804168326
750915	8546.220804168326
752046	8546.220804168326
753178	8546.220804168326
754307	8546.220804168326
755440	8546.220804168326
756572	8546.220804168326
757702	8546.220804168326
764837	8546.220804168326
765972	8546.220804168326
767100	8546.220804168326
768228	8546.220804168326
769359	8546.220804168326
770489	8546.220804168326
771624	8546.220804168326
772756	8546.220804168326
773889	8546.220804168326
775019	8546.220804168326
776148	8546.220804168326
777277	8546.220804168326
778407	8546.220804168326
779540	8546.220804168326
780672	8546.220804168326
781807	8546.220804168326
782945	8546.220804168326
784079	8546.220804168326
785213	8546.220804168326
786350	8546.220804168326
791464	8546.220804168326
792598	8546.220804168326
793729	8546.220804168326
794860	8546.220804168326
795992	8546.220804168326
797123	8546.220804168326
798249	8546.220804168326
799380	8546.220804168326
800510	8546.220804168326
801639	8546.220804168326
802769	8546.220804168326
803896	8546.220804168326
805027	8546.220804168326
806157	8546.220804168326
807286	8546.220804168326
808417	8546.220804168326
809547	8546.220804168326
810679	8546.220804168326
811809	8546.220804168326
812938	8546.220804168326
818668	8546.220804168326
819800	8546.220804168326
820931	8546.220804168326
822062	8546.220804168326
823193	8546.220804168326
824325	8546.220804168326
825459	8546.220804168326
826593	8546.220804168326
827727	8546.220804168326
828859	8546.220804168326
829991	8546.220804168326
831124	8546.220804168326
832253	8546.220804168326
833384	8546.220804168326
834514	8546.220804168326
835638	8546.220804168326
836768	8546.220804168326
837894	8546.220804168326
839026	8546.220804168326
840159	8546.220804168326
844535	8546.220804168326
845664	8546.220804168326
846797	8546.220804168326
847927	8546.220804168326
849059	8546.220804168326
850190	8546.220804168326
851319	8546.220804168326
852451	8546.220804168326
853580	8546.220804168326
854709	8546.220804168326
855835	8546.220804168326
856960	8546.220804168326
858088	8546.220804168326
859218	8546.220804168326
860350	8546.220804168326
861485	8546.220804168326
862619	8546.220804168326
863757	8546.220804168326
864893	8546.220804168326
866026	8546.220804168326
870699	8546.220804168326
871837	8546.220804168326
872970	8546.220804168326
874103	8546.220804168326
875240	8546.220804168326
876374	8546.220804168326
877508	8546.220804168326
878641	8546.220804168326
879773	8546.220804168326
880907	8546.220804168326
892373	8546.220804168326
893504	8546.220804168326
894636	8546.220804168326
895765	8546.220804168326
896896	8546.220804168326
898026	8546.220804168326
899154	8546.220804168326
900282	8546.220804168326
901411	8546.220804168326
902541	8546.220804168326
903669	8546.220804168326
904797	8546.220804168326
905930	8546.220804168326
907062	8546.220804168326
908194	8546.220804168326
909322	8546.220804168326
910452	8546.220804168326
911585	8546.220804168326
912719	8546.220804168326
913850	8546.220804168326
918302	8546.220804168326
919432	8546.220804168326
920563	8546.220804168326
921693	8546.220804168326
922826	8546.220804168326
923959	8546.220804168326
925092	8546.220804168326
926227	8546.220804168326
927360	8546.220804168326
928491	8546.220804168326
929624	8546.220804168326
930754	8546.220804168326
931885	8546.220804168326
933018	8546.220804168326
934147	8546.220804168326
935278	8546.220804168326
936405	8546.220804168326
937535	8546.220804168326
938667	8546.220804168326
939802	8546.220804168326
945589	8546.220804168326
946721	8546.220804168326
947855	8546.220804168326
948989	8546.220804168326
950123	8546.220804168326
951258	8546.220804168326
952389	8546.220804168326
953516	8546.220804168326
954644	8546.220804168326
955771	8546.220804168326
956899	8546.220804168326
958027	8546.220804168326
959160	8546.220804168326
960292	8546.220804168326
961425	8546.220804168326
962562	8546.220804168326
963697	8546.220804168326
964831	8546.220804168326
965963	8546.220804168326
967097	8546.220804168326
975021	8546.220804168326
976153	8546.220804168326
977283	8546.220804168326
978411	8546.220804168326
979541	8546.220804168326
980669	8546.220804168326
981803	8546.220804168326
982938	8546.220804168326
984069	8546.220804168326
985200	8546.220804168326
986330	8546.220804168326
987461	8546.220804168326
988592	8546.220804168326
989721	8546.220804168326
990850	8546.220804168326
991976	8546.220804168326
993106	8546.220804168326
994236	8546.220804168326
995367	8546.220804168326
996497	8546.220804168326
1001471	8546.220804168326
