1000	59299.62323749945
2178	51796.476482942395
3342	45189.50786659795
4499	45189.50786659795
5651	42365.53669170069
6798	35419.34365634728
7950	34284.46456776747
9101	32307.237552643535
10244	30763.819226717176
11388	28279.25953228101
12535	28279.25953228101
13681	26049.88651989329
14823	22975.11143359314
15970	22975.11143359314
17116	22975.11143359314
18261	22653.707662310604
19403	22175.350058145523
20543	21476.40439327613
21684	20974.39411154077
22827	20137.931231886396
23967	19785.361181222423
25106	18589.575650497405
26241	18589.575650497405
27378	18589.575650497405
28508	18589.575650497405
29644	18205.736556754506
30777	18205.736556754506
31910	18205.736556754506
33043	18205.736556754506
34182	18083.089073063948
35318	18083.089073063948
36452	18083.089073063948
37587	17804.194307605525
38721	17291.291646555317
39852	17291.291646555317
40985	17291.291646555317
42120	17291.291646555317
43252	17291.291646555317
44383	17006.86755689193
45512	17006.86755689193
46639	16751.012024415464
47768	16751.012024415464
48896	16751.012024415464
50024	16751.012024415464
51152	16751.012024415464
52281	16751.012024415464
53408	16751.012024415464
62598	8197.148681462408
63726	8197.148681462408
64853	8197.148681462408
65981	8197.148681462408
67106	8197.148681462408
68232	8197.148681462408
69356	8197.148681462408
70480	8197.148681462408
71606	8197.148681462408
72732	8197.148681462408
73856	8197.148681462408
74982	8197.148681462408
76111	8197.148681462408
77236	8197.148681462408
78364	8197.148681462408
79495	8197.148681462408
80624	8197.148681462408
81752	8197.148681462408
82882	8197.148681462408
84010	8197.148681462408
85138	8197.148681462408
86267	8197.148681462408
87397	8197.148681462408
88525	8197.148681462408
93216	8197.148681462408
94344	8197.148681462408
95475	8197.148681462408
96605	8197.148681462408
97734	8197.148681462408
98865	8197.148681462408
99998	8197.148681462408
101132	8197.148681462408
102263	8197.148681462408
103396	8197.148681462408
104527	8197.148681462408
105658	8197.148681462408
106790	8197.148681462408
107923	8197.148681462408
109054	8197.148681462408
110186	8197.148681462408
111318	8197.148681462408
112450	8197.148681462408
113579	8197.148681462408
114712	8197.148681462408
119380	8197.148681462408
120515	8197.148681462408
121648	8197.148681462408
122781	8197.148681462408
123912	8197.148681462408
125042	8197.148681462408
126177	8197.148681462408
127307	8197.148681462408
128438	8197.148681462408
129570	8197.148681462408
130705	8197.148681462408
131839	8197.148681462408
132971	8197.148681462408
134102	8197.148681462408
135234	8197.148681462408
136364	8197.148681462408
137495	8197.148681462408
138629	8197.148681462408
139761	8197.148681462408
140893	8197.148681462408
149167	8197.148681462408
150299	8197.148681462408
151430	8197.148681462408
152560	8197.148681462408
153687	8197.148681462408
154815	8197.148681462408
155942	8197.148681462408
157071	8197.148681462408
158199	8197.148681462408
159328	8197.148681462408
164328	8197.148681462408
165457	8197.148681462408
166587	8197.148681462408
167717	8197.148681462408
168847	8197.148681462408
169984	8197.148681462408
171118	8197.148681462408
172251	8197.148681462408
173386	8197.148681462408
174521	8197.148681462408
175653	8197.148681462408
176786	8197.148681462408
177921	8197.148681462408
179054	8197.148681462408
180186	8197.148681462408
181318	8197.148681462408
182453	8197.148681462408
183586	8197.148681462408
184719	8197.148681462408
185848	8197.148681462408
191638	8197.148681462408
192769	8197.148681462408
193901	8197.148681462408
195035	8197.148681462408
196165	8197.148681462408
197295	8197.148681462408
198425	8197.148681462408
199555	8197.148681462408
200685	8197.148681462408
201818	8197.148681462408
202949	8197.148681462408
204080	8197.148681462408
205208	8197.148681462408
206337	8197.148681462408
207468	8197.148681462408
208596	8197.148681462408
209727	8197.148681462408
210858	8197.148681462408
211990	8197.148681462408
213122	8197.148681462408
217499	8197.148681462408
218629	8197.148681462408
219760	8197.148681462408
220891	8197.148681462408
222031	8197.148681462408
223169	8197.148681462408
224306	8197.148681462408
225439	8197.148681462408
226575	8197.148681462408
227711	8197.148681462408
228843	8197.148681462408
229975	8197.148681462408
231106	8197.148681462408
232232	8197.148681462408
233358	8197.148681462408
234486	8197.148681462408
235614	8197.148681462408
236743	8197.148681462408
237876	8197.148681462408
239007	8197.148681462408
244489	8197.148681462408
245619	8197.148681462408
246749	8197.148681462408
247882	8197.148681462408
249015	8197.148681462408
250148	8197.148681462408
251285	8197.148681462408
252420	8197.148681462408
253551	8197.148681462408
254685	8197.148681462408
255815	8197.148681462408
256947	8197.148681462408
258081	8197.148681462408
259209	8197.148681462408
260337	8197.148681462408
261467	8197.148681462408
262594	8197.148681462408
263721	8197.148681462408
264855	8197.148681462408
265987	8197.148681462408
271162	8197.148681462408
272293	8197.148681462408
273430	8197.148681462408
274562	8197.148681462408
275694	8197.148681462408
276830	8197.148681462408
277963	8197.148681462408
279093	8197.148681462408
280223	8197.148681462408
281350	8197.148681462408
294200	8197.148681462408
295329	8197.148681462408
296460	8197.148681462408
297593	8197.148681462408
298724	8197.148681462408
299853	8197.148681462408
300984	8197.148681462408
302114	8197.148681462408
303245	8197.148681462408
304380	8197.148681462408
305518	8197.148681462408
306655	8197.148681462408
307788	8197.148681462408
308921	8197.148681462408
310057	8197.148681462408
311188	8197.148681462408
312322	8197.148681462408
313458	8197.148681462408
314593	8197.148681462408
315726	8197.148681462408
320901	8197.148681462408
322036	8197.148681462408
323168	8197.148681462408
324303	8197.148681462408
325435	8197.148681462408
326568	8197.148681462408
327703	8197.148681462408
328835	8197.148681462408
329963	8197.148681462408
331091	8197.148681462408
332223	8197.148681462408
333354	8197.148681462408
334482	8197.148681462408
335610	8197.148681462408
336739	8197.148681462408
337873	8197.148681462408
339003	8197.148681462408
340133	8197.148681462408
341265	8197.148681462408
342398	8197.148681462408
347795	8197.148681462408
348926	8197.148681462408
350060	8197.148681462408
351190	8197.148681462408
352321	8197.148681462408
353452	8197.148681462408
354581	8197.148681462408
355715	8197.148681462408
356849	8197.148681462408
357982	8197.148681462408
359112	8197.148681462408
360242	8197.148681462408
361373	8197.148681462408
362502	8197.148681462408
363631	8197.148681462408
364761	8197.148681462408
365892	8197.148681462408
367023	8197.148681462408
368153	8197.148681462408
369285	8197.148681462408
374265	8197.148681462408
375398	8197.148681462408
376528	8197.148681462408
377663	8197.148681462408
378799	8197.148681462408
379933	8197.148681462408
381067	8197.148681462408
382202	8197.148681462408
383339	8197.148681462408
384475	8197.148681462408
385609	8197.148681462408
386740	8197.148681462408
387869	8197.148681462408
388998	8197.148681462408
390128	8197.148681462408
391258	8197.148681462408
392391	8197.148681462408
393523	8197.148681462408
394655	8197.148681462408
395785	8197.148681462408
400304	8197.148681462408
401434	8197.148681462408
402562	8197.148681462408
403688	8197.148681462408
404816	8197.148681462408
405946	8197.148681462408
407077	8197.148681462408
408211	8197.148681462408
409341	8197.148681462408
410472	8197.148681462408
415314	8197.148681462408
416446	8197.148681462408
417579	8197.148681462408
418710	8197.148681462408
419839	8197.148681462408
420969	8197.148681462408
422099	8197.148681462408
423229	8197.148681462408
424358	8197.148681462408
425490	8197.148681462408
426625	8197.148681462408
427759	8197.148681462408
428891	8197.148681462408
430026	8197.148681462408
431156	8197.148681462408
432291	8197.148681462408
433422	8197.148681462408
434551	8197.148681462408
435679	8197.148681462408
436806	8197.148681462408
441333	8197.148681462408
442458	8197.148681462408
443589	8197.148681462408
444716	8197.148681462408
445847	8197.148681462408
446977	8197.148681462408
448108	8197.148681462408
449240	8197.148681462408
450372	8197.148681462408
451503	8197.148681462408
452635	8197.148681462408
453767	8197.148681462408
454899	8197.148681462408
456028	8197.148681462408
457156	8197.148681462408
458284	8197.148681462408
459414	8197.148681462408
460545	8197.148681462408
461676	8197.148681462408
462806	8197.148681462408
473239	8197.148681462408
474370	8197.148681462408
475502	8197.148681462408
476637	8197.148681462408
477770	8197.148681462408
478900	8197.148681462408
480030	8197.148681462408
481160	8197.148681462408
482292	8197.148681462408
483422	8197.148681462408
484552	8197.148681462408
485683	8197.148681462408
486811	8197.148681462408
487942	8197.148681462408
489076	8197.148681462408
490210	8197.148681462408
491342	8197.148681462408
492473	8197.148681462408
493608	8197.148681462408
494740	8197.148681462408
502122	8197.148681462408
503252	8197.148681462408
504386	8197.148681462408
505519	8197.148681462408
506652	8197.148681462408
507785	8197.148681462408
508918	8197.148681462408
510050	8197.148681462408
511183	8197.148681462408
512314	8197.148681462408
513445	8197.148681462408
514577	8197.148681462408
515711	8197.148681462408
516844	8197.148681462408
517976	8197.148681462408
519111	8197.148681462408
520246	8197.148681462408
521381	8197.148681462408
522513	8197.148681462408
523646	8197.148681462408
528926	8197.148681462408
530061	8197.148681462408
531192	8197.148681462408
532323	8197.148681462408
533455	8197.148681462408
534588	8197.148681462408
535720	8197.148681462408
536853	8197.148681462408
537988	8197.148681462408
539123	8197.148681462408
545187	8197.148681462408
546316	8197.148681462408
547447	8197.148681462408
548577	8197.148681462408
549707	8197.148681462408
550837	8197.148681462408
551964	8197.148681462408
553091	8197.148681462408
554222	8197.148681462408
555354	8197.148681462408
556484	8197.148681462408
557613	8197.148681462408
558744	8197.148681462408
559880	8197.148681462408
561010	8197.148681462408
562142	8197.148681462408
563273	8197.148681462408
564406	8197.148681462408
565540	8197.148681462408
566671	8197.148681462408
575179	8197.148681462408
576312	8197.148681462408
577448	8197.148681462408
578579	8197.148681462408
579711	8197.148681462408
580845	8197.148681462408
581978	8197.148681462408
583118	8197.148681462408
584253	8197.148681462408
585382	8197.148681462408
586513	8197.148681462408
587646	8197.148681462408
588782	8197.148681462408
589920	8197.148681462408
591054	8197.148681462408
592190	8197.148681462408
593319	8197.148681462408
594451	8197.148681462408
595580	8197.148681462408
596707	8197.148681462408
601372	8197.148681462408
602502	8197.148681462408
603631	8197.148681462408
604761	8197.148681462408
605890	8197.148681462408
607020	8197.148681462408
608151	8197.148681462408
609282	8197.148681462408
610412	8197.148681462408
611543	8197.148681462408
612674	8197.148681462408
613804	8197.148681462408
614932	8197.148681462408
616060	8197.148681462408
617193	8197.148681462408
618324	8197.148681462408
619455	8197.148681462408
620582	8197.148681462408
621715	8197.148681462408
622845	8197.148681462408
630154	8197.148681462408
631285	8197.148681462408
632415	8197.148681462408
633544	8197.148681462408
634677	8197.148681462408
635810	8197.148681462408
636941	8197.148681462408
638073	8197.148681462408
639202	8197.148681462408
640333	8197.148681462408
641462	8197.148681462408
642590	8197.148681462408
643720	8197.148681462408
644851	8197.148681462408
645984	8197.148681462408
647118	8197.148681462408
648252	8197.148681462408
649387	8197.148681462408
650523	8197.148681462408
651661	8197.148681462408
657605	8197.148681462408
658741	8197.148681462408
659878	8197.148681462408
661013	8197.148681462408
662146	8197.148681462408
663279	8197.148681462408
664408	8197.148681462408
665535	8197.148681462408
666663	8197.148681462408
667791	8197.148681462408
673757	8197.148681462408
674890	8197.148681462408
676021	8197.148681462408
677153	8197.148681462408
678289	8197.148681462408
679424	8197.148681462408
680556	8197.148681462408
681687	8197.148681462408
682819	8197.148681462408
683953	8197.148681462408
685085	8197.148681462408
686217	8197.148681462408
687348	8197.148681462408
688481	8197.148681462408
689616	8197.148681462408
690748	8197.148681462408
691880	8197.148681462408
693013	8197.148681462408
694143	8197.148681462408
695275	8197.148681462408
700455	8197.148681462408
701583	8197.148681462408
702711	8197.148681462408
703839	8197.148681462408
704969	8197.148681462408
706101	8197.148681462408
707232	8197.148681462408
708367	8197.148681462408
709497	8197.148681462408
710627	8197.148681462408
711756	8197.148681462408
712888	8197.148681462408
714021	8197.148681462408
715150	8197.148681462408
716280	8197.148681462408
717412	8197.148681462408
718544	8197.148681462408
719676	8197.148681462408
720811	8197.148681462408
721941	8197.148681462408
726885	8197.148681462408
728019	8197.148681462408
729154	8197.148681462408
730286	8197.148681462408
731416	8197.148681462408
732549	8197.148681462408
733683	8197.148681462408
734815	8197.148681462408
735947	8197.148681462408
737081	8197.148681462408
738213	8197.148681462408
739343	8197.148681462408
740473	8197.148681462408
741604	8197.148681462408
742735	8197.148681462408
743865	8197.148681462408
744992	8197.148681462408
746122	8197.148681462408
747254	8197.148681462408
748384	8197.148681462408
753552	8197.148681462408
754684	8197.148681462408
755818	8197.148681462408
756949	8197.148681462408
758082	8197.148681462408
759214	8197.148681462408
760348	8197.148681462408
761484	8197.148681462408
762617	8197.148681462408
763752	8197.148681462408
764889	8197.148681462408
766022	8197.148681462408
767158	8197.148681462408
768294	8197.148681462408
769429	8197.148681462408
770562	8197.148681462408
771696	8197.148681462408
772827	8197.148681462408
773958	8197.148681462408
775092	8197.148681462408
783792	8197.148681462408
784924	8197.148681462408
786056	8197.148681462408
787191	8197.148681462408
788325	8197.148681462408
789453	8197.148681462408
790584	8197.148681462408
791711	8197.148681462408
792840	8197.148681462408
793969	8197.148681462408
805187	8197.148681462408
806318	8197.148681462408
807446	8197.148681462408
808574	8197.148681462408
809707	8197.148681462408
810840	8197.148681462408
811969	8197.148681462408
813099	8197.148681462408
814229	8197.148681462408
815360	8197.148681462408
816489	8197.148681462408
817618	8197.148681462408
818743	8197.148681462408
819871	8197.148681462408
821001	8197.148681462408
822132	8197.148681462408
823262	8197.148681462408
824393	8197.148681462408
825525	8197.148681462408
826655	8197.148681462408
831314	8197.148681462408
832450	8197.148681462408
833583	8197.148681462408
834711	8197.148681462408
835839	8197.148681462408
836966	8197.148681462408
838096	8197.148681462408
839225	8197.148681462408
840357	8197.148681462408
841487	8197.148681462408
842621	8197.148681462408
843758	8197.148681462408
844891	8197.148681462408
846022	8197.148681462408
847156	8197.148681462408
848291	8197.148681462408
849428	8197.148681462408
850565	8197.148681462408
851699	8197.148681462408
852832	8197.148681462408
857233	8197.148681462408
858365	8197.148681462408
859498	8197.148681462408
860633	8197.148681462408
861767	8197.148681462408
862900	8197.148681462408
864032	8197.148681462408
865162	8197.148681462408
866294	8197.148681462408
867423	8197.148681462408
868554	8197.148681462408
869686	8197.148681462408
870817	8197.148681462408
871949	8197.148681462408
873078	8197.148681462408
874208	8197.148681462408
875338	8197.148681462408
876468	8197.148681462408
877598	8197.148681462408
878729	8197.148681462408
883078	8197.148681462408
884205	8197.148681462408
885336	8197.148681462408
886466	8197.148681462408
887595	8197.148681462408
888726	8197.148681462408
889858	8197.148681462408
890987	8197.148681462408
892116	8197.148681462408
893247	8197.148681462408
894381	8197.148681462408
895512	8197.148681462408
896646	8197.148681462408
897780	8197.148681462408
898913	8197.148681462408
900052	8197.148681462408
901187	8197.148681462408
902321	8197.148681462408
903454	8197.148681462408
904586	8197.148681462408
909141	8197.148681462408
910278	8197.148681462408
911405	8197.148681462408
912534	8197.148681462408
913664	8197.148681462408
914798	8197.148681462408
915932	8197.148681462408
917069	8197.148681462408
918207	8197.148681462408
919342	8197.148681462408
924006	8197.148681462408
925142	8197.148681462408
926276	8197.148681462408
927408	8197.148681462408
928539	8197.148681462408
929669	8197.148681462408
930800	8197.148681462408
931926	8197.148681462408
933052	8197.148681462408
934179	8197.148681462408
935306	8197.148681462408
936436	8197.148681462408
937569	8197.148681462408
938700	8197.148681462408
939830	8197.148681462408
940961	8197.148681462408
942097	8197.148681462408
943229	8197.148681462408
944360	8197.148681462408
945488	8197.148681462408
954089	8197.148681462408
955219	8197.148681462408
956350	8197.148681462408
957485	8197.148681462408
958618	8197.148681462408
959750	8197.148681462408
960884	8197.148681462408
962015	8197.148681462408
963146	8197.148681462408
964278	8197.148681462408
965411	8197.148681462408
966542	8197.148681462408
967672	8197.148681462408
968802	8197.148681462408
969933	8197.148681462408
971062	8197.148681462408
972191	8197.148681462408
973320	8197.148681462408
974452	8197.148681462408
975583	8197.148681462408
980541	8197.148681462408
981671	8197.148681462408
982803	8197.148681462408
983934	8197.148681462408
985065	8197.148681462408
986199	8197.148681462408
987332	8197.148681462408
988466	8197.148681462408
989603	8197.148681462408
990738	8197.148681462408
991874	8197.148681462408
993008	8197.148681462408
994140	8197.148681462408
995274	8197.148681462408
996401	8197.148681462408
997530	8197.148681462408
998660	8197.148681462408
999791	8197.148681462408
1000915	8197.148681462408
