1000	67152.99805447187
2196	59892.437932362795
3362	51560.98106321438
4533	41886.492949695166
5693	38355.23494763172
6856	34517.787450952055
8017	31306.416733417675
9174	29492.760136266952
10332	27880.424427097496
11485	26575.790171423927
12650	25286.257432516097
13806	24711.62015560584
14956	24091.199535692576
16102	23480.091232688945
17254	22699.163244720457
18406	21945.66109417798
19556	21945.66109417798
20697	21287.423748276793
21837	21161.310836151788
22977	21161.310836151788
24115	21161.310836151788
25257	20855.166004485276
26394	20739.605415261874
27543	20388.717751204877
28688	20305.606319771105
29830	19658.753001720936
30968	19658.753001720936
32110	19369.033780497062
33244	19369.033780497062
34376	19369.033780497062
35508	19369.033780497062
36640	19369.033780497062
37778	19220.022867723845
38909	19081.20709371587
40044	18699.350552825534
41180	18699.350552825534
42314	18699.350552825534
43445	18585.887250075266
44578	18585.887250075266
45708	18585.887250075266
46840	18567.334352410602
47973	18567.334352410602
49108	18567.334352410602
57825	12637.29441844291
84201	11935.693748310183
85335	11935.693748310183
86465	11935.693748310183
87596	11935.693748310183
88734	11935.693748310183
89862	11935.693748310183
90993	11935.693748310183
92124	11935.693748310183
93255	11935.693748310183
94387	11935.693748310183
95520	11935.693748310183
96653	11935.693748310183
97784	11935.693748310183
98920	11935.693748310183
100058	11935.693748310183
101190	11935.693748310183
102324	11935.693748310183
103456	11935.693748310183
104588	11935.693748310183
105722	11935.693748310183
106859	11935.693748310183
107999	11935.693748310183
109137	11935.693748310183
110266	11935.693748310183
111399	11935.693748310183
112537	11935.693748310183
113670	11935.693748310183
116721	11480.927621907296
125196	11480.927615429251
126336	11480.927615429251
127479	11480.927615429251
128617	11480.927615429251
129749	11480.927615429251
130888	11480.927615429251
132024	11480.927615429251
133168	11480.927615429251
134308	11480.927615429251
135441	11480.927615429251
136580	11480.927615429251
137722	11480.927615429251
138858	11480.927615429251
139993	11480.927615429251
141132	11480.927615429251
142270	11480.927615429251
143408	11480.927615429251
144547	11480.927615429251
145682	11480.927615429251
150658	11480.927615429251
151793	11480.927615429251
152934	11480.927615429251
154077	11480.927615429251
155214	11480.927615429251
156350	11480.927615429251
157487	11480.927615429251
158619	11480.927615429251
159757	11480.927615429251
160888	11480.927615429251
162021	11480.927615429251
163157	11480.927615429251
164290	11480.927615429251
165429	11480.927615429251
166572	11480.927615429251
167705	11480.927615429251
168842	11480.927615429251
169977	11480.927615429251
171112	11480.927615429251
172248	11480.927615429251
177606	11480.927615429251
178745	11480.927615429251
179881	11480.927615429251
181015	11480.927615429251
182153	11480.927615429251
183289	11480.927615429251
184421	11480.927615429251
185554	11480.927615429251
186690	11480.927615429251
187821	11480.927615429251
188952	11480.927615429251
190083	11480.927615429251
191216	11480.927615429251
192350	11480.927615429251
193484	11480.927615429251
194621	11480.927615429251
195758	11480.927615429251
196892	11480.927615429251
198032	11480.927615429251
199169	11480.927615429251
202027	10902.407911170973
209557	10902.407910056962
210697	10902.407910056962
211834	10902.407910056962
212975	10902.407910056962
214108	10902.407910056962
215245	10902.407910056962
216398	10902.407910056962
217540	10902.407910056962
218683	10902.407910056962
219822	10902.407910056962
220956	10902.407910056962
222098	10902.407910056962
223242	10902.407910056962
224385	10902.407910056962
225531	10902.407910056962
226679	10902.407910056962
227823	10902.407910056962
228966	10902.407910056962
230111	10902.407910056962
234088	10902.407910056962
235234	10902.407910056962
236383	10902.407910056962
237529	10902.407910056962
238674	10902.407910056962
239816	10902.407910056962
240961	10902.407910056962
242102	10902.407910056962
243240	10902.407910056962
244390	10902.407910056962
245538	10902.407910056962
246685	10902.407910056962
247831	10902.407910056962
248978	10902.407910056962
250122	10902.407910056962
251265	10902.407910056962
252411	10902.407910056962
253556	10902.407910056962
254709	10902.407910056962
255851	10902.407910056962
262629	10902.407910056962
263779	10902.407910056962
264926	10902.407910056962
266075	10902.407910056962
267222	10902.407910056962
268374	10902.407910056962
269522	10902.407910056962
270677	10902.407910056962
271825	10902.407910056962
272975	10902.407910056962
274124	10902.407910056962
275275	10902.407910056962
276424	10902.407910056962
277576	10902.407910056962
278730	10902.407910056962
279884	10902.407910056962
281030	10902.407910056962
282183	10902.407910056962
283338	10902.407910056962
284489	10902.407910056962
287962	10677.302213255416
300105	10677.302213006767
301265	10677.302213006767
302419	10677.302213006767
303572	10677.302213006767
304732	10677.302213006767
305890	10677.302213006767
307048	10677.302213006767
308206	10677.302213006767
309357	10677.302213006767
310514	10677.302213006767
311671	10677.302213006767
312826	10677.302213006767
313978	10677.302213006767
315135	10677.302213006767
316293	10677.302213006767
317454	10677.302213006767
318615	10677.302213006767
319770	10677.302213006767
320923	10677.302213006767
327699	10677.302213006767
328852	10677.302213006767
330007	10677.302213006767
331172	10677.302213006767
332335	10677.302213006767
333493	10677.302213006767
334656	10677.302213006767
335820	10677.302213006767
336982	10677.302213006767
338140	10677.302213006767
339299	10677.302213006767
340457	10677.302213006767
341615	10677.302213006767
342780	10677.302213006767
343942	10677.302213006767
345096	10677.302213006767
346260	10677.302213006767
347419	10677.302213006767
348581	10677.302213006767
349737	10677.302213006767
356965	10677.302213006767
358122	10677.302213006767
359277	10677.302213006767
360441	10677.302213006767
361610	10677.302213006767
362766	10677.302213006767
363922	10677.302213006767
365086	10677.302213006767
366249	10677.302213006767
367415	10677.302213006767
368572	10677.302213006767
369738	10677.302213006767
370902	10677.302213006767
372058	10677.302213006767
373216	10677.302213006767
374376	10677.302213006767
375533	10677.302213006767
376695	10677.302213006767
377866	10677.302213006767
379025	10677.302213006767
382204	10576.213968002296
390305	10576.213966399931
391474	10576.213966399931
392641	10576.213966399931
393798	10576.213966399931
394959	10576.213966399931
396127	10576.213966399931
397296	10576.213966399931
398455	10576.213966399931
399609	10576.213966399931
400772	10576.213966399931
401935	10576.213966399931
403095	10576.213966399931
404266	10576.213966399931
405429	10576.213966399931
406589	10576.213966399931
407748	10576.213966399931
408911	10576.213966399931
410075	10576.213966399931
411228	10576.213966399931
418254	10576.213966399931
419412	10576.213966399931
420571	10576.213966399931
421738	10576.213966399931
422909	10576.213966399931
424085	10576.213966399931
425253	10576.213966399931
426412	10576.213966399931
427577	10576.213966399931
428742	10576.213966399931
429907	10576.213966399931
431075	10576.213966399931
432237	10576.213966399931
433401	10576.213966399931
434574	10576.213966399931
435748	10576.213966399931
436922	10576.213966399931
438097	10576.213966399931
439261	10576.213966399931
440434	10576.213966399931
443630	10550.41240745931
449853	10550.41240686343
451026	10550.41240686343
452203	10550.41240686343
453371	10550.41240686343
454548	10550.41240686343
455708	10550.41240686343
456873	10550.41240686343
458047	10550.41240686343
459218	10550.41240686343
460393	10550.41240686343
461565	10550.41240686343
462734	10550.41240686343
463905	10550.41240686343
465069	10550.41240686343
466234	10550.41240686343
467400	10550.41240686343
468560	10550.41240686343
469722	10550.41240686343
470884	10550.41240686343
480072	10550.41240686343
481238	10550.41240686343
482402	10550.41240686343
483573	10550.41240686343
484749	10550.41240686343
485913	10550.41240686343
487067	10550.41240686343
488229	10550.41240686343
489395	10550.41240686343
490557	10550.41240686343
491719	10550.41240686343
492878	10550.41240686343
494040	10550.41240686343
495198	10550.41240686343
496360	10550.41240686343
497514	10550.41240686343
498666	10550.41240686343
499818	10550.41240686343
500970	10550.41240686343
502121	10550.41240686343
509042	10550.41240686343
510204	10550.41240686343
511360	10550.41240686343
512515	10550.41240686343
513667	10550.41240686343
514816	10550.41240686343
515976	10550.41240686343
517127	10550.41240686343
518281	10550.41240686343
519429	10550.41240686343
520583	10550.41240686343
521737	10550.41240686343
522890	10550.41240686343
524042	10550.41240686343
525192	10550.41240686343
526344	10550.41240686343
527496	10550.41240686343
528647	10550.41240686343
529812	10550.41240686343
530967	10550.41240686343
536515	10550.41240686343
537669	10550.41240686343
538820	10550.41240686343
539985	10550.41240686343
541141	10550.41240686343
542299	10550.41240686343
543451	10550.41240686343
544604	10550.41240686343
545756	10550.41240686343
546918	10550.41240686343
548072	10550.41240686343
549236	10550.41240686343
550396	10550.41240686343
551554	10550.41240686343
552710	10550.41240686343
553867	10550.41240686343
555019	10550.41240686343
556172	10550.41240686343
557331	10550.41240686343
558490	10550.41240686343
562819	10550.41240686343
563987	10550.41240686343
565154	10550.41240686343
566315	10550.41240686343
567476	10550.41240686343
568640	10550.41240686343
569796	10550.41240686343
570951	10550.41240686343
572112	10550.41240686343
573273	10550.41240686343
574432	10550.41240686343
575596	10550.41240686343
576757	10550.41240686343
577918	10550.41240686343
579080	10550.41240686343
580240	10550.41240686343
581407	10550.41240686343
590585	10550.269615018726
591750	10550.269615018726
606654	10550.157880080278
623785	10550.146260374993
624956	10550.146260374993
626119	10550.146260374993
627276	10550.146260374993
638141	10550.048541007342
651524	10550.028585375034
665335	10550.007500173104
675794	10550.001005156513
676967	10550.001005156513
678131	10550.001005156513
693134	10549.986890852531
710060	10549.98409013668
726678	10549.965573248088
735635	10549.948934918755
736807	10549.948934918755
748379	10549.918827808146
759261	10549.909459495317
773668	10549.897452737798
787373	10549.890802019901
788543	10549.890802019901
795200	10549.877467839673
808192	10549.863013137503
826126	10549.859025743308
827298	10549.859025743308
841831	10549.837920842168
843008	10549.837920842168
854574	10549.83502436196
855745	10549.83502436196
867783	10549.829875040812
868954	10549.829875040812
878851	10549.827950382809
887704	10452.658071279197
895035	10316.339581715209
906337	10316.339581715209
907500	10316.339581715209
908674	10316.339581715209
909843	10316.339581715209
911015	10316.339581715209
912194	10316.339581715209
913368	10316.339581715209
914538	10316.339581715209
915706	10316.339581715209
916870	10316.339581715209
918041	10316.339581715209
919214	10316.339581715209
920382	10316.339581715209
921545	10316.339581715209
922712	10316.339581715209
923881	10316.339581715209
925044	10316.339581715209
934829	10316.339581715209
935992	10316.339581715209
937159	10316.339581715209
938317	10316.339581715209
939484	10316.339581715209
940641	10316.339581715209
941805	10316.339581715209
942963	10316.339581715209
944122	10316.339581715209
945278	10316.339581715209
946433	10316.339581715209
947597	10316.339581715209
948749	10316.339581715209
949904	10316.339581715209
951062	10316.339581715209
952216	10316.339581715209
953369	10316.339581715209
954523	10316.339581715209
955678	10316.339581715209
956839	10316.339581715209
961063	10316.339581715209
962217	10316.339581715209
963372	10316.339581715209
964523	10316.339581715209
965678	10316.339581715209
966830	10316.339581715209
967983	10316.339581715209
969142	10316.339581715209
970294	10316.339581715209
971446	10316.339581715209
972594	10316.339581715209
973751	10316.339581715209
974903	10316.339581715209
976058	10316.339581715209
977217	10316.339581715209
978375	10316.339581715209
979546	10316.339581715209
980697	10316.339581715209
981856	10316.339581715209
983012	10316.339581715209
993673	10316.339581715209
994839	10316.339581715209
996000	10316.339581715209
997163	10316.339581715209
998329	10316.339581715209
999490	10316.339581715209
1000647	10316.339581715209
