500	7586.875278969009
3822	4003.242084583952
6970	4003.242084583952
14062	3639.6324956549315
17673	3609.360696901355
19027	3609.3599633883405
20380	3609.3599525696163
21730	3609.3598502005684
23085	3609.3597414217134
24441	3609.3596678501563
25789	3609.3595816492943
27141	3609.3595113361553
28485	3609.3594598607683
29837	3609.35944091033
31182	3609.359367702283
32527	3609.359314843008
33871	3609.3592859838964
35216	3609.3592336648235
36558	3609.3592188962048
37907	3609.3591489416763
39245	3609.3590967750265
40587	3609.359045604251
41925	3609.359010809895
43263	3609.358957227255
44605	3609.3588890377882
45952	3609.358884206618
47293	3609.358792582336
48643	3609.3587381516845
49984	3609.3587381516845
52222	3609.3587381516845
55112	3609.3587381516845
57272	3609.3587381516845
60219	3609.3587381516845
63380	3609.3587381516845
66332	3600.816648118676
69722	3508.5457178564793
70990	3508.5427305279754
72251	3508.5425962738595
73517	3508.5425884771485
74790	3508.542587679962
76054	3508.5425873020386
77319	3508.5425873020386
80277	3508.5425873020386
84218	3390.3943567013093
87506	3382.121130762777
90018	3371.02952942277
91433	3371.02952942277
93554	3371.02952942277
94955	3371.02952942277
98821	3371.02952942277
102763	3371.02952942277
105671	3371.02952942277
107863	3371.02952942277
109958	3371.02952942277
113988	3371.02952942277
118568	3371.02952942277
121747	3371.02952942277
126050	3371.02952942277
129146	3371.02952942277
132154	3371.02952942277
134311	3371.02952942277
137272	3371.02952942277
139482	3371.02952942277
145996	3371.02952942277
153767	3338.562397718869
155375	3338.5619949703837
156989	3338.5618730797887
158605	3338.561836226282
160218	3338.561720693588
161830	3338.561720693588
164167	3338.561720693588
168047	3338.561720693588
171228	3338.561720693588
174194	3338.561720693588
177381	3338.561720693588
179558	3338.561720693588
180928	3338.561720693588
182227	3338.561720693588
183612	3338.561720693588
187254	3338.561720693588
190352	3338.561720693588
193230	3338.561720693588
195455	3338.561720693588
198642	3338.561720693588
200019	3338.561720693588
202151	3338.561720693588
205241	3338.561720693588
211037	3338.561720693588
212405	3338.561720693588
214740	3338.561720693588
217840	3338.561720693588
220116	3338.561720693588
221484	3338.561720693588
222868	3338.561720693588
224963	3338.561720693588
226397	3338.561720693588
228682	3338.561720693588
230130	3338.561720693588
232983	3338.561720693588
235056	3338.561720693588
237167	3338.561720693588
241085	3338.561720693588
242451	3338.561720693588
243821	3338.561720693588
245208	3338.561720693588
246542	3338.561720693588
247861	3338.561720693588
249269	3338.561720693588
251359	3338.561720693588
254271	3332.8036800781056
255665	3332.8036800781056
257108	3332.8036800781056
258364	3332.8036800781056
259705	3332.8036800781056
261053	3332.8036800781056
262424	3332.8036800781056
263764	3332.8036800781056
265133	3332.8036800781056
266525	3332.8036800781056
267889	3332.8036800781056
269161	3331.7479467374433
270566	3331.7479467374433
271899	3330.8284601113073
273206	3330.8284601113073
274565	3329.7283413527166
275894	3328.9799035034457
277274	3328.37417700441
278585	3325.9914516138933
279889	3324.9100859680075
281164	3323.8388649441995
282495	3323.1195254144677
283824	3322.540884539507
285186	3321.0265061514815
286599	3318.7078284492177
287941	3318.7078284492177
289282	3317.4544501137775
290574	3317.1337945649757
291866	3315.9607673279456
293202	3315.391686897271
294546	3314.3351601803815
295869	3313.915815010437
297202	3312.8438405332445
298515	3312.537390642732
299873	3312.3835123177532
301234	3311.704292515578
302549	3311.4473590705547
303847	3311.1073366686587
305181	3310.9567705441686
306502	3310.334829353806
307791	3310.0842933235185
309090	3309.8065072600693
310413	3309.5252999711834
311747	3309.3679489315778
313057	3308.7842488422607
314431	3308.511717093782
315741	3307.978702242893
317032	3307.9368549362107
318419	3307.520883253258
319764	3307.2607410675455
321109	3307.0668566534905
322463	3306.7430114442495
323815	3306.4209069193016
325168	3306.357421800064
326518	3306.2550940741776
327804	3305.8584670265227
329178	3305.7402069608993
330533	3305.5833031407647
331904	3305.4085580932933
333273	3305.309574454572
334574	3305.2448307619825
335942	3305.096354087446
337292	3305.0193098498207
338698	3304.8937129532546
340066	3304.777990567925
341466	3304.7019452900695
342785	3304.50997903505
344134	3304.3113423507134
345518	3304.3113423507134
346907	3304.2249287439927
348259	3304.1185860753835
349605	3304.083557899542
350955	3304.022219104513
352331	3303.973492259139
353711	3303.945051477768
355052	3303.929997078461
356379	3303.8774380981113
357731	3303.8399766310317
359125	3303.822676951903
360527	3303.7894984138534
361857	3303.7535736426594
363214	3303.72136965346
364599	3303.6167789190276
365986	3303.432200747398
367380	3303.2349429673336
368794	3302.9593060697553
370186	3302.7516128029765
371581	3302.659045352673
372976	3302.640893838068
374365	3302.5641956783875
375752	3302.552446837879
377143	3302.519473778248
378505	3302.472713481569
379846	3302.449448510558
381233	3302.4368309843912
382634	3302.3566421733267
384035	3302.3247607776157
385431	3302.3152617070323
386824	3302.299548101694
388224	3302.28417394995
389617	3302.2589140519685
391014	3302.2442905263265
392409	3302.2210415737936
393797	3302.2026963954195
395183	3302.1814079339356
396576	3302.18132515945
397974	3302.1697512708115
399366	3302.1540850396896
400761	3302.143887169923
402152	3302.1291210990303
403535	3302.1215099778647
404924	3302.1215099778647
406310	3302.110584389241
407688	3302.1092974620274
409081	3302.0874276812383
410478	3302.0861890934502
411875	3302.0814642304863
413264	3302.07612732111
414653	3302.0701340464984
416037	3302.068122365384
417431	3302.0621374702346
418824	3302.0599124313976
420202	3302.059714500067
421593	3302.0560830393356
422985	3302.049027591305
424370	3302.0486120262117
425761	3302.046814481417
427167	3302.0441165797915
428563	3302.042816488447
429948	3302.039590436754
431344	3302.039306920694
432736	3302.037414700579
434125	3302.0345122855188
435517	3302.033289490345
436913	3302.0321335849667
438296	3302.0298735374517
439688	3302.0267653213655
441082	3302.0237773464933
442469	3302.0226699661566
443863	3302.0197391456204
445254	3302.017692644437
446646	3302.01678021659
448036	3302.0104347829456
449434	3302.00908679292
450820	3302.0077263076446
452207	3302.0002082226597
453591	3301.9995226091196
454975	3301.9915567371904
456369	3301.988636195991
457752	3301.9865138894343
459139	3301.978496345441
460537	3301.972826900119
461935	3301.970596007012
463324	3301.970596007012
464709	3301.970596007012
466103	3301.9629982793017
467488	3301.9624297672244
468870	3301.9596652005616
470260	3301.957112963541
471648	3301.9553376397066
473028	3301.9530215864906
474407	3301.9530015464816
475790	3301.9472265046215
477172	3301.944716808141
478555	3301.9403946305765
479939	3301.9403946305765
481320	3301.9397831009755
482710	3301.938646154114
484093	3301.9376399839302
485469	3301.9359372262516
486862	3301.93194592839
488245	3301.93194592839
489625	3301.9302178374055
491008	3301.9283629246374
492385	3301.927273290835
493788	3301.925335740333
495170	3301.9229821568297
496550	3301.9229821568297
497926	3301.9229821568297
499306	3301.9182779989296
500681	3301.9182779989296
