500	7132.850364353204
3781	3822.0164662320494
5197	3822.0164662320494
9149	3792.6582826044487
10556	3792.6582826044487
15522	3792.6582826044487
23893	3769.3699751080117
27343	3761.1083822003757
28863	3760.998193691921
30392	3760.961944923153
32869	3760.961944923153
36864	3539.85445512894
38473	3539.85445512894
41787	3496.938602809024
44294	3496.938602809024
46679	3496.938602809024
49973	3496.938602809024
54304	3496.938602809024
58531	3496.938602809024
59998	3496.938602809024
64949	3442.148609440146
67299	3440.531456716557
71617	3409.8651729483117
73106	3409.839135197319
74610	3409.8348247519916
76117	3409.8279355725062
77622	3409.82703455556
79125	3409.826910258751
80622	3409.8268982236978
82118	3409.8268982236978
84383	3409.8268982236978
85739	3409.8268982236978
88213	3409.8268982236978
90504	3409.8268982236978
94575	3409.8268982236978
96809	3409.8268982236978
99821	3409.8268982236978
102222	3409.8268982236978
103715	3409.8268982236978
105198	3409.8268982236978
107542	3409.8268982236978
108963	3409.8268982236978
110374	3409.8268982236978
113416	3409.8268982236978
114831	3409.8268982236978
117966	3409.8268982236978
119379	3409.8268982236978
121684	3409.8268982236978
123805	3409.8268982236978
125224	3409.8268982236978
127505	3409.8268982236978
129885	3409.8268982236978
131340	3409.8268982236978
133642	3409.8268982236978
134962	3409.8268982236978
137241	3409.8268982236978
140288	3409.8268982236978
141690	3409.8268982236978
143005	3409.8268982236978
144422	3409.8268982236978
147515	3409.8268982236978
149588	3409.8268982236978
150930	3409.8268982236978
152310	3409.8268982236978
153624	3409.8268982236978
155686	3409.8268982236978
157020	3409.8268982236978
158379	3409.8268982236978
159767	3409.8268982236978
161260	3409.8268982236978
162615	3409.8268982236978
164042	3409.8268982236978
165490	3409.8268982236978
166899	3409.8268982236978
168308	3409.8268982236978
169681	3409.8268982236978
171013	3408.2953277150327
172371	3406.5718407275062
173729	3406.258106502938
175138	3405.4887112152655
176574	3403.5394763895256
177919	3403.062593480906
179280	3401.5398901267454
180637	3400.5266462438444
181998	3400.387225934245
183476	3398.4430153419644
184955	3398.1275469530447
186405	3396.4115015023563
187749	3396.4115015023563
189058	3396.4115015023563
190530	3394.6689825159983
191903	3394.6689825159983
193236	3394.6689825159983
194637	3394.5715679914697
196087	3393.675980211195
197546	3393.675980211195
198881	3393.675980211195
200215	3393.3612445232257
201550	3393.076183415202
202879	3393.076183415202
204267	3392.8386985486827
205580	3392.5937573628185
206910	3392.4577431800494
208286	3392.240178111407
209623	3389.4260770820338
210932	3389.4260770820338
212270	3389.1544156022233
213574	3389.1544156022233
214870	3389.1544156022233
216196	3389.1544156022233
217510	3389.1544156022233
218804	3389.1544156022233
220161	3388.0691040047423
221438	3387.5946277255434
222762	3386.3702962490665
224085	3385.8014662339656
225405	3385.789943929838
226730	3385.5287746729723
228034	3384.417983463352
229371	3384.359534307654
230698	3383.986996499147
232043	3383.081012748441
233370	3383.081012748441
234716	3383.081012748441
236037	3382.6931742588663
237370	3382.468478554827
238763	3379.0167507161395
240102	3379.0167507161395
241526	3378.4884114361334
242864	3378.4884114361334
244167	3378.4884114361334
245542	3378.4884114361334
246867	3378.4884114361334
248228	3378.3522825394602
249667	3378.3522825394602
250998	3377.2972294185865
252400	3377.147488679677
253787	3377.147488679677
255286	3377.147488679677
256773	3377.147488679677
258261	3377.147488679677
259596	3376.788107741429
261011	3376.788107741429
262364	3376.788107741429
263842	3376.788107741429
265250	3376.788107741429
266627	3376.788107741429
267967	3376.788107741429
269385	3376.788107741429
270767	3376.788107741429
272165	3376.788107741429
273515	3376.581178768619
274860	3376.4793234121535
276241	3376.4793234121535
277585	3376.4718027567983
278961	3376.4718027567983
280328	3376.395216951271
281692	3376.333113130251
283074	3376.333113130251
284440	3376.333113130251
285801	3375.93383518282
287174	3375.831178426535
288581	3375.831178426535
289985	3375.831178426535
291368	3375.7974149461043
292757	3375.7974149461043
294142	3375.7974149461043
295470	3375.7974149461043
296859	3375.7974149461043
298197	3375.7974149461043
299535	3375.6112062773955
300914	3375.6112062773955
302253	3375.6112062773955
303591	3375.6112062773955
304921	3375.5339408037444
306249	3375.5339408037444
307593	3375.5339408037444
308935	3375.4388279133973
310273	3375.3910688960614
311652	3375.3910688960614
313008	3375.35843763587
314373	3375.35843763587
315713	3375.3146205438125
317090	3375.3146205438125
318449	3375.3146205438125
319828	3375.3146205438125
321220	3375.3146205438125
322577	3375.3146205438125
324055	3375.3146205438125
325459	3375.3146205438125
326821	3375.29980615126
328189	3375.247835730491
329550	3375.247835730491
330907	3375.2087316619863
332263	3375.205930253317
333624	3375.205930253317
335094	3375.205930253317
336558	3375.205930253317
337900	3375.179008849169
339252	3375.179008849169
340619	3375.12311268303
341976	3375.0699537598675
343324	3375.0699537598675
344677	3375.0699537598675
346028	3375.0669115040355
347532	3375.0669115040355
348911	3375.0669115040355
350262	3375.0493179159903
351626	3375.0493179159903
352965	3374.994353562331
354346	3374.977792699107
355692	3374.977792699107
357017	3374.9415935371308
358343	3374.9415935371308
359684	3374.9415935371308
361024	3374.9415935371308
362422	3374.9415935371308
363801	3374.8798356087555
365174	3374.877575642172
366535	3374.8290686174428
367881	3374.8290686174428
369251	3374.8172942981496
370600	3374.8172942981496
371951	3374.814757123193
373368	3374.7374421479126
374785	3374.700734957421
376197	3374.697902029177
377616	3374.697902029177
379030	3374.691444344416
380413	3374.691444344416
381790	3374.691444344416
383193	3374.6676182920664
384594	3374.6676182920664
385996	3374.665932033874
387391	3374.665932033874
388807	3374.665932033874
390199	3374.665932033874
391557	3374.6473675971733
392907	3374.6244401378863
394254	3374.6212788712346
395611	3374.6212788712346
396962	3374.6197867520286
398350	3374.6197867520286
399729	3374.6197867520286
401119	3374.611016836774
402507	3374.602914633312
403872	3374.602914633312
405246	3374.602914633312
406597	3374.6025073844703
407939	3374.5883281538963
409342	3374.5883281538963
410687	3374.5877973585716
412033	3374.582840294599
413459	3374.582840294599
414830	3374.582840294599
416200	3374.582840294599
417591	3374.582840294599
418999	3374.582840294599
420345	3374.582840294599
421776	3374.582840294599
423160	3374.582840294599
424503	3374.5717260578267
425978	3374.5717260578267
427359	3374.5717260578267
428786	3374.5717260578267
430146	3374.568874490422
431572	3374.568874490422
432972	3374.568874490422
434376	3374.568874490422
435726	3374.5617708440664
437189	3374.5617708440664
438688	3374.5617708440664
440037	3374.5525265377973
441505	3374.5525265377973
443006	3374.5525265377973
444467	3374.5525265377973
445922	3374.5525265377973
447393	3374.5525265377973
448737	3374.5467184290324
450200	3374.5467184290324
451708	3374.5467184290324
453215	3374.5467184290324
454690	3374.5467184290324
456037	3374.541132189484
457397	3374.5377883012725
458870	3374.5377883012725
460404	3374.5377883012725
461837	3374.5377883012725
463209	3374.5377883012725
464700	3374.5377883012725
466185	3374.5377883012725
467542	3374.533204096854
468847	3374.533204096854
470357	3374.533204096854
471749	3374.5315179945205
473193	3374.5315179945205
474540	3374.520024353507
475908	3374.520024353507
477353	3374.520024353507
478695	3374.5163183015584
480117	3374.5163183015584
481459	3374.5139967426967
482838	3374.5075047983923
484276	3374.5075047983923
485769	3374.5075047983923
487205	3374.5075047983923
488551	3374.5062382232272
489946	3374.5031821234174
491392	3374.5031821234174
492842	3374.5031821234174
494301	3374.5031821234174
495648	3374.499266329429
497089	3374.499266329429
498503	3374.499266329429
499860	3374.4946121696557
501272	3374.4946121696557
