300	1578380798.3757322
19302	14883.723004283282
39944	11202.834886494395
45000	11165.102319015066
46504	11165.102319015066
63162	11165.102319015066
84440	11165.102319015066
114769	11165.102319015066
137059	11165.102319015066
155000	11165.102319015066
179557	11165.102319015066
197189	11165.102319015066
211337	11165.102319015066
226014	11165.102319015066
237706	11165.102319015066
255028	7665.7482965997315
259580	7603.529520880416
262881	7578.200810721364
272632	6911.835071764493
274104	6911.835071764493
280267	6911.835071764493
288823	6911.835071764493
300959	6911.835071764493
