300	2437433539.3909883
627	1117724621.9020987
945	735600693.9040178
1259	526972355.8111392
1572	526972355.8111392
1883	480624357.47716063
2193	480624357.47716063
2501	480624357.47716063
2811	466441266.8846036
3119	466441266.8846036
3426	466441266.8846036
3734	411180465.9937037
4042	411180465.9937037
4349	411180465.9937037
4655	411180465.9937037
4964	411180465.9937037
5271	411180465.9937037
5579	411180465.9937037
5887	411180465.9937037
6194	411180465.9937037
6501	411180465.9937037
6809	411180465.9937037
7116	411180465.9937037
7423	411180465.9937037
7730	411180465.9937037
8039	303523988.5210633
8349	303523988.5210633
8658	303523988.5210633
8968	303523988.5210633
9278	303523988.5210633
9587	303523988.5210633
9898	303523988.5210633
10212	303523988.5210633
10521	303523988.5210633
10832	158356253.0740296
11139	158356253.0740296
11447	158356253.0740296
11754	158356253.0740296
12062	144781069.1255976
12373	144781069.1255976
12683	144781069.1255976
12995	144781069.1255976
13303	144781069.1255976
13614	144781069.1255976
13922	144781069.1255976
14232	144781069.1255976
14541	144781069.1255976
14851	144781069.1255976
15161	144781069.1255976
15469	144781069.1255976
15778	144781069.1255976
16087	144781069.1255976
16396	144781069.1255976
16705	144781069.1255976
17013	144781069.1255976
17324	144781069.1255976
17635	144781069.1255976
17947	144781069.1255976
18256	144781069.1255976
55835	8493.291710564308
56141	8493.291710564308
56449	8493.291710564308
56759	8493.291710564308
57069	8493.291710564308
57379	8493.291710564308
57689	8493.291710564308
58000	8493.291710564308
58307	8493.291710564308
58615	8493.291710564308
58924	8493.291710564308
59234	8493.291710564308
59543	8493.291710564308
59851	8493.291710564308
60158	8493.291710564308
60466	8493.291710564308
60776	8493.291710564308
61085	8493.291710564308
61395	8493.291710564308
61704	8493.291710564308
62014	8493.291710564308
62324	8493.291710564308
90933	8493.291710564308
91242	8493.291710564308
91552	8493.291710564308
91863	8493.291710564308
92174	8493.291710564308
92483	8493.291710564308
92792	8493.291710564308
93101	8493.291710564308
93411	8493.291710564308
93719	8493.291710564308
94028	8493.291710564308
94337	8493.291710564308
94646	8493.291710564308
94953	8493.291710564308
95260	8493.291710564308
95570	8493.291710564308
95878	8493.291710564308
96187	8493.291710564308
96496	8493.291710564308
96807	8493.291710564308
113125	7956.617083163592
149943	7793.179028829518
150250	7793.179028829518
150557	7793.179028829518
150866	7793.179028829518
151175	7793.179028829518
151487	7793.179028829518
151797	7793.179028829518
152107	7793.179028829518
152414	7793.179028829518
152725	7793.179028829518
153038	7793.179028829518
153348	7793.179028829518
153656	7793.179028829518
153965	7793.179028829518
154274	7793.179028829518
154582	7793.179028829518
154890	7793.179028829518
155197	7793.179028829518
155504	7793.179028829518
172591	7793.179028829518
172900	7793.179028829518
173209	7793.179028829518
173517	7793.179028829518
173827	7793.179028829518
174138	7793.179028829518
174447	7793.179028829518
174759	7793.179028829518
175073	7793.179028829518
175383	7793.179028829518
175693	7793.179028829518
176001	7793.179028829518
176314	7793.179028829518
176623	7793.179028829518
176933	7793.179028829518
177244	7793.179028829518
177554	7793.179028829518
177864	7793.179028829518
178173	7793.179028829518
178482	7793.179028829518
211059	7793.179028829518
211369	7793.179028829518
211678	7793.179028829518
211985	7793.179028829518
212295	7793.179028829518
212602	7793.179028829518
212909	7793.179028829518
213217	7793.179028829518
213527	7793.179028829518
213836	7793.179028829518
214144	7793.179028829518
214455	7793.179028829518
214766	7793.179028829518
215079	7793.179028829518
215386	7793.179028829518
215696	7793.179028829518
216004	7793.179028829518
216313	7793.179028829518
216621	7793.179028829518
216929	7793.179028829518
253341	7793.179028829518
253648	7793.179028829518
253957	7793.179028829518
254267	7793.179028829518
254577	7793.179028829518
254889	7793.179028829518
255201	7793.179028829518
255510	7793.179028829518
255818	7793.179028829518
256126	7793.179028829518
256433	7793.179028829518
256740	7793.179028829518
257048	7793.179028829518
257356	7793.179028829518
257671	7793.179028829518
257985	7793.179028829518
258295	7793.179028829518
258608	7793.179028829518
258922	7793.179028829518
259234	7793.179028829518
296020	7793.179028829518
296328	7793.179028829518
296636	7793.179028829518
296947	7793.179028829518
297256	7793.179028829518
297565	7793.179028829518
297874	7793.179028829518
298182	7793.179028829518
298490	7793.179028829518
298798	7793.179028829518
299107	7793.179028829518
299415	7793.179028829518
299724	7793.179028829518
300032	7793.179028829518
