300	1682500706.3777323
647	1122050071.3828206
985	459135286.47881234
1324	167209169.51710635
1662	94332243.28997436
1992	54683606.854566574
2328	16476992.099632602
2654	9524821.03916037
2977	6463590.79412137
3296	6463590.79412137
3616	4300939.870325666
3933	2535965.907521094
4260	2535965.907521094
4583	2179199.5814126674
4903	1861076.2907245005
5219	1641958.8119847246
5539	1641958.8119847246
5858	1546027.927295193
6174	1546027.927295193
6488	1311434.8496621612
6804	1311434.8496621612
7120	1311434.8496621612
7438	1217264.7036180971
7758	1040412.6330543496
8072	1040412.6330543496
8387	962318.0464731428
8700	842297.8417461554
9017	715430.5184383858
9336	582708.573660108
9653	509283.3092161737
9967	509283.3092161737
10284	462136.38658052497
10607	462136.38658052497
10924	311367.8750071052
11242	311367.8750071052
11559	259493.03007296342
11875	228888.0028859963
12194	228888.0028859963
12510	228888.0028859963
12830	228888.0028859963
13145	216868.25499708316
45230	7603.00153776035
45549	7603.00153776035
45871	7603.00153776035
46187	7603.00153776035
46509	7603.00153776035
46821	7603.00153776035
47136	7603.00153776035
47453	7603.00153776035
47764	7603.00153776035
48083	7603.00153776035
48397	7603.00153776035
48716	7603.00153776035
49031	7603.00153776035
49348	7603.00153776035
49661	7603.00153776035
49974	7603.00153776035
50286	7603.00153776035
50596	7603.00153776035
50906	7603.00153776035
51223	7603.00153776035
60256	6790.889022623584
94122	6583.561194065433
94436	6583.561194065433
94756	6583.561194065433
95076	6583.561194065433
95393	6583.561194065433
95712	6583.561194065433
96037	6583.561194065433
96349	6583.561194065433
96673	6583.561194065433
96984	6583.561194065433
97299	6583.561194065433
97614	6583.561194065433
97929	6583.561194065433
98246	6583.561194065433
98561	6583.561194065433
98872	6583.561194065433
99185	6583.561194065433
99499	6583.561194065433
99816	6583.561194065433
110136	6583.561194065433
110449	6583.561194065433
110759	6583.561194065433
111073	6583.561194065433
111389	6583.561194065433
111701	6583.561194065433
112016	6583.561194065433
112335	6583.561194065433
112648	6583.561194065433
112960	6583.561194065433
113272	6583.561194065433
113588	6583.561194065433
113903	6583.561194065433
114216	6583.561194065433
114532	6583.561194065433
114844	6583.561194065433
115161	6583.561194065433
115475	6583.561194065433
115791	6583.561194065433
116106	6583.561194065433
121962	6583.561194065433
122276	6583.561194065433
122590	6583.561194065433
122908	6583.561194065433
123230	6583.561194065433
123549	6583.561194065433
123864	6583.561194065433
124184	6583.561194065433
124504	6583.561194065433
124829	6583.561194065433
125147	6583.561194065433
125467	6583.561194065433
125789	6583.561194065433
131583	6531.384920086945
131907	6531.384920086945
132228	6531.384920086945
132556	6531.384920086945
132877	6531.384920086945
133195	6531.384920086945
133515	6531.384920086945
133833	6531.384920086945
134143	6531.384920086945
134459	6531.384920086945
134776	6531.384920086945
135095	6531.384920086945
135407	6531.384920086945
135722	6531.384920086945
136036	6531.384920086945
136352	6531.384920086945
141880	6518.511740485539
145828	6518.506736110334
146143	6518.506736110334
146462	6518.506736110334
146779	6518.506736110334
147093	6518.506736110334
147412	6518.506736110334
147738	6518.506736110334
152829	6511.587553691081
153141	6511.587553691081
153459	6511.587553691081
153774	6511.587553691081
154085	6511.587553691081
157298	6496.47243686255
157615	6496.47243686255
157931	6496.47243686255
158247	6496.47243686255
158561	6496.47243686255
158877	6496.47243686255
159188	6496.47243686255
159502	6496.47243686255
159817	6496.47243686255
160128	6496.47243686255
160443	6496.47243686255
163263	6487.099932831317
163577	6487.099932831317
166661	6481.787222211991
166972	6481.787222211991
167284	6481.787222211991
171419	6474.158476370492
171735	6474.158476370492
174147	6431.514795481016
174462	6431.514795481016
180336	6390.299069417442
180650	6390.299069417442
184542	6354.997273555446
188770	6325.972694875333
195856	6280.820014207531
196171	6280.820014207531
196486	6280.820014207531
196800	6280.820014207531
197111	6280.820014207531
197422	6280.820014207531
197734	6280.820014207531
201560	6213.125898199777
210360	6171.719452835722
210673	6171.719452835722
210988	6171.719452835722
211302	6171.719452835722
211623	6171.719452835722
211938	6171.719452835722
212256	6171.719452835722
212569	6171.719452835722
212884	6171.719452835722
213198	6171.719452835722
213509	6171.719452835722
213828	6171.719452835722
214147	6171.719452835722
214464	6171.719452835722
214775	6171.719452835722
221464	6163.543768188791
221781	6163.543768188791
227543	6142.068625242351
227859	6142.068625242351
228172	6142.068625242351
228486	6142.068625242351
228806	6142.068625242351
229121	6142.068625242351
229437	6142.068625242351
229753	6142.068625242351
230065	6142.068625242351
230376	6142.068625242351
230688	6142.068625242351
231002	6142.068625242351
231315	6142.068625242351
235615	6137.293127718165
235928	6137.293127718165
236241	6137.293127718165
236557	6137.293127718165
239706	6131.175102342038
240026	6131.175102342038
240342	6131.175102342038
240661	6131.175102342038
240976	6131.175102342038
241298	6131.175102342038
245853	6127.447786273486
246178	6127.447786273486
246496	6127.447786273486
246809	6127.447786273486
247124	6127.447786273486
247436	6127.447786273486
247747	6127.447786273486
248059	6127.447786273486
248369	6127.447786273486
254110	6121.8848282250665
257016	6121.765411128279
257332	6121.765411128279
257650	6121.765411128279
257965	6121.765411128279
258281	6121.765411128279
267414	6092.9907612591405
267731	6092.9907612591405
268047	6092.9907612591405
268359	6092.9907612591405
268670	6092.9907612591405
268981	6092.9907612591405
269292	6092.9907612591405
269605	6092.9907612591405
269916	6092.9907612591405
270228	6092.9907612591405
270541	6092.9907612591405
270855	6092.9907612591405
271166	6092.9907612591405
271477	6092.9907612591405
271790	6092.9907612591405
272102	6092.9907612591405
272413	6092.9907612591405
272727	6092.9907612591405
273041	6092.9907612591405
273353	6092.9907612591405
273671	6092.9907612591405
275540	6092.9907612591405
275855	6092.9907612591405
276168	6092.9907612591405
276479	6092.9907612591405
276795	6092.9907612591405
277112	6092.9907612591405
277428	6092.9907612591405
277743	6092.9907612591405
278056	6092.9907612591405
278370	6092.9907612591405
278686	6092.9907612591405
279003	6092.9907612591405
279316	6092.9907612591405
279634	6092.9907612591405
279950	6092.9907612591405
280267	6092.9907612591405
280580	6092.9907612591405
280897	6092.9907612591405
281218	6092.9907612591405
281541	6092.9907612591405
283302	6092.9907612591405
283623	6092.9907612591405
283947	6092.9907612591405
286527	6087.270337582509
286849	6087.270337582509
287166	6087.270337582509
287482	6087.270337582509
287799	6087.270337582509
288116	6087.270337582509
288433	6087.270337582509
288743	6087.270337582509
295967	6082.323265079222
296282	6082.323265079222
296594	6082.323265079222
296907	6082.323265079222
297217	6082.323265079222
297527	6082.323265079222
297840	6082.323265079222
298150	6082.323265079222
298459	6082.323265079222
298769	6082.323265079222
299077	6082.323265079222
299388	6082.323265079222
299697	6082.323265079222
300013	6082.323265079222
