1000	200928.46235878216
6766	79885.82511664204
10979	79214.76656018036
18152	45261.17067747894
23749	39361.371963137986
29330	31361.620941223053
31974	31361.620941223053
37770	31361.620941223053
41991	31361.620941223053
47692	31361.620941223053
51889	31361.620941223053
56127	31361.620941223053
60391	31361.620941223053
64595	31361.620941223053
68846	31361.620941223053
74569	31361.620941223053
80268	31361.620941223053
86000	31361.620941223053
90244	31361.620941223053
95920	31361.620941223053
100090	31361.620941223053
104347	31361.620941223053
107002	31361.620941223053
111204	31361.620941223053
115402	31361.620941223053
121106	31361.620941223053
128371	31361.620941223053
132563	31361.620941223053
136785	31361.620941223053
141010	31361.620941223053
145222	31361.620941223053
149421	31361.620941223053
152111	31361.620941223053
156277	31361.620941223053
160491	31361.620941223053
164723	31361.620941223053
170423	31361.620941223053
173095	31361.620941223053
178846	19888.346075750727
181467	19888.346075750727
187227	19888.346075750727
189904	19888.346075750727
194092	19888.346075750727
196774	19888.346075750727
200984	19888.346075750727
203657	19888.346075750727
207855	19888.346075750727
215042	19888.346075750727
217710	19888.346075750727
221895	19888.346075750727
226108	19888.346075750727
230293	19888.346075750727
234484	19888.346075750727
237149	19888.346075750727
241368	19888.346075750727
245562	19888.346075750727
249747	19888.346075750727
252403	19888.346075750727
258137	19888.346075750727
260811	19888.346075750727
263468	19888.346075750727
266112	19888.346075750727
268773	19888.346075750727
272977	19888.346075750727
277164	19888.346075750727
279840	19888.346075750727
283998	19888.346075750727
286679	19888.346075750727
290875	19888.346075750727
293559	19888.346075750727
296236	19888.346075750727
300443	19888.346075750727
304588	19888.346075750727
310371	19888.346075750727
314541	19888.346075750727
318752	19888.346075750727
325980	19888.346075750727
330136	19888.346075750727
335849	19888.346075750727
338510	19888.346075750727
341187	19888.346075750727
346891	19888.346075750727
351082	19888.346075750727
356782	19888.346075750727
360961	19888.346075750727
363635	19888.346075750727
367841	19888.346075750727
373590	19888.346075750727
377796	19888.346075750727
380471	19888.346075750727
384676	19888.346075750727
387316	19888.346075750727
393011	19888.346075750727
400307	19888.346075750727
404488	19888.346075750727
408689	19888.346075750727
411334	19888.346075750727
415519	19888.346075750727
419708	19888.346075750727
425380	19888.346075750727
428062	19888.346075750727
432249	19888.346075750727
439486	19888.346075750727
442158	19888.346075750727
444810	19888.346075750727
448997	19888.346075750727
451651	19888.346075750727
454302	19888.346075750727
456968	19888.346075750727
459611	19888.346075750727
462291	19888.346075750727
464944	19888.346075750727
467625	19888.346075750727
471812	19888.346075750727
475995	19888.346075750727
478643	19888.346075750727
482815	19888.346075750727
485479	19888.346075750727
489652	19888.346075750727
492313	19888.346075750727
494964	19888.346075750727
497590	19888.346075750727
501741	19888.346075750727
504440	19888.346075750727
507105	19888.346075750727
511274	19888.346075750727
516982	19888.346075750727
519630	18309.553093775397
523793	18309.553093775397
526459	18309.553093775397
529101	18309.553093775397
531753	18309.553093775397
537481	18309.553093775397
541667	18309.553093775397
545868	18309.553093775397
550064	18309.553093775397
554241	18309.553093775397
558453	18309.553093775397
561139	18309.553093775397
563786	18309.553093775397
566464	18309.553093775397
570646	18309.553093775397
573328	18309.553093775397
576009	18309.553093775397
580166	18309.553093775397
582841	18309.553093775397
585486	18309.553093775397
588171	18309.553093775397
590854	18309.553093775397
595034	18309.553093775397
599253	18309.553093775397
601910	18309.553093775397
604568	18309.553093775397
607221	18309.553093775397
609888	18309.553093775397
615524	18309.553093775397
619731	18309.553093775397
622387	18309.553093775397
625048	18309.553093775397
627723	18309.553093775397
631886	18309.553093775397
634547	18309.553093775397
637209	18309.553093775397
639854	18309.553093775397
642532	18309.553093775397
645214	18309.553093775397
647890	18309.553093775397
650530	18309.553093775397
653193	18309.553093775397
655859	18309.553093775397
658520	18309.553093775397
661184	18309.553093775397
663826	18309.553093775397
666521	18309.553093775397
669190	18309.553093775397
671866	18309.553093775397
674547	18309.553093775397
677192	18309.553093775397
679844	18309.553093775397
682496	18309.553093775397
685163	18309.553093775397
687793	18309.553093775397
690450	18309.553093775397
693084	18309.553093775397
697225	18309.553093775397
699897	18309.553093775397
702579	18115.194849756903
705248	18115.194849756903
710993	18115.194849756903
713655	18115.194849756903
716330	18115.194849756903
720503	18115.194849756903
723195	18115.194849756903
725845	18115.194849756903
728491	18115.194849756903
731133	18115.194849756903
733780	18115.194849756903
739471	18115.194849756903
745209	18115.194849756903
747876	18115.194849756903
750499	17675.378860560944
753181	17675.378860560944
755869	17675.378860560944
758497	17675.378860560944
761161	17675.378860560944
763810	17675.378860560944
766483	17675.378860560944
769158	17675.378860560944
771819	17675.378860560944
776009	17675.378860560944
778696	17675.378860560944
781349	17675.378860560944
785524	17675.378860560944
788198	17675.378860560944
790855	17675.378860560944
793528	17675.378860560944
796210	17675.378860560944
798895	17675.378860560944
801542	17675.378860560944
805720	17266.484646187455
808390	16194.827738358046
811042	16194.827738358046
813706	16194.827738358046
816387	16194.827738358046
819064	16194.827738358046
821729	16194.827738358046
824370	16194.827738358046
827048	16194.827738358046
829737	16194.827738358046
832392	16194.827738358046
835050	16194.827738358046
837720	16194.827738358046
841908	16194.827738358046
844606	16194.827738358046
848804	16194.827738358046
851457	16194.827738358046
854129	16194.827738358046
856771	16194.827738358046
859418	16194.827738358046
862072	16194.827738358046
864771	16194.827738358046
867426	16194.827738358046
871614	16194.827738358046
874261	16194.827738358046
876946	16194.827738358046
879604	16194.827738358046
882248	16194.827738358046
884899	16194.827738358046
887573	16194.827738358046
891734	16194.827738358046
894390	16194.827738358046
897064	16194.827738358046
899729	16194.827738358046
902423	15256.206744470994
906575	15256.206744470994
909262	15256.206744470994
911913	15256.206744470994
914587	15256.206744470994
917201	14223.93998815764
919869	14223.93998815764
922530	14223.93998815764
926712	14223.93998815764
929356	14223.93998815764
932004	14223.93998815764
934669	14223.93998815764
937336	14223.93998815764
939980	14223.93998815764
942679	14223.93998815764
945347	14223.93998815764
948005	14223.93998815764
950652	14223.93998815764
953327	14223.93998815764
955966	14223.93998815764
958645	14223.93998815764
961326	14223.93998815764
963977	14223.93998815764
966669	14223.93998815764
969368	14223.93998815764
972050	14223.93998815764
974706	14223.93998815764
977373	14223.93998815764
980045	14223.93998815764
982686	14223.93998815764
986928	14223.93998815764
989591	14223.93998815764
992255	14223.93998815764
994924	14223.93998815764
997592	14223.93998815764
1000229	14223.93998815764
