1000	189447.51561536215
2156	163937.17960660614
3307	140919.41315125412
4463	99721.89271948124
5611	95389.1076841929
6759	84184.83464215777
7907	70646.68556032424
9051	68009.43290418953
10191	65418.824478757895
11335	54973.943052303366
12480	54973.943052303366
13622	51650.052704753434
14762	51292.8908381127
15901	44466.209614891864
17041	44466.209614891864
18176	44466.209614891864
19311	44466.209614891864
20445	43406.390997360264
21581	43406.390997360264
22714	41523.74543947304
23846	41523.74543947304
24974	41253.322295387974
26105	39457.766818853386
27237	39457.766818853386
28362	39457.766818853386
29487	39457.766818853386
30615	37195.76812797558
31740	37195.76812797558
32872	37195.76812797558
34000	37195.76812797558
35126	36712.109368027755
36252	36712.109368027755
37375	36712.109368027755
38500	36712.109368027755
39628	36712.109368027755
40754	36712.109368027755
41879	36712.109368027755
43004	36712.109368027755
44128	36712.109368027755
45255	36712.109368027755
46383	36712.109368027755
47509	36712.109368027755
48634	36712.109368027755
86034	10034.996320079175
87162	10034.996320079175
88290	10034.996320079175
89416	10034.996320079175
90543	10034.996320079175
91672	10034.996320079175
92803	10034.996320079175
93934	10034.996320079175
95065	10034.996320079175
96196	10034.996320079175
97330	10034.996320079175
98465	10034.996320079175
99596	10034.996320079175
100731	10034.996320079175
101862	10034.996320079175
102996	10034.996320079175
104127	10034.996320079175
105258	10034.996320079175
106384	10034.996320079175
107510	10034.996320079175
108636	10034.996320079175
109760	10034.996320079175
110889	10034.996320079175
112018	10034.996320079175
113144	10034.996320079175
114275	10034.996320079175
115407	10034.996320079175
116541	10034.996320079175
132824	9202.262337819926
162253	9202.147933324595
163379	9202.147933324595
164507	9202.147933324595
165634	9202.147933324595
166758	9202.147933324595
167886	9202.147933324595
169015	9202.147933324595
170142	9202.147933324595
171269	9202.147933324595
172401	9202.147933324595
173531	9202.147933324595
174663	9202.147933324595
175792	9202.147933324595
176921	9202.147933324595
178052	9202.147933324595
179183	9202.147933324595
180309	9202.147933324595
181436	9202.147933324595
182564	9202.147933324595
198740	8468.98668557296
231602	8467.992101236654
232733	8467.992101236654
233865	8467.992101236654
234997	8467.992101236654
236126	8467.992101236654
237256	8467.992101236654
238390	8467.992101236654
239522	8467.992101236654
240652	8467.992101236654
241783	8467.992101236654
242911	8467.992101236654
244039	8467.992101236654
245171	8467.992101236654
246299	8467.992101236654
247431	8467.992101236654
248562	8467.992101236654
249694	8467.992101236654
250826	8467.992101236654
251956	8467.992101236654
268136	8207.36993063836
299362	8118.579691129236
332149	8118.407612391042
333274	8118.407612391042
334399	8118.407612391042
335528	8118.407612391042
336659	8118.407612391042
337788	8118.407612391042
338917	8118.407612391042
340049	8118.407612391042
341177	8118.407612391042
342305	8118.407612391042
343435	8118.407612391042
344565	8118.407612391042
345694	8118.407612391042
346824	8118.407612391042
347954	8118.407612391042
349084	8118.407612391042
350214	8118.407612391042
351346	8118.407612391042
352477	8118.407612391042
353610	8118.407612391042
354741	8118.407612391042
355875	8118.407612391042
357009	8118.407612391042
358143	8118.407612391042
359276	8118.407612391042
360405	8118.407612391042
361534	8118.407612391042
362667	8118.407612391042
378846	6731.666488010762
407898	6731.5934876297015
409031	6731.5934876297015
410158	6731.5934876297015
411291	6731.5934876297015
412419	6731.5934876297015
413551	6731.5934876297015
414681	6731.5934876297015
415814	6731.5934876297015
416947	6731.5934876297015
418075	6731.5934876297015
419205	6731.5934876297015
420333	6731.5934876297015
421459	6731.5934876297015
422584	6731.5934876297015
423712	6731.5934876297015
424840	6731.5934876297015
425971	6731.5934876297015
427100	6731.5934876297015
428229	6731.5934876297015
445946	6731.5934876297015
447077	6731.5934876297015
448209	6731.5934876297015
449339	6731.5934876297015
450467	6731.5934876297015
451597	6731.5934876297015
452727	6731.5934876297015
453853	6731.5934876297015
454981	6731.5934876297015
456108	6731.5934876297015
457238	6731.5934876297015
458369	6731.5934876297015
459501	6731.5934876297015
460631	6731.5934876297015
461761	6731.5934876297015
462890	6731.5934876297015
464019	6731.5934876297015
465152	6731.5934876297015
466282	6731.5934876297015
467413	6731.5934876297015
483595	6608.214819527414
516383	6608.036407262103
517511	6608.036407262103
518638	6608.036407262103
519765	6608.036407262103
520892	6608.036407262103
522019	6608.036407262103
523149	6608.036407262103
524279	6608.036407262103
525408	6608.036407262103
526541	6608.036407262103
527671	6608.036407262103
528799	6608.036407262103
529928	6608.036407262103
531057	6608.036407262103
532187	6608.036407262103
533315	6608.036407262103
534445	6608.036407262103
535579	6608.036407262103
536717	6608.036407262103
552900	6151.767759493641
587203	6151.492848871025
588337	6151.492848871025
589467	6151.492848871025
590599	6151.492848871025
591733	6151.492848871025
592865	6151.492848871025
593996	6151.492848871025
595128	6151.492848871025
596259	6151.492848871025
597389	6151.492848871025
598516	6151.492848871025
599644	6151.492848871025
600772	6151.492848871025
601904	6151.492848871025
603036	6151.492848871025
604172	6151.492848871025
605298	6151.492848871025
606425	6151.492848871025
607551	6151.492848871025
623727	5044.5374517263035
654258	5044.478618829012
655387	5044.478618829012
656519	5044.478618829012
657647	5044.478618829012
658775	5044.478618829012
659902	5044.478618829012
661031	5044.478618829012
662159	5044.478618829012
663289	5044.478618829012
664419	5044.478618829012
665555	5044.478618829012
666688	5044.478618829012
667822	5044.478618829012
668955	5044.478618829012
670088	5044.478618829012
671217	5044.478618829012
672347	5044.478618829012
673475	5044.478618829012
674605	5044.478618829012
692323	5044.478618829012
693453	5044.478618829012
694587	5044.478618829012
695718	5044.478618829012
696851	5044.478618829012
697982	5044.478618829012
699111	5044.478618829012
700240	5044.478618829012
701369	5044.478618829012
702503	5044.478618829012
703637	5044.478618829012
704770	5044.478618829012
705903	5044.478618829012
707030	5044.478618829012
708161	5044.478618829012
709289	5044.478618829012
710415	5044.478618829012
711545	5044.478618829012
712676	5044.478618829012
713802	5044.478618829012
731539	5044.478618829012
732667	5044.478618829012
733795	5044.478618829012
734923	5044.478618829012
736053	5044.478618829012
737184	5044.478618829012
738315	5044.478618829012
739443	5044.478618829012
740574	5044.478618829012
741704	5044.478618829012
742834	5044.478618829012
743964	5044.478618829012
745096	5044.478618829012
746233	5044.478618829012
747365	5044.478618829012
748500	5044.478618829012
749634	5044.478618829012
750764	5044.478618829012
751894	5044.478618829012
753025	5044.478618829012
770751	5044.478618829012
771884	5044.478618829012
773013	5044.478618829012
774142	5044.478618829012
775273	5044.478618829012
776401	5044.478618829012
777526	5044.478618829012
778658	5044.478618829012
779787	5044.478618829012
780916	5044.478618829012
782044	5044.478618829012
783173	5044.478618829012
784305	5044.478618829012
785435	5044.478618829012
786564	5044.478618829012
787696	5044.478618829012
788826	5044.478618829012
789958	5044.478618829012
791086	5044.478618829012
792213	5044.478618829012
808390	4890.373598098023
839832	4889.8520510459475
840958	4889.8520510459475
842087	4889.8520510459475
843215	4889.8520510459475
844345	4889.8520510459475
845475	4889.8520510459475
846605	4889.8520510459475
847737	4889.8520510459475
848867	4889.8520510459475
849994	4889.8520510459475
851124	4889.8520510459475
852253	4889.8520510459475
853380	4889.8520510459475
854512	4889.8520510459475
855645	4889.8520510459475
856776	4889.8520510459475
857907	4889.8520510459475
859037	4889.8520510459475
860169	4889.8520510459475
876350	4279.48286664879
909106	4279.135559618011
910241	4279.135559618011
911376	4279.135559618011
912509	4279.135559618011
913639	4279.135559618011
914771	4279.135559618011
915903	4279.135559618011
917035	4279.135559618011
918167	4279.135559618011
919300	4279.135559618011
920430	4279.135559618011
921562	4279.135559618011
922694	4279.135559618011
923824	4279.135559618011
924956	4279.135559618011
926085	4279.135559618011
927217	4279.135559618011
928351	4279.135559618011
929482	4279.135559618011
947189	4279.135559618011
948319	4279.135559618011
949452	4279.135559618011
950587	4279.135559618011
951719	4279.135559618011
952852	4279.135559618011
953984	4279.135559618011
955115	4279.135559618011
956244	4279.135559618011
957372	4279.135559618011
958502	4279.135559618011
959630	4279.135559618011
960760	4279.135559618011
961892	4279.135559618011
963021	4279.135559618011
964152	4279.135559618011
965282	4279.135559618011
966412	4279.135559618011
967542	4279.135559618011
968671	4279.135559618011
984849	4137.470967594687
1015349	4137.205370248401
