500	743.2859503264681
2789	625.7578227692833
5185	621.7164743236777
8543	618.7909403604156
10024	618.7909403604156
14039	616.8269749594518
16468	615.0655488855144
17945	615.0655488855144
21965	615.0655488855144
25154	615.0655488855144
27445	615.0655488855144
31579	615.0655488855144
35672	615.0655488855144
37932	615.0655488855144
42141	615.0655488855144
45305	615.0655488855144
47491	615.0655488855144
49811	615.0655488855144
52935	615.0655488855144
56105	615.0655488855144
61080	615.0655488855144
63330	615.0655488855144
65592	615.0655488855144
68802	615.0655488855144
71113	615.0655488855144
76152	615.0655488855144
78480	615.0655488855144
83553	615.0655488855144
85881	615.0655488855144
88222	615.0655488855144
91557	615.0655488855144
93883	615.0655488855144
96237	615.0655488855144
98625	615.0655488855144
102701	615.0655488855144
106798	615.0655488855144
110072	615.0655488855144
111483	615.0655488855144
113810	615.0655488855144
117140	615.0655488855144
118532	615.0655488855144
120851	615.0655488855144
123160	615.0655488855144
124612	615.0655488855144
126037	615.0655488855144
128421	615.0655488855144
131779	614.3793521148979
134244	614.3793521148979
135693	614.3793521148979
138073	614.3793521148979
139503	614.3793521148979
140917	614.3793521148979
144311	614.3793521148979
145750	614.3793521148979
147192	613.2847983093902
148658	613.2548370660585
150117	613.2548370660585
151558	612.8303862408957
153015	612.6169296582519
154480	611.6430958891921
155893	611.6430958891921
157373	611.4403789501213
158847	610.9969893244844
160294	610.9550580436612
161724	610.3313348519773
163144	610.3313348519773
164588	609.2600590445211
166015	609.2600590445211
167462	609.1102168071099
168882	608.5210390358202
170338	608.5210390358202
171782	608.5210390358202
173244	608.5210390358202
174696	608.5210390358202
176152	607.9606623028009
177608	607.9606623028009
179057	607.9606623028009
180524	607.8978066350386
181991	607.6593137568049
183432	607.6593137568049
184912	607.6593137568049
186369	607.6032269028816
187806	607.6032269028816
189258	607.2889579453188
190701	607.2889579453188
192176	607.128159553047
193616	606.6553199918312
195065	606.6553199918312
196508	606.6553199918312
197973	606.6553199918312
199445	606.6553199918312
200881	606.2845483021553
202347	606.2845483021553
203804	606.2845483021553
205252	606.1821444794159
206713	605.7922051961986
208189	605.7922051961986
209654	605.7922051961986
211124	605.6527108154539
212569	605.5024490987838
214042	605.5024490987838
215509	605.5024490987838
216956	605.5024490987838
218430	605.5024490987838
219902	605.4280251633126
221395	605.2205214573939
222845	605.2205214573939
224284	604.945221579616
225758	604.945221579616
227203	604.8966948552604
228650	604.8966948552604
230121	604.8966948552604
231566	604.8966948552604
233017	604.8966948552604
234483	604.8966948552604
235973	604.8966948552604
237446	604.8966948552604
238936	604.8966948552604
240400	604.8966948552604
241870	604.8966948552604
243346	604.8966948552604
244793	604.8553303041514
246259	604.8553303041514
247725	604.8503127902505
249196	604.7607757567052
250650	604.7607757567052
252118	604.6633182727686
253591	604.6633182727686
255092	604.6015101768394
256522	604.6015101768394
257981	604.6015101768394
259432	604.6015101768394
260947	604.5835930297062
262421	604.5835930297062
263880	604.5835930297062
265343	604.57535971596
266810	604.5072250677161
268283	604.4669034828008
269710	604.4669034828008
271148	604.4491158749004
272625	604.4491158749004
274082	604.4288848892837
275546	604.2318524416762
277009	604.2318524416762
278466	604.2318524416762
279966	604.2318524416762
281474	604.2318524416762
282964	604.1747425406473
284409	604.1747425406473
285869	603.8734099310738
287370	603.8734099310738
288862	603.8734099310738
290322	603.8734099310738
291783	603.8734099310738
293288	603.8734099310738
294782	603.8734099310738
296257	603.7579754874421
297689	603.7579754874421
299170	603.7579754874421
300650	603.7579754874421
302134	603.7579754874421
303616	603.7579754874421
305063	603.7579754874421
306560	603.7579754874421
308053	603.7579754874421
309524	603.7130605538933
310984	603.6274535468076
312419	603.6274535468076
313860	603.4857363282816
315301	603.4857363282816
316789	603.4857363282816
318339	603.4857363282816
319809	603.4857363282816
321266	603.3953969635307
322766	603.3953969635307
324207	603.3953969635307
325684	603.3953969635307
327138	603.3953969635307
328577	603.1923189002629
330025	603.1923189002629
331489	603.1923189002629
332942	603.1923189002629
334430	603.1923189002629
335872	603.1921349587765
337344	603.1921349587765
338786	603.1921349587765
340255	603.1603637197244
341723	603.1603637197244
343215	603.1603637197244
344677	603.1603637197244
346147	603.0586873956574
347613	603.0586873956574
349100	603.0586873956574
350591	603.0586873956574
352061	603.0586873956574
353532	603.0586873956574
354993	603.0586873956574
356442	603.0586873956574
357902	602.9738995154049
359409	602.9738995154049
360860	602.9738995154049
362321	602.9408345553165
363785	602.9408345553165
365231	602.8962030777592
366678	602.8962030777592
368148	602.8962030777592
369606	602.8962030777592
371046	602.8705440105615
372546	602.8705440105615
374023	602.7071743193786
375478	602.7071743193786
376951	602.6891851726083
378424	602.6381182171257
379916	602.6381182171257
381368	602.6381182171257
382862	602.6168711904644
384321	602.5911919245688
385795	602.5805235589115
387275	602.5497173746514
388736	602.5497173746514
390236	602.509238831021
391717	602.4779083156451
393185	602.4559115494711
394698	602.4151298884774
396204	602.3648792469947
397647	602.3468281759118
399135	602.3394623440032
400663	602.2324640498238
402143	602.2287911369615
403621	602.2174122571311
405133	602.1828810427177
406622	602.1687979514662
408114	602.1420488200536
409619	602.1409143903708
411130	602.0996685328372
412622	602.0802996496458
414121	602.0348639343762
415628	602.0348639343762
417144	602.0081079689857
418641	602.0049192467804
420172	601.9504348478271
421681	601.9328208436577
423199	601.9328208436577
424682	601.9328208436577
426203	601.9328208436577
427719	601.9328208436577
429228	601.9019300663365
430742	601.9019300663365
432272	601.8736079213849
433776	601.8305525162044
435300	601.826432167873
436803	601.826432167873
438296	601.7945339457184
439826	601.7531589572421
441338	601.7531589572421
442883	601.7250859916894
444394	601.7250859916894
445934	601.6998255619806
447460	601.6928692470434
448996	601.6736062773097
450477	601.6736062773097
451980	601.6736062773097
453535	601.6224409496173
455088	601.6145236492907
456589	601.5936972483502
458105	601.584416882448
459622	601.5798124818716
461174	601.5798124818716
462742	601.5669162035908
464255	601.5374666189455
465813	601.5367994535045
467360	601.5231725346254
468889	601.5188753095449
470455	601.501055129359
471974	601.4973222002478
473515	601.4896453153896
475090	601.4860421532584
476663	601.483437687203
478261	601.4822246165477
479835	601.4765870673132
481373	601.4659842377682
482921	601.4591229937636
484440	601.4591229937636
485980	601.4591229937636
487532	601.4591229937636
489119	601.4591229937636
490653	601.4558189507425
492184	601.4482341315511
493746	601.4347538558104
495270	601.4347538558104
496792	601.4347538558104
498337	601.4311298141882
499844	601.4301519477242
501378	601.4293845398727
