500	1197694.4320615674
1075	309392.5072113163
1641	309392.5072113163
2203	309392.5072113163
2763	269895.0766888337
3318	269895.0766888337
3873	269895.0766888337
4427	269895.0766888337
4984	269895.0766888337
5538	269895.0766888337
6091	269895.0766888337
6646	269276.017881665
7202	269276.017881665
7756	269276.017881665
8309	269276.017881665
8864	269276.017881665
9417	269276.017881665
9971	269276.017881665
10526	269276.017881665
11081	269276.017881665
11633	269276.017881665
12187	269276.017881665
12744	269276.017881665
13299	269276.017881665
13854	269276.017881665
14413	245018.12943598852
14970	245018.12943598852
15523	245018.12943598852
16080	240550.6165348798
16634	240550.6165348798
17192	240550.6165348798
17748	240550.6165348798
18300	240550.6165348798
18855	240550.6165348798
19415	219133.07858149783
19971	219133.07858149783
20526	219133.07858149783
21083	219133.07858149783
21639	219133.07858149783
22199	219133.07858149783
22755	173111.49375857823
23312	173111.49375857823
23868	173111.49375857823
24426	173111.49375857823
24983	173111.49375857823
25535	173111.49375857823
26090	173111.49375857823
26645	173111.49375857823
27202	173111.49375857823
27761	173111.49375857823
28317	173111.49375857823
28870	173111.49375857823
29423	173111.49375857823
29977	173111.49375857823
30533	173111.49375857823
31088	173111.49375857823
31641	173111.49375857823
32199	173111.49375857823
32752	173111.49375857823
33305	173111.49375857823
33861	173111.49375857823
141249	300.0001617349174
148841	300.0000085593289
212657	300.000008369433
213219	300.000008369433
213773	300.000008369433
214328	300.000008369433
214885	300.000008369433
215439	300.000008369433
215992	300.000008369433
216548	300.000008369433
217105	300.000008369433
217661	300.000008369433
218215	300.000008369433
218773	300.000008369433
219330	300.000008369433
219887	300.000008369433
220447	300.000008369433
221005	300.000008369433
221559	300.000008369433
222112	300.000008369433
222667	300.000008369433
223221	300.000008369433
223779	300.000008369433
224339	300.000008369433
224899	300.000008369433
225457	300.000008369433
226014	300.000008369433
226569	300.000008369433
227126	300.000008369433
227682	300.000008369433
285732	300.000008369433
286284	300.000008369433
286837	300.000008369433
287393	300.000008369433
287948	300.000008369433
288503	300.000008369433
289058	300.000008369433
289610	300.000008369433
290163	300.000008369433
290718	300.000008369433
349382	300.000008369433
349937	300.000008369433
350489	300.000008369433
351043	300.000008369433
351598	300.000008369433
352153	300.000008369433
352707	300.000008369433
353262	300.000008369433
353818	300.000008369433
354376	300.000008369433
354934	300.000008369433
355493	300.000008369433
356051	300.000008369433
356609	300.000008369433
357164	300.000008369433
357720	300.000008369433
358272	300.000008369433
358829	300.000008369433
359384	300.000008369433
359943	300.000008369433
417687	300.000008369433
418240	300.000008369433
418794	300.000008369433
419350	300.000008369433
419908	300.000008369433
420463	300.000008369433
421017	300.000008369433
421576	300.000008369433
422129	300.000008369433
422684	300.000008369433
423238	300.000008369433
423794	300.000008369433
424348	300.000008369433
424904	300.000008369433
425460	300.000008369433
426015	300.000008369433
426571	300.000008369433
427124	300.000008369433
427679	300.000008369433
428235	300.000008369433
485821	300.000008369433
486375	300.000008369433
486930	300.000008369433
487483	300.000008369433
488036	300.000008369433
488590	300.000008369433
489145	300.000008369433
489703	300.000008369433
490258	300.000008369433
490820	300.000008369433
491379	300.000008369433
491937	300.000008369433
492495	300.000008369433
493051	300.000008369433
493608	300.000008369433
494160	300.000008369433
494717	300.000008369433
495276	300.000008369433
495833	300.000008369433
496389	300.000008369433
560871	300.000008369433
