500	481040.45043245575
1074	481040.45043245575
1639	379612.1906708553
2198	311140.1974992731
2756	311140.1974992731
3313	311140.1974992731
3870	311140.1974992731
4424	311140.1974992731
4981	311140.1974992731
5537	265606.0243115981
6093	265606.0243115981
6650	265606.0243115981
7204	265606.0243115981
7758	265606.0243115981
8311	265606.0243115981
8863	265606.0243115981
9416	265606.0243115981
9972	265606.0243115981
10528	265606.0243115981
11082	265606.0243115981
11635	265606.0243115981
12189	265606.0243115981
12742	265606.0243115981
13296	265606.0243115981
13851	265606.0243115981
14409	265606.0243115981
14966	260991.8369341505
15520	260991.8369341505
16074	260991.8369341505
16630	260991.8369341505
17186	235730.47851954217
17741	235730.47851954217
18295	235730.47851954217
18850	235730.47851954217
19407	235730.47851954217
19963	235730.47851954217
20518	235730.47851954217
21075	235730.47851954217
21629	235730.47851954217
22183	183548.05510626483
22738	183548.05510626483
23294	183548.05510626483
23850	183548.05510626483
24405	183548.05510626483
24960	183548.05510626483
25513	183548.05510626483
26067	183548.05510626483
26624	183548.05510626483
27180	183548.05510626483
27736	183548.05510626483
28294	183548.05510626483
28856	183548.05510626483
29413	183548.05510626483
29968	183548.05510626483
142611	300.00006826825256
151017	300.00001678767285
216927	300.00000214466945
217486	300.00000214466945
218041	300.00000214466945
218595	300.00000214466945
219149	300.00000214466945
219708	300.00000214466945
220269	300.00000214466945
220827	300.00000214466945
221384	300.00000214466945
221938	300.00000214466945
222495	300.00000214466945
223052	300.00000214466945
223609	300.00000214466945
224163	300.00000214466945
224720	300.00000214466945
225275	300.00000214466945
225831	300.00000214466945
226385	300.00000214466945
226941	300.00000214466945
227499	300.00000214466945
228060	300.00000214466945
228616	300.00000214466945
229174	300.00000214466945
229732	300.00000214466945
230286	300.00000214466945
292726	300.00000214466945
293280	300.00000214466945
293834	300.00000214466945
294386	300.00000214466945
294938	300.00000214466945
295490	300.00000214466945
296045	300.00000214466945
296598	300.00000214466945
297153	300.00000214466945
297708	300.00000214466945
298265	300.00000214466945
298826	300.00000214466945
299380	300.00000214466945
299936	300.00000214466945
300493	300.00000214466945
301050	300.00000214466945
301607	300.00000214466945
302164	300.00000214466945
302718	300.00000214466945
303275	300.00000214466945
362298	300.00000214466945
362857	300.00000214466945
363414	300.00000214466945
363975	300.00000214466945
364531	300.00000214466945
365086	300.00000214466945
365640	300.00000214466945
366193	300.00000214466945
366748	300.00000214466945
367301	300.00000214466945
427289	300.00000214466945
427841	300.00000214466945
428399	300.00000214466945
428961	300.00000214466945
429521	300.00000214466945
430076	300.00000214466945
430631	300.00000214466945
431189	300.00000214466945
431749	300.00000214466945
432304	300.00000214466945
432859	300.00000214466945
433414	300.00000214466945
433970	300.00000214466945
434523	300.00000214466945
435078	300.00000214466945
435634	300.00000214466945
436189	300.00000214466945
436743	300.00000214466945
437297	300.00000214466945
437852	300.00000214466945
496871	300.00000214466945
497425	300.00000214466945
497979	300.00000214466945
498535	300.00000214466945
499091	300.00000214466945
499647	300.00000214466945
500205	300.00000214466945
