1000	3339.431154313653
7247	1689.942572748509
15553	1359.1739877699738
17886	1359.1635170302275
20210	1359.1626114818955
22533	1359.162525821375
24860	1359.1625174970413
27179	1359.1625167019101
29498	1359.1625166279225
31813	1359.1625166212248
34122	1359.1625166206518
36431	1359.1625166206122
38735	1359.162516620612
41038	1359.16251662061
43343	1359.16251662061
47033	1359.16251662061
53243	1359.16251662061
56948	1359.16251662061
60649	1359.16251662061
66759	1359.16251662061
70459	1359.16251662061
81594	1359.16251662061
85271	1359.16251662061
88940	1359.16251662061
92667	1359.16251662061
96355	1359.16251662061
102587	1359.16251662061
108774	1359.16251662061
112438	1359.16251662061
122239	1359.16251662061
128346	1359.16251662061
132060	1359.16251662061
138203	1359.16251662061
141895	1359.16251662061
145565	1359.16251662061
149258	1359.16251662061
155421	1359.16251662061
159138	1359.16251662061
165347	1359.16251662061
171502	1359.16251662061
177782	1359.16251662061
185179	1359.16251662061
188888	1359.16251662061
192559	1359.16251662061
197436	1359.16251662061
201161	1359.16251662061
204901	1359.16251662061
207354	1359.16251662061
212292	1359.16251662061
219661	1359.16251662061
224667	1359.16251662061
228369	1359.16251662061
233272	1359.16251662061
241746	1359.16251662061
245461	1359.16251662061
250415	1359.16251662061
260028	1359.16251662061
264977	1359.16251662061
268708	1359.16251662061
273634	1359.16251662061
282174	1359.16251662061
285925	1359.16251662061
289646	1359.16251662061
294624	1359.16251662061
298324	1359.16251662061
303288	1359.16251662061
314323	1359.16251662061
318014	1359.16251662061
321690	1359.16251662061
325408	1359.16251662061
329120	1359.16251662061
334067	1359.16251662061
337797	1359.16251662061
342753	1359.16251662061
351328	1359.16251662061
355005	1359.16251662061
358700	1359.16251662061
362425	1359.16251662061
364891	1359.16251662061
369835	1359.16251662061
374746	1359.16251662061
379699	1359.16251662061
382168	1359.16251662061
385936	1359.16251662061
388392	1359.16251662061
393294	1359.16251662061
395775	1359.16251662061
398233	1359.16251662061
401929	1359.16251662061
405613	1359.16251662061
408065	1359.16251662061
410515	1359.16251662061
412957	1359.16251662061
415379	1359.16251662061
417792	1359.16251662061
420244	1359.16251662061
422691	1359.16251662061
425110	1359.16251662061
427532	1359.16251662061
429976	1359.16251662061
432416	1359.16251662061
434856	1359.16251662061
437273	1358.0198571165274
439709	1350.3371861514865
442132	1338.8011203828892
444540	1324.269988312703
446973	1320.3510210220606
449396	1313.0581783041537
451817	1300.7119140109796
454247	1298.7873107054293
456663	1287.3547898651561
459100	1272.3266821758393
461513	1264.3522304064693
463930	1263.3342767177237
466354	1255.1150006838213
468806	1252.4419361336259
471221	1242.298377200479
473657	1234.7319039867366
476105	1225.8153477073886
478569	1224.7191216283886
481017	1217.5892231321195
483464	1208.281557753992
485908	1204.7535431124938
488344	1200.0687391423635
490783	1195.461886072096
493214	1193.6346733755963
495655	1188.5534224990186
498114	1186.5879182479816
500563	1183.5333487476933
503000	1181.3830902152279
505456	1178.5811842025273
507898	1175.2798248302647
510341	1173.0891245455475
512775	1171.4465824080373
515203	1168.5697140113043
517644	1165.806727967359
520078	1164.1290912394834
522525	1162.1012608565386
524971	1159.488530365278
527404	1156.564580535849
529847	1155.361812312853
532288	1153.2497034875819
534712	1151.5401900898491
537153	1150.0287780721287
539574	1148.7852177175628
542027	1147.1256931021371
544454	1146.0116703520189
546884	1144.8286450636379
549321	1143.5947748063263
551752	1142.619638786378
554171	1141.414913068629
556582	1141.0822089459934
559014	1140.4335012831377
561451	1139.7614042071193
563873	1139.4608359426857
566313	1138.8634958052435
568736	1138.4277231529284
571167	1137.553429268978
573588	1137.3762206058882
576015	1137.1406922158048
578444	1136.8572931373408
580890	1136.5724759224317
583327	1136.26651663976
585771	1136.037253083885
588199	1135.7686671155643
590629	1135.496589065505
593076	1135.2450004858495
595494	1135.0041039320488
597933	1134.696670258555
600366	1134.5275518275612
602817	1134.271808090843
605277	1134.070204900594
607730	1133.9406353014417
610184	1133.7749004892844
612617	1133.6069224287157
615075	1133.3585250690655
617517	1133.29471100401
619975	1133.213838833455
622405	1133.156985661109
624839	1133.0753837104653
627282	1133.0129720009718
629717	1132.8946579732658
632171	1132.8726146950753
634622	1132.8117003900256
637074	1132.7095184625684
639512	1132.669209179636
641946	1132.5545284082839
644392	1132.514312551375
646827	1132.4679612227608
649267	1132.416833638516
651712	1132.3514446055487
654143	1132.3182143240879
656589	1132.280256902117
659013	1132.2340495232802
661456	1132.2010904111041
663897	1132.1687428774721
666353	1132.1289413859638
668784	1132.0939132513063
671227	1132.0313739685039
673680	1131.9772949802775
676124	1131.9235379937306
678567	1131.9131999806268
680998	1131.894501796868
683425	1131.8669898630333
685854	1131.8557181698702
688284	1131.8338350116744
690728	1131.810669788353
693173	1131.7395939334542
695627	1131.698055978768
698070	1131.6811651113123
700487	1131.6611263392774
702918	1131.6463178566817
705347	1131.6273514798445
707788	1131.613781178194
710221	1131.6026368635737
712657	1131.5719044814273
715092	1131.548434214451
717528	1131.5445373705766
719964	1131.530064132538
722407	1131.5125449291074
724841	1131.509665373077
727283	1131.5047948282154
729723	1131.5008720285955
732160	1131.4932969740485
734604	1131.482493374033
737027	1131.4757648159807
739469	1131.47030835561
741905	1131.4617522708031
744325	1131.455663235997
746755	1131.4498394097243
749191	1131.4456899832458
751630	1131.4431931765719
754075	1131.4378947212285
756510	1131.4351697578431
758950	1131.430271286345
761405	1131.4278970927585
763849	1131.4117549204102
766295	1131.400390577865
768738	1131.391637987311
771172	1131.3903288391484
773608	1131.3856323410755
776030	1131.3816105773824
778474	1131.3747607094806
780912	1131.3690498875587
783350	1131.368415069615
785788	1131.3653470086526
788222	1131.3620396865745
790656	1131.361511916242
793092	1131.3574175940098
795531	1131.355998601724
797970	1131.3538879055272
800402	1131.3518750724766
802824	1131.3498247079174
805257	1131.3493623233644
807704	1131.3472565533125
810148	1131.3439652404963
812584	1131.3419940961712
815027	1131.34096483195
817472	1131.3400297252272
819906	1131.3386321406022
822345	1131.338041937516
824773	1131.3369127125118
827210	1131.335523278592
829642	1131.3350932080864
832071	1131.3339656957994
834506	1131.333658839323
836933	1131.333163579916
839360	1131.3324013696426
841797	1131.331765693487
844222	1131.3310850133375
846656	1131.3305562602893
849090	1131.330027392346
851520	1131.3295076089844
853944	1131.3291877652896
856372	1131.3287712362871
858808	1131.3281498782922
861239	1131.3279927819917
863671	1131.3277632311379
866107	1131.3272266658598
868538	1131.3269746277838
870964	1131.3268435882514
873389	1131.3265819269916
875815	1131.3264742279864
878245	1131.3262641927856
880676	1131.3261010500648
883109	1131.3258392367907
885537	1131.3258135107867
887965	1131.3257213548873
890400	1131.3255856993928
892831	1131.3255202931384
895259	1131.325434463842
897695	1131.3253312834581
900126	1131.3252389614215
902551	1131.325190647506
904985	1131.3251291890938
907416	1131.3250752882514
909857	1131.3249355288185
912292	1131.3249355288185
914721	1131.3244824851752
917148	1131.3240288243237
919578	1131.3240024343986
922017	1131.3239178045374
924451	1131.3236019473106
926873	1131.3232004765227
929302	1131.3229687125688
931722	1131.3229516794281
934146	1131.3227622400632
936569	1131.322529816141
938989	1131.322309358861
941420	1131.3222456902067
943836	1131.3220889527652
946281	1131.3219386869887
948727	1131.3218925708038
951169	1131.321780123786
957360	1131.321780123786
959808	1131.321716875537
962252	1131.321684124392
964677	1131.3216369643749
967112	1131.3215603572917
969549	1131.3215363384322
971989	1131.3214872081417
974434	1131.3214556134362
976875	1131.321431940344
979319	1131.3214145400175
981762	1131.3213653400362
984204	1131.3213369827965
986647	1131.321323628235
989087	1131.3212799482644
991533	1131.3212574772303
993984	1131.3211913686014
996430	1131.3211472368605
998864	1131.3211472368605
1001298	1131.3211472368605
