1000	3271.4985596489937
2164	3008.204462823664
3328	2709.7293499272455
4487	2504.993381745421
5637	2400.902088512552
6790	2259.9111583155473
7935	2230.3853204231364
9086	2148.556321290646
10230	2078.9194910861597
11374	2078.9194910861597
12516	2051.6003545498597
13655	2048.8030131718315
14793	1964.174521687523
15930	1950.7763601678807
17067	1950.7763601678807
18206	1950.7763601678807
19344	1950.7763601678807
20476	1950.7763601678807
21612	1949.9497769687603
22746	1897.6684759170305
23877	1879.5171930691063
25003	1879.5171930691063
26135	1879.5171930691063
27267	1879.5171930691063
28397	1849.4394312324052
29522	1849.4394312324052
30650	1849.4394312324052
31776	1849.4394312324052
32906	1849.4394312324052
34039	1849.4394312324052
35167	1849.4394312324052
36298	1849.4394312324052
37428	1838.3758384555904
38556	1838.3758384555904
39683	1838.3758384555904
40807	1838.3758384555904
41935	1838.3758384555904
43059	1838.3758384555904
44184	1838.3758384555904
45309	1838.3758384555904
46437	1838.3758384555904
47566	1838.3758384555904
48694	1838.3758384555904
54901	1647.6437725789467
64400	1201.9614083391339
67245	1191.0171650388736
70295	1135.299680003481
79997	1135.2996792827414
81121	1135.2996792827414
82245	1135.2996792827414
83369	1135.2996792827414
84493	1135.2996792827414
85620	1135.2996792827414
86750	1135.2996792827414
87882	1135.2996792827414
89013	1135.2996792827414
90143	1135.2996792827414
91270	1135.2996792827414
92401	1135.2996792827414
93532	1135.2996792827414
94659	1135.2996792827414
95791	1135.2996792827414
96931	1135.2996792827414
98066	1135.2996792827414
99203	1135.2996792827414
100340	1135.2996792827414
101488	1135.2996792827414
102624	1135.2996792827414
103762	1135.2996792827414
104900	1135.2996792827414
106038	1135.2996792827414
110588	1135.2996792827414
111716	1135.2996792827414
112848	1135.2996792827414
113978	1135.2996792827414
115108	1135.2996792827414
116239	1135.2996792827414
117368	1135.2996792827414
118497	1135.2996792827414
119631	1135.2996792827414
120758	1135.2996792827414
121890	1135.2996792827414
123026	1135.2996792827414
124158	1135.2996792827414
125291	1135.2996792827414
126424	1135.2996792827414
127556	1135.2996792827414
128689	1135.2996792827414
129826	1135.2996792827414
130956	1135.2996792827414
132089	1135.2996792827414
135244	1108.436435128147
138406	1099.4817877188195
143590	1099.4817874371597
144735	1099.4817874371597
145878	1099.4817874371597
147014	1099.4817874371597
148162	1099.4817874371597
149298	1099.4817874371597
150436	1099.4817874371597
151575	1099.4817874371597
152717	1099.4817874371597
153853	1099.4817874371597
154985	1099.4817874371597
156124	1099.4817874371597
157257	1099.4817874371597
158391	1099.4817874371597
159522	1099.4817874371597
160658	1099.4817874371597
161801	1099.4817874371597
162941	1099.4817874371597
164090	1099.4817874371597
165239	1099.4817874371597
166383	1099.4817874371597
167534	1099.4817874371597
168681	1099.4817874371597
169826	1099.4817874371597
170981	1099.4817874371597
172128	1099.4817874371597
173275	1099.4817874371597
174424	1099.4817874371597
178036	1099.4817874371597
179182	1099.4817874371597
180336	1099.4817874371597
181483	1099.4817874371597
182629	1099.4817874371597
183772	1099.4817874371597
184915	1099.4817874371597
186057	1099.4817874371597
187202	1099.4817874371597
188343	1099.4817874371597
191005	1096.4969104514596
194935	1096.4969102619157
196085	1096.4969102619157
197229	1096.4969102619157
198376	1096.4969102619157
199528	1096.4969102619157
200675	1096.4969102619157
201820	1096.4969102619157
202961	1096.4969102619157
204109	1096.4969102619157
205259	1096.4969102619157
206407	1096.4969102619157
207554	1096.4969102619157
208699	1096.4969102619157
209845	1096.4969102619157
210993	1096.4969102619157
212144	1096.4969102619157
213294	1096.4969102619157
214434	1096.4969102619157
215585	1096.4969102619157
218033	1096.4969102371297
220891	1091.5220642257295
224729	1091.5220641977317
225882	1091.5220641977317
227034	1091.5220641977317
228193	1091.5220641977317
229347	1091.5220641977317
230502	1091.5220641977317
231657	1091.5220641977317
232813	1091.5220641977317
233967	1091.5220641977317
235122	1091.5220641977317
236274	1091.5220641977317
237427	1091.5220641977317
238578	1091.5220641977317
239729	1091.5220641977317
240882	1091.5220641977317
242030	1091.5220641977317
243179	1091.5220641977317
244328	1091.5220641977317
245477	1091.5220641977317
246626	1091.5220641977317
247776	1091.5220641977317
248935	1091.5220641977317
250087	1091.5220641977317
251233	1091.5220641977317
252385	1091.5220641977317
253543	1091.5220641977317
254696	1091.5220641977317
255842	1091.5220641977317
260169	1091.5220641977317
261321	1091.5220641977317
262475	1091.5220641977317
263626	1091.5220641977317
264780	1091.5220641977317
265933	1091.5220641977317
267086	1091.5220641977317
268237	1091.5220641977317
269387	1091.5220641977317
270540	1091.5220641977317
274260	1091.5220641977317
275411	1091.5220641977317
276569	1091.5220641977317
277718	1091.5220641977317
278867	1091.5220641977317
280020	1091.5220641977317
281170	1091.5220641977317
282321	1091.5220641977317
283471	1091.5220641977317
284620	1091.5220641977317
285774	1091.5220641977317
286919	1091.5220641977317
288071	1091.5220641977317
289219	1091.5220641977317
290371	1091.5220641977317
291520	1091.5220641977317
292672	1091.5220641977317
293822	1091.5220641977317
294972	1091.5220641977317
296121	1091.5220641977317
300056	1091.5220641977317
301208	1091.5220641977317
302360	1091.5220641977317
303514	1091.5220641977317
304665	1091.5220641977317
305816	1091.5220641977317
306975	1091.5220641977317
308127	1091.5220641977317
309280	1091.5220641977317
310431	1091.5220641977317
311586	1091.5220641977317
312740	1091.5220641977317
313893	1091.5220641977317
315046	1091.5220641977317
316196	1091.5220641977317
317347	1091.5220641977317
318495	1091.5220641977317
319653	1091.5220641977317
320808	1091.5220641977317
321962	1091.5220641977317
325813	1091.5220641977317
326970	1091.5220641977317
328126	1091.5220641977317
329287	1091.5220641977317
330443	1091.5220641977317
331597	1091.5220641977317
332760	1091.5220641977317
333919	1091.5220641977317
335078	1091.5220641977317
336237	1091.5220641977317
337388	1091.5220641977317
338540	1091.5220641977317
339697	1091.5220641977317
340853	1091.5220641977317
342005	1091.5220641977317
343158	1091.5220641977317
344323	1091.5220641977317
345483	1091.5220641977317
346652	1091.5220641977317
347814	1091.5220641977317
352060	1091.5220641977317
353215	1091.5220641977317
354371	1091.5220641977317
355540	1091.5220641977317
356699	1091.5220641977317
357855	1091.5220641977317
359019	1091.5220641977317
360178	1091.5220641977317
361338	1091.5220641977317
362494	1091.5220641977317
363653	1091.5220641977317
364812	1091.5220641977317
365972	1091.5220641977317
367137	1091.5220641977317
368291	1091.5220641977317
369448	1091.5220641977317
370603	1091.5220641977317
371773	1091.5220641977317
372936	1091.5220641977317
374104	1091.5220641977317
378028	1091.5220641977317
379191	1091.5220641977317
380353	1091.5220641977317
381504	1091.5220641977317
382660	1091.5220641977317
383817	1091.5220641977317
384978	1091.5220641977317
386137	1091.5220641977317
387298	1091.5220641977317
388456	1091.5220641977317
391128	1089.5321460919788
395076	1089.5321460908503
396236	1089.5321460908503
397392	1089.5321460908503
398551	1089.5321460908503
399714	1089.5321460908503
400870	1089.5321460908503
402028	1089.5321460908503
403186	1089.5321460908503
404341	1089.5321460908503
405497	1089.5321460908503
406657	1089.5321460908503
407810	1089.5321460908503
408972	1089.5321460908503
410130	1089.5321460908503
411283	1089.5321460908503
412445	1089.5321460908503
413609	1089.5321460908503
414768	1089.5321460908503
415924	1089.5321460908503
419772	1089.5321460908503
420931	1089.5321460908503
422090	1089.5321460908503
423250	1089.5321460908503
424412	1089.5321460908503
425579	1089.5321460908503
426748	1089.5321460908503
427908	1089.5321460908503
429071	1089.5321460908503
430244	1089.5321460908503
431409	1089.5321460908503
432568	1089.5321460908503
433735	1089.5321460908503
434907	1089.5321460908503
436075	1089.5321460908503
437238	1089.5321460908503
438414	1089.5321460908503
439582	1089.5321460908503
440751	1089.5321460908503
441915	1089.5321460908503
445772	1089.5321460908503
446935	1089.5321460908503
448102	1089.5321460908503
449272	1089.5321460908503
450449	1089.5321460908503
451609	1089.5321460908503
452777	1089.5321460908503
453934	1089.5321460908503
455097	1089.5321460908503
456262	1089.5321460908503
457423	1089.5321460908503
458584	1089.5321460908503
459734	1089.5321460908503
460891	1089.5321460908503
462056	1089.5321460908503
463221	1089.5321460908503
464380	1089.5321460908503
465544	1089.5321460908503
466699	1089.5321460908503
467868	1089.5321460908503
471621	1089.5321460908503
472779	1089.5321460908503
473942	1089.5321460908503
475114	1089.5321460908503
476278	1089.5321460908503
477439	1089.5321460908503
478604	1089.5321460908503
479769	1089.5321460908503
480932	1089.5321460908503
482100	1089.5321460908503
483265	1089.5321460908503
484430	1089.5321460908503
485596	1089.5321460908503
486762	1089.5321460908503
487934	1089.5321460908503
489100	1089.5321460908503
490272	1089.5321460908503
491438	1089.5321460908503
492615	1089.5321460908503
493780	1089.5321460908503
498028	1089.5321460908503
499185	1089.5321460908503
500348	1089.5321460908503
501508	1089.5321460908503
502671	1089.5321460908503
503840	1089.5321460908503
505003	1089.5321460908503
506167	1089.5321460908503
507330	1089.5321460908503
508499	1089.5321460908503
509665	1089.5321460908503
510829	1089.5321460908503
511990	1089.5321460908503
513154	1089.5321460908503
514308	1089.5321460908503
515471	1089.5321460908503
516630	1089.5321460908503
517797	1089.5321460908503
518967	1089.5321460908503
520133	1089.5321460908503
524307	1089.5321460908503
525473	1089.5321460908503
526644	1089.5321460908503
527819	1089.5321460908503
528980	1089.5321460908503
530151	1089.5321460908503
531324	1089.5321460908503
532495	1089.5321460908503
533664	1089.5321460908503
534834	1089.5321460908503
538902	1089.5321460908503
540072	1089.5321460908503
541243	1089.5321460908503
542413	1089.5321460908503
543584	1089.5321460908503
544751	1089.5321460908503
545917	1089.5321460908503
547086	1089.5321460908503
548249	1089.5321460908503
549420	1089.5321460908503
550588	1089.5321460908503
551758	1089.5321460908503
552935	1089.5321460908503
554106	1089.5321460908503
555281	1089.5321460908503
556456	1089.5321460908503
557631	1089.5321460908503
558794	1089.5321460908503
559966	1089.5321460908503
561142	1089.5321460908503
564890	1089.5321460908503
566059	1089.5321460908503
567221	1089.5321460908503
568396	1089.5321460908503
569570	1089.5321460908503
570738	1089.5321460908503
571916	1089.5321460908503
573090	1089.5321460908503
574261	1089.5321460908503
575436	1089.5321460908503
576608	1089.5321460908503
577780	1089.5321460908503
578953	1089.5321460908503
580128	1089.5321460908503
581301	1089.5321460908503
582470	1089.5321460908503
583635	1089.5321460908503
584808	1089.5321460908503
585973	1089.5321460908503
587140	1089.5321460908503
591806	1089.5321460908503
592967	1089.5321460908503
594127	1089.5321460908503
595282	1089.5321460908503
596440	1089.5321460908503
597605	1089.5321460908503
598768	1089.5321460908503
599926	1089.5321460908503
601096	1089.5321460908503
602259	1089.5321460908503
603423	1089.5321460908503
604604	1089.5321460908503
605776	1089.5321460908503
606938	1089.5321460908503
608113	1089.5321460908503
609278	1089.5321460908503
610446	1089.5321460908503
611618	1089.5321460908503
612802	1089.5321460908503
613975	1089.5321460908503
617851	1089.5321460908503
619032	1089.5321460908503
620205	1089.5321460908503
621377	1089.5321460908503
622553	1089.5321460908503
623732	1089.5321460908503
624908	1089.5321460908503
626089	1089.5321460908503
627270	1089.5321460908503
628441	1089.5321460908503
629622	1089.5321460908503
630800	1089.5321460908503
631968	1089.5321460908503
633145	1089.5321460908503
634324	1089.5321460908503
635504	1089.5321460908503
636676	1089.5321460908503
637848	1089.5321460908503
639015	1089.5321460908503
640179	1089.5321460908503
646793	1089.5321460908503
647958	1089.5321460908503
649123	1089.5321460908503
650292	1089.5321460908503
651458	1089.5321460908503
652627	1089.5321460908503
653790	1089.5321460908503
654964	1089.5321460908503
656135	1089.5321460908503
657305	1089.5321460908503
660200	1085.5523960064816
663201	1082.567523744111
667270	1082.5675237239527
668445	1082.5675237239527
669621	1082.5675237239527
670790	1082.5675237239527
671961	1082.5675237239527
673133	1082.5675237239527
674305	1082.5675237239527
675481	1082.5675237239527
676657	1082.5675237239527
677826	1082.5675237239527
679004	1082.5675237239527
680179	1082.5675237239527
681348	1082.5675237239527
682522	1082.5675237239527
683694	1082.5675237239527
684865	1082.5675237239527
686036	1082.5675237239527
687201	1082.5675237239527
688369	1082.5675237239527
689541	1082.5675237239527
690706	1082.5675237239527
691877	1082.5675237239527
693053	1082.5675237239527
694225	1082.5675237239527
695387	1082.5675237239527
696556	1082.5675237239527
697723	1082.5675237239527
698895	1082.5675237239527
702733	1082.5675237239527
703893	1082.5675237239527
705066	1082.5675237239527
706235	1082.5675237239527
707400	1082.5675237239527
708561	1082.5675237239527
709726	1082.5675237239527
710891	1082.5675237239527
712050	1082.5675237239527
713213	1082.5675237239527
716943	1082.5675237239527
718109	1082.5675237239527
719275	1082.5675237239527
720431	1082.5675237239527
721594	1082.5675237239527
722752	1082.5675237239527
723911	1082.5675237239527
725068	1082.5675237239527
726226	1082.5675237239527
727377	1082.5675237239527
728536	1082.5675237239527
729694	1082.5675237239527
730846	1082.5675237239527
731997	1082.5675237239527
733151	1082.5675237239527
734308	1082.5675237239527
735466	1082.5675237239527
736623	1082.5675237239527
737783	1082.5675237239527
738945	1082.5675237239527
743502	1082.5675237239527
744662	1082.5675237239527
745816	1082.5675237239527
746973	1082.5675237239527
748124	1082.5675237239527
749285	1082.5675237239527
750445	1082.5675237239527
751605	1082.5675237239527
752759	1082.5675237239527
753919	1082.5675237239527
755073	1082.5675237239527
756226	1082.5675237239527
757382	1082.5675237239527
758536	1082.5675237239527
759701	1082.5675237239527
760864	1082.5675237239527
762024	1082.5675237239527
763186	1082.5675237239527
764346	1082.5675237239527
765506	1082.5675237239527
769639	1082.5675237239527
770794	1082.5675237239527
771954	1082.5675237239527
773107	1082.5675237239527
774266	1082.5675237239527
775422	1082.5675237239527
776578	1082.5675237239527
777733	1082.5675237239527
778894	1082.5675237239527
780056	1082.5675237239527
781216	1082.5675237239527
782385	1082.5675237239527
783546	1082.5675237239527
784709	1082.5675237239527
785869	1082.5675237239527
787022	1082.5675237239527
788178	1082.5675237239527
789334	1082.5675237239527
790490	1082.5675237239527
791654	1082.5675237239527
795497	1082.5675237239527
796650	1082.5675237239527
797813	1082.5675237239527
798973	1082.5675237239527
800135	1082.5675237239527
801297	1082.5675237239527
802462	1082.5675237239527
803630	1082.5675237239527
804792	1082.5675237239527
805952	1082.5675237239527
807110	1082.5675237239527
808270	1082.5675237239527
809432	1082.5675237239527
810592	1082.5675237239527
811758	1082.5675237239527
812925	1082.5675237239527
814081	1082.5675237239527
815242	1082.5675237239527
816402	1082.5675237239527
817561	1082.5675237239527
820641	1078.587692612778
823114	1077.5927335476374
827070	1077.5927334920866
828236	1077.5927334920866
829397	1077.5927334920866
830558	1077.5927334920866
831717	1077.5927334920866
832882	1077.5927334920866
834037	1077.5927334920866
835196	1077.5927334920866
836356	1077.5927334920866
837516	1077.5927334920866
838685	1077.5927334920866
839849	1077.5927334920866
841014	1077.5927334920866
842176	1077.5927334920866
843339	1077.5927334920866
844502	1077.5927334920866
845667	1077.5927334920866
846823	1077.5927334920866
847985	1077.5927334920866
849143	1077.5927334920866
850306	1077.5927334920866
851471	1077.5927334920866
852641	1077.5927334920866
853803	1077.5927334920866
854968	1077.5927334920866
856132	1077.5927334920866
857301	1077.5927334920866
858470	1077.5927334920866
861609	1077.5927334920866
862778	1077.5927334920866
863953	1077.5927334920866
865127	1077.5927334920866
866295	1077.5927334920866
867462	1077.5927334920866
868628	1077.5927334920866
869799	1077.5927334920866
870972	1077.5927334920866
872143	1077.5927334920866
875294	1077.5927334920866
876457	1077.5927334920866
877626	1077.5927334920866
878788	1077.5927334920866
879958	1077.5927334920866
881124	1077.5927334920866
882290	1077.5927334920866
883465	1077.5927334920866
884636	1077.5927334920866
885805	1077.5927334920866
886980	1077.5927334920866
888143	1077.5927334920866
889309	1077.5927334920866
890472	1077.5927334920866
891636	1077.5927334920866
892801	1077.5927334920866
893972	1077.5927334920866
895145	1077.5927334920866
896311	1077.5927334920866
897477	1077.5927334920866
900533	1077.5927334920866
901700	1077.5927334920866
902864	1077.5927334920866
904030	1077.5927334920866
905203	1077.5927334920866
906377	1077.5927334920866
907556	1077.5927334920866
908733	1077.5927334920866
909900	1077.5927334920866
911075	1077.5927334920866
912253	1077.5927334920866
913433	1077.5927334920866
914597	1077.5927334920866
915765	1077.5927334920866
916939	1077.5927334920866
918115	1077.5927334920866
919288	1077.5927334920866
920475	1077.5927334920866
921641	1077.5927334920866
922811	1077.5927334920866
926561	1077.5927334920866
927737	1077.5927334920866
928910	1077.5927334920866
930078	1077.5927334920866
931250	1077.5927334920866
932426	1077.5927334920866
933597	1077.5927334920866
934767	1077.5927334920866
935948	1077.5927334920866
937140	1077.5927334920866
938320	1077.5927334920866
939490	1077.5927334920866
940663	1077.5927334920866
941830	1077.5927334920866
943005	1077.5927334920866
944178	1077.5927334920866
945353	1077.5927334920866
946534	1077.5927334920866
947704	1077.5927334920866
948873	1077.5927334920866
952642	1077.5927334920866
953818	1077.5927334920866
954992	1077.5927334920866
956173	1077.5927334920866
957350	1077.5927334920866
958527	1077.5927334920866
959704	1077.5927334920866
960883	1077.5927334920866
962061	1077.5927334920866
963236	1077.5927334920866
964420	1077.5927334920866
965595	1077.5927334920866
966775	1077.5927334920866
967959	1077.5927334920866
969132	1077.5927334920866
970302	1077.5927334920866
971476	1077.5927334920866
972648	1077.5927334920866
973821	1077.5927334920866
974999	1077.5927334920866
978864	1077.5927334920866
980053	1077.5927334920866
981233	1077.5927334920866
982418	1077.5927334920866
983596	1077.5927334920866
984784	1077.5927334920866
985969	1077.5927334920866
987153	1077.5927334920866
988335	1077.5927334920866
989519	1077.5927334920866
992672	1077.5927334920866
993859	1077.5927334920866
995042	1077.5927334920866
996222	1077.5927334920866
997404	1077.5927334920866
998584	1077.5927334920866
999776	1077.5927334920866
1000959	1077.5927334920866
