1000	3301.6779662821714
2148	3153.219805964318
3296	2984.366313338082
4440	2922.1210480068003
5585	2785.581914190671
6730	2655.1983626564343
7875	2582.445583475005
9016	2466.5465694288005
10160	2389.5070081510557
11300	2389.5070081510557
12440	2333.4955716266522
13580	2304.5517011401816
14716	2270.1676165494346
15854	2165.1330179235883
16990	2165.1330179235883
18126	2135.6547018532065
19267	2135.6547018532065
20405	2099.0947593680403
21542	2061.750150681816
22675	2028.5962827002245
23808	2028.5962827002245
24942	2028.5962827002245
26072	2003.4438939438974
27203	1908.4355509404684
28335	1908.4355509404684
29465	1908.4355509404684
30593	1908.4355509404684
31724	1908.4355509404684
32855	1908.4355509404684
33988	1908.4355509404684
35114	1908.4355509404684
36240	1908.4355509404684
37370	1908.4355509404684
38497	1908.4355509404684
39623	1900.5133539929843
40752	1900.5133539929843
41883	1900.5133539929843
43011	1900.5133539929843
44138	1840.219104014879
45264	1840.219104014879
46391	1840.219104014879
47520	1840.219104014879
48646	1840.219104014879
49771	1840.219104014879
50898	1840.219104014879
52025	1840.219104014879
53150	1840.219104014879
54276	1840.219104014879
55402	1840.219104014879
56528	1840.219104014879
57657	1840.219104014879
58785	1840.219104014879
59910	1840.219104014879
61036	1840.219104014879
62164	1840.219104014879
63290	1840.219104014879
64419	1840.219104014879
65550	1840.219104014879
66680	1840.219104014879
77341	1078.3060435014672
78469	1078.3060435014672
79598	1078.3060435014672
80726	1078.3060435014672
81854	1078.3060435014672
82982	1078.3060435014672
84111	1078.3060435014672
85240	1078.3060435014672
86371	1078.3060435014672
87501	1078.3060435014672
88630	1078.3060435014672
89760	1078.3060435014672
90888	1078.3060435014672
92018	1078.3060435014672
93146	1078.3060435014672
94274	1078.3060435014672
95403	1078.3060435014672
96529	1078.3060435014672
97656	1078.3060435014672
98786	1078.3060435014672
99915	1078.3060435014672
101042	1078.3060435014672
110907	1078.3060435014672
112035	1078.3060435014672
113163	1078.3060435014672
114295	1078.3060435014672
115424	1078.3060435014672
116555	1078.3060435014672
117687	1078.3060435014672
118818	1078.3060435014672
119947	1078.3060435014672
121076	1078.3060435014672
122206	1078.3060435014672
123335	1078.3060435014672
124462	1078.3060435014672
125590	1078.3060435014672
126723	1078.3060435014672
127856	1078.3060435014672
128989	1078.3060435014672
130122	1078.3060435014672
131252	1078.3060435014672
132386	1078.3060435014672
143381	1078.3060435014672
144513	1078.3060435014672
145645	1078.3060435014672
146777	1078.3060435014672
147907	1078.3060435014672
149034	1078.3060435014672
150163	1078.3060435014672
151292	1078.3060435014672
152425	1078.3060435014672
153553	1078.3060435014672
154681	1078.3060435014672
155811	1078.3060435014672
156938	1078.3060435014672
158066	1078.3060435014672
159193	1078.3060435014672
160324	1078.3060435014672
161454	1078.3060435014672
162583	1078.3060435014672
163713	1078.3060435014672
164843	1078.3060435014672
170321	1078.3060435014672
171449	1078.3060435014672
172578	1078.3060435014672
173707	1078.3060435014672
174835	1078.3060435014672
175963	1078.3060435014672
177088	1078.3060435014672
178217	1078.3060435014672
179347	1078.3060435014672
180474	1078.3060435014672
181603	1078.3060435014672
182731	1078.3060435014672
183863	1078.3060435014672
184992	1078.3060435014672
186122	1078.3060435014672
187256	1078.3060435014672
188392	1078.3060435014672
189526	1078.3060435014672
190662	1078.3060435014672
191794	1078.3060435014672
198712	1078.3060435014672
199849	1078.3060435014672
200980	1078.3060435014672
202115	1078.3060435014672
203245	1078.3060435014672
204375	1078.3060435014672
205502	1078.3060435014672
206628	1078.3060435014672
207756	1078.3060435014672
208890	1078.3060435014672
213438	1078.3060435014672
214569	1078.3060435014672
215701	1078.3060435014672
216834	1078.3060435014672
217964	1078.3060435014672
219095	1078.3060435014672
220222	1078.3060435014672
221352	1078.3060435014672
222480	1078.3060435014672
223608	1078.3060435014672
224737	1078.3060435014672
225865	1078.3060435014672
226993	1078.3060435014672
228123	1078.3060435014672
229253	1078.3060435014672
230384	1078.3060435014672
231515	1078.3060435014672
232646	1078.3060435014672
233777	1078.3060435014672
234908	1078.3060435014672
240439	1078.3060435014672
241571	1078.3060435014672
242700	1078.3060435014672
243830	1078.3060435014672
244962	1078.3060435014672
246093	1078.3060435014672
247224	1078.3060435014672
248353	1078.3060435014672
249481	1078.3060435014672
250612	1078.3060435014672
251742	1078.3060435014672
252874	1078.3060435014672
254008	1078.3060435014672
255137	1078.3060435014672
256269	1078.3060435014672
257400	1078.3060435014672
258532	1078.3060435014672
259661	1078.3060435014672
260791	1078.3060435014672
261923	1078.3060435014672
271100	1078.3060435014672
272234	1078.3060435014672
273364	1078.3060435014672
274496	1078.3060435014672
275623	1078.3060435014672
276753	1078.3060435014672
277884	1078.3060435014672
279016	1078.3060435014672
280146	1078.3060435014672
281275	1078.3060435014672
282403	1078.3060435014672
283529	1078.3060435014672
284655	1078.3060435014672
285781	1078.3060435014672
286906	1078.3060435014672
288035	1078.3060435014672
289160	1078.3060435014672
290286	1078.3060435014672
291413	1078.3060435014672
292540	1078.3060435014672
300767	1078.3060435014672
301899	1078.3060435014672
303030	1078.3060435014672
304162	1078.3060435014672
305295	1078.3060435014672
306425	1078.3060435014672
307556	1078.3060435014672
308686	1078.3060435014672
309818	1078.3060435014672
310949	1078.3060435014672
312080	1078.3060435014672
313214	1078.3060435014672
314345	1078.3060435014672
315476	1078.3060435014672
316608	1078.3060435014672
317738	1078.3060435014672
318867	1078.3060435014672
319994	1078.3060435014672
321123	1078.3060435014672
322251	1078.3060435014672
332631	1078.3060435014672
333760	1078.3060435014672
334892	1078.3060435014672
336022	1078.3060435014672
337151	1078.3060435014672
338285	1078.3060435014672
339415	1078.3060435014672
340544	1078.3060435014672
341673	1078.3060435014672
342802	1078.3060435014672
352117	1078.3060435014672
353247	1078.3060435014672
354375	1078.3060435014672
355504	1078.3060435014672
356636	1078.3060435014672
357767	1078.3060435014672
358896	1078.3060435014672
360027	1078.3060435014672
361157	1078.3060435014672
362292	1078.3060435014672
363425	1078.3060435014672
364556	1078.3060435014672
365684	1078.3060435014672
366817	1078.3060435014672
367944	1078.3060435014672
369070	1078.3060435014672
370201	1078.3060435014672
371329	1078.3060435014672
372460	1078.3060435014672
373591	1078.3060435014672
377948	1078.3060435014672
379078	1078.3060435014672
380209	1078.3060435014672
381337	1078.3060435014672
382463	1078.3060435014672
383594	1078.3060435014672
384725	1078.3060435014672
385852	1078.3060435014672
386982	1078.3060435014672
388111	1078.3060435014672
389242	1078.3060435014672
390373	1078.3060435014672
391501	1078.3060435014672
392630	1078.3060435014672
393762	1078.3060435014672
394893	1078.3060435014672
396022	1078.3060435014672
397151	1078.3060435014672
398281	1078.3060435014672
399415	1078.3060435014672
407293	1078.3060435014672
408421	1078.3060435014672
409550	1078.3060435014672
410681	1078.3060435014672
411813	1078.3060435014672
412944	1078.3060435014672
414073	1078.3060435014672
415201	1078.3060435014672
416328	1078.3060435014672
417457	1078.3060435014672
418584	1078.3060435014672
419713	1078.3060435014672
420843	1078.3060435014672
421971	1078.3060435014672
423102	1078.3060435014672
424232	1078.3060435014672
425363	1078.3060435014672
426493	1078.3060435014672
427625	1078.3060435014672
428754	1078.3060435014672
437403	1078.3060435014672
438534	1078.3060435014672
439665	1078.3060435014672
440794	1078.3060435014672
441927	1078.3060435014672
443053	1078.3060435014672
444187	1078.3060435014672
445318	1078.3060435014672
446449	1078.3060435014672
447579	1078.3060435014672
448707	1078.3060435014672
449835	1078.3060435014672
450964	1078.3060435014672
452092	1078.3060435014672
453220	1078.3060435014672
454351	1078.3060435014672
455482	1078.3060435014672
456613	1078.3060435014672
457747	1078.3060435014672
458878	1078.3060435014672
465110	1078.3060435014672
466244	1078.3060435014672
467374	1078.3060435014672
468504	1078.3060435014672
469636	1078.3060435014672
470774	1078.3060435014672
471903	1078.3060435014672
473034	1078.3060435014672
474167	1078.3060435014672
475298	1078.3060435014672
479669	1078.3060435014672
480799	1078.3060435014672
481930	1078.3060435014672
483061	1078.3060435014672
484189	1078.3060435014672
485319	1078.3060435014672
486448	1078.3060435014672
487577	1078.3060435014672
488707	1078.3060435014672
489836	1078.3060435014672
490966	1078.3060435014672
492097	1078.3060435014672
493225	1078.3060435014672
494354	1078.3060435014672
495486	1078.3060435014672
496617	1078.3060435014672
497754	1078.3060435014672
498887	1078.3060435014672
500021	1078.3060435014672
501153	1078.3060435014672
509152	1078.3060435014672
510282	1078.3060435014672
511412	1078.3060435014672
512540	1078.3060435014672
513668	1078.3060435014672
514796	1078.3060435014672
515925	1078.3060435014672
517054	1078.3060435014672
518184	1078.3060435014672
519314	1078.3060435014672
520446	1078.3060435014672
521576	1078.3060435014672
522705	1078.3060435014672
523834	1078.3060435014672
524964	1078.3060435014672
526094	1078.3060435014672
527222	1078.3060435014672
528354	1078.3060435014672
529483	1078.3060435014672
530614	1078.3060435014672
539698	1078.3060435014672
540832	1078.3060435014672
541963	1078.3060435014672
543095	1078.3060435014672
544226	1078.3060435014672
545356	1078.3060435014672
546486	1078.3060435014672
547612	1078.3060435014672
548739	1078.3060435014672
549869	1078.3060435014672
550998	1078.3060435014672
552130	1078.3060435014672
553261	1078.3060435014672
554392	1078.3060435014672
555524	1078.3060435014672
556658	1078.3060435014672
557792	1078.3060435014672
558924	1078.3060435014672
560058	1078.3060435014672
561191	1078.3060435014672
571215	1078.3060435014672
572347	1078.3060435014672
573479	1078.3060435014672
574606	1078.3060435014672
575734	1078.3060435014672
576863	1078.3060435014672
577990	1078.3060435014672
579120	1078.3060435014672
580248	1078.3060435014672
581376	1078.3060435014672
582505	1078.3060435014672
583635	1078.3060435014672
584766	1078.3060435014672
585894	1078.3060435014672
587022	1078.3060435014672
588150	1078.3060435014672
589279	1078.3060435014672
590408	1078.3060435014672
591537	1078.3060435014672
592667	1078.3060435014672
599520	1078.3060435014672
600652	1078.3060435014672
601785	1078.3060435014672
602921	1078.3060435014672
604054	1078.3060435014672
605188	1078.3060435014672
606321	1078.3060435014672
607456	1078.3060435014672
608587	1078.3060435014672
609720	1078.3060435014672
615451	1078.3060435014672
616576	1078.3060435014672
617703	1078.3060435014672
618829	1078.3060435014672
619958	1078.3060435014672
621086	1078.3060435014672
622213	1078.3060435014672
623342	1078.3060435014672
624473	1078.3060435014672
625604	1078.3060435014672
626737	1078.3060435014672
627869	1078.3060435014672
629001	1078.3060435014672
630132	1078.3060435014672
631261	1078.3060435014672
632388	1078.3060435014672
633513	1078.3060435014672
634639	1078.3060435014672
635768	1078.3060435014672
636895	1078.3060435014672
642851	1078.3060435014672
643983	1078.3060435014672
645115	1078.3060435014672
646251	1078.3060435014672
647384	1078.3060435014672
648517	1078.3060435014672
649652	1078.3060435014672
650781	1078.3060435014672
651909	1078.3060435014672
653037	1078.3060435014672
654165	1078.3060435014672
655291	1078.3060435014672
656418	1078.3060435014672
657548	1078.3060435014672
658678	1078.3060435014672
659811	1078.3060435014672
660942	1078.3060435014672
662073	1078.3060435014672
663205	1078.3060435014672
664336	1078.3060435014672
668475	1078.3060435014672
669604	1078.3060435014672
670733	1078.3060435014672
671865	1078.3060435014672
672995	1078.3060435014672
674124	1078.3060435014672
675254	1078.3060435014672
676384	1078.3060435014672
677508	1078.3060435014672
678634	1078.3060435014672
679762	1078.3060435014672
680887	1078.3060435014672
682013	1078.3060435014672
683140	1078.3060435014672
684268	1078.3060435014672
685395	1078.3060435014672
686527	1078.3060435014672
687658	1078.3060435014672
688793	1078.3060435014672
689927	1078.3060435014672
694103	1078.3060435014672
695236	1078.3060435014672
696367	1078.3060435014672
697497	1078.3060435014672
698627	1078.3060435014672
699754	1078.3060435014672
700880	1078.3060435014672
702008	1078.3060435014672
703138	1078.3060435014672
704267	1078.3060435014672
705394	1078.3060435014672
706526	1078.3060435014672
707657	1078.3060435014672
708787	1078.3060435014672
709914	1078.3060435014672
711042	1078.3060435014672
712171	1078.3060435014672
713302	1078.3060435014672
714433	1078.3060435014672
715564	1078.3060435014672
728679	1078.3060435014672
729809	1078.3060435014672
730938	1078.3060435014672
732067	1078.3060435014672
733196	1078.3060435014672
734323	1078.3060435014672
735451	1078.3060435014672
736577	1078.3060435014672
737708	1078.3060435014672
738836	1078.3060435014672
747294	1078.3060435014672
748422	1078.3060435014672
749553	1078.3060435014672
750683	1078.3060435014672
751813	1078.3060435014672
752942	1078.3060435014672
754071	1078.3060435014672
755200	1078.3060435014672
756327	1078.3060435014672
757453	1078.3060435014672
758580	1078.3060435014672
759711	1078.3060435014672
760841	1078.3060435014672
761972	1078.3060435014672
763103	1078.3060435014672
764234	1078.3060435014672
765362	1078.3060435014672
766492	1078.3060435014672
767621	1078.3060435014672
768753	1078.3060435014672
773282	1078.3060435014672
774412	1078.3060435014672
775541	1078.3060435014672
776671	1078.3060435014672
777800	1078.3060435014672
778931	1078.3060435014672
780060	1078.3060435014672
781190	1078.3060435014672
782321	1078.3060435014672
783452	1078.3060435014672
784581	1078.3060435014672
785713	1078.3060435014672
786845	1078.3060435014672
787973	1078.3060435014672
789100	1078.3060435014672
790225	1078.3060435014672
791350	1078.3060435014672
792475	1078.3060435014672
793606	1078.3060435014672
794734	1078.3060435014672
801251	1078.3060435014672
802380	1078.3060435014672
803512	1078.3060435014672
804643	1078.3060435014672
805773	1078.3060435014672
806906	1078.3060435014672
808037	1078.3060435014672
809167	1078.3060435014672
810296	1078.3060435014672
811424	1078.3060435014672
812554	1078.3060435014672
813682	1078.3060435014672
814809	1078.3060435014672
815940	1078.3060435014672
817070	1078.3060435014672
818199	1078.3060435014672
819326	1078.3060435014672
820453	1078.3060435014672
821580	1078.3060435014672
822707	1078.3060435014672
830620	1078.3060435014672
831747	1078.3060435014672
832874	1078.3060435014672
834006	1078.3060435014672
835136	1078.3060435014672
836265	1078.3060435014672
837397	1078.3060435014672
838529	1078.3060435014672
839662	1078.3060435014672
840799	1078.3060435014672
841932	1078.3060435014672
843066	1078.3060435014672
844200	1078.3060435014672
845336	1078.3060435014672
846471	1078.3060435014672
847607	1078.3060435014672
848741	1078.3060435014672
849871	1078.3060435014672
851002	1078.3060435014672
852132	1078.3060435014672
856783	1078.3060435014672
857913	1078.3060435014672
859041	1078.3060435014672
860169	1078.3060435014672
861295	1078.3060435014672
862422	1078.3060435014672
863550	1078.3060435014672
864678	1078.3060435014672
865809	1078.3060435014672
866938	1078.3060435014672
871289	1078.3060435014672
872421	1078.3060435014672
873554	1078.3060435014672
874685	1078.3060435014672
875814	1078.3060435014672
876945	1078.3060435014672
878077	1078.3060435014672
879211	1078.3060435014672
880341	1078.3060435014672
881473	1078.3060435014672
882603	1078.3060435014672
883732	1078.3060435014672
884861	1078.3060435014672
885987	1078.3060435014672
887116	1078.3060435014672
888248	1078.3060435014672
889377	1078.3060435014672
890503	1078.3060435014672
891628	1078.3060435014672
892756	1078.3060435014672
905624	1078.3060435014672
906755	1078.3060435014672
907886	1078.3060435014672
909017	1078.3060435014672
910148	1078.3060435014672
911275	1078.3060435014672
912404	1078.3060435014672
913530	1078.3060435014672
914659	1078.3060435014672
915787	1078.3060435014672
916919	1078.3060435014672
918050	1078.3060435014672
919181	1078.3060435014672
920314	1078.3060435014672
921447	1078.3060435014672
922578	1078.3060435014672
923713	1078.3060435014672
924849	1078.3060435014672
925981	1078.3060435014672
927111	1078.3060435014672
937214	1078.3060435014672
938342	1078.3060435014672
939468	1078.3060435014672
940595	1078.3060435014672
941724	1078.3060435014672
942851	1078.3060435014672
943980	1078.3060435014672
945108	1078.3060435014672
946237	1078.3060435014672
947365	1078.3060435014672
948495	1078.3060435014672
949624	1078.3060435014672
950753	1078.3060435014672
951881	1078.3060435014672
953011	1078.3060435014672
954138	1078.3060435014672
955265	1078.3060435014672
956392	1078.3060435014672
957521	1078.3060435014672
958651	1078.3060435014672
966820	1078.3060435014672
967948	1078.3060435014672
969078	1078.3060435014672
970206	1078.3060435014672
971336	1078.3060435014672
972471	1078.3060435014672
973602	1078.3060435014672
974732	1078.3060435014672
975864	1078.3060435014672
976993	1078.3060435014672
978124	1078.3060435014672
979255	1078.3060435014672
980385	1078.3060435014672
981515	1078.3060435014672
982644	1078.3060435014672
983773	1078.3060435014672
984901	1078.3060435014672
986031	1078.3060435014672
987157	1078.3060435014672
988284	1078.3060435014672
995007	1078.3060435014672
996137	1078.3060435014672
997267	1078.3060435014672
998399	1078.3060435014672
999530	1078.3060435014672
1000663	1078.3060435014672
