72.65009603880637	-27.55884794315216	-72.9085378261843	46.22390507520518	-25.321784046528848	70.04232351751787	6.651865800366096	-40.25316947787032	-9.984719198019818	-38.10395514377816	37.64423009286253	-70.58661418758989	-46.634463980742424	-48.47488025193074	-32.744576005367335	-97.64272039811421	23.838533954708254	-65.97023333545874	74.22410023622794	64.17813514624584	61.91240378974311	86.6804725471172	-61.227377184765544	-93.1353521735836	42.70511479381014	77.41252060982205	-63.57287071904778	19.13127157680583	-5.474820758878991	-14.853255849439904	
-57.03910264728956	26.786182441398278	59.20274388649444	56.026256362940416	-77.09916578811838	-83.28906050219557	-26.463889433482365	-97.84120447960612	67.69156653569138	-4.764403954314107	75.36899148453928	-40.19943884536976	-30.312588277396777	-70.91591211401756	-15.955149517063742	-55.18278121825245	-29.111330525689944	21.861007546740595	-55.06438191948478	-25.412514372563848	-89.11681911566762	-78.41176574771661	-2.6285891002774235	-48.516537322561916	43.40229177566244	-1.557867256231475	90.04697931411602	-50.26014177357288	-94.80656427779067	23.044791846023024	
-60.28055128555996	26.19830254010476	45.42408752281244	57.10930128823821	-36.952367476164596	-43.792445954710345	-25.418258095644283	-98.7995183585707	42.927624589835204	-11.177183589930095	67.62818087030055	-39.9446151432288	-41.12723306215749	-69.48361151266866	-16.820353159957612	-66.95446150140872	9.331709775549967	39.69307083696551	-35.17532125096025	-51.745336315530466	-79.85743504270218	-50.00431126004662	22.940391473857538	-50.28795499450775	54.32227340979858	-6.739775118605822	33.615021118210706	-69.62097344521885	-13.290792849303742	39.08076493849166	
77.46779600571688	-24.862231327055657	-62.46910917688378	56.07122424763494	-94.82230064083207	-3.310402966728617	60.60400565710587	-17.37469069654732	-52.82340284976229	-41.24175492544783	53.83407689747354	22.143053316243233	-75.18197835814051	-62.75862245241955	-70.91998229407398	-16.267526614642634	39.407630014365424	-55.63719853228588	36.290961491286886	85.29775749587573	96.46410651751613	76.43966326135154	-80.32532528957724	-46.11273511572266	32.767110284747744	55.456088085647124	-86.67769036592959	16.831924566872168	-12.790808461199624	-27.091028230067945	
-20.699214143613908	-49.9124238016022	78.42687249754832	59.478094926206126	-7.331334396849542	-23.745795835465827	92.90269229854157	13.010341350214102	-28.273097577312683	-36.57201204314637	41.66545292922264	-35.61591263738808	-44.45952182037563	-60.63950318955314	-3.9677618945677366	-50.2156533053448	-4.959789659490497	-45.71790251395308	-25.831282381360637	81.98543437451048	83.72269272287889	37.51302912456502	-46.257354808864	-28.417555298588084	-32.17907973476086	-66.70573380674534	-3.2488979185862306	-57.309400331169485	65.80342276174935	-8.869832483281046	
-48.08932607738467	-5.209928861378221	56.70839228340897	61.78967116123321	-13.017016808099584	-75.1251113470538	20.18755111729875	-47.87578875490645	-60.36867096566401	82.22886676462456	57.92066881901599	77.51899162967175	-77.63025296031766	-58.78487773651992	-50.40087645261171	18.40014979237967	5.157418808186472	5.708543861844568	18.879818441149	27.979893373988162	4.544260675389268	77.9526407746972	-11.99579135602054	1.2929707293474326	91.09518655895914	-71.46988252334621	-1.0810763948023698	-29.005405145737058	29.59172614735554	-67.98332191598443	
18.68921366232683	-16.156120274614743	-18.186411518820655	68.13749145674619	-17.12984580388088	-46.41311807859162	31.8191550416157	-37.57885815568648	-7.40687146921146	23.50659976027616	51.01035733787231	1.2529549934972053	-19.306817179904186	-61.28083967235815	-21.025410390314956	23.650941114792793	-61.95182663414735	-36.95616835460264	1.0008076520613542	-0.07653235762332855	-28.66483506648123	56.30844417263801	-60.22695066054082	-12.05060559586143	56.79558403803783	-83.44215950630748	90.52116716199434	24.5229521299288	3.6319943757761526	44.804193410555406	
18.632504096182974	-21.2457837231158	11.925033085096043	62.72164546269143	5.478297681171185	-19.953437653052962	45.07629033696877	-30.781022065018853	-60.37433530688284	28.9198021154947	48.2974025224269	18.861657296481077	-36.070991719911575	-60.44694855094295	-26.08189755789853	35.331240176164854	42.29595648824926	-10.56895566198075	91.79533360366283	0.17375889286469604	-21.418862909701215	26.201451151313925	-55.43851105769217	-36.14776034369343	40.00426694560433	-82.23861133882033	-58.167035103814314	-54.93021433849638	18.163988913033076	-1.8347835632513387	
-31.412745309538053	-7.192578832590928	30.827020004216266	61.44803028774945	-11.545419208664535	-55.84678327828601	21.96465086677454	-48.9574476715548	-68.71747605189505	59.947424223146356	54.13941064429996	83.96538651640438	-96.19286863518899	-58.50699842485219	-79.00714743788605	24.91560431838227	23.028374017532016	-1.1263375606198762	25.398204501645452	50.45976755965152	10.000194180079472	77.12655117039597	-26.54505953193705	-2.4737126670651284	52.55352434733379	-97.80485978947429	0.5349161640174724	-37.36038671457237	18.834823602036874	-54.861008073017004	
-41.41132736470013	-2.649738192561527	44.4687768647519	63.15251337098291	-6.699054778332879	-55.488679750959705	12.958330438786692	-57.848919146325436	-70.50646143280355	79.83450884251192	54.45053061168264	78.98347495599498	-96.35866509869865	-58.64456377561536	-79.00709935417112	24.583170769081477	42.33296540191913	-36.66736481823717	35.92857781460549	73.58422893365095	16.722000311769364	76.22784775182384	-37.638240415231124	0.6488673813684178	51.00988527439567	-89.08166159711418	-1.8262395744778068	-43.67726984897615	12.712461403769918	-78.1679083151181	
