95.11665032266777	-19.833889135562302	61.8888425908296	87.93777705637288	-11.942152559352508	-70.76806206028493	-38.295987769376815	-98.97421129284145	-76.74555438656773	41.704341701615704	62.6846043822884	-72.66649847219139	66.16805346794675	-53.66016090529635	83.63986322862743	12.059661283503914	-52.76413721868065	23.495626273266865	36.69104913466376	-54.931677695963366	3.7231483082255323	68.91858232842165	-74.65249615600288	99.67105022805171	-82.55280850052571	-66.73072342459284	-13.665128393080096	-33.18444231515775	-58.65607002103297	97.36448114813027	
29.93237091490371	19.79955102411743	48.008928461275076	76.8463973206688	100.0	-36.00065761153063	-8.245097326859867	-66.43958540997599	-40.39197660593638	30.219096794711586	66.839289703682	6.555123925980075	40.729511409438196	-67.2156172847271	72.24458753270206	17.042797843060875	-69.2144000448532	-27.016702847472104	80.17972481478309	16.778373653466325	-20.59111080975414	91.0889348800637	25.53909863571821	86.96047704967816	-38.23774157633639	-41.7933495784136	9.501424554496186	-43.71625992759438	-37.15770522552954	-32.991715127656875	
-42.13539385983534	-29.62620938535709	12.732862807136884	62.598330054490276	58.31930098828536	-13.465793753899007	77.5309393949802	-7.712540965749568	19.249415315474266	-9.468288194687318	49.987774994627	-47.85501407829758	-57.19336272896269	-52.535860845574064	-53.28545822424272	60.989861458676025	76.94095150389981	-78.45095249860496	61.32684711819361	26.716056793798103	-52.21385365684278	95.46428549923786	83.56376153019777	-69.12751247467128	-31.99698459155435	-44.21843310830089	-13.405039475211701	82.43634624791673	61.4935008583296	99.43259785479368	
29.800040981215556	-14.161047869404639	5.841100380173849	66.6435801969175	28.742490995011103	-24.59622799717078	37.281605606797655	-30.377201078377396	-40.469598470421076	-0.6960164180274793	44.440622788168724	-45.62633174065631	-27.857109641848194	-64.94744596823874	-30.48814369805868	-40.87755096432837	-0.2070301573821034	41.235339490728464	27.58045231185705	63.16606755344535	11.541905905670111	-30.037685975260416	5.548549704566561	47.65760840658268	0.04444171164167443	13.750436618329505	38.40550164770348	-50.09850646493191	-10.042432980651284	65.7466930457347	
-20.855491301480647	-29.15133651232233	22.145675975153083	64.4146694632514	18.74716524783387	-37.4338767143539	63.66535305022506	-15.86943589479175	-1.6306086762667746	28.571008172119917	52.59867979949287	-32.56172501436758	-66.47255905954293	-61.368379252467946	-42.89469357284323	-36.52206593065435	-23.581644332648914	30.108874561767223	46.01129292063403	6.013534060939833	12.893301203616943	-18.588441769261895	53.46091187320443	35.36492849856829	15.569165215825457	-85.92548835128642	3.5533931569401	-24.140380780588995	35.74494902805483	37.69366385868415	
-7.141007336203984	-16.702614144723352	13.439633232571875	59.644879915674544	50.44948901421795	-43.600233290213815	38.189628018125354	-36.1758502104243	-67.44119406171573	49.65859025435407	50.86106396589553	-95.245508628586	-12.388922330213141	-66.45222869950612	55.90273852601347	21.10798103060648	-33.030238106493655	0.9810817383793875	11.364268307256612	23.905864057666587	12.776716531011996	22.4501479043834	-30.753775686618244	46.61280995346191	43.58468874018059	-37.492363629817945	-57.52996702398261	-86.15512261125296	-14.544343699766372	24.139411697109107	
-18.613911463562538	-28.23749559992625	0.17590066677974647	63.45842650086538	4.592748162646707	-39.31915427629526	62.50936393012413	-16.2344452655961	-2.7863441301419085	25.30504501040447	46.63709350640594	-33.14342422560767	-60.00332155353071	-61.60227818805749	-10.047480809786123	-37.55030267298308	-22.30052004910356	43.33129340888152	45.45294175633876	13.337271082587733	17.649631290176043	-14.392046667812718	63.807252579859416	76.12200272161871	16.48049583967607	-55.324641332902225	6.748888523243039	-34.593225017780135	41.90442530134416	48.854870618943764	
-36.685281074705074	-22.38035292882281	12.446562103827844	60.00795189811632	-0.9472673170591293	-24.442253690901214	47.890217085866354	-25.204653343866152	-4.873325803929911	21.174594507883338	49.55483404986265	-32.411456343812105	-28.234037240584307	-61.445574670611165	50.045019907560935	-9.095040648017338	70.97746583645076	-22.75918501422851	-47.32184463208504	35.34079566752046	20.797300383395406	16.502538664995573	59.909975954778965	18.282911601525733	-7.914832759815898	-43.781873279687204	-48.354868601851436	-26.137526849748408	33.72496095442702	40.57049451313445	
-11.924485075450114	-30.591232751721453	10.833025939637102	60.253941362479736	-9.0758474758966	-32.980654508396675	63.0446215410059	-15.838289988270553	-13.056234732305626	48.41735821114018	46.47792340253593	-58.21319305409182	-82.77165480741488	-61.86246715498	11.936889502107391	-50.848659108619806	16.998118221088287	12.387927996496076	-4.696526215753973	44.44251520549946	21.922433991174035	8.701721776972537	72.27077004324957	-28.396512850690534	19.631924598062366	-15.613462716315746	-50.20499897971918	-15.335264491110472	30.73790308097304	26.077946708319693	
-0.6259216474581926	-32.68317582894275	-0.9337683315760872	61.73289033272245	12.070558544078184	-37.0753030744388	60.91444819023275	-16.47193329003819	-9.747747166364636	75.44326061386774	47.187718743600065	-37.1927254487512	-86.45771059380641	-63.223980735278566	31.833390572426282	-58.424077545421426	24.291208674500766	44.3840873515936	19.19076737503766	-44.85431704621391	19.121414301856372	-12.52827404218436	96.15810474454668	74.52877764842131	6.1045999467004055	-68.61320209575464	-1.1588585648259269	-22.098471804049332	38.65529049493137	97.57336575737003	
