300	714.291803145124
624	706.3905721567442
949	694.2631927263403
1270	683.0442556816452
1593	672.9498577477699
1916	663.2085844272783
2239	662.6957520439524
2558	653.7431410358162
2876	647.9488864999066
3194	644.2714642361258
3510	637.2167683953754
3825	637.2167683953754
4143	633.9116811082106
4459	629.9907558459375
4782	629.631973550575
5102	626.9546029840792
5426	625.9574484436722
5744	624.1062067662724
6061	621.2256168037284
6380	620.8533215809775
6699	619.9820116972356
7014	618.2997481746676
7335	617.1544615628944
7651	616.4200479825007
7968	615.2944148111209
8282	615.0901444017352
8597	615.0901444017352
8915	613.845559045078
9231	613.423224260093
9548	612.3170880717904
9864	611.5879365575004
10175	611.5879365575004
10485	611.5879365575004
10802	610.3312223870711
11117	610.0808078067621
11439	608.3472465432715
11759	608.3472465432715
12077	608.3472465432715
12392	608.3472465432715
12703	607.9151423958779
13013	607.9151423958779
13328	607.9151423958779
13642	607.9151423958779
13951	607.9151423958779
22814	604.6984628495126
23128	604.6984628495126
23439	604.6984628495126
23749	604.6984628495126
24058	604.6984628495126
24368	604.6984628495126
24677	604.6984628495126
24990	604.6984628495126
25302	604.6984628495126
25614	604.6984628495126
25927	604.6984628495126
26239	604.6984628495126
26554	604.6984628495126
26865	604.6984628495126
27177	604.6984628495126
27489	604.6984628495126
27801	604.6984628495126
28113	604.6984628495126
28421	604.6984628495126
28727	604.6984628495126
29035	604.6984628495126
29346	604.6984628495126
29659	604.6984628495126
29970	604.6984628495126
30280	604.6984628495126
30591	604.6984628495126
30902	604.6984628495126
34062	603.6832250922245
39051	603.4802728061236
42045	603.4802695075246
42354	603.4802695075246
42668	603.4802695075246
42981	603.4802695075246
43293	603.4802695075246
43605	603.4802695075246
43914	603.4802695075246
44228	603.4802695075246
44538	603.4802695075246
44850	603.4802695075246
45162	603.4802695075246
45476	603.4802695075246
45788	603.4802695075246
46099	603.4802695075246
46414	603.4802695075246
46726	603.4802695075246
47040	603.4802695075246
47352	603.4802695075246
47662	603.4802695075246
47976	603.4802695075246
58657	602.2569845220819
58966	602.2569845220819
59278	602.2569845220819
59594	602.2569845220819
59911	602.2569845220819
60228	602.2569845220819
60544	602.2569845220819
60857	602.2569845220819
61172	602.2569845220819
61487	602.2569845220819
61804	602.2569845220819
62116	602.2569845220819
62427	602.2569845220819
62737	602.2569845220819
63049	602.2569845220819
63362	602.2569845220819
63672	602.2569845220819
63981	602.2569845220819
64300	602.2569845220819
64613	602.2569845220819
64925	602.2569845220819
65240	602.2569845220819
65552	602.2569845220819
65867	602.2569845220819
66178	602.2569845220819
66494	602.2569845220819
66811	602.2569845220819
67124	602.2569845220819
73458	601.5434451080649
73777	601.5434451080649
74090	601.5434451080649
74403	601.5434451080649
74716	601.5434451080649
75030	601.5434451080649
75343	601.5434451080649
75658	601.5434451080649
75968	601.5434451080649
76277	601.5434451080649
76587	601.5434451080649
76900	601.5434451080649
77211	601.5434451080649
77520	601.5434451080649
77833	601.5434451080649
78144	601.5434451080649
78456	601.5434451080649
78771	601.5434451080649
79082	601.5434451080649
79392	601.5434451080649
82215	601.2875805991672
86155	601.2026259773786
90426	601.2026252328587
90741	601.2026252328587
91056	601.2026252328587
91367	601.2026252328587
91678	601.2026252328587
91990	601.2026252328587
92301	601.2026252328587
92610	601.2026252328587
92923	601.2026252328587
93239	601.2026252328587
93554	601.2026252328587
93864	601.2026252328587
94173	601.2026252328587
94483	601.2026252328587
94794	601.2026252328587
95109	601.2026252328587
95418	601.2026252328587
95728	601.2026252328587
96036	601.2026252328587
96348	601.2026252328587
96661	601.2026252328587
96976	601.2026252328587
97286	601.2026252328587
97600	601.2026252328587
97914	601.2026252328587
114328	601.0010229510706
114637	601.0010229510706
114948	601.0010229510706
115259	601.0010229510706
115568	601.0010229510706
115883	601.0010229510706
116197	601.0010229510706
116512	601.0010229510706
116827	601.0010229510706
117144	601.0010229510706
117461	601.0010229510706
117776	601.0010229510706
118093	601.0010229510706
118414	601.0010229510706
118727	601.0010229510706
119042	601.0010229510706
119359	601.0010229510706
119674	601.0010229510706
119987	601.0010229510706
120300	601.0010229510706
120613	601.0010229510706
120927	601.0010229510706
121240	601.0010229510706
133953	600.8382609552025
134265	600.8382609552025
134580	600.8382609552025
134894	600.8382609552025
135207	600.8382609552025
135523	600.8382609552025
135834	600.8382609552025
136146	600.8382609552025
136463	600.8382609552025
136772	600.8382609552025
137082	600.8382609552025
137394	600.8382609552025
137709	600.8382609552025
138023	600.8382609552025
138338	600.8382609552025
138652	600.8382609552025
138968	600.8382609552025
139280	600.8382609552025
139595	600.8382609552025
139911	600.8382609552025
144687	600.7688594127522
148758	600.7688585511374
149075	600.7688585511374
149387	600.7688585511374
149701	600.7688585511374
150012	600.7688585511374
150323	600.7688585511374
150633	600.7688585511374
150943	600.7688585511374
151253	600.7688585511374
151561	600.7688585511374
151874	600.7688585511374
152186	600.7688585511374
152495	600.7688585511374
165392	600.6585912628066
168367	600.4695346940762
178345	600.4695345093415
178658	600.4695345093415
178978	600.4695345093415
179303	600.4695345093415
185091	600.3668969175712
185414	600.3668969175712
185741	600.3668969175712
186068	600.3668969175712
186390	600.3668969175712
186707	600.3668969175712
187025	600.3668969175712
187338	600.3668969175712
198145	600.2628652852994
198467	600.2628652852994
198786	600.2628652852994
199107	600.2628652852994
199428	600.2628652852994
199747	600.2628652852994
200061	600.2628652852994
200385	600.2628652852994
200701	600.2628652852994
201019	600.2628652852994
204987	600.2408083957649
210572	600.2166141401615
210894	600.2166141401615
211218	600.2166141401615
211545	600.2166141401615
211875	600.2166141401615
212201	600.2166141401615
212525	600.2166141401615
212850	600.2166141401615
213175	600.2166141401615
213505	600.2166141401615
213834	600.2166141401615
214156	600.2166141401615
221589	600.1939814647119
221916	600.1939814647119
222239	600.1939814647119
222562	600.1939814647119
222885	600.1939814647119
223207	600.1939814647119
223536	600.1939814647119
223857	600.1939814647119
224185	600.1939814647119
224506	600.1939814647119
224827	600.1939814647119
225153	600.1939814647119
225479	600.1939814647119
225809	600.1939814647119
226132	600.1939814647119
226455	600.1939814647119
226781	600.1939814647119
227098	600.1939814647119
227423	600.1939814647119
233070	600.1939814647119
233393	600.1939814647119
233715	600.1939814647119
234038	600.1939814647119
234360	600.1939814647119
234681	600.1939814647119
235004	600.1939814647119
235325	600.1939814647119
235637	600.1939814647119
244602	600.1576395310452
244921	600.1576395310452
245241	600.1576395310452
245561	600.1576395310452
245880	600.1576395310452
246199	600.1576395310452
246519	600.1576395310452
246840	600.1576395310452
247163	600.1576395310452
247481	600.1576395310452
247802	600.1576395310452
248125	600.1576395310452
248446	600.1576395310452
248768	600.1576395310452
249092	600.1576395310452
253630	600.111442997805
253954	600.111442997805
254273	600.111442997805
254595	600.111442997805
254914	600.111442997805
255235	600.111442997805
255560	600.111442997805
255884	600.111442997805
256215	600.111442997805
261356	600.0968061949565
261681	600.0968061949565
262004	600.0968061949565
262332	600.0968061949565
266812	600.0419264946647
267139	600.0419264946647
267462	600.0419264946647
267789	600.0419264946647
273977	600.0132373705902
274303	600.0132373705902
274627	600.0132373705902
274954	600.0132373705902
275281	600.0132373705902
275611	600.0132373705902
275936	600.0132373705902
285484	600.0076580712426
285815	600.0076580712426
286141	600.0076580712426
286475	600.0076580712426
286803	600.0076580712426
287131	600.0076580712426
287458	600.0076580712426
287792	600.0076580712426
288122	600.0076580712426
288450	600.0076580712426
288781	600.0076580712426
289110	600.0076580712426
289447	600.0076580712426
289771	600.0076580712426
290103	600.0076580712426
290431	600.0076580712426
290758	600.0076580712426
291081	600.0076580712426
291414	600.0076580712426
291744	600.0076580712426
292070	600.0076580712426
292410	600.0076580712426
296662	600.0076580712426
296995	600.0076580712426
297324	600.0076580712426
297654	600.0076580712426
297983	600.0076580712426
298308	600.0076580712426
298640	600.0076580712426
298966	600.0076580712426
299294	600.0076580712426
299629	600.0076580712426
299969	600.0076580712426
300301	600.0076580712426
