300	739.487488323299
627	724.874609012902
955	702.4516866423319
1280	684.9358956358815
1600	684.9358956358815
1921	673.3703033276904
2239	666.5566386295175
2559	666.5566386295175
2874	655.0717507107817
3192	655.0717507107817
3510	652.6894304755132
3828	646.9626354957478
4146	646.9626354957478
4465	642.2059908460981
4782	642.2059908460981
5099	638.8318169457785
5420	635.8013610331967
5735	635.4238632969897
6047	635.4238632969897
6361	634.2563215073764
6676	633.203419349657
6992	631.2572840124957
7308	631.14339580241
7623	631.14339580241
7938	626.8559041410124
8256	626.652112874244
8573	623.8098772312724
8887	623.0452690969523
9205	620.5199408015627
9526	620.5199408015627
9843	619.3758817677743
10161	619.3758817677743
10480	617.3610375077196
10796	615.7931025571426
11112	615.1998163792742
11429	614.2038556488857
11748	613.6017496767927
12068	612.6746211739634
12385	612.3893481859981
12702	611.4090416336203
13016	611.3030809832086
24869	607.1621255879743
25183	607.1621255879743
25496	607.1621255879743
25813	607.1621255879743
26125	607.1621255879743
26438	607.1621255879743
26755	607.1621255879743
27067	607.1621255879743
27377	607.1621255879743
27691	607.1621255879743
28001	607.1621255879743
28311	607.1621255879743
28623	607.1621255879743
28933	607.1621255879743
48155	604.5533494559058
48468	604.5533494559058
48778	604.5533494559058
49093	604.5533494559058
49405	604.5533494559058
49717	604.5533494559058
50031	604.5533494559058
50343	604.5533494559058
50659	604.5533494559058
50972	604.5533494559058
51281	604.5533494559058
51593	604.5533494559058
51904	604.5533494559058
52215	604.5533494559058
52529	604.5533494559058
52841	604.5533494559058
53154	604.5533494559058
53470	604.5533494559058
53786	604.5533494559058
67236	602.4274289821702
67550	602.4274289821702
67867	602.4274289821702
68183	602.4274289821702
68500	602.4274289821702
68815	602.4274289821702
69130	602.4274289821702
69443	602.4274289821702
69759	602.4274289821702
70076	602.4274289821702
70389	602.4274289821702
70699	602.4274289821702
71012	602.4274289821702
71327	602.4274289821702
71639	602.4274289821702
71954	602.4274289821702
80766	601.7790903066257
81078	601.7790903066257
81392	601.7790903066257
81701	601.7790903066257
82013	601.7790903066257
82329	601.7790903066257
82644	601.7790903066257
82954	601.7790903066257
83269	601.7790903066257
83582	601.7790903066257
83893	601.7790903066257
84205	601.7790903066257
84518	601.7790903066257
101031	601.1542991786408
101344	601.1542991786408
101654	601.1542991786408
101967	601.1542991786408
102280	601.1542991786408
102592	601.1542991786408
102905	601.1542991786408
103215	601.1542991786408
103527	601.1542991786408
103838	601.1542991786408
104148	601.1542991786408
104458	601.1542991786408
104769	601.1542991786408
105081	601.1542991786408
105392	601.1542991786408
105699	601.1542991786408
106010	601.1542991786408
106319	601.1542991786408
106628	601.1542991786408
106940	601.1542991786408
107250	601.1542991786408
107562	601.1542991786408
107878	601.1542991786408
108192	601.1542991786408
108503	601.1542991786408
119925	600.6858729839432
120238	600.6858729839432
120552	600.6858729839432
120866	600.6858729839432
121180	600.6858729839432
121495	600.6858729839432
121807	600.6858729839432
122120	600.6858729839432
122433	600.6858729839432
122745	600.6858729839432
123062	600.6858729839432
123378	600.6858729839432
123695	600.6858729839432
124009	600.6858729839432
124326	600.6858729839432
124643	600.6858729839432
124958	600.6858729839432
125272	600.6858729839432
131597	600.4850627759325
131915	600.4850627759325
132231	600.4850627759325
132548	600.4850627759325
132863	600.4850627759325
133182	600.4850627759325
133499	600.4850627759325
133812	600.4850627759325
134129	600.4850627759325
139528	600.3697464959102
139847	600.3697464959102
140162	600.3697464959102
140477	600.3697464959102
140794	600.3697464959102
141107	600.3697464959102
141420	600.3697464959102
141737	600.3697464959102
142052	600.3697464959102
142366	600.3697464959102
142685	600.3697464959102
142999	600.3697464959102
143315	600.3697464959102
143629	600.3697464959102
149183	600.2752876993615
149499	600.2752876993615
149813	600.2752876993615
150127	600.2752876993615
150444	600.2752876993615
150763	600.2752876993615
151078	600.2752876993615
151393	600.2752876993615
151711	600.2752876993615
152031	600.2752876993615
152348	600.2752876993615
152667	600.2752876993615
159366	600.188775238464
165450	600.180267714508
173921	600.128693217135
174238	600.128693217135
179894	600.1145383790129
180214	600.1145383790129
180536	600.1145383790129
180856	600.1145383790129
181174	600.1145383790129
181494	600.1145383790129
181817	600.1145383790129
182139	600.1145383790129
182457	600.1145383790129
190008	600.0888254647695
190323	600.0888254647695
190642	600.0888254647695
190960	600.0888254647695
191275	600.0888254647695
191592	600.0888254647695
191912	600.0888254647695
192227	600.0888254647695
192545	600.0888254647695
192863	600.0888254647695
193178	600.0888254647695
193494	600.0888254647695
193814	600.0888254647695
194131	600.0888254647695
194449	600.0888254647695
194767	600.0888254647695
195083	600.0888254647695
195398	600.0888254647695
195716	600.0888254647695
196033	600.0888254647695
196347	600.0888254647695
196664	600.0888254647695
196977	600.0888254647695
197291	600.0888254647695
197605	600.0888254647695
197920	600.0888254647695
198237	600.0888254647695
202412	600.0888254647695
202729	600.0888254647695
203044	600.0888254647695
203360	600.0888254647695
217991	600.05871998162
218306	600.05871998162
218623	600.05871998162
218940	600.05871998162
219253	600.05871998162
219569	600.05871998162
219885	600.05871998162
220203	600.05871998162
220522	600.05871998162
220837	600.05871998162
221156	600.05871998162
221474	600.05871998162
221797	600.05871998162
222115	600.05871998162
222433	600.05871998162
222751	600.05871998162
223072	600.05871998162
223395	600.05871998162
223713	600.05871998162
224032	600.05871998162
229960	600.0486616149183
230277	600.0486616149183
230597	600.0486616149183
230914	600.0486616149183
231234	600.0486616149183
231550	600.0486616149183
231866	600.0486616149183
232186	600.0486616149183
232505	600.0486616149183
232822	600.0486616149183
233139	600.0486616149183
233454	600.0486616149183
233767	600.0486616149183
234087	600.0486616149183
234402	600.0486616149183
234722	600.0486616149183
235043	600.0486616149183
235361	600.0486616149183
235680	600.0486616149183
235997	600.0486616149183
236321	600.0486616149183
236643	600.0486616149183
236964	600.0486616149183
237287	600.0486616149183
237607	600.0486616149183
237923	600.0486616149183
244631	600.0486616149183
244951	600.0486616149183
245270	600.0486616149183
245589	600.0486616149183
245907	600.0486616149183
246226	600.0486616149183
246544	600.0486616149183
246862	600.0486616149183
247181	600.0486616149183
247496	600.0486616149183
247813	600.0486616149183
248131	600.0486616149183
252500	600.0335849714548
252822	600.0335849714548
253139	600.0335849714548
253457	600.0335849714548
253775	600.0335849714548
254091	600.0335849714548
254405	600.0335849714548
254721	600.0335849714548
255039	600.0335849714548
255358	600.0335849714548
255674	600.0335849714548
255990	600.0335849714548
256306	600.0335849714548
256624	600.0335849714548
256942	600.0335849714548
257261	600.0335849714548
257577	600.0335849714548
257892	600.0335849714548
258207	600.0335849714548
258524	600.0335849714548
258841	600.0335849714548
263210	600.0228277185846
263528	600.0228277185846
263847	600.0228277185846
264165	600.0228277185846
264481	600.0228277185846
264795	600.0228277185846
265112	600.0228277185846
265428	600.0228277185846
265743	600.0228277185846
266058	600.0228277185846
266372	600.0228277185846
266688	600.0228277185846
267002	600.0228277185846
267320	600.0228277185846
267635	600.0228277185846
267955	600.0228277185846
268280	600.0228277185846
268602	600.0228277185846
268921	600.0228277185846
269240	600.0228277185846
269561	600.0228277185846
283298	600.012768120714
283619	600.012768120714
283938	600.012768120714
284257	600.012768120714
284576	600.012768120714
284895	600.012768120714
285213	600.012768120714
285533	600.012768120714
285852	600.012768120714
286170	600.012768120714
286489	600.012768120714
286808	600.012768120714
287126	600.012768120714
287447	600.012768120714
287767	600.012768120714
288086	600.012768120714
288412	600.012768120714
288732	600.012768120714
289051	600.012768120714
289374	600.012768120714
289695	600.012768120714
290020	600.012768120714
290342	600.012768120714
290665	600.012768120714
290994	600.012768120714
291318	600.012768120714
295541	600.012768120714
295864	600.012768120714
296186	600.012768120714
296507	600.012768120714
296830	600.012768120714
297153	600.012768120714
297475	600.012768120714
297801	600.012768120714
298123	600.012768120714
298446	600.012768120714
298769	600.012768120714
299094	600.012768120714
299418	600.012768120714
299739	600.012768120714
300061	600.012768120714
