300	721.1508172057593
628	708.5737624572796
951	698.0203552004108
1273	685.6741942922122
1590	674.5334403573297
1914	672.2437880738163
2233	656.9737397353567
2551	656.9737397353567
2867	656.9737397353567
3188	655.9845782149906
3503	652.479202831009
3821	645.6901630488375
4133	645.6901630488375
4450	645.6901630488375
4764	640.3893887591763
5078	638.5645084103618
5393	637.6028644363523
5711	634.010436064739
6025	632.1018836791294
6337	632.1018836791294
6654	630.9466234253879
6968	630.5806129513749
7282	629.2150603560791
7595	629.2150603560791
7910	625.4336378434283
8222	625.4336378434283
8537	625.4336378434283
8848	624.766068691061
9164	622.1257418229202
9477	622.1257418229202
9793	622.0476889560381
10107	621.075295625396
10420	621.075295625396
10738	621.033319959342
11053	617.5247225477825
11368	617.5247225477825
11684	616.4997421743161
11999	616.2199985613196
12312	616.2199985613196
12627	614.4848473365334
12938	613.1939823110772
13254	613.1939823110772
13565	613.1939823110772
20537	610.1769883395613
20849	610.1769883395613
21163	610.1769883395613
21480	610.1769883395613
21795	610.1769883395613
22113	610.1769883395613
22430	610.1769883395613
38111	606.3105438282385
38428	606.3105438282385
38742	606.3105438282385
39056	606.3105438282385
39370	606.3105438282385
39680	606.3105438282385
39990	606.3105438282385
40307	606.3105438282385
40619	606.3105438282385
40933	606.3105438282385
41246	606.3105438282385
41558	606.3105438282385
41874	606.3105438282385
54049	603.5216250619063
54366	603.5216250619063
54680	603.5216250619063
54995	603.5216250619063
55311	603.5216250619063
55630	603.5216250619063
55945	603.5216250619063
56260	603.5216250619063
56571	603.5216250619063
56885	603.5216250619063
57198	603.5216250619063
57512	603.5216250619063
57821	603.5216250619063
58135	603.5216250619063
58447	603.5216250619063
58760	603.5216250619063
59078	603.5216250619063
59392	603.5216250619063
59702	603.5216250619063
60017	603.5216250619063
60329	603.5216250619063
68919	602.1210536810127
69231	602.1210536810127
69546	602.1210536810127
69860	602.1210536810127
70174	602.1210536810127
70490	602.1210536810127
70812	602.1210536810127
71133	602.1210536810127
71450	602.1210536810127
71765	602.1210536810127
72081	602.1210536810127
95180	601.3398098111967
95499	601.3398098111967
95815	601.3398098111967
96134	601.3398098111967
96452	601.3398098111967
96766	601.3398098111967
97082	601.3398098111967
97396	601.3398098111967
97713	601.3398098111967
98026	601.3398098111967
98338	601.3398098111967
98655	601.3398098111967
98970	601.3398098111967
99280	601.3398098111967
99589	601.3398098111967
105984	600.9960095472292
106297	600.9960095472292
106607	600.9960095472292
106924	600.9960095472292
107245	600.9960095472292
107560	600.9960095472292
107875	600.9960095472292
108192	600.9960095472292
108507	600.9960095472292
108823	600.9960095472292
109135	600.9960095472292
109448	600.9960095472292
109762	600.9960095472292
110078	600.9960095472292
110392	600.9960095472292
110706	600.9960095472292
111022	600.9960095472292
111339	600.9960095472292
111653	600.9960095472292
111967	600.9960095472292
112277	600.9960095472292
116469	600.8671411969775
119297	600.8671399735802
119609	600.8671399735802
119919	600.8671399735802
120230	600.8671399735802
120540	600.8671399735802
120851	600.8671399735802
121162	600.8671399735802
121472	600.8671399735802
121786	600.8671399735802
122103	600.8671399735802
122417	600.8671399735802
122732	600.8671399735802
123042	600.8671399735802
123355	600.8671399735802
123667	600.8671399735802
123975	600.8671399735802
124286	600.8671399735802
124599	600.8671399735802
124909	600.8671399735802
127820	600.8671399735802
128133	600.8671399735802
128445	600.8671399735802
128759	600.8671399735802
129071	600.8671399735802
129382	600.8671399735802
129694	600.8671399735802
130006	600.8671399735802
130321	600.8671399735802
130631	600.8671399735802
130943	600.8671399735802
131254	600.8671399735802
131566	600.8671399735802
131881	600.8671399735802
132193	600.8671399735802
132507	600.8671399735802
132821	600.8671399735802
133132	600.8671399735802
133443	600.8671399735802
133757	600.8671399735802
138065	600.7380056604193
138376	600.7380056604193
138695	600.7380056604193
139007	600.7380056604193
139320	600.7380056604193
139639	600.7380056604193
139955	600.7380056604193
140268	600.7380056604193
140579	600.7380056604193
140895	600.7380056604193
141209	600.7380056604193
141526	600.7380056604193
141838	600.7380056604193
142157	600.7380056604193
142470	600.7380056604193
142784	600.7380056604193
143094	600.7380056604193
143407	600.7380056604193
143717	600.7380056604193
144027	600.7380056604193
145766	600.6302669156819
148586	600.6302666634754
148900	600.6302666634754
149211	600.6302666634754
149525	600.6302666634754
149841	600.6302666634754
150152	600.6302666634754
150465	600.6302666634754
150781	600.6302666634754
151093	600.6302666634754
151406	600.6302666634754
151722	600.6302666634754
152038	600.6302666634754
152350	600.6302666634754
152662	600.6302666634754
152972	600.6302666634754
153279	600.6302666634754
153589	600.6302666634754
153899	600.6302666634754
154210	600.6302666634754
156287	600.6258865699385
159605	600.509715271422
163638	600.4722212171484
169429	600.4722204291287
169743	600.4722204291287
170062	600.4722204291287
170374	600.4722204291287
170686	600.4722204291287
170996	600.4722204291287
171309	600.4722204291287
171619	600.4722204291287
171928	600.4722204291287
172237	600.4722204291287
172546	600.4722204291287
172858	600.4722204291287
173172	600.4722204291287
173484	600.4722204291287
173797	600.4722204291287
174106	600.4722204291287
174415	600.4722204291287
174727	600.4722204291287
175037	600.4722204291287
175347	600.4722204291287
175661	600.4722204291287
175981	600.4722204291287
176296	600.4722204291287
176617	600.4722204291287
176935	600.4722204291287
177252	600.4722204291287
177568	600.4722204291287
179898	600.346607774083
183443	600.3462394690532
183762	600.3462394690532
184081	600.3462394690532
184396	600.3462394690532
184715	600.3462394690532
185029	600.3462394690532
194033	600.2506581242285
194343	600.2506581242285
194664	600.2506581242285
194979	600.2506581242285
195292	600.2506581242285
195610	600.2506581242285
195929	600.2506581242285
196249	600.2506581242285
203068	600.1778399594881
203386	600.1778399594881
203703	600.1778399594881
204022	600.1778399594881
204348	600.1778399594881
204668	600.1778399594881
204991	600.1778399594881
211132	600.1542850757052
211448	600.1542850757052
211769	600.1542850757052
212088	600.1542850757052
216881	600.1238963783326
217210	600.1238963783326
217525	600.1238963783326
217842	600.1238963783326
218160	600.1238963783326
218484	600.1238963783326
218801	600.1238963783326
219125	600.1238963783326
219443	600.1238963783326
219765	600.1238963783326
220086	600.1238963783326
220412	600.1238963783326
223585	600.096935737791
226748	600.0969354707522
227071	600.0969354707522
227400	600.0969354707522
227719	600.0969354707522
228045	600.0969354707522
228371	600.0969354707522
228694	600.0969354707522
234376	600.0714732921817
234699	600.0714732921817
235022	600.0714732921817
235352	600.0714732921817
235677	600.0714732921817
235995	600.0714732921817
236313	600.0714732921817
236632	600.0714732921817
236955	600.0714732921817
237280	600.0714732921817
237600	600.0714732921817
243639	600.0510251617146
243963	600.0510251617146
244289	600.0510251617146
244608	600.0510251617146
244936	600.0510251617146
245261	600.0510251617146
245583	600.0510251617146
245907	600.0510251617146
246229	600.0510251617146
246554	600.0510251617146
246881	600.0510251617146
247206	600.0510251617146
247526	600.0510251617146
247849	600.0510251617146
252017	600.0381512332925
255342	600.0380963194102
255667	600.0380963194102
255989	600.0380963194102
256311	600.0380963194102
256630	600.0380963194102
256949	600.0380963194102
257280	600.0380963194102
257600	600.0380963194102
257921	600.0380963194102
258242	600.0380963194102
258567	600.0380963194102
258892	600.0380963194102
259209	600.0380963194102
259533	600.0380963194102
259867	600.0380963194102
260199	600.0380963194102
260522	600.0380963194102
260845	600.0380963194102
261167	600.0380963194102
261491	600.0380963194102
261818	600.0380963194102
262144	600.0380963194102
262473	600.0380963194102
262803	600.0380963194102
263129	600.0380963194102
263456	600.0380963194102
263782	600.0380963194102
264109	600.0380963194102
269132	600.0380963194102
269460	600.0380963194102
269787	600.0380963194102
270113	600.0380963194102
270438	600.0380963194102
270766	600.0380963194102
276172	600.028689419212
276497	600.028689419212
276821	600.028689419212
277143	600.028689419212
277463	600.028689419212
277787	600.028689419212
278106	600.028689419212
278434	600.028689419212
278757	600.028689419212
279078	600.028689419212
279410	600.028689419212
279729	600.028689419212
280052	600.028689419212
280374	600.028689419212
280700	600.028689419212
281029	600.028689419212
281351	600.028689419212
281677	600.028689419212
282000	600.028689419212
282326	600.028689419212
282652	600.028689419212
282983	600.028689419212
283301	600.028689419212
283623	600.028689419212
285839	600.0253436473844
290278	600.0094183004843
290608	600.0094183004843
290933	600.0094183004843
291252	600.0094183004843
291577	600.0094183004843
291907	600.0094183004843
292240	600.0094183004843
292567	600.0094183004843
292889	600.0094183004843
293217	600.0094183004843
293547	600.0094183004843
293876	600.0094183004843
294205	600.0094183004843
294532	600.0094183004843
294855	600.0094183004843
295179	600.0094183004843
295506	600.0094183004843
295833	600.0094183004843
296157	600.0094183004843
301969	600.0094183004843
