77.09323284493718	-3.5656212407969576	-98.17326419317934	-72.40661020197624	-44.727257012081	24.859646341797642	-86.1242013821909	-84.33481433443436	-8.616219214505108	-11.888433321160335	35.56942772898731	-3.2543878510787465	-37.24096987646111	67.92403777456838	63.71364039567368	-26.99286790839561	85.57691668854201	-57.02299254418928	40.35620244459162	-1.5372434864022324	-43.95578210088389	15.190389200196947	-95.09172421550684	44.39721202019547	44.5583772793365	97.61393742768186	-7.395046476385318	-89.01381403252475	-2.487423709983318	-67.00921414641718	
-46.52967246321414	-9.282096219245275	54.2939260282614	20.5853454938646	17.42865360714352	86.1491901144501	-41.54329291753995	-30.79394920648287	-12.470273458965494	-41.43942100568231	-16.790913863218925	12.624311617631946	-10.082154087171087	79.62103918561955	-44.33357143791514	-78.73446957425102	49.50961500428568	25.87893390850719	83.67584842975799	63.31160585933856	88.8702660570432	-69.14811574027183	-92.86788321250677	0.572971184503249	-0.13008574908309356	23.47959134174193	48.12405990308679	53.38138100426914	-83.43947012107057	-0.9572246250249634	
-11.821912607638794	-34.609452519499996	49.917862502106274	20.323807287268778	28.368457276617313	83.94609185095032	9.06129332562844	-20.92521256933179	1.5561480089114141	-24.246186925887187	4.745530248695587	8.253627893071915	-1.7512436976697332	51.47953107781437	-35.49418733388078	27.76526620101571	-11.395118414867078	-71.80657503229295	35.256419221357746	17.886783892200967	69.49442153101634	35.61227521257693	-41.066376196551374	-61.882661853989475	-23.69691281739798	24.55559176592865	59.747171221965004	29.945722051974354	-51.34706652504357	-19.655635182855317	
-1.1487929419219896	-27.34455211865308	38.00231087091434	45.57306582534197	30.219753029190244	66.93010130998361	6.451759661242619	-5.760323948955513	11.529835578828845	-35.19722010038988	7.547451054481068	22.1784475077364	-12.55240551952133	57.00199334510026	-91.86578697331026	33.93619857563652	-26.552984495270774	-95.94326959106844	36.11839576947946	3.1035574372208394	83.01264183697988	52.318056671668586	-71.64969581967262	-74.43871047408106	-30.56987795868616	64.27097962193695	61.91595696620888	47.546664699086826	-99.5663187232538	5.100892458910204	
-23.220675106175573	-40.51690058065227	15.398562429976046	-45.74395174856065	-25.066651083016723	-49.405903172892025	-57.13779603594895	-4.297208805919153	63.541437952112176	33.26006020260148	1.2695722541144767	-5.335290632094168	57.24653666634251	-61.26456686004074	-71.1330032463629	-87.53645549535875	25.190273802255575	-43.28229974221399	-18.95597253056362	-60.50940843619715	20.712688638451137	40.713495474542654	-12.544810650466552	33.41214039855967	-59.603552771607724	52.64741091681336	62.81716271907805	-55.519384632434836	31.95546403098984	3.863440565262059	
-23.220675106175573	-40.51690058065227	15.398562429976046	-45.74395174856065	-25.066651083016723	-49.405903172892025	-57.13779603594895	-4.297208805919153	63.541437952112176	33.26006020260148	1.2695722541144767	-5.335290632094168	57.24653666634251	-61.26456686004074	-71.1330032463629	-87.53645549535875	25.190273802255575	-43.28229974221399	-18.95597253056362	-60.50940843619715	20.712688638451137	40.713495474542654	-12.544810650466552	33.41214039855967	-59.603552771607724	52.64741091681336	62.81716271907805	-55.519384632434836	31.95546403098984	3.863440565262059	
-23.220675106175573	-40.51690058065227	15.398562429976046	-45.74395174856065	-25.066651083016723	-49.405903172892025	-57.13779603594895	-4.297208805919153	63.541437952112176	33.26006020260148	1.2695722541144767	-5.335290632094168	57.24653666634251	-61.26456686004074	-71.1330032463629	-87.53645549535875	25.190273802255575	-43.28229974221399	-18.95597253056362	-60.50940843619715	20.712688638451137	40.713495474542654	-12.544810650466552	33.41214039855967	-59.603552771607724	52.64741091681336	62.81716271907805	-55.519384632434836	31.95546403098984	3.863440565262059	
3.71718058578206	-25.24272599868041	-62.51765112846636	20.576643750931904	13.61710947001395	-4.70145130211802	20.038934575495112	-4.688058987495103	-53.52866790350601	-47.550107760823145	-82.81463698139221	-35.74968405457306	-41.58161742845875	-15.735730296995825	-8.675084150947686	34.2027677836728	-12.943024422068099	-27.621871434758756	51.85958618674757	54.83246732367554	25.702891935424	18.82161675624898	-34.31196593440102	-22.17673592794292	50.37386485224876	38.16819962074246	-16.27090345622136	0.3367431082136203	20.46508276674419	13.826489485224776	
3.71718058578206	-25.24272599868041	-62.51765112846636	20.576643750931904	13.61710947001395	-4.70145130211802	20.038934575495112	-4.688058987495103	-53.52866790350601	-47.550107760823145	-82.81463698139221	-35.74968405457306	-41.58161742845875	-15.735730296995825	-8.675084150947686	34.2027677836728	-12.943024422068099	-27.621871434758756	51.85958618674757	54.83246732367554	25.702891935424	18.82161675624898	-34.31196593440102	-22.17673592794292	50.37386485224876	38.16819962074246	-16.27090345622136	0.3367431082136203	20.46508276674419	13.826489485224776	
3.71718058578206	-25.24272599868041	-62.51765112846636	20.576643750931904	13.61710947001395	-4.70145130211802	20.038934575495112	-4.688058987495103	-53.52866790350601	-47.550107760823145	-82.81463698139221	-35.74968405457306	-41.58161742845875	-15.735730296995825	-8.675084150947686	34.2027677836728	-12.943024422068099	-27.621871434758756	51.85958618674757	54.83246732367554	25.702891935424	18.82161675624898	-34.31196593440102	-22.17673592794292	50.37386485224876	38.16819962074246	-16.27090345622136	0.3367431082136203	20.46508276674419	13.826489485224776	
