500	5333.112178077475
1121	4584.900483741026
1720	4197.283085649202
2307	4026.6295518867632
2893	3893.9125816460237
3475	3728.8266494768836
4054	3709.0981552938238
4632	3611.0585693324956
5209	3543.132036789377
5775	3522.0601473894285
6348	3516.6073987151685
6915	3487.440893950188
7483	3487.440893950188
8049	3457.8380178540274
8617	3457.000336334111
9180	3397.283960096208
9740	3397.283960096208
10299	3397.283960096208
10856	3397.283960096208
11412	3397.283960096208
11975	3397.283960096208
12531	3393.026732963669
13090	3393.026732963669
13646	3393.026732963669
14202	3376.9472803514273
14759	3376.9472803514273
15316	3376.9472803514273
15871	3376.9472803514273
16425	3376.9472803514273
16979	3376.9472803514273
17535	3358.7505504026008
18090	3358.7505504026008
18645	3358.7505504026008
19199	3349.8827848421633
19753	3349.8827848421633
20309	3349.8827848421633
20865	3349.8827848421633
21420	3349.8827848421633
21977	3349.8827848421633
22532	3349.8827848421633
23088	3349.8827848421633
23646	3349.8827848421633
24205	3349.8827848421633
24761	3349.8827848421633
27305	3055.1660243173346
29307	3055.1660242990174
29863	3055.1660242990174
30423	3055.1660242990174
30977	3055.1660242990174
31531	3055.1660242990174
32084	3055.1660242990174
32639	3055.1660242990174
33195	3055.1660242990174
33755	3055.1660242990174
34315	3055.1660242990174
34875	3055.1660242990174
35438	3055.1660242990174
35998	3055.1660242990174
36559	3055.1660242990174
37118	3055.1660242990174
37682	3055.1660242990174
38241	3055.1660242990174
38799	3055.1660242990174
39356	3055.1660242990174
39911	3055.1660242990174
40471	3055.1660242990174
41029	3055.1660242990174
41588	3055.1660242990174
42148	3055.1660242990174
42710	3055.1660242990174
43271	3055.1660242990174
44490	3040.8814642495504
46340	3040.8814641788294
46899	3040.8814641788294
47460	3040.8814641788294
48022	3040.8814641788294
48583	3040.8814641788294
49144	3040.8814641788294
49705	3040.8814641788294
50266	3040.8814641788294
50834	3040.8814641788294
51394	3040.8814641788294
51953	3040.8814641788294
52511	3040.8814641788294
53068	3040.8814641788294
53632	3040.8814641788294
54197	3040.8814641788294
54759	3040.8814641788294
55320	3040.8814641788294
55879	3040.8814641788294
56438	3040.8814641788294
58015	3024.701524583208
59807	3024.701524484036
60370	3024.701524484036
60932	3024.701524484036
61496	3024.701524484036
62057	3024.701524484036
62620	3024.701524484036
63181	3024.701524484036
63743	3024.701524484036
64304	3024.701524484036
64864	3024.701524484036
65429	3024.701524484036
65989	3024.701524484036
66552	3024.701524484036
67115	3024.701524484036
67678	3024.701524484036
68238	3024.701524484036
68801	3024.701524484036
69364	3024.701524484036
69926	3024.701524484036
71730	3024.701524484036
72292	3024.701524484036
72849	3024.701524484036
73408	3024.701524484036
73972	3024.701524484036
74540	3024.701524484036
75109	3024.701524484036
75674	3024.701524484036
76241	3024.701524484036
76811	3024.701524484036
77375	3024.701524484036
77935	3024.701524484036
78495	3024.701524484036
79060	3024.701524484036
79631	3024.701524484036
80199	3024.701524484036
80765	3024.701524484036
81332	3024.701524484036
81898	3024.701524484036
82466	3024.701524484036
84106	3016.5081663177493
85493	3008.6060847883523
87492	3008.6060847827885
88067	3008.6060847827885
88639	3008.6060847827885
89208	3008.6060847827885
89778	3008.6060847827885
90348	3008.6060847827885
90919	3008.6060847827885
91489	3008.6060847827885
92062	3008.6060847827885
92634	3008.6060847827885
93204	3008.6060847827885
93781	3008.6060847827885
94353	3008.6060847827885
94919	3008.6060847827885
95488	3008.6060847827885
96061	3008.6060847827885
96628	3008.6060847827885
97205	3008.6060847827885
97780	3008.6060847827885
98355	3008.6060847827885
98924	3008.6060847827885
99500	3008.6060847827885
100067	3008.6060847827885
100637	3008.6060847827885
101207	3008.6060847827885
101779	3008.6060847827885
102354	3008.6060847827885
102928	3008.6060847827885
104658	3008.6060847827885
105234	3008.6060847827885
105810	3008.6060847827885
106385	3008.6060847827885
106961	3008.6060847827885
107532	3008.6060847827885
108106	3008.6060847827885
108688	3008.6060847827885
109267	3008.6060847827885
109847	3008.6060847827885
111530	3008.6060847827885
112103	3008.6060847827885
112677	3008.6060847827885
113255	3008.6060847827885
113833	3008.6060847827885
114410	3008.6060847827885
114991	3008.6060847827885
115564	3008.6060847827885
116139	3008.6060847827885
116713	3008.6060847827885
117289	3008.6060847827885
117872	3008.6060847827885
118451	3008.6060847827885
119026	3008.6060847827885
119607	3008.6060847827885
120185	3008.6060847827885
120760	3008.6060847827885
121332	3008.6060847827885
121903	3008.6060847827885
122476	3008.6060847827885
123765	3000.6386824279025
126045	3000.6386824185392
126629	3000.6386824185392
127206	3000.6386824185392
127780	3000.6386824185392
128353	3000.6386824185392
128929	3000.6386824185392
129506	3000.6386824185392
130083	3000.6386824185392
130661	3000.6386824185392
131239	3000.6386824185392
131817	3000.6386824185392
132394	3000.6386824185392
132966	3000.6386824185392
133547	3000.6386824185392
134122	3000.6386824185392
134701	3000.6386824185392
135277	3000.6386824185392
135859	3000.6386824185392
136437	3000.6386824185392
137888	3000.6386824185392
138471	3000.6386824185392
139053	3000.6386824185392
139636	3000.6386824185392
140222	3000.6386824185392
140801	3000.6386824185392
141383	3000.6386824185392
141963	3000.6386824185392
142537	3000.6386824185392
143118	3000.6386824185392
143702	3000.6386824185392
144279	3000.6386824185392
144859	3000.6386824185392
145443	3000.6386824185392
146027	3000.6386824185392
146605	3000.6386824185392
147183	3000.6386824185392
147756	3000.6386824185392
148331	3000.6386824185392
148908	3000.6386824185392
150864	3000.6386824185392
151445	3000.6386824185392
152030	3000.6386824185392
152611	3000.6386824185392
153188	3000.6386824185392
153763	3000.6386824185392
154341	3000.6386824185392
154915	3000.6386824185392
155486	3000.6386824185392
156060	3000.6386824185392
156637	3000.6386824185392
157215	3000.6386824185392
157795	3000.6386824185392
158371	3000.6386824185392
158944	3000.6386824185392
159528	3000.6386824185392
160106	3000.6386824185392
160679	3000.6386824185392
161254	3000.6386824185392
161831	3000.6386824185392
163697	3000.6386824185392
164273	3000.6386824185392
164843	3000.6386824185392
165427	3000.6386824185392
166000	3000.6386824185392
166573	3000.6386824185392
167157	3000.6386824185392
167737	3000.6386824185392
168315	3000.6386824185392
168888	3000.6386824185392
169465	3000.6386824185392
170045	3000.6386824185392
170622	3000.6386824185392
171204	3000.6386824185392
171779	3000.6386824185392
172353	3000.6386824185392
172934	3000.6386824185392
173513	3000.6386824185392
174097	3000.6386824185392
174672	3000.6386824185392
176749	3000.6386824185392
177326	3000.6386824185392
177903	3000.6386824185392
178481	3000.6386824185392
179059	3000.6386824185392
179641	3000.6386824185392
180220	3000.6386824185392
180796	3000.6386824185392
181377	3000.6386824185392
181957	3000.6386824185392
182540	3000.6386824185392
183126	3000.6386824185392
183713	3000.6386824185392
184293	3000.6386824185392
184875	3000.6386824185392
185453	3000.6386824185392
186038	3000.6386824185392
186612	3000.6386824185392
187191	3000.6386824185392
187772	3000.6386824185392
189565	3000.6386824185392
190142	3000.6386824185392
190716	3000.6386824185392
191296	3000.6386824185392
191871	3000.6386824185392
192448	3000.6386824185392
193021	3000.6386824185392
193596	3000.6386824185392
194168	3000.6386824185392
194745	3000.6386824185392
196760	3000.6386824185392
197340	3000.6386824185392
197913	3000.6386824185392
198490	3000.6386824185392
199064	3000.6386824185392
199645	3000.6386824185392
200219	3000.6386824185392
200795	3000.6386824185392
201379	3000.6386824185392
201961	3000.6386824185392
202541	3000.6386824185392
203131	3000.6386824185392
203711	3000.6386824185392
204288	3000.6386824185392
204867	3000.6386824185392
205444	3000.6386824185392
206016	3000.6386824185392
206590	3000.6386824185392
207161	3000.6386824185392
207732	3000.6386824185392
209681	3000.6386824185392
210254	3000.6386824185392
210831	3000.6386824185392
211413	3000.6386824185392
211988	3000.6386824185392
212560	3000.6386824185392
213133	3000.6386824185392
213701	3000.6386824185392
214277	3000.6386824185392
214852	3000.6386824185392
215425	3000.6386824185392
215996	3000.6386824185392
216569	3000.6386824185392
217145	3000.6386824185392
217729	3000.6386824185392
218304	3000.6386824185392
218878	3000.6386824185392
219450	3000.6386824185392
220024	3000.6386824185392
220596	3000.6386824185392
222527	3000.6386824185392
223100	3000.6386824185392
223676	3000.6386824185392
224251	3000.6386824185392
224829	3000.6386824185392
225409	3000.6386824185392
225990	3000.6386824185392
226567	3000.6386824185392
227146	3000.6386824185392
227717	3000.6386824185392
228296	3000.6386824185392
228877	3000.6386824185392
229452	3000.6386824185392
230027	3000.6386824185392
230595	3000.6386824185392
231160	3000.6386824185392
231729	3000.6386824185392
232294	3000.6386824185392
232862	3000.6386824185392
233431	3000.6386824185392
235194	3000.6386824185392
235763	3000.6386824185392
236334	3000.6386824185392
236907	3000.6386824185392
237477	3000.6386824185392
238043	3000.6386824185392
238612	3000.6386824185392
239181	3000.6386824185392
239751	3000.6386824185392
240322	3000.6386824185392
240893	3000.6386824185392
241464	3000.6386824185392
242039	3000.6386824185392
242613	3000.6386824185392
243188	3000.6386824185392
243763	3000.6386824185392
244341	3000.6386824185392
244915	3000.6386824185392
245492	3000.6386824185392
246070	3000.6386824185392
247763	3000.6386824185392
248340	3000.6386824185392
248918	3000.6386824185392
249501	3000.6386824185392
250086	3000.6386824185392
250671	3000.6386824185392
251253	3000.6386824185392
251830	3000.6386824185392
252413	3000.6386824185392
252996	3000.6386824185392
254351	3000.6386824185392
254930	3000.6386824185392
255507	3000.6386824185392
256083	3000.6386824185392
256662	3000.6386824185392
257241	3000.6386824185392
257832	3000.6386824185392
258413	3000.6386824185392
259002	3000.6386824185392
259593	3000.6386824185392
260174	3000.6386824185392
260762	3000.6386824185392
261349	3000.6386824185392
261932	3000.6386824185392
262510	3000.6386824185392
263091	3000.6386824185392
263665	3000.6386824185392
264242	3000.6386824185392
264819	3000.6386824185392
265395	3000.6386824185392
267270	3000.6386824185392
267846	3000.6386824185392
268421	3000.6386824185392
268990	3000.6386824185392
269566	3000.6386824185392
270137	3000.6386824185392
270711	3000.6386824185392
271288	3000.6386824185392
271869	3000.6386824185392
272445	3000.6386824185392
273028	3000.6386824185392
273611	3000.6386824185392
274192	3000.6386824185392
274785	3000.6386824185392
275364	3000.6386824185392
275949	3000.6386824185392
276534	3000.6386824185392
277115	3000.6386824185392
277697	3000.6386824185392
278286	3000.6386824185392
280190	3000.6386824185392
280777	3000.6386824185392
281365	3000.6386824185392
281952	3000.6386824185392
282540	3000.6386824185392
283123	3000.6386824185392
283701	3000.6386824185392
284282	3000.6386824185392
284856	3000.6386824185392
285426	3000.6386824185392
285998	3000.6386824185392
286576	3000.6386824185392
287157	3000.6386824185392
287733	3000.6386824185392
288315	3000.6386824185392
288891	3000.6386824185392
289475	3000.6386824185392
290049	3000.6386824185392
290623	3000.6386824185392
291198	3000.6386824185392
293073	3000.6386824185392
293647	3000.6386824185392
294221	3000.6386824185392
294789	3000.6386824185392
295362	3000.6386824185392
295938	3000.6386824185392
296513	3000.6386824185392
297088	3000.6386824185392
297662	3000.6386824185392
298241	3000.6386824185392
298816	3000.6386824185392
299392	3000.6386824185392
299967	3000.6386824185392
300542	3000.6386824185392
301118	3000.6386824185392
301695	3000.6386824185392
302273	3000.6386824185392
302846	3000.6386824185392
303427	3000.6386824185392
304006	3000.6386824185392
305751	3000.6386824185392
306329	3000.6386824185392
306904	3000.6386824185392
307485	3000.6386824185392
308070	3000.6386824185392
308655	3000.6386824185392
309242	3000.6386824185392
309824	3000.6386824185392
310409	3000.6386824185392
310986	3000.6386824185392
312835	3000.6386824185392
313412	3000.6386824185392
313989	3000.6386824185392
314573	3000.6386824185392
315153	3000.6386824185392
315733	3000.6386824185392
316318	3000.6386824185392
316902	3000.6386824185392
317482	3000.6386824185392
318061	3000.6386824185392
318643	3000.6386824185392
319221	3000.6386824185392
319800	3000.6386824185392
320379	3000.6386824185392
320962	3000.6386824185392
321545	3000.6386824185392
322123	3000.6386824185392
322702	3000.6386824185392
323280	3000.6386824185392
323862	3000.6386824185392
325003	2995.5535586282776
326453	2979.4342279094276
327956	2979.434227774971
328540	2979.434227774971
329118	2979.434227774971
329705	2979.434227774971
330296	2979.434227774971
330878	2979.434227774971
331468	2979.434227774971
332048	2979.434227774971
332624	2979.434227774971
333196	2979.434227774971
333765	2979.434227774971
334337	2979.434227774971
334910	2979.434227774971
335486	2979.434227774971
336060	2979.434227774971
336632	2979.434227774971
337202	2979.434227774971
337777	2979.434227774971
338347	2979.434227774971
338917	2979.434227774971
339491	2979.434227774971
340061	2979.434227774971
340630	2979.434227774971
341196	2979.434227774971
341760	2979.434227774971
342324	2979.434227774971
342885	2979.434227774971
343450	2979.434227774971
345215	2979.434227774971
345783	2979.434227774971
346348	2979.434227774971
346915	2979.434227774971
347478	2979.434227774971
348045	2979.434227774971
348608	2979.434227774971
349173	2979.434227774971
349741	2979.434227774971
350309	2979.434227774971
352100	2979.434227774971
352664	2979.434227774971
353231	2979.434227774971
353798	2979.434227774971
354370	2979.434227774971
354939	2979.434227774971
355509	2979.434227774971
356076	2979.434227774971
356644	2979.434227774971
357212	2979.434227774971
357785	2979.434227774971
358357	2979.434227774971
358930	2979.434227774971
359498	2979.434227774971
360066	2979.434227774971
360638	2979.434227774971
361209	2979.434227774971
361788	2979.434227774971
362363	2979.434227774971
362936	2979.434227774971
364631	2979.434227774971
365203	2979.434227774971
365782	2979.434227774971
366353	2979.434227774971
366922	2979.434227774971
367494	2979.434227774971
368063	2979.434227774971
368631	2979.434227774971
369210	2979.434227774971
369785	2979.434227774971
370360	2979.434227774971
370932	2979.434227774971
371504	2979.434227774971
372076	2979.434227774971
372646	2979.434227774971
373221	2979.434227774971
373794	2979.434227774971
374369	2979.434227774971
374942	2979.434227774971
375527	2979.434227774971
376617	2979.268512747558
378437	2979.2685127471514
379012	2979.2685127471514
379588	2979.2685127471514
380159	2979.2685127471514
380741	2979.2685127471514
381320	2979.2685127471514
381896	2979.2685127471514
382468	2979.2685127471514
383047	2979.2685127471514
383618	2979.2685127471514
384198	2979.2685127471514
384775	2979.2685127471514
385347	2979.2685127471514
385924	2979.2685127471514
386501	2979.2685127471514
387076	2979.2685127471514
387650	2979.2685127471514
388218	2979.2685127471514
388789	2979.2685127471514
390672	2979.2685127471514
391243	2979.2685127471514
391816	2979.2685127471514
392394	2979.2685127471514
392966	2979.2685127471514
393536	2979.2685127471514
394113	2979.2685127471514
394683	2979.2685127471514
395254	2979.2685127471514
395832	2979.2685127471514
396407	2979.2685127471514
396985	2979.2685127471514
397569	2979.2685127471514
398149	2979.2685127471514
398730	2979.2685127471514
399304	2979.2685127471514
399876	2979.2685127471514
400449	2979.2685127471514
401025	2979.2685127471514
401604	2979.2685127471514
403527	2979.2685127471514
404100	2979.2685127471514
404684	2979.2685127471514
405257	2979.2685127471514
405834	2979.2685127471514
406417	2979.2685127471514
406990	2979.2685127471514
407566	2979.2685127471514
408149	2979.2685127471514
408725	2979.2685127471514
409300	2979.2685127471514
409880	2979.2685127471514
410456	2979.2685127471514
411037	2979.2685127471514
411615	2979.2685127471514
412199	2979.2685127471514
412780	2979.2685127471514
413362	2979.2685127471514
413939	2979.2685127471514
414516	2979.2685127471514
415914	2967.8693680211372
417603	2967.8693680153965
418184	2967.8693680153965
418761	2967.8693680153965
419334	2967.8693680153965
419912	2967.8693680153965
420488	2967.8693680153965
421063	2967.8693680153965
421642	2967.8693680153965
422222	2967.8693680153965
422801	2967.8693680153965
423379	2967.8693680153965
423957	2967.8693680153965
424537	2967.8693680153965
425115	2967.8693680153965
425698	2967.8693680153965
426276	2967.8693680153965
426856	2967.8693680153965
427438	2967.8693680153965
428017	2967.8693680153965
429755	2967.8693680153965
430335	2967.8693680153965
430914	2967.8693680153965
431505	2967.8693680153965
432091	2967.8693680153965
432673	2967.8693680153965
433257	2967.8693680153965
433840	2967.8693680153965
434420	2967.8693680153965
434998	2967.8693680153965
435580	2967.8693680153965
436164	2967.8693680153965
436742	2967.8693680153965
437318	2967.8693680153965
437899	2967.8693680153965
438478	2967.8693680153965
439060	2967.8693680153965
439645	2967.8693680153965
440223	2967.8693680153965
440803	2967.8693680153965
442568	2967.8693680153965
443153	2967.8693680153965
443738	2967.8693680153965
444319	2967.8693680153965
444899	2967.8693680153965
445481	2967.8693680153965
446063	2967.8693680153965
446643	2967.8693680153965
447225	2967.8693680153965
447804	2967.8693680153965
448381	2967.8693680153965
448956	2967.8693680153965
449539	2967.8693680153965
450117	2967.8693680153965
450691	2967.8693680153965
451269	2967.8693680153965
451845	2967.8693680153965
452426	2967.8693680153965
453002	2967.8693680153965
453579	2967.8693680153965
455051	2967.8693680153965
455635	2967.8693680153965
456223	2967.8693680153965
456801	2967.8693680153965
457376	2967.8693680153965
457947	2967.8693680153965
458524	2967.8693680153965
459104	2967.8693680153965
459676	2967.8693680153965
460254	2967.8693680153965
460840	2967.8693680153965
461423	2967.8693680153965
462013	2967.8693680153965
462594	2967.8693680153965
463172	2967.8693680153965
463747	2967.8693680153965
464326	2967.8693680153965
464903	2967.8693680153965
465477	2967.8693680153965
466049	2967.8693680153965
467825	2967.8693680153965
468396	2967.8693680153965
468971	2967.8693680153965
469541	2967.8693680153965
470111	2967.8693680153965
470682	2967.8693680153965
471256	2967.8693680153965
471829	2967.8693680153965
472401	2967.8693680153965
472973	2967.8693680153965
473547	2967.8693680153965
474119	2967.8693680153965
474702	2967.8693680153965
475277	2967.8693680153965
475852	2967.8693680153965
476429	2967.8693680153965
477010	2967.8693680153965
477594	2967.8693680153965
478171	2967.8693680153965
478751	2967.8693680153965
480751	2967.8693680153965
481325	2967.8693680153965
481897	2967.8693680153965
482477	2967.8693680153965
483048	2967.8693680153965
483615	2967.8693680153965
484186	2967.8693680153965
484755	2967.8693680153965
485334	2967.8693680153965
485910	2967.8693680153965
487772	2967.8693680153965
488347	2967.8693680153965
488919	2967.8693680153965
489491	2967.8693680153965
490065	2967.8693680153965
490643	2967.8693680153965
491220	2967.8693680153965
491799	2967.8693680153965
492374	2967.8693680153965
492948	2967.8693680153965
493521	2967.8693680153965
494097	2967.8693680153965
494668	2967.8693680153965
495242	2967.8693680153965
495822	2967.8693680153965
496399	2967.8693680153965
496976	2967.8693680153965
497555	2967.8693680153965
498138	2967.8693680153965
498713	2967.8693680153965
500519	2967.8693680153965
