300	16542399185.530174
7531	33066710.01779894
33562	638689.6946185209
36956	429407.9264553557
42953	147344.06382968655
49061	10953.455437500714
54716	8455.010744744286
62489	4409.204965825964
63054	4408.802647476228
63627	4408.362241370947
67845	2699.402244428876
68649	2698.819323772519
69218	2698.6088370375437
69781	2698.405842364815
70345	2698.2080734220594
70907	2698.0130455164935
71467	2697.8188749311994
72033	2697.6243335598874
72599	2697.428716879005
73166	2697.231698849141
73731	2697.0332131008445
74295	2696.833363571113
74859	2696.632359647644
75418	2696.4304701139267
75978	2696.2279910834677
76546	2696.0252241872195
77113	2695.822462197456
77674	2695.619979990478
78233	2695.418029297057
78795	2695.216836100847
79354	2695.0165998514058
79910	2694.8174938872694
80469	2694.6196666336286
81030	2694.423243264757
81594	2694.2283276129347
82157	2694.0350041735373
82723	2693.843340104733
83291	2693.6533871557676
83852	2693.4651834831807
84409	2693.2787553321273
84973	2693.094118572468
85539	2692.911280087804
86096	2692.7302390211817
86663	2692.550987884726
87227	2692.3735135424804
87788	2692.197798076841
88349	2692.023819549288
88911	2691.851552665834
89469	2691.680969357436
90036	2691.5120392846375
90603	2691.3447302752575
91166	2691.1790087030704
91727	2691.014839814682
92288	2690.852188010909
92851	2690.691017088565
93413	2690.531290447677
93976	2690.3729712685554
94535	2690.21602266274
95097	2690.060407801345
95657	2689.9060900236605
96224	2689.7530329288365
96782	2689.601200452883
97345	2689.450556932934
97906	2689.3010671606817
98477	2689.152696426357
99034	2689.0054105545405
99594	2688.8591759331657
100166	2688.7139595364024
100728	2688.5697289425175
101291	2688.426452347264
101849	2688.284098573648
102407	2688.1426370783247
102968	2688.002037955386
103538	2687.8622719377904
104102	2687.723310396828
104664	2687.585125339906
105221	2687.4476894069385
105785	2687.3109758655573
106342	2687.174958605351
106896	2687.039612131221
107453	2686.9049115561183
108014	2686.770832593229
108575	2686.6373515476334
109134	2686.504445307689
109693	2686.3720913360908
110250	2686.2402676606844
110807	2686.1089528651783
111365	2685.9781260797017
111922	2685.8477669712715
112475	2685.717855734269
113032	2685.5883730808723
113589	2685.459300231527
114144	2685.3306189054565
114698	2685.2023113111863
115255	2685.0743601371983
115815	2684.946748542606
116381	2684.819460147978
116937	2684.692479026269
117496	2684.5657896937546
118055	2684.4393771012546
118613	2684.3132266252874
119172	2684.187324059533
119731	2684.0616556062814
120298	2683.9362078680306
120854	2683.8109678392993
121409	2683.6859228984986
121967	2683.5610607999206
122523	2683.436369665893
123081	2683.3118379790944
123647	2683.187454574894
124206	2683.0632086339538
124768	2682.9390896748755
125327	2682.8150875469737
125886	2682.6911924232054
126445	2682.567394793212
127004	2682.443685456498
127567	2682.3200555157264
128126	2682.1964963700925
128682	2682.072999708882
129237	2681.949557505102
129792	2681.8261620092535
130348	2681.7028057432026
130909	2681.579481494169
131470	2681.4561823087975
132025	2681.3329014874043
132581	2681.209632578266
133137	2681.0863693720303
133697	2680.9631058962586
134255	2680.8398364100253
134808	2680.716555398666
135366	2680.5932575685783
135921	2680.469937842153
136484	2680.346591352784
137042	2680.223213439973
137599	2680.0997996445494
138154	2679.976345703927
138707	2679.8528475475073
139265	2679.729301292149
139829	2679.6057032377025
140391	2679.482049862696
140952	2679.3583378199723
141502	2679.2345639325868
142056	2679.1107251896165
142608	2678.9868187421907
143168	2678.862841899462
143724	2678.7387921247673
144281	2678.614667031811
144834	2678.490464380924
145386	2678.36618207542
145938	2678.241818157994
146487	2678.1173708071724
147038	2677.9928383339166
147591	2677.868219178208
148141	2677.7435119057263
148690	2677.618715204606
149240	2677.4938278822383
149792	2677.3688488621574
150346	2677.243777180986
150899	2677.11861198541
151454	2676.9933525292336
152011	2676.86799817052
152562	2676.7425483687343
153115	2676.617002681998
153667	2676.491360764362
154220	2676.365622363148
154774	2676.239787316363
155327	2676.113855550078
155880	2675.987827076009
156434	2675.8617019890453
156985	2675.7354804647757
157539	2675.609162757254
158090	2675.4827491966075
158644	2675.3562401867903
159197	2675.229636203428
159757	2675.102937791592
160315	2674.9761455637135
160870	2674.8492601974954
161426	2674.722282433893
161976	2674.595213075096
162529	2674.4680529825987
163081	2674.3408030753153
163636	2674.213464327677
164194	2674.086037767809
164751	2673.958524475772
165308	2673.8309255817685
165860	2673.703242264468
166421	2673.575475749304
166973	2673.447627306866
167528	2673.3196982512277
168084	2673.191689938463
168639	2673.0636037650575
169195	2672.935441166422
169756	2672.807203615399
170307	2672.6788926208537
170862	2672.5505097262485
171417	2672.4220565082906
171971	2672.293534575584
172533	2672.164945567296
173086	2672.036291151847
173644	2671.9075730257546
174199	2671.7787929122906
174754	2671.649952560346
175312	2671.5210537432595
175861	2671.3920982576306
176414	2671.263087922247
176965	2671.1340245769693
177517	2671.004910081631
178071	2670.8757463150714
178625	2670.7465351740175
179176	2670.6172785721883
179736	2670.4879784392597
180287	2670.358636719935
180846	2670.2292553730213
181403	2670.099836370499
181966	2669.9703816966676
182526	2669.8408933472915
183084	2669.7113733287333
183639	2669.581823657153
184192	2669.4522463577
184749	2669.3226434637195
185304	2669.193017016036
185857	2669.0633690621416
186409	2668.933701655557
186959	2668.804016855055
187515	2668.674316724001
188063	2668.544603329712
188622	2668.4148787427403
189185	2668.2851450363078
189742	2668.155404285625
190292	2668.0256585673396
190850	2667.895909958924
191400	2667.7661605381104
191956	2667.6364123823205
192509	2667.506667568147
193063	2667.3769281708237
193617	2667.247196263697
194171	2667.1174739177436
194724	2666.9877632010775
195276	2666.8580661785027
195833	2666.7283849110236
196388	2666.5987214554134
196943	2666.469077863801
197501	2666.3394561832138
198053	2666.2098584552155
198611	2666.080286715486
199161	2665.950742993429
199715	2665.8212293118413
200272	2665.6917476865183
200827	2665.562300125884
201382	2665.432888630722
201933	2665.3035151937856
202483	2665.1741817995126
203036	2665.044890423717
203590	2664.9156430332637
204146	2664.7864415858194
204703	2664.6572880295544
205255	2664.528184302878
205806	2664.3991323341584
206359	2664.2701340415347
206911	2664.1411913326033
207464	2664.0123061042045
208022	2663.8834802422457
208578	2663.7547156214064
209133	2663.626014105013
209686	2663.497377544759
210239	2663.3688077805746
210800	2663.2403066404086
211354	2663.1118759400533
211912	2662.983517482996
212471	2662.855233060215
213028	2662.7270244500596
213583	2662.598893418087
214134	2662.470841716916
214686	2662.342871086089
215243	2662.214983251951
215800	2662.087179927513
216355	2661.959462812356
216904	2661.8318335924787
217455	2661.704293940211
218008	2661.5768455141497
218562	2661.4494899589886
219120	2661.3222289054816
219674	2661.1950639703564
220229	2661.0679967562032
220779	2660.941028851417
221331	2660.814161830141
221881	2660.6873972521867
222435	2660.5607366629583
222983	2660.4341815934295
223533	2660.3077335600597
224087	2660.1813940647808
224643	2660.05516459491
225196	2659.9290466231614
225749	2659.803041607559
226296	2659.6771509914415
226849	2659.5513762034207
227401	2659.4257186573677
227955	2659.300179752382
228512	2659.174760872786
229067	2659.049463388078
229615	2658.924288652981
230168	2658.7992380073974
230723	2658.6743127764003
231273	2658.549514270244
231823	2658.424843784398
232377	2658.300302599482
232930	2658.175891981338
233478	2658.0516131810245
234027	2657.9274674348235
234577	2657.8034559642447
235129	2657.6795799760757
235677	2657.5558406623923
236231	2657.4322392005506
236779	2657.308776753273
237332	2657.1854544686316
237882	2657.062273480091
238426	2656.9392349065597
238974	2656.8163398523984
239517	2656.6935894074745
240065	2656.5709846471873
240611	2656.4485266325282
241159	2656.326216410122
241706	2656.204055012253
242252	2656.0820434569277
242800	2655.960182747925
243351	2655.838473874832
243898	2655.716917813125
244449	2655.5955155241636
244999	2655.47426795533
245542	2655.3531760400174
246094	2655.232240697722
246643	2655.111462834073
247189	2654.9908433409464
247735	2654.870383096451
248286	2654.7500829650544
248832	2654.629943797635
249377	2654.509966431502
249928	2654.3901516905507
250472	2654.270500385226
251019	2654.151013312661
251567	2654.0316912567255
252119	2653.9125349881215
252668	2653.7935452643806
253216	2653.6747228300246
253763	2653.556068416601
254310	2653.437582742727
254857	2653.3192665142224
255400	2653.201120424136
255947	2653.0831451528493
256493	2652.9653413681526
257039	2652.847709725276
257585	2652.730250867072
258134	2652.612965423962
258681	2652.4958540141215
259228	2652.378917243507
259772	2652.262155705931
260315	2652.1455699831977
260860	2652.0291606451046
261405	2651.912928249586
261953	2651.796873342768
262503	2651.680996459053
263052	2651.5652981212124
263604	2651.4497788404697
264153	2651.3344391165397
264699	2651.2192794377734
265246	2651.1043002812216
265791	2650.989502112696
266341	2650.874885386873
266889	2650.760450547385
267440	2650.646198026866
267990	2650.5321282470995
268538	2650.4182416190383
269088	2650.304538542937
269639	2650.191019408402
270190	2650.0776845944956
270739	2649.9645344698256
271286	2649.8515693926106
271835	2649.7387897107765
272382	2649.6261957620445
272930	2649.513787874013
273475	2649.401566364223
274020	2649.2895315402975
274570	2649.1776836999484
275116	2649.0660231311317
275665	2648.9545501120792
276211	2648.84326491143
276759	2648.7321677882837
277309	2648.6212589922616
277860	2648.5105387636722
278409	2648.400007333502
278956	2648.289664923565
279505	2648.179511746548
280053	2648.0695480061167
280605	2647.95977389699
281150	2647.8501896050175
281702	2647.740795307279
282254	2647.6315911721413
282802	2647.5225773593693
283351	2647.4137540201828
283900	2647.305121297354
284449	2647.1966793253005
285003	2647.088428230125
285551	2646.9803681297326
286100	2646.8724991339004
286649	2646.764821344367
287198	2646.6573348549045
287749	2646.550039751381
288295	2646.4429361118737
288844	2646.3360240067223
289392	2646.2293034986387
289939	2646.1227746427257
290487	2646.016437486625
291034	2645.9102920705614
291578	2645.804338427425
292124	2645.6985765828176
292674	2645.5930065551975
293224	2645.487628355889
293770	2645.382441989202
294318	2645.277447452488
294872	2645.172644736215
295422	2645.068033824049
295977	2644.9636146929347
296527	2644.859387313152
297079	2644.7553516484095
297627	2644.6515076558962
298178	2644.547855286382
298726	2644.444394484254
299274	2644.341125187635
299820	2644.2380473284056
300369	2644.135160832318
