300	18006870726.71078
645	6595086155.5964985
994	2810583902.4058914
1328	1754346954.853006
1658	988003278.1535518
1995	611933088.5225531
2327	438167484.6627399
2661	358379698.3500835
2990	122872800.61411503
3312	122872800.61411503
3641	118332586.18318844
3967	108459031.67759617
4297	84172556.352734
4630	57473012.79247652
4956	52306535.73467308
5288	35928975.76567696
5611	29764146.424610466
5938	28789943.039756462
6265	26303017.10136477
6592	20397061.06142183
6925	17258794.06412893
7252	16142790.714171834
7573	15494313.39969093
7896	12441109.521162705
8224	10025214.733874232
8550	7730353.517163321
8878	5570279.805779352
9207	4281520.254783054
9534	4281520.254783054
9857	4281520.254783054
10176	4281520.254783054
10504	4281520.254783054
10830	3987277.887940878
11154	3399402.1435472844
11480	2717121.4821047806
11805	2690442.4666476604
12127	2336984.537023944
12453	2170738.9998452393
12779	1663582.1235707994
13105	1663582.1235707994
13425	1661616.1904543843
40792	402150.9713011824
73043	3884.2832061658673
127945	2632.1289132737556
128263	2632.1289132737556
128580	2632.1289132737556
128895	2632.1289132737556
129210	2632.1289132737556
129525	2632.1289132737556
129837	2632.1289132737556
130152	2632.1289132737556
130463	2632.1289132737556
130777	2632.1289132737556
131088	2632.1289132737556
131397	2632.1289132737556
131713	2632.1289132737556
132024	2632.1289132737556
132342	2632.1289132737556
132649	2632.1289132737556
132957	2632.1289132737556
133270	2632.1289132737556
133582	2632.1289132737556
133892	2632.1289132737556
134206	2632.1289132737556
134526	2632.1289132737556
134843	2632.1289132737556
135159	2632.1289132737556
135478	2632.1289132737556
135793	2632.1289132737556
136106	2632.1289132737556
136422	2632.1289132737556
152497	2632.1289132737556
152811	2632.1289132737556
153126	2632.1289132737556
153441	2632.1289132737556
153760	2632.1289132737556
154077	2632.1289132737556
154394	2632.1289132737556
154712	2632.1289132737556
155034	2632.1289132737556
155354	2632.1289132737556
176660	2632.1289132737556
176983	2632.1289132737556
177297	2632.1289132737556
177613	2632.1289132737556
177932	2632.1289132737556
178251	2632.1289132737556
178567	2632.1289132737556
178883	2632.1289132737556
179198	2632.1289132737556
179518	2632.1289132737556
179838	2632.1289132737556
180151	2632.1289132737556
180467	2632.1289132737556
180779	2632.1289132737556
181094	2632.1289132737556
181408	2632.1289132737556
181726	2632.1289132737556
182045	2632.1289132737556
182363	2632.1289132737556
182683	2632.1289132737556
199242	2632.1289132737556
199565	2632.1289132737556
199887	2632.1289132737556
200210	2632.1289132737556
200536	2632.1289132737556
200858	2632.1289132737556
201181	2632.1289132737556
201501	2632.1289132737556
201822	2632.1289132737556
202139	2632.1289132737556
202465	2632.1289132737556
202790	2632.1289132737556
203116	2632.1289132737556
203440	2632.1289132737556
203763	2632.1289132737556
204090	2632.1289132737556
204413	2632.1289132737556
204740	2632.1289132737556
205070	2632.1289132737556
205400	2632.1289132737556
225700	2632.1289132737556
226030	2632.1289132737556
226360	2632.1289132737556
226688	2632.1289132737556
227013	2632.1289132737556
227340	2632.1289132737556
227664	2632.1289132737556
227988	2632.1289132737556
228311	2632.1289132737556
228636	2632.1289132737556
228961	2632.1289132737556
229290	2632.1289132737556
229615	2632.1289132737556
229947	2632.1289132737556
230272	2632.1289132737556
230600	2632.1289132737556
230928	2632.1289132737556
231261	2632.1289132737556
231584	2632.1289132737556
231916	2632.1289132737556
248074	2632.1289132737556
248399	2632.1289132737556
248732	2632.1289132737556
249060	2632.1289132737556
249390	2632.1289132737556
249712	2632.1289132737556
250037	2632.1289132737556
250363	2632.1289132737556
250688	2632.1289132737556
251017	2632.1289132737556
251338	2632.1289132737556
251662	2632.1289132737556
251981	2632.1289132737556
252310	2632.1289132737556
252638	2632.1289132737556
252959	2632.1289132737556
253285	2632.1289132737556
253604	2632.1289132737556
253932	2632.1289132737556
254257	2632.1289132737556
278931	2632.1289132737556
279254	2632.1289132737556
279574	2632.1289132737556
279893	2632.1289132737556
280221	2632.1289132737556
280546	2632.1289132737556
280859	2632.1289132737556
281175	2632.1289132737556
281497	2632.1289132737556
281819	2632.1289132737556
303991	2632.1289132737556
