56.272097557000166	49.04173410831433	34.93550553775998	-32.33364352230829	-83.43393696447943	63.03957056547003	-93.42942703557304	-12.414412816757988	29.0987184270071	67.84771385222368	-23.239177198894083	-30.74108103407636	75.06280855093632	97.19453532816235	-13.143649816076547	-7.338642713009506	-19.618360734977287	-51.7106934444854	18.55273809920513	47.298329590663144	-50.76798536367968	-61.92684184560044	-42.61817846420881	-45.390684000854954	24.445594279930006	16.417133658136123	65.30566040989834	-51.066724289104485	64.56778184730635	87.14457351505277	
20.746843114782582	-23.416467118674404	-87.84672695692115	-20.32008936786334	-77.726105643508	40.46810466570952	72.71489527670863	25.299843260187984	-56.07006879143969	31.579606368537302	-93.02855544130226	-65.10963839057678	97.01631333715967	-49.213669314763756	-39.02480266494006	40.986340623732886	33.58620668274678	-1.503496695861184	55.414658385767474	30.963476833258646	22.726161989434445	22.87788002210283	5.009658478537599	-37.78139042339868	-46.21882273535469	42.512931150070756	-21.27871392193966	86.38438129212162	-66.45757581422176	63.64224210942841	
57.71128013541075	-87.81182265968562	-59.455426900876944	3.9352368079758744	-78.83820472748498	-62.054930677894674	82.00378022410577	27.099761925540918	-20.531134080928446	49.29027367927341	-84.57579400766936	-35.471475164523135	66.29929552601061	-55.405762461502974	-35.01838247272567	-11.559842016699136	70.64971380587127	31.27672100203214	55.08854034058971	52.303346004085896	78.14346728598204	28.967485019133196	-33.26283518775499	14.765982933486537	-34.80727071834744	35.660245840731235	-13.394739508296489	-59.91861686586742	-62.97135431007758	84.94403820453795	
25.27302566018153	4.593036773304917	-75.20654061094369	43.52600537057208	-34.70477332728163	15.09292778472383	43.13641846369283	-8.057740857192268	-9.274949023288233	23.562499153606307	-49.885069422162545	-45.654416151164554	24.68833521344061	-25.95216620976306	6.759853418679484	69.05285129599046	-14.091773791928613	38.17395477379088	55.55147567252669	57.04699499651454	9.16316722507154	5.748582442277168	-55.58399683872896	50.009940004499164	44.0091193605491	-11.199394013450167	38.650319926006254	68.30298234028056	-21.372074536254743	44.04455349278258	
44.45451022603784	48.509783654953345	-62.57232230398728	18.726529251453005	-5.1686932432522426	0.16923728826436957	65.93673621065298	9.171840624237381	-8.592577668991872	-8.710167731406917	-64.34317883680241	-46.63368132990087	31.633173231154778	-11.161069791859024	-18.495413261540413	62.921091519396086	32.653577545914295	4.778000541723489	55.070166426087376	55.830408943651655	-41.3599543553815	31.236219716237734	-38.76545169152195	50.412087827441454	16.954159771581967	-43.01096435142836	60.74721811378533	72.83015326020423	-16.41084409622429	58.624417396652056	
33.57253258042083	-10.77806079082335	-73.89891733365891	15.065619857001614	-58.22109963285679	22.710584795601807	66.10125496137219	8.941754795065863	-10.810291378643335	25.250823920515188	-61.53734322032485	-48.826279948763016	75.95462886087833	-17.665643290208635	-21.054590549652836	59.05109818203119	11.017448177307497	5.331498429786785	47.1098943717421	53.53806297874008	-27.70696543039891	29.256575624140226	-34.7316705122475	33.36382388275419	-20.55127906944941	-11.632695412435144	6.769163005749824	80.2865665665694	-26.10784903275273	59.22874952652011	
76.76786963434112	-35.43472946893266	-70.50474660166478	15.738799152254266	-3.574173352182645	0.38632703394748524	45.78726532520215	7.358613983066951	-49.22653144323884	46.46760353643289	-59.40335011608919	-57.23491365372822	82.22323223903636	-60.97278339595189	-41.807137967082575	33.45710788830776	-9.000350093179776	8.098414908484662	54.284850942333584	48.06645467072644	70.57166886628926	100.0	-30.834291575048294	15.594730922080748	-6.357157611442867	-27.019293842521122	-1.6588854912659041	-24.27184473264512	10.937304693762137	67.8016769030918	
37.827940468524176	-25.863616216294712	-81.03092680405308	19.505877216176522	-80.77558262658474	45.39414632053257	15.530563172971448	-14.387441966175468	-74.76086931944828	43.34082119373595	-52.234060771283275	-68.99245062380162	63.624624747059606	10.376954977715368	-10.357942187137384	41.19947187919944	6.7196694494659805	-67.04577511410777	58.71399544726498	33.420683462086124	70.3712492300106	-31.071887181945755	-32.44058078053353	32.26751577586874	38.49232598730033	-4.9066542755102045	90.24500816331857	58.85759044965714	28.02254460679004	58.13989894100169	
57.689974587784036	-19.126182503713984	-75.70647298553523	16.099795113321903	-73.4876503863292	46.40700591733106	17.78563720024265	5.869709706348075	4.99394358701255	35.86433550161239	-48.01867093510726	-62.349476870414684	56.51315767003461	12.61947493637792	-30.438830420557935	39.463025740289666	-13.492948472002315	40.48662751165292	49.5769372879586	45.41110513456681	42.34969660294961	-27.31966157572145	-48.61485870493376	24.331180160554556	-6.231816135633078	40.94016488757617	78.97787361474495	76.60988440413962	8.792249290434132	70.85654413143638	
52.781645700009115	-13.923256546382337	-79.95799082071584	16.452956507151082	-73.39051113961484	49.18956309422193	16.168832372611853	0.927189063286086	-7.6841768558285395	36.43437690122404	-48.7796733091981	-60.766448779331206	55.060774605702974	1.2610123031766278	-27.25643517295393	41.32676146043034	-25.20055954192426	12.082405253357265	49.011520242005254	45.32447673304625	48.18350708218312	-24.404081205208385	-46.837969729222	24.584410146908507	-6.193157128461745	25.67488793186339	79.47859084147804	75.84860514155	-4.327313989190948	72.91678321671603	
55.21759912091329	-14.585437560128318	-81.776492582521	17.75244306014786	-73.77003918703662	46.43923034368176	23.417346283641642	-0.4191840113740142	2.9091051333663227	39.52119359011782	-52.32246896099177	-61.463739992688154	55.515126953568206	6.346965785629399	-27.488123637334137	40.79138491474399	-24.935612239474864	26.714528434335783	50.03701046311502	45.656357205392816	43.23052907885841	-27.274629208434188	-46.466941619634355	23.666886953997004	-6.101274218673651	28.940875948077625	98.41847391224762	70.87606668764208	-6.967107853148175	73.68234665082977	
55.420357183239375	-23.59533675434104	-88.13513072061545	19.437862196249654	-85.46477215935748	45.2234062461204	22.99121128593543	0.03962109080280046	6.370934867318479	39.882045852154576	-52.79271023480725	-61.759729803300175	56.54035920334997	3.88041308229705	-24.393591260348774	39.364365782102894	-41.65853399513427	33.380296274869536	51.11254323589482	45.0300151214597	43.093273873494994	-28.03285471659225	-42.852377643483315	24.214969178896858	-6.338220467265174	35.88167144241707	95.57382524369599	70.70138636280427	-13.061169276610213	71.76179003391088	
56.527870959975466	-20.800165782853806	-88.55846260047129	18.246821217446456	-79.85058063962742	43.597878405567	27.687051876491296	0.1413907407006223	7.27516404703362	45.61071660600715	-54.07092869345625	-61.60847622533929	56.37515111649723	12.155501173367474	-24.31555449866872	39.52507076941452	-70.18949887689821	40.77115553263228	49.85070088540654	45.479652321188205	38.36058651290592	-29.46403122451636	-42.760700973417904	27.578404735096917	-7.778007287359215	34.73937683570024	92.45834766218778	78.31119111548959	-12.211153314250996	70.19349521361774	
52.236790878532375	-13.358365555909296	-74.7176576963645	17.25308821786195	-62.52783875855671	47.30248112935785	24.453727553806953	-6.469751352178487	-23.9189941260925	53.565232208914	-56.54898617751148	-60.64222118021195	91.14729106653353	-7.245122829744792	-22.58066515480945	39.36713842359373	-25.849094915037643	-64.26082736554436	47.03717210623329	40.955374008343966	16.117429483131307	-11.520872728875998	-45.763397970624844	29.286339688174454	-13.945977726727065	48.106053545737495	53.023881331760116	44.23798475324339	-12.24721796660302	68.21663325907765	
56.21403177318486	13.02024031622842	-84.47954030802173	22.296437763479176	-67.32915650628091	40.62452978519227	34.216865780241214	-0.14062084257739896	-16.86792423404547	35.213909838952546	-57.78735406943499	-64.50891362365603	80.28741810246402	-2.111576210631437	-24.892170197540864	35.263005903029736	3.542637697726308	-29.69880555200178	49.705777574618914	40.88248142587995	22.463568293928514	28.07687130522295	-45.18823174654167	25.720801524495844	6.481081963152546	0.5385814770003283	72.86374272709506	43.61448790415035	-18.892246527515994	66.49678644803257	
55.36804789815	1.9870391092478883	-85.31574702463963	20.697638095026974	-74.59260794268575	39.96681569762386	28.175076048683366	-0.265677941861929	-18.281001863425004	43.59271536336144	-55.6710176484855	-64.05265381738869	61.759200593140726	1.7192777902772711	-22.30373821240042	37.55985273290173	-3.5221340735973463	22.027590861459146	48.76315515036553	42.261044469490315	24.204220031402347	-23.275779311057253	-44.59521505183099	28.775873832914378	-1.555486716468109	11.901947541252664	89.37840513466917	44.86136923608678	-29.95534493078623	66.06873873943077	
56.05552353656051	-4.105872760171339	-77.11352692391797	20.39713750851955	-67.45661409521499	29.152591737379062	23.52293978853126	-1.577495134511485	-40.3758608350751	45.194339777742435	-55.034180984279956	-62.145480230249305	72.32461600137806	1.9501212577967169	-23.937115786034447	38.799189477218796	-10.683664622515458	6.576424055336076	49.17131036725112	40.91467412067645	20.441978283142166	-18.05215213245071	-48.25394583478957	31.80522465712762	1.044721279521267	24.79290282138448	80.40382529849352	53.72924824970476	-13.985647954181736	68.51603757515427	
55.90461169405643	-4.716898575791977	-78.39497386282406	22.069542788684057	-69.02109166629886	28.305318363198417	25.004047024291765	-1.2564408362605306	-48.69506038745134	43.51294058998493	-55.39613064668406	-65.16087279730709	71.8724706516807	2.104474468558555	-23.15595653666002	39.701081224122476	-12.596813193015004	13.525081877643983	48.959028271809416	42.43946107819528	15.307003629126367	-16.831506763523098	-45.32632822137462	29.743608018025984	0.08279724516059805	19.343574646531845	80.24246842588023	56.58109113704858	-9.207334675942501	69.29469890384638	
56.138098546828544	-3.709643578213404	-79.3320930711193	22.368769631884756	-67.68833281535846	30.069481168406533	23.370284202367717	-1.5175781271768316	-56.42022634618332	42.83818146892981	-55.37424698433326	-65.17930464539799	73.14599177370253	1.996622690680057	-23.032529434806744	39.22436483447713	-14.208541606003928	11.695318986614868	49.08257600303479	42.38532733164436	17.85533941157469	-18.032221374868833	-44.9308508973224	30.02822277100191	1.4056301832707918	19.893168957244896	80.23821114175547	52.183262580419495	-3.501620334331875	69.0780578296942	
57.327771343943475	-1.7039212138684974	-86.75121674503231	23.203369133311675	-79.23030049489583	-51.46929387315426	21.141709176450284	-1.0947173272375568	-15.35893257192196	43.2303658597242	-54.930963650996766	-64.46769164334953	66.96175099929744	-5.39255191169755	-24.827407473135573	37.21752486926205	-12.098872863243523	14.312504907319513	48.80417615321848	42.77032829863229	49.09038293271704	-14.388636598955134	-44.97655194570831	28.769504891549218	-7.2274072252779415	-5.214158596069528	73.88939849983593	48.80155693333328	16.34916167674057	68.00055763730506	
57.080908172913496	-2.186342589628187	-78.67713972095804	24.222204491846412	-68.48258106245697	22.84797874365259	22.68653428286141	-3.1511998952206053	-47.67227629501241	40.22844434197586	-56.86811820020336	-65.23427530414013	66.01579247127285	1.8693337223717275	-24.693379697197333	38.69544996221493	-8.457633845882372	18.72018628288543	49.009303106317574	44.02082904466826	21.168232339757033	-20.658443921170623	-45.90321557101924	30.580434514169816	2.764161671408602	19.074776719055937	91.02581467185638	58.42917497883539	6.813969943873735	69.63940632910573	
56.535312383084474	0.2525738243137088	-76.97257283560609	22.393823361030076	-70.9794750767975	36.08810307777482	24.682784989496128	-2.3884490142692334	-5.530087522719125	43.35947964829531	-56.43585268321854	-64.2071380375739	68.24403345643263	0.5911896686814897	-22.181883567220673	37.512433988051676	-12.168319576822189	5.550144983563645	48.08364030839521	42.00070043765031	23.816714839605474	37.761681700898976	-45.07744659026562	29.81504051992558	4.642961422907209	14.779267031186253	75.34723895835623	59.92147096445595	-8.336109077614191	68.16423112170854	
56.73480359136698	2.554468135099697	-78.05424622511015	22.4630212652643	-70.88238252247129	36.35714343967664	24.553823504082754	-2.39693963397482	-2.1528118394549955	43.16876672744874	-56.583138498631634	-64.05180326841955	68.92164430217153	0.24566062565603997	-23.250884503889356	37.54532983279865	-12.081396919928359	-2.4649861564684885	47.91334406668957	42.0266485192176	25.399694201597814	38.26582105780128	-45.51396045508885	29.960606297822828	2.334297681269458	14.215814291702653	75.51210014859268	62.457530228321545	-8.684782643033996	68.12303418712695	
56.763867647393084	2.1396414999240085	-76.77533095958067	22.462953359677392	-70.90052011148265	32.45360774848829	24.59827664605463	-2.5525558249443665	-1.3504659268219532	43.02513832379	-56.83790311323262	-64.03190452767844	70.75913348428328	-0.32033472147257214	-23.091562101887998	37.49065234591651	-11.04916320673918	0.23991385218504213	47.46663555697646	42.03753345560735	25.40662300470146	38.07860026456923	-45.559984003613366	29.977059001568097	4.079897755143374	12.661942003036334	77.19858662737653	64.45168359695317	-7.745048752180534	68.31992800944923	
56.763867647393084	2.1396414999240085	-76.77533095958067	22.462953359677392	-70.90052011148265	32.45360774848829	24.59827664605463	-2.5525558249443665	-1.3504659268219532	43.02513832379	-56.83790311323262	-64.03190452767844	70.75913348428328	-0.32033472147257214	-23.091562101887998	37.49065234591651	-11.04916320673918	0.23991385218504213	47.46663555697646	42.03753345560735	25.40662300470146	38.07860026456923	-45.559984003613366	29.977059001568097	4.079897755143374	12.661942003036334	77.19858662737653	64.45168359695317	-7.745048752180534	68.31992800944923	
56.990479202638454	2.9910913613519856	-81.69058356988168	23.557405498049334	-72.62821792801564	-9.214613796544896	22.675957135994526	-2.0282138844468447	-15.234379966601042	41.832225444100494	-56.11257590338486	-64.5052891579081	66.31473535291532	-1.4843584242144094	-24.830537375383024	36.95397655458708	-13.8371210049628	29.67141209033382	48.414535734120776	42.313159832271865	39.691808929094236	20.416558052416434	-45.556686755959475	29.820643827824412	-13.742498416705555	-7.658668645074882	75.26862716789792	57.84004008650982	50.228112260711384	67.82887353956669	
57.26815662204903	10.041053251936068	-87.42088604578795	23.304799111108203	-83.47438261949766	91.170849847306	28.111003102348977	-2.8307594058631738	-16.340675679649653	42.24304829762783	-56.451292417877404	-65.239084836491	63.08522914269346	11.145051872196667	-25.28781709548799	37.2274469043198	0.527681926377559	60.03074760889093	48.381031569780795	42.97913087110778	43.65769022712401	-40.6577588756447	-44.45810753617299	29.968170573038503	-7.0142544840141134	2.344062372834127	80.11766899951601	48.684670331467174	-40.927937833133925	68.13705829857979	
56.667605728867244	6.370543966324083	-74.85554771598885	23.580269805890918	-75.98877259962057	37.15366429922344	24.4267470916379	-2.396058657467938	-17.766201274940617	40.21422611392182	-56.27949229651282	-64.54430742836357	69.20897466043384	-0.3481111071771384	-23.816201445991126	37.81801045112997	-15.857957827289026	-5.318512558431631	47.82034302258116	42.31083335835515	29.94344504333314	5.266530918168299	-45.62566117584948	30.281864371841124	1.8209802033866351	9.460285429245356	75.5702714329902	55.43040140420478	-1.09741391804878	67.92160169166749	
56.673184054922736	4.141638233193097	-77.88992449087374	23.722939990407387	-73.42093124609224	43.97672298340357	23.20846285289803	-2.6531026987964026	-13.18804913872421	41.94414913807641	-56.306694156503035	-64.06164031490292	66.0175000260961	-1.423916560069498	-23.540994297121994	37.62697201556364	-11.399217030992176	-2.38266352667947	47.35379654115184	42.30337835594139	28.65861631286211	55.367171285181	-45.520213807957056	30.468624108141793	9.054689304239558	14.328861377039031	82.25106377473512	56.221079738182524	-10.827785056122746	68.60215115930984	
56.673184054922736	4.141638233193097	-77.88992449087374	23.722939990407387	-73.42093124609224	43.97672298340357	23.20846285289803	-2.6531026987964026	-13.18804913872421	41.94414913807641	-56.306694156503035	-64.06164031490292	66.0175000260961	-1.423916560069498	-23.540994297121994	37.62697201556364	-11.399217030992176	-2.38266352667947	47.35379654115184	42.30337835594139	28.65861631286211	55.367171285181	-45.520213807957056	30.468624108141793	9.054689304239558	14.328861377039031	82.25106377473512	56.221079738182524	-10.827785056122746	68.60215115930984	
56.61052622988943	3.3988162696706903	-76.31473837711957	23.579676433554543	-74.04704021588088	29.656996388508283	22.32356656640553	-2.624173453919543	-11.069995308730215	41.78956249993696	-56.22378776088205	-64.08006299986812	67.82597957452573	-2.721578006322685	-23.557417298102912	37.27862916434305	-2.1870261622327036	0.8014364333994812	47.37567617945609	42.26795123545719	27.77543175950227	69.61340127665541	-45.415646749076565	31.059198256756332	12.534449594298573	12.260699819477678	78.83917564942908	55.0239078596528	-13.647171575419453	68.21860356561177	
56.90195968724006	2.94844060024021	-77.3340053797053	23.42082805380773	-72.72174985491968	47.81608675367908	22.818428526271482	-2.8331412632516857	-11.212043701124733	42.79284773454028	-56.82420291735205	-64.63228055478358	66.8402287616829	-2.424238816201107	-23.642977867769844	37.28756632994186	-3.79062782491863	-5.876583508064895	47.43137885099916	42.24198050400727	29.666668849169675	76.4308102794549	-45.513875952912024	30.841163079223687	-8.230232218824817	11.950073633085461	79.08626404931749	64.75626028623827	-1.5937894221168118	68.08127073616123	
56.90567930050763	-1.1727562263155331	-81.66350282033855	23.62363892388507	-77.59997791587304	35.0413642083084	24.518762035334834	-2.6098930406012064	-15.513605767384478	42.43267536337228	-56.39494605955353	-64.47500023568878	63.81072195559971	5.870870939616136	-24.46460591086324	37.44666508490284	-12.32110423845708	20.175082684726718	47.78648859758721	42.38757376133792	37.00546746528224	-33.45043558360815	-45.54470755730621	30.016287006621432	-2.37414630140809	0.32397494929428916	78.67754345547527	52.34755262636827	16.519860086240787	67.96417086826769	
56.714259824766	4.041060409816704	-71.51109300989609	23.789799415542717	-74.41354795895273	36.687572830336656	21.68824788892191	-2.7038928128768838	-28.845490127725398	40.14719674939603	-56.52319091448044	-64.33526555274811	70.10177978369148	-1.2495070773810086	-23.921718421079103	37.490948383845655	-19.036697236269134	34.61722264263267	47.30167459221984	42.29460221198693	57.09241290943282	28.48167555984527	-45.6798527027962	30.277512129152576	30.929546563533687	8.488283780677184	76.22596424498698	48.162040089007434	-9.117443747909963	67.99478785646046	
56.713112573542155	4.426512044206748	-70.98931779632827	23.848250754017368	-74.7207579280231	44.94838620624732	20.751807422302036	-2.81369832940475	-45.678553993628014	40.083192970605324	-56.60389729929581	-64.37828116813914	70.43263068688654	-1.2941246846895835	-23.926429903569193	37.47148857799852	-16.797468514078748	40.34321573838588	47.30169889581952	42.30196811522606	69.66536059196379	45.18281657470068	-45.733008236606196	30.00735610629129	30.95631269343439	8.27581601456173	75.81879749053232	41.868432819920905	-7.682018047606508	68.00484786982491	
56.713112573542155	4.426512044206748	-70.98931779632827	23.848250754017368	-74.7207579280231	44.94838620624732	20.751807422302036	-2.81369832940475	-45.678553993628014	40.083192970605324	-56.60389729929581	-64.37828116813914	70.43263068688654	-1.2941246846895835	-23.926429903569193	37.47148857799852	-16.797468514078748	40.34321573838588	47.30169889581952	42.30196811522606	69.66536059196379	45.18281657470068	-45.733008236606196	30.00735610629129	30.95631269343439	8.27581601456173	75.81879749053232	41.868432819920905	-7.682018047606508	68.00484786982491	
56.99898609052902	-4.099275650082107	-84.42985270608125	23.677573916541007	-78.15805609368715	38.72341345678111	23.369346779543076	-2.6842702924459187	-13.258447190114797	42.34386396137156	-56.45059440561141	-64.35762258352807	63.04078575880342	4.577428885058273	-24.442977933861336	37.34768235742165	-14.810074000487885	33.796873949511586	47.71048628179153	42.4985088282669	38.51920061805078	-74.87583746151674	-45.50944730956956	30.00489634218525	3.5965040293189094	-7.901774552883954	77.21172337536028	49.24116513991745	30.00385667528946	68.06865302492022	
57.10852232891884	-5.450522112841124	-84.31917586409206	23.674056853959872	-78.06115381198035	38.821559211618975	22.52297211104459	-2.6425147799379367	-13.929195424359888	42.33770530857281	-56.43868160018588	-64.35970943132043	62.64283306060057	5.0149428417203445	-24.631139837489133	37.336334007486094	-11.955557383811492	34.0143880975415	47.783480460221824	42.53742172143807	40.01315988882372	-91.13850106424736	-45.51806415584643	30.318493529791038	-0.20078976520375047	-12.818962911834598	77.11981951545388	46.74067137900173	47.06650377166916	68.06826799818649	
56.94605846941713	1.5089590131670354	-77.86115857687409	23.61425080547584	-77.73205451537306	37.23221114035231	21.67054354316841	-2.768117349614985	-21.00399662209408	40.76407520496374	-56.51381237556454	-64.37471691796632	64.52814652890764	2.160238521167269	-24.365376370513758	37.496390895365124	-14.394136809164921	7.419127734477943	47.542159499136524	42.45999925969305	41.77352988794774	-44.090952204791826	-45.50285182338492	30.390529814679514	4.3606317570609665	-5.178698424437503	76.74909182565536	50.876910492175334	1.3674627245709345	68.0781862782449	
57.01860321069303	0.6320864854199955	-80.88216215404488	23.631906116761833	-77.57355872191063	37.099757462532686	21.778537634910077	-2.762205225605915	-20.919334639938857	40.79044760870544	-56.522230060610276	-64.37173634072516	63.05773056799236	3.2334884866202405	-24.65922113916845	37.49141829254247	-13.643349963916789	7.990616547957124	47.61383979320942	42.44934416924954	26.62216730742169	-83.31541570715973	-45.47500186098547	30.300340876537817	4.392501028523245	-15.087025299369005	76.1224658606249	50.694701602133705	8.395711259155117	68.0496857383056	
56.8907317907856	0.8471676300209543	-80.8036551413305	23.682167954443855	-75.93908523897458	37.05632282156686	21.447256773436642	-2.7134068921564207	-16.83698060516423	41.8955884807611	-56.40882195834089	-64.38114304946356	63.18384135576122	3.4257421852919023	-24.124635427675173	37.509114655274736	-12.768709785676698	-0.8363272875753731	47.52831002160637	42.362573540641904	37.78765335752605	-41.348134090226694	-45.508043469617355	30.369014118141685	-3.373670143967476	-8.651674599030688	79.36871763755039	50.23675397313093	24.140322071851735	68.32731346939774	
56.99506943877184	10.572467934976968	-90.62913727921132	23.712152111783933	-98.44080754155202	32.12594605974125	9.009815671977327	-3.2049935636135753	1.1233127141456274	42.16087200058811	-56.51580995026935	-64.36412435432537	54.07184146024547	10.027841201517349	-23.86113476460909	37.39417835358333	9.263680494468751	23.531855197321317	47.21162970955617	42.577868768749106	48.773694024215835	-12.63509643356311	-45.45019330333821	30.528129380715434	44.13465363122274	-99.99999317629623	50.478499481008285	-44.30631514264511	-22.53368036353757	68.20217882074816	
57.01644639982378	55.97209530751066	-89.61944217865555	23.73227665403458	-74.9184163283664	51.25382718267294	-8.416556861073797	-3.193711906113971	-10.91280607231883	59.04145976895511	-56.51835511068933	-64.39908104903614	52.242347051888075	-13.935042792740555	-23.944557817164345	37.366502945012485	-54.49891012562595	-23.751483612399152	47.24085421562255	42.57852341461568	-5.786652320476837	-56.0345639523336	-45.41107167386644	30.50651684333712	-15.684257005598113	-90.2042797707723	52.05939561845593	-32.15411365415848	-29.870438763669007	68.18999054870247	
60.256011183396566	-0.24570286553669338	-78.60908675531803	26.774065136392817	-32.790210638147066	31.668197791662948	-25.06814651896854	-1.4920964052278989	4.765250290415913	76.75711741848065	-56.902044204291755	-69.66720669365225	56.8619110967392	-40.42602927527599	-36.64733118782834	33.15526439747444	-20.297684868943428	17.898862583359467	51.686105083053484	42.678084930813476	67.87285911447889	67.34194690715844	-39.46395252173804	27.22142270474572	-29.05971477216849	-43.18696974230856	69.04331768797474	9.48614555323451	1.4299536372706871	66.3357024342752	
65.42447392203017	-0.22221251484918	-78.4465592880229	31.62602328524677	-35.1556216966207	31.959493373042648	-24.0716354820788	1.2222970254664176	5.072808690085185	75.41451768692988	-57.514593376881095	-78.07158867198602	57.56972951639356	-38.86651465350983	-56.91006078437962	26.436601772881403	-19.863313540934723	17.887033933222877	58.776828224578665	42.8369170262163	68.12724576057339	66.59572021077376	-29.977280601587474	21.98164269689809	-29.14416373903794	-45.904455530394664	67.25130070445735	4.934153185413343	1.6591691904622317	63.37776602885544	
65.42447392203017	-0.22221251484918	-78.4465592880229	31.62602328524677	-35.1556216966207	31.959493373042648	-24.0716354820788	1.2222970254664176	5.072808690085185	75.41451768692988	-57.514593376881095	-78.07158867198602	57.56972951639356	-38.86651465350983	-56.91006078437962	26.436601772881403	-19.863313540934723	17.887033933222877	58.776828224578665	42.8369170262163	68.12724576057339	66.59572021077376	-29.977280601587474	21.98164269689809	-29.14416373903794	-45.904455530394664	67.25130070445735	4.934153185413343	1.6591691904622317	63.37776602885544	
65.42447392203017	-0.22221251484918	-78.4465592880229	31.62602328524677	-35.1556216966207	31.959493373042648	-24.0716354820788	1.2222970254664176	5.072808690085185	75.41451768692988	-57.514593376881095	-78.07158867198602	57.56972951639356	-38.86651465350983	-56.91006078437962	26.436601772881403	-19.863313540934723	17.887033933222877	58.776828224578665	42.8369170262163	68.12724576057339	66.59572021077376	-29.977280601587474	21.98164269689809	-29.14416373903794	-45.904455530394664	67.25130070445735	4.934153185413343	1.6591691904622317	63.37776602885544	
65.42447392203017	-0.22221251484918	-78.4465592880229	31.62602328524677	-35.1556216966207	31.959493373042648	-24.0716354820788	1.2222970254664176	5.072808690085185	75.41451768692988	-57.514593376881095	-78.07158867198602	57.56972951639356	-38.86651465350983	-56.91006078437962	26.436601772881403	-19.863313540934723	17.887033933222877	58.776828224578665	42.8369170262163	68.12724576057339	66.59572021077376	-29.977280601587474	21.98164269689809	-29.14416373903794	-45.904455530394664	67.25130070445735	4.934153185413343	1.6591691904622317	63.37776602885544	
65.42447392203017	-0.22221251484918	-78.4465592880229	31.62602328524677	-35.1556216966207	31.959493373042648	-24.0716354820788	1.2222970254664176	5.072808690085185	75.41451768692988	-57.514593376881095	-78.07158867198602	57.56972951639356	-38.86651465350983	-56.91006078437962	26.436601772881403	-19.863313540934723	17.887033933222877	58.776828224578665	42.8369170262163	68.12724576057339	66.59572021077376	-29.977280601587474	21.98164269689809	-29.14416373903794	-45.904455530394664	67.25130070445735	4.934153185413343	1.6591691904622317	63.37776602885544	
65.42447392203017	-0.22221251484918	-78.4465592880229	31.62602328524677	-35.1556216966207	31.959493373042648	-24.0716354820788	1.2222970254664176	5.072808690085185	75.41451768692988	-57.514593376881095	-78.07158867198602	57.56972951639356	-38.86651465350983	-56.91006078437962	26.436601772881403	-19.863313540934723	17.887033933222877	58.776828224578665	42.8369170262163	68.12724576057339	66.59572021077376	-29.977280601587474	21.98164269689809	-29.14416373903794	-45.904455530394664	67.25130070445735	4.934153185413343	1.6591691904622317	63.37776602885544	
65.42447392203017	-0.22221251484918	-78.4465592880229	31.62602328524677	-35.1556216966207	31.959493373042648	-24.0716354820788	1.2222970254664176	5.072808690085185	75.41451768692988	-57.514593376881095	-78.07158867198602	57.56972951639356	-38.86651465350983	-56.91006078437962	26.436601772881403	-19.863313540934723	17.887033933222877	58.776828224578665	42.8369170262163	68.12724576057339	66.59572021077376	-29.977280601587474	21.98164269689809	-29.14416373903794	-45.904455530394664	67.25130070445735	4.934153185413343	1.6591691904622317	63.37776602885544	
65.42447392203017	-0.22221251484918	-78.4465592880229	31.62602328524677	-35.1556216966207	31.959493373042648	-24.0716354820788	1.2222970254664176	5.072808690085185	75.41451768692988	-57.514593376881095	-78.07158867198602	57.56972951639356	-38.86651465350983	-56.91006078437962	26.436601772881403	-19.863313540934723	17.887033933222877	58.776828224578665	42.8369170262163	68.12724576057339	66.59572021077376	-29.977280601587474	21.98164269689809	-29.14416373903794	-45.904455530394664	67.25130070445735	4.934153185413343	1.6591691904622317	63.37776602885544	
65.42447392203017	-0.22221251484918	-78.4465592880229	31.62602328524677	-35.1556216966207	31.959493373042648	-24.0716354820788	1.2222970254664176	5.072808690085185	75.41451768692988	-57.514593376881095	-78.07158867198602	57.56972951639356	-38.86651465350983	-56.91006078437962	26.436601772881403	-19.863313540934723	17.887033933222877	58.776828224578665	42.8369170262163	68.12724576057339	66.59572021077376	-29.977280601587474	21.98164269689809	-29.14416373903794	-45.904455530394664	67.25130070445735	4.934153185413343	1.6591691904622317	63.37776602885544	
65.42447392203017	-0.22221251484918	-78.4465592880229	31.62602328524677	-35.1556216966207	31.959493373042648	-24.0716354820788	1.2222970254664176	5.072808690085185	75.41451768692988	-57.514593376881095	-78.07158867198602	57.56972951639356	-38.86651465350983	-56.91006078437962	26.436601772881403	-19.863313540934723	17.887033933222877	58.776828224578665	42.8369170262163	68.12724576057339	66.59572021077376	-29.977280601587474	21.98164269689809	-29.14416373903794	-45.904455530394664	67.25130070445735	4.934153185413343	1.6591691904622317	63.37776602885544	
65.42447392203017	-0.22221251484918	-78.4465592880229	31.62602328524677	-35.1556216966207	31.959493373042648	-24.0716354820788	1.2222970254664176	5.072808690085185	75.41451768692988	-57.514593376881095	-78.07158867198602	57.56972951639356	-38.86651465350983	-56.91006078437962	26.436601772881403	-19.863313540934723	17.887033933222877	58.776828224578665	42.8369170262163	68.12724576057339	66.59572021077376	-29.977280601587474	21.98164269689809	-29.14416373903794	-45.904455530394664	67.25130070445735	4.934153185413343	1.6591691904622317	63.37776602885544	
65.42447392203017	-0.22221251484918	-78.4465592880229	31.62602328524677	-35.1556216966207	31.959493373042648	-24.0716354820788	1.2222970254664176	5.072808690085185	75.41451768692988	-57.514593376881095	-78.07158867198602	57.56972951639356	-38.86651465350983	-56.91006078437962	26.436601772881403	-19.863313540934723	17.887033933222877	58.776828224578665	42.8369170262163	68.12724576057339	66.59572021077376	-29.977280601587474	21.98164269689809	-29.14416373903794	-45.904455530394664	67.25130070445735	4.934153185413343	1.6591691904622317	63.37776602885544	
65.42447392203017	-0.22221251484918	-78.4465592880229	31.62602328524677	-35.1556216966207	31.959493373042648	-24.0716354820788	1.2222970254664176	5.072808690085185	75.41451768692988	-57.514593376881095	-78.07158867198602	57.56972951639356	-38.86651465350983	-56.91006078437962	26.436601772881403	-19.863313540934723	17.887033933222877	58.776828224578665	42.8369170262163	68.12724576057339	66.59572021077376	-29.977280601587474	21.98164269689809	-29.14416373903794	-45.904455530394664	67.25130070445735	4.934153185413343	1.6591691904622317	63.37776602885544	
65.42447392203017	-0.22221251484918	-78.4465592880229	31.62602328524677	-35.1556216966207	31.959493373042648	-24.0716354820788	1.2222970254664176	5.072808690085185	75.41451768692988	-57.514593376881095	-78.07158867198602	57.56972951639356	-38.86651465350983	-56.91006078437962	26.436601772881403	-19.863313540934723	17.887033933222877	58.776828224578665	42.8369170262163	68.12724576057339	66.59572021077376	-29.977280601587474	21.98164269689809	-29.14416373903794	-45.904455530394664	67.25130070445735	4.934153185413343	1.6591691904622317	63.37776602885544	
65.42447392203017	-0.22221251484918	-78.4465592880229	31.62602328524677	-35.1556216966207	31.959493373042648	-24.0716354820788	1.2222970254664176	5.072808690085185	75.41451768692988	-57.514593376881095	-78.07158867198602	57.56972951639356	-38.86651465350983	-56.91006078437962	26.436601772881403	-19.863313540934723	17.887033933222877	58.776828224578665	42.8369170262163	68.12724576057339	66.59572021077376	-29.977280601587474	21.98164269689809	-29.14416373903794	-45.904455530394664	67.25130070445735	4.934153185413343	1.6591691904622317	63.37776602885544	
65.42447392203017	-0.22221251484918	-78.4465592880229	31.62602328524677	-35.1556216966207	31.959493373042648	-24.0716354820788	1.2222970254664176	5.072808690085185	75.41451768692988	-57.514593376881095	-78.07158867198602	57.56972951639356	-38.86651465350983	-56.91006078437962	26.436601772881403	-19.863313540934723	17.887033933222877	58.776828224578665	42.8369170262163	68.12724576057339	66.59572021077376	-29.977280601587474	21.98164269689809	-29.14416373903794	-45.904455530394664	67.25130070445735	4.934153185413343	1.6591691904622317	63.37776602885544	
65.42447392203017	-0.22221251484918	-78.4465592880229	31.62602328524677	-35.1556216966207	31.959493373042648	-24.0716354820788	1.2222970254664176	5.072808690085185	75.41451768692988	-57.514593376881095	-78.07158867198602	57.56972951639356	-38.86651465350983	-56.91006078437962	26.436601772881403	-19.863313540934723	17.887033933222877	58.776828224578665	42.8369170262163	68.12724576057339	66.59572021077376	-29.977280601587474	21.98164269689809	-29.14416373903794	-45.904455530394664	67.25130070445735	4.934153185413343	1.6591691904622317	63.37776602885544	
65.42447392203017	-0.22221251484918	-78.4465592880229	31.62602328524677	-35.1556216966207	31.959493373042648	-24.0716354820788	1.2222970254664176	5.072808690085185	75.41451768692988	-57.514593376881095	-78.07158867198602	57.56972951639356	-38.86651465350983	-56.91006078437962	26.436601772881403	-19.863313540934723	17.887033933222877	58.776828224578665	42.8369170262163	68.12724576057339	66.59572021077376	-29.977280601587474	21.98164269689809	-29.14416373903794	-45.904455530394664	67.25130070445735	4.934153185413343	1.6591691904622317	63.37776602885544	
65.42447392203017	-0.22221251484918	-78.4465592880229	31.62602328524677	-35.1556216966207	31.959493373042648	-24.0716354820788	1.2222970254664176	5.072808690085185	75.41451768692988	-57.514593376881095	-78.07158867198602	57.56972951639356	-38.86651465350983	-56.91006078437962	26.436601772881403	-19.863313540934723	17.887033933222877	58.776828224578665	42.8369170262163	68.12724576057339	66.59572021077376	-29.977280601587474	21.98164269689809	-29.14416373903794	-45.904455530394664	67.25130070445735	4.934153185413343	1.6591691904622317	63.37776602885544	
65.42447392203017	-0.22221251484918	-78.4465592880229	31.62602328524677	-35.1556216966207	31.959493373042648	-24.0716354820788	1.2222970254664176	5.072808690085185	75.41451768692988	-57.514593376881095	-78.07158867198602	57.56972951639356	-38.86651465350983	-56.91006078437962	26.436601772881403	-19.863313540934723	17.887033933222877	58.776828224578665	42.8369170262163	68.12724576057339	66.59572021077376	-29.977280601587474	21.98164269689809	-29.14416373903794	-45.904455530394664	67.25130070445735	4.934153185413343	1.6591691904622317	63.37776602885544	
65.42447392203017	-0.22221251484918	-78.4465592880229	31.62602328524677	-35.1556216966207	31.959493373042648	-24.0716354820788	1.2222970254664176	5.072808690085185	75.41451768692988	-57.514593376881095	-78.07158867198602	57.56972951639356	-38.86651465350983	-56.91006078437962	26.436601772881403	-19.863313540934723	17.887033933222877	58.776828224578665	42.8369170262163	68.12724576057339	66.59572021077376	-29.977280601587474	21.98164269689809	-29.14416373903794	-45.904455530394664	67.25130070445735	4.934153185413343	1.6591691904622317	63.37776602885544	
65.42447392203017	-0.22221251484918	-78.4465592880229	31.62602328524677	-35.1556216966207	31.959493373042648	-24.0716354820788	1.2222970254664176	5.072808690085185	75.41451768692988	-57.514593376881095	-78.07158867198602	57.56972951639356	-38.86651465350983	-56.91006078437962	26.436601772881403	-19.863313540934723	17.887033933222877	58.776828224578665	42.8369170262163	68.12724576057339	66.59572021077376	-29.977280601587474	21.98164269689809	-29.14416373903794	-45.904455530394664	67.25130070445735	4.934153185413343	1.6591691904622317	63.37776602885544	
65.42447392203017	-0.22221251484918	-78.4465592880229	31.62602328524677	-35.1556216966207	31.959493373042648	-24.0716354820788	1.2222970254664176	5.072808690085185	75.41451768692988	-57.514593376881095	-78.07158867198602	57.56972951639356	-38.86651465350983	-56.91006078437962	26.436601772881403	-19.863313540934723	17.887033933222877	58.776828224578665	42.8369170262163	68.12724576057339	66.59572021077376	-29.977280601587474	21.98164269689809	-29.14416373903794	-45.904455530394664	67.25130070445735	4.934153185413343	1.6591691904622317	63.37776602885544	
65.42447392203017	-0.22221251484918	-78.4465592880229	31.62602328524677	-35.1556216966207	31.959493373042648	-24.0716354820788	1.2222970254664176	5.072808690085185	75.41451768692988	-57.514593376881095	-78.07158867198602	57.56972951639356	-38.86651465350983	-56.91006078437962	26.436601772881403	-19.863313540934723	17.887033933222877	58.776828224578665	42.8369170262163	68.12724576057339	66.59572021077376	-29.977280601587474	21.98164269689809	-29.14416373903794	-45.904455530394664	67.25130070445735	4.934153185413343	1.6591691904622317	63.37776602885544	
65.42447392203017	-0.22221251484918	-78.4465592880229	31.62602328524677	-35.1556216966207	31.959493373042648	-24.0716354820788	1.2222970254664176	5.072808690085185	75.41451768692988	-57.514593376881095	-78.07158867198602	57.56972951639356	-38.86651465350983	-56.91006078437962	26.436601772881403	-19.863313540934723	17.887033933222877	58.776828224578665	42.8369170262163	68.12724576057339	66.59572021077376	-29.977280601587474	21.98164269689809	-29.14416373903794	-45.904455530394664	67.25130070445735	4.934153185413343	1.6591691904622317	63.37776602885544	
65.42447392203017	-0.22221251484918	-78.4465592880229	31.62602328524677	-35.1556216966207	31.959493373042648	-24.0716354820788	1.2222970254664176	5.072808690085185	75.41451768692988	-57.514593376881095	-78.07158867198602	57.56972951639356	-38.86651465350983	-56.91006078437962	26.436601772881403	-19.863313540934723	17.887033933222877	58.776828224578665	42.8369170262163	68.12724576057339	66.59572021077376	-29.977280601587474	21.98164269689809	-29.14416373903794	-45.904455530394664	67.25130070445735	4.934153185413343	1.6591691904622317	63.37776602885544	
65.42447392203017	-0.22221251484918	-78.4465592880229	31.62602328524677	-35.1556216966207	31.959493373042648	-24.0716354820788	1.2222970254664176	5.072808690085185	75.41451768692988	-57.514593376881095	-78.07158867198602	57.56972951639356	-38.86651465350983	-56.91006078437962	26.436601772881403	-19.863313540934723	17.887033933222877	58.776828224578665	42.8369170262163	68.12724576057339	66.59572021077376	-29.977280601587474	21.98164269689809	-29.14416373903794	-45.904455530394664	67.25130070445735	4.934153185413343	1.6591691904622317	63.37776602885544	
65.42447392203017	-0.22221251484918	-78.4465592880229	31.62602328524677	-35.1556216966207	31.959493373042648	-24.0716354820788	1.2222970254664176	5.072808690085185	75.41451768692988	-57.514593376881095	-78.07158867198602	57.56972951639356	-38.86651465350983	-56.91006078437962	26.436601772881403	-19.863313540934723	17.887033933222877	58.776828224578665	42.8369170262163	68.12724576057339	66.59572021077376	-29.977280601587474	21.98164269689809	-29.14416373903794	-45.904455530394664	67.25130070445735	4.934153185413343	1.6591691904622317	63.37776602885544	
65.42447392203017	-0.22221251484918	-78.4465592880229	31.62602328524677	-35.1556216966207	31.959493373042648	-24.0716354820788	1.2222970254664176	5.072808690085185	75.41451768692988	-57.514593376881095	-78.07158867198602	57.56972951639356	-38.86651465350983	-56.91006078437962	26.436601772881403	-19.863313540934723	17.887033933222877	58.776828224578665	42.8369170262163	68.12724576057339	66.59572021077376	-29.977280601587474	21.98164269689809	-29.14416373903794	-45.904455530394664	67.25130070445735	4.934153185413343	1.6591691904622317	63.37776602885544	
65.42447392203017	-0.22221251484918	-78.4465592880229	31.62602328524677	-35.1556216966207	31.959493373042648	-24.0716354820788	1.2222970254664176	5.072808690085185	75.41451768692988	-57.514593376881095	-78.07158867198602	57.56972951639356	-38.86651465350983	-56.91006078437962	26.436601772881403	-19.863313540934723	17.887033933222877	58.776828224578665	42.8369170262163	68.12724576057339	66.59572021077376	-29.977280601587474	21.98164269689809	-29.14416373903794	-45.904455530394664	67.25130070445735	4.934153185413343	1.6591691904622317	63.37776602885544	
65.42447392203017	-0.22221251484918	-78.4465592880229	31.62602328524677	-35.1556216966207	31.959493373042648	-24.0716354820788	1.2222970254664176	5.072808690085185	75.41451768692988	-57.514593376881095	-78.07158867198602	57.56972951639356	-38.86651465350983	-56.91006078437962	26.436601772881403	-19.863313540934723	17.887033933222877	58.776828224578665	42.8369170262163	68.12724576057339	66.59572021077376	-29.977280601587474	21.98164269689809	-29.14416373903794	-45.904455530394664	67.25130070445735	4.934153185413343	1.6591691904622317	63.37776602885544	
65.42447392203017	-0.22221251484918	-78.4465592880229	31.62602328524677	-35.1556216966207	31.959493373042648	-24.0716354820788	1.2222970254664176	5.072808690085185	75.41451768692988	-57.514593376881095	-78.07158867198602	57.56972951639356	-38.86651465350983	-56.91006078437962	26.436601772881403	-19.863313540934723	17.887033933222877	58.776828224578665	42.8369170262163	68.12724576057339	66.59572021077376	-29.977280601587474	21.98164269689809	-29.14416373903794	-45.904455530394664	67.25130070445735	4.934153185413343	1.6591691904622317	63.37776602885544	
65.42447392203017	-0.22221251484918	-78.4465592880229	31.62602328524677	-35.1556216966207	31.959493373042648	-24.0716354820788	1.2222970254664176	5.072808690085185	75.41451768692988	-57.514593376881095	-78.07158867198602	57.56972951639356	-38.86651465350983	-56.91006078437962	26.436601772881403	-19.863313540934723	17.887033933222877	58.776828224578665	42.8369170262163	68.12724576057339	66.59572021077376	-29.977280601587474	21.98164269689809	-29.14416373903794	-45.904455530394664	67.25130070445735	4.934153185413343	1.6591691904622317	63.37776602885544	
65.42447392203017	-0.22221251484918	-78.4465592880229	31.62602328524677	-35.1556216966207	31.959493373042648	-24.0716354820788	1.2222970254664176	5.072808690085185	75.41451768692988	-57.514593376881095	-78.07158867198602	57.56972951639356	-38.86651465350983	-56.91006078437962	26.436601772881403	-19.863313540934723	17.887033933222877	58.776828224578665	42.8369170262163	68.12724576057339	66.59572021077376	-29.977280601587474	21.98164269689809	-29.14416373903794	-45.904455530394664	67.25130070445735	4.934153185413343	1.6591691904622317	63.37776602885544	
65.42447392203017	-0.22221251484918	-78.4465592880229	31.62602328524677	-35.1556216966207	31.959493373042648	-24.0716354820788	1.2222970254664176	5.072808690085185	75.41451768692988	-57.514593376881095	-78.07158867198602	57.56972951639356	-38.86651465350983	-56.91006078437962	26.436601772881403	-19.863313540934723	17.887033933222877	58.776828224578665	42.8369170262163	68.12724576057339	66.59572021077376	-29.977280601587474	21.98164269689809	-29.14416373903794	-45.904455530394664	67.25130070445735	4.934153185413343	1.6591691904622317	63.37776602885544	
65.42447392203017	-0.22221251484918	-78.4465592880229	31.62602328524677	-35.1556216966207	31.959493373042648	-24.0716354820788	1.2222970254664176	5.072808690085185	75.41451768692988	-57.514593376881095	-78.07158867198602	57.56972951639356	-38.86651465350983	-56.91006078437962	26.436601772881403	-19.863313540934723	17.887033933222877	58.776828224578665	42.8369170262163	68.12724576057339	66.59572021077376	-29.977280601587474	21.98164269689809	-29.14416373903794	-45.904455530394664	67.25130070445735	4.934153185413343	1.6591691904622317	63.37776602885544	
65.42447392203017	-0.22221251484918	-78.4465592880229	31.62602328524677	-35.1556216966207	31.959493373042648	-24.0716354820788	1.2222970254664176	5.072808690085185	75.41451768692988	-57.514593376881095	-78.07158867198602	57.56972951639356	-38.86651465350983	-56.91006078437962	26.436601772881403	-19.863313540934723	17.887033933222877	58.776828224578665	42.8369170262163	68.12724576057339	66.59572021077376	-29.977280601587474	21.98164269689809	-29.14416373903794	-45.904455530394664	67.25130070445735	4.934153185413343	1.6591691904622317	63.37776602885544	
65.42447392203017	-0.22221251484918	-78.4465592880229	31.62602328524677	-35.1556216966207	31.959493373042648	-24.0716354820788	1.2222970254664176	5.072808690085185	75.41451768692988	-57.514593376881095	-78.07158867198602	57.56972951639356	-38.86651465350983	-56.91006078437962	26.436601772881403	-19.863313540934723	17.887033933222877	58.776828224578665	42.8369170262163	68.12724576057339	66.59572021077376	-29.977280601587474	21.98164269689809	-29.14416373903794	-45.904455530394664	67.25130070445735	4.934153185413343	1.6591691904622317	63.37776602885544	
65.42447392203017	-0.22221251484918	-78.4465592880229	31.62602328524677	-35.1556216966207	31.959493373042648	-24.0716354820788	1.2222970254664176	5.072808690085185	75.41451768692988	-57.514593376881095	-78.07158867198602	57.56972951639356	-38.86651465350983	-56.91006078437962	26.436601772881403	-19.863313540934723	17.887033933222877	58.776828224578665	42.8369170262163	68.12724576057339	66.59572021077376	-29.977280601587474	21.98164269689809	-29.14416373903794	-45.904455530394664	67.25130070445735	4.934153185413343	1.6591691904622317	63.37776602885544	
65.42447392203017	-0.22221251484918	-78.4465592880229	31.62602328524677	-35.1556216966207	31.959493373042648	-24.0716354820788	1.2222970254664176	5.072808690085185	75.41451768692988	-57.514593376881095	-78.07158867198602	57.56972951639356	-38.86651465350983	-56.91006078437962	26.436601772881403	-19.863313540934723	17.887033933222877	58.776828224578665	42.8369170262163	68.12724576057339	66.59572021077376	-29.977280601587474	21.98164269689809	-29.14416373903794	-45.904455530394664	67.25130070445735	4.934153185413343	1.6591691904622317	63.37776602885544	
65.42447392203017	-0.22221251484918	-78.4465592880229	31.62602328524677	-35.1556216966207	31.959493373042648	-24.0716354820788	1.2222970254664176	5.072808690085185	75.41451768692988	-57.514593376881095	-78.07158867198602	57.56972951639356	-38.86651465350983	-56.91006078437962	26.436601772881403	-19.863313540934723	17.887033933222877	58.776828224578665	42.8369170262163	68.12724576057339	66.59572021077376	-29.977280601587474	21.98164269689809	-29.14416373903794	-45.904455530394664	67.25130070445735	4.934153185413343	1.6591691904622317	63.37776602885544	
65.42447392203017	-0.22221251484918	-78.4465592880229	31.62602328524677	-35.1556216966207	31.959493373042648	-24.0716354820788	1.2222970254664176	5.072808690085185	75.41451768692988	-57.514593376881095	-78.07158867198602	57.56972951639356	-38.86651465350983	-56.91006078437962	26.436601772881403	-19.863313540934723	17.887033933222877	58.776828224578665	42.8369170262163	68.12724576057339	66.59572021077376	-29.977280601587474	21.98164269689809	-29.14416373903794	-45.904455530394664	67.25130070445735	4.934153185413343	1.6591691904622317	63.37776602885544	
65.42447392203017	-0.22221251484918	-78.4465592880229	31.62602328524677	-35.1556216966207	31.959493373042648	-24.0716354820788	1.2222970254664176	5.072808690085185	75.41451768692988	-57.514593376881095	-78.07158867198602	57.56972951639356	-38.86651465350983	-56.91006078437962	26.436601772881403	-19.863313540934723	17.887033933222877	58.776828224578665	42.8369170262163	68.12724576057339	66.59572021077376	-29.977280601587474	21.98164269689809	-29.14416373903794	-45.904455530394664	67.25130070445735	4.934153185413343	1.6591691904622317	63.37776602885544	
65.42447392203017	-0.22221251484918	-78.4465592880229	31.62602328524677	-35.1556216966207	31.959493373042648	-24.0716354820788	1.2222970254664176	5.072808690085185	75.41451768692988	-57.514593376881095	-78.07158867198602	57.56972951639356	-38.86651465350983	-56.91006078437962	26.436601772881403	-19.863313540934723	17.887033933222877	58.776828224578665	42.8369170262163	68.12724576057339	66.59572021077376	-29.977280601587474	21.98164269689809	-29.14416373903794	-45.904455530394664	67.25130070445735	4.934153185413343	1.6591691904622317	63.37776602885544	
65.42447392203017	-0.22221251484918	-78.4465592880229	31.62602328524677	-35.1556216966207	31.959493373042648	-24.0716354820788	1.2222970254664176	5.072808690085185	75.41451768692988	-57.514593376881095	-78.07158867198602	57.56972951639356	-38.86651465350983	-56.91006078437962	26.436601772881403	-19.863313540934723	17.887033933222877	58.776828224578665	42.8369170262163	68.12724576057339	66.59572021077376	-29.977280601587474	21.98164269689809	-29.14416373903794	-45.904455530394664	67.25130070445735	4.934153185413343	1.6591691904622317	63.37776602885544	
65.42447392203017	-0.22221251484918	-78.4465592880229	31.62602328524677	-35.1556216966207	31.959493373042648	-24.0716354820788	1.2222970254664176	5.072808690085185	75.41451768692988	-57.514593376881095	-78.07158867198602	57.56972951639356	-38.86651465350983	-56.91006078437962	26.436601772881403	-19.863313540934723	17.887033933222877	58.776828224578665	42.8369170262163	68.12724576057339	66.59572021077376	-29.977280601587474	21.98164269689809	-29.14416373903794	-45.904455530394664	67.25130070445735	4.934153185413343	1.6591691904622317	63.37776602885544	
65.42447392203017	-0.22221251484918	-78.4465592880229	31.62602328524677	-35.1556216966207	31.959493373042648	-24.0716354820788	1.2222970254664176	5.072808690085185	75.41451768692988	-57.514593376881095	-78.07158867198602	57.56972951639356	-38.86651465350983	-56.91006078437962	26.436601772881403	-19.863313540934723	17.887033933222877	58.776828224578665	42.8369170262163	68.12724576057339	66.59572021077376	-29.977280601587474	21.98164269689809	-29.14416373903794	-45.904455530394664	67.25130070445735	4.934153185413343	1.6591691904622317	63.37776602885544	
65.42447392203017	-0.22221251484918	-78.4465592880229	31.62602328524677	-35.1556216966207	31.959493373042648	-24.0716354820788	1.2222970254664176	5.072808690085185	75.41451768692988	-57.514593376881095	-78.07158867198602	57.56972951639356	-38.86651465350983	-56.91006078437962	26.436601772881403	-19.863313540934723	17.887033933222877	58.776828224578665	42.8369170262163	68.12724576057339	66.59572021077376	-29.977280601587474	21.98164269689809	-29.14416373903794	-45.904455530394664	67.25130070445735	4.934153185413343	1.6591691904622317	63.37776602885544	
65.42447392203017	-0.22221251484918	-78.4465592880229	31.62602328524677	-35.1556216966207	31.959493373042648	-24.0716354820788	1.2222970254664176	5.072808690085185	75.41451768692988	-57.514593376881095	-78.07158867198602	57.56972951639356	-38.86651465350983	-56.91006078437962	26.436601772881403	-19.863313540934723	17.887033933222877	58.776828224578665	42.8369170262163	68.12724576057339	66.59572021077376	-29.977280601587474	21.98164269689809	-29.14416373903794	-45.904455530394664	67.25130070445735	4.934153185413343	1.6591691904622317	63.37776602885544	
65.42447392203017	-0.22221251484918	-78.4465592880229	31.62602328524677	-35.1556216966207	31.959493373042648	-24.0716354820788	1.2222970254664176	5.072808690085185	75.41451768692988	-57.514593376881095	-78.07158867198602	57.56972951639356	-38.86651465350983	-56.91006078437962	26.436601772881403	-19.863313540934723	17.887033933222877	58.776828224578665	42.8369170262163	68.12724576057339	66.59572021077376	-29.977280601587474	21.98164269689809	-29.14416373903794	-45.904455530394664	67.25130070445735	4.934153185413343	1.6591691904622317	63.37776602885544	
65.42447392203017	-0.22221251484918	-78.4465592880229	31.62602328524677	-35.1556216966207	31.959493373042648	-24.0716354820788	1.2222970254664176	5.072808690085185	75.41451768692988	-57.514593376881095	-78.07158867198602	57.56972951639356	-38.86651465350983	-56.91006078437962	26.436601772881403	-19.863313540934723	17.887033933222877	58.776828224578665	42.8369170262163	68.12724576057339	66.59572021077376	-29.977280601587474	21.98164269689809	-29.14416373903794	-45.904455530394664	67.25130070445735	4.934153185413343	1.6591691904622317	63.37776602885544	
65.42447392203017	-0.22221251484918	-78.4465592880229	31.62602328524677	-35.1556216966207	31.959493373042648	-24.0716354820788	1.2222970254664176	5.072808690085185	75.41451768692988	-57.514593376881095	-78.07158867198602	57.56972951639356	-38.86651465350983	-56.91006078437962	26.436601772881403	-19.863313540934723	17.887033933222877	58.776828224578665	42.8369170262163	68.12724576057339	66.59572021077376	-29.977280601587474	21.98164269689809	-29.14416373903794	-45.904455530394664	67.25130070445735	4.934153185413343	1.6591691904622317	63.37776602885544	
65.42447392203017	-0.22221251484918	-78.4465592880229	31.62602328524677	-35.1556216966207	31.959493373042648	-24.0716354820788	1.2222970254664176	5.072808690085185	75.41451768692988	-57.514593376881095	-78.07158867198602	57.56972951639356	-38.86651465350983	-56.91006078437962	26.436601772881403	-19.863313540934723	17.887033933222877	58.776828224578665	42.8369170262163	68.12724576057339	66.59572021077376	-29.977280601587474	21.98164269689809	-29.14416373903794	-45.904455530394664	67.25130070445735	4.934153185413343	1.6591691904622317	63.37776602885544	
65.42447392203017	-0.22221251484918	-78.4465592880229	31.62602328524677	-35.1556216966207	31.959493373042648	-24.0716354820788	1.2222970254664176	5.072808690085185	75.41451768692988	-57.514593376881095	-78.07158867198602	57.56972951639356	-38.86651465350983	-56.91006078437962	26.436601772881403	-19.863313540934723	17.887033933222877	58.776828224578665	42.8369170262163	68.12724576057339	66.59572021077376	-29.977280601587474	21.98164269689809	-29.14416373903794	-45.904455530394664	67.25130070445735	4.934153185413343	1.6591691904622317	63.37776602885544	
65.42447392203017	-0.22221251484918	-78.4465592880229	31.62602328524677	-35.1556216966207	31.959493373042648	-24.0716354820788	1.2222970254664176	5.072808690085185	75.41451768692988	-57.514593376881095	-78.07158867198602	57.56972951639356	-38.86651465350983	-56.91006078437962	26.436601772881403	-19.863313540934723	17.887033933222877	58.776828224578665	42.8369170262163	68.12724576057339	66.59572021077376	-29.977280601587474	21.98164269689809	-29.14416373903794	-45.904455530394664	67.25130070445735	4.934153185413343	1.6591691904622317	63.37776602885544	
65.42447392203017	-0.22221251484918	-78.4465592880229	31.62602328524677	-35.1556216966207	31.959493373042648	-24.0716354820788	1.2222970254664176	5.072808690085185	75.41451768692988	-57.514593376881095	-78.07158867198602	57.56972951639356	-38.86651465350983	-56.91006078437962	26.436601772881403	-19.863313540934723	17.887033933222877	58.776828224578665	42.8369170262163	68.12724576057339	66.59572021077376	-29.977280601587474	21.98164269689809	-29.14416373903794	-45.904455530394664	67.25130070445735	4.934153185413343	1.6591691904622317	63.37776602885544	
65.42447392203017	-0.22221251484918	-78.4465592880229	31.62602328524677	-35.1556216966207	31.959493373042648	-24.0716354820788	1.2222970254664176	5.072808690085185	75.41451768692988	-57.514593376881095	-78.07158867198602	57.56972951639356	-38.86651465350983	-56.91006078437962	26.436601772881403	-19.863313540934723	17.887033933222877	58.776828224578665	42.8369170262163	68.12724576057339	66.59572021077376	-29.977280601587474	21.98164269689809	-29.14416373903794	-45.904455530394664	67.25130070445735	4.934153185413343	1.6591691904622317	63.37776602885544	
65.42447392203017	-0.22221251484918	-78.4465592880229	31.62602328524677	-35.1556216966207	31.959493373042648	-24.0716354820788	1.2222970254664176	5.072808690085185	75.41451768692988	-57.514593376881095	-78.07158867198602	57.56972951639356	-38.86651465350983	-56.91006078437962	26.436601772881403	-19.863313540934723	17.887033933222877	58.776828224578665	42.8369170262163	68.12724576057339	66.59572021077376	-29.977280601587474	21.98164269689809	-29.14416373903794	-45.904455530394664	67.25130070445735	4.934153185413343	1.6591691904622317	63.37776602885544	
65.42447392203017	-0.22221251484918	-78.4465592880229	31.62602328524677	-35.1556216966207	31.959493373042648	-24.0716354820788	1.2222970254664176	5.072808690085185	75.41451768692988	-57.514593376881095	-78.07158867198602	57.56972951639356	-38.86651465350983	-56.91006078437962	26.436601772881403	-19.863313540934723	17.887033933222877	58.776828224578665	42.8369170262163	68.12724576057339	66.59572021077376	-29.977280601587474	21.98164269689809	-29.14416373903794	-45.904455530394664	67.25130070445735	4.934153185413343	1.6591691904622317	63.37776602885544	
65.42447392203017	-0.22221251484918	-78.4465592880229	31.62602328524677	-35.1556216966207	31.959493373042648	-24.0716354820788	1.2222970254664176	5.072808690085185	75.41451768692988	-57.514593376881095	-78.07158867198602	57.56972951639356	-38.86651465350983	-56.91006078437962	26.436601772881403	-19.863313540934723	17.887033933222877	58.776828224578665	42.8369170262163	68.12724576057339	66.59572021077376	-29.977280601587474	21.98164269689809	-29.14416373903794	-45.904455530394664	67.25130070445735	4.934153185413343	1.6591691904622317	63.37776602885544	
65.42447392203017	-0.22221251484918	-78.4465592880229	31.62602328524677	-35.1556216966207	31.959493373042648	-24.0716354820788	1.2222970254664176	5.072808690085185	75.41451768692988	-57.514593376881095	-78.07158867198602	57.56972951639356	-38.86651465350983	-56.91006078437962	26.436601772881403	-19.863313540934723	17.887033933222877	58.776828224578665	42.8369170262163	68.12724576057339	66.59572021077376	-29.977280601587474	21.98164269689809	-29.14416373903794	-45.904455530394664	67.25130070445735	4.934153185413343	1.6591691904622317	63.37776602885544	
65.42447392203017	-0.22221251484918	-78.4465592880229	31.62602328524677	-35.1556216966207	31.959493373042648	-24.0716354820788	1.2222970254664176	5.072808690085185	75.41451768692988	-57.514593376881095	-78.07158867198602	57.56972951639356	-38.86651465350983	-56.91006078437962	26.436601772881403	-19.863313540934723	17.887033933222877	58.776828224578665	42.8369170262163	68.12724576057339	66.59572021077376	-29.977280601587474	21.98164269689809	-29.14416373903794	-45.904455530394664	67.25130070445735	4.934153185413343	1.6591691904622317	63.37776602885544	
65.42447392203017	-0.22221251484918	-78.4465592880229	31.62602328524677	-35.1556216966207	31.959493373042648	-24.0716354820788	1.2222970254664176	5.072808690085185	75.41451768692988	-57.514593376881095	-78.07158867198602	57.56972951639356	-38.86651465350983	-56.91006078437962	26.436601772881403	-19.863313540934723	17.887033933222877	58.776828224578665	42.8369170262163	68.12724576057339	66.59572021077376	-29.977280601587474	21.98164269689809	-29.14416373903794	-45.904455530394664	67.25130070445735	4.934153185413343	1.6591691904622317	63.37776602885544	
65.42447392203017	-0.22221251484918	-78.4465592880229	31.62602328524677	-35.1556216966207	31.959493373042648	-24.0716354820788	1.2222970254664176	5.072808690085185	75.41451768692988	-57.514593376881095	-78.07158867198602	57.56972951639356	-38.86651465350983	-56.91006078437962	26.436601772881403	-19.863313540934723	17.887033933222877	58.776828224578665	42.8369170262163	68.12724576057339	66.59572021077376	-29.977280601587474	21.98164269689809	-29.14416373903794	-45.904455530394664	67.25130070445735	4.934153185413343	1.6591691904622317	63.37776602885544	
65.42447392203017	-0.22221251484918	-78.4465592880229	31.62602328524677	-35.1556216966207	31.959493373042648	-24.0716354820788	1.2222970254664176	5.072808690085185	75.41451768692988	-57.514593376881095	-78.07158867198602	57.56972951639356	-38.86651465350983	-56.91006078437962	26.436601772881403	-19.863313540934723	17.887033933222877	58.776828224578665	42.8369170262163	68.12724576057339	66.59572021077376	-29.977280601587474	21.98164269689809	-29.14416373903794	-45.904455530394664	67.25130070445735	4.934153185413343	1.6591691904622317	63.37776602885544	
65.42447392203017	-0.22221251484918	-78.4465592880229	31.62602328524677	-35.1556216966207	31.959493373042648	-24.0716354820788	1.2222970254664176	5.072808690085185	75.41451768692988	-57.514593376881095	-78.07158867198602	57.56972951639356	-38.86651465350983	-56.91006078437962	26.436601772881403	-19.863313540934723	17.887033933222877	58.776828224578665	42.8369170262163	68.12724576057339	66.59572021077376	-29.977280601587474	21.98164269689809	-29.14416373903794	-45.904455530394664	67.25130070445735	4.934153185413343	1.6591691904622317	63.37776602885544	
65.42447392203017	-0.22221251484918	-78.4465592880229	31.62602328524677	-35.1556216966207	31.959493373042648	-24.0716354820788	1.2222970254664176	5.072808690085185	75.41451768692988	-57.514593376881095	-78.07158867198602	57.56972951639356	-38.86651465350983	-56.91006078437962	26.436601772881403	-19.863313540934723	17.887033933222877	58.776828224578665	42.8369170262163	68.12724576057339	66.59572021077376	-29.977280601587474	21.98164269689809	-29.14416373903794	-45.904455530394664	67.25130070445735	4.934153185413343	1.6591691904622317	63.37776602885544	
65.42447392203017	-0.22221251484918	-78.4465592880229	31.62602328524677	-35.1556216966207	31.959493373042648	-24.0716354820788	1.2222970254664176	5.072808690085185	75.41451768692988	-57.514593376881095	-78.07158867198602	57.56972951639356	-38.86651465350983	-56.91006078437962	26.436601772881403	-19.863313540934723	17.887033933222877	58.776828224578665	42.8369170262163	68.12724576057339	66.59572021077376	-29.977280601587474	21.98164269689809	-29.14416373903794	-45.904455530394664	67.25130070445735	4.934153185413343	1.6591691904622317	63.37776602885544	
65.42447392203017	-0.22221251484918	-78.4465592880229	31.62602328524677	-35.1556216966207	31.959493373042648	-24.0716354820788	1.2222970254664176	5.072808690085185	75.41451768692988	-57.514593376881095	-78.07158867198602	57.56972951639356	-38.86651465350983	-56.91006078437962	26.436601772881403	-19.863313540934723	17.887033933222877	58.776828224578665	42.8369170262163	68.12724576057339	66.59572021077376	-29.977280601587474	21.98164269689809	-29.14416373903794	-45.904455530394664	67.25130070445735	4.934153185413343	1.6591691904622317	63.37776602885544	
65.42447392203017	-0.22221251484918	-78.4465592880229	31.62602328524677	-35.1556216966207	31.959493373042648	-24.0716354820788	1.2222970254664176	5.072808690085185	75.41451768692988	-57.514593376881095	-78.07158867198602	57.56972951639356	-38.86651465350983	-56.91006078437962	26.436601772881403	-19.863313540934723	17.887033933222877	58.776828224578665	42.8369170262163	68.12724576057339	66.59572021077376	-29.977280601587474	21.98164269689809	-29.14416373903794	-45.904455530394664	67.25130070445735	4.934153185413343	1.6591691904622317	63.37776602885544	
65.42447392203017	-0.22221251484918	-78.4465592880229	31.62602328524677	-35.1556216966207	31.959493373042648	-24.0716354820788	1.2222970254664176	5.072808690085185	75.41451768692988	-57.514593376881095	-78.07158867198602	57.56972951639356	-38.86651465350983	-56.91006078437962	26.436601772881403	-19.863313540934723	17.887033933222877	58.776828224578665	42.8369170262163	68.12724576057339	66.59572021077376	-29.977280601587474	21.98164269689809	-29.14416373903794	-45.904455530394664	67.25130070445735	4.934153185413343	1.6591691904622317	63.37776602885544	
65.42447392203017	-0.22221251484918	-78.4465592880229	31.62602328524677	-35.1556216966207	31.959493373042648	-24.0716354820788	1.2222970254664176	5.072808690085185	75.41451768692988	-57.514593376881095	-78.07158867198602	57.56972951639356	-38.86651465350983	-56.91006078437962	26.436601772881403	-19.863313540934723	17.887033933222877	58.776828224578665	42.8369170262163	68.12724576057339	66.59572021077376	-29.977280601587474	21.98164269689809	-29.14416373903794	-45.904455530394664	67.25130070445735	4.934153185413343	1.6591691904622317	63.37776602885544	
65.42447392203017	-0.22221251484918	-78.4465592880229	31.62602328524677	-35.1556216966207	31.959493373042648	-24.0716354820788	1.2222970254664176	5.072808690085185	75.41451768692988	-57.514593376881095	-78.07158867198602	57.56972951639356	-38.86651465350983	-56.91006078437962	26.436601772881403	-19.863313540934723	17.887033933222877	58.776828224578665	42.8369170262163	68.12724576057339	66.59572021077376	-29.977280601587474	21.98164269689809	-29.14416373903794	-45.904455530394664	67.25130070445735	4.934153185413343	1.6591691904622317	63.37776602885544	
65.42447392203017	-0.22221251484918	-78.4465592880229	31.62602328524677	-35.1556216966207	31.959493373042648	-24.0716354820788	1.2222970254664176	5.072808690085185	75.41451768692988	-57.514593376881095	-78.07158867198602	57.56972951639356	-38.86651465350983	-56.91006078437962	26.436601772881403	-19.863313540934723	17.887033933222877	58.776828224578665	42.8369170262163	68.12724576057339	66.59572021077376	-29.977280601587474	21.98164269689809	-29.14416373903794	-45.904455530394664	67.25130070445735	4.934153185413343	1.6591691904622317	63.37776602885544	
65.42447392203017	-0.22221251484918	-78.4465592880229	31.62602328524677	-35.1556216966207	31.959493373042648	-24.0716354820788	1.2222970254664176	5.072808690085185	75.41451768692988	-57.514593376881095	-78.07158867198602	57.56972951639356	-38.86651465350983	-56.91006078437962	26.436601772881403	-19.863313540934723	17.887033933222877	58.776828224578665	42.8369170262163	68.12724576057339	66.59572021077376	-29.977280601587474	21.98164269689809	-29.14416373903794	-45.904455530394664	67.25130070445735	4.934153185413343	1.6591691904622317	63.37776602885544	
65.42447392203017	-0.22221251484918	-78.4465592880229	31.62602328524677	-35.1556216966207	31.959493373042648	-24.0716354820788	1.2222970254664176	5.072808690085185	75.41451768692988	-57.514593376881095	-78.07158867198602	57.56972951639356	-38.86651465350983	-56.91006078437962	26.436601772881403	-19.863313540934723	17.887033933222877	58.776828224578665	42.8369170262163	68.12724576057339	66.59572021077376	-29.977280601587474	21.98164269689809	-29.14416373903794	-45.904455530394664	67.25130070445735	4.934153185413343	1.6591691904622317	63.37776602885544	
65.42447392203017	-0.22221251484918	-78.4465592880229	31.62602328524677	-35.1556216966207	31.959493373042648	-24.0716354820788	1.2222970254664176	5.072808690085185	75.41451768692988	-57.514593376881095	-78.07158867198602	57.56972951639356	-38.86651465350983	-56.91006078437962	26.436601772881403	-19.863313540934723	17.887033933222877	58.776828224578665	42.8369170262163	68.12724576057339	66.59572021077376	-29.977280601587474	21.98164269689809	-29.14416373903794	-45.904455530394664	67.25130070445735	4.934153185413343	1.6591691904622317	63.37776602885544	
65.42447392203017	-0.22221251484918	-78.4465592880229	31.62602328524677	-35.1556216966207	31.959493373042648	-24.0716354820788	1.2222970254664176	5.072808690085185	75.41451768692988	-57.514593376881095	-78.07158867198602	57.56972951639356	-38.86651465350983	-56.91006078437962	26.436601772881403	-19.863313540934723	17.887033933222877	58.776828224578665	42.8369170262163	68.12724576057339	66.59572021077376	-29.977280601587474	21.98164269689809	-29.14416373903794	-45.904455530394664	67.25130070445735	4.934153185413343	1.6591691904622317	63.37776602885544	
65.42447392203017	-0.22221251484918	-78.4465592880229	31.62602328524677	-35.1556216966207	31.959493373042648	-24.0716354820788	1.2222970254664176	5.072808690085185	75.41451768692988	-57.514593376881095	-78.07158867198602	57.56972951639356	-38.86651465350983	-56.91006078437962	26.436601772881403	-19.863313540934723	17.887033933222877	58.776828224578665	42.8369170262163	68.12724576057339	66.59572021077376	-29.977280601587474	21.98164269689809	-29.14416373903794	-45.904455530394664	67.25130070445735	4.934153185413343	1.6591691904622317	63.37776602885544	
65.42447392203017	-0.22221251484918	-78.4465592880229	31.62602328524677	-35.1556216966207	31.959493373042648	-24.0716354820788	1.2222970254664176	5.072808690085185	75.41451768692988	-57.514593376881095	-78.07158867198602	57.56972951639356	-38.86651465350983	-56.91006078437962	26.436601772881403	-19.863313540934723	17.887033933222877	58.776828224578665	42.8369170262163	68.12724576057339	66.59572021077376	-29.977280601587474	21.98164269689809	-29.14416373903794	-45.904455530394664	67.25130070445735	4.934153185413343	1.6591691904622317	63.37776602885544	
65.42447392203017	-0.22221251484918	-78.4465592880229	31.62602328524677	-35.1556216966207	31.959493373042648	-24.0716354820788	1.2222970254664176	5.072808690085185	75.41451768692988	-57.514593376881095	-78.07158867198602	57.56972951639356	-38.86651465350983	-56.91006078437962	26.436601772881403	-19.863313540934723	17.887033933222877	58.776828224578665	42.8369170262163	68.12724576057339	66.59572021077376	-29.977280601587474	21.98164269689809	-29.14416373903794	-45.904455530394664	67.25130070445735	4.934153185413343	1.6591691904622317	63.37776602885544	
65.42447392203017	-0.22221251484918	-78.4465592880229	31.62602328524677	-35.1556216966207	31.959493373042648	-24.0716354820788	1.2222970254664176	5.072808690085185	75.41451768692988	-57.514593376881095	-78.07158867198602	57.56972951639356	-38.86651465350983	-56.91006078437962	26.436601772881403	-19.863313540934723	17.887033933222877	58.776828224578665	42.8369170262163	68.12724576057339	66.59572021077376	-29.977280601587474	21.98164269689809	-29.14416373903794	-45.904455530394664	67.25130070445735	4.934153185413343	1.6591691904622317	63.37776602885544	
65.42447392203017	-0.22221251484918	-78.4465592880229	31.62602328524677	-35.1556216966207	31.959493373042648	-24.0716354820788	1.2222970254664176	5.072808690085185	75.41451768692988	-57.514593376881095	-78.07158867198602	57.56972951639356	-38.86651465350983	-56.91006078437962	26.436601772881403	-19.863313540934723	17.887033933222877	58.776828224578665	42.8369170262163	68.12724576057339	66.59572021077376	-29.977280601587474	21.98164269689809	-29.14416373903794	-45.904455530394664	67.25130070445735	4.934153185413343	1.6591691904622317	63.37776602885544	
65.42447392203017	-0.22221251484918	-78.4465592880229	31.62602328524677	-35.1556216966207	31.959493373042648	-24.0716354820788	1.2222970254664176	5.072808690085185	75.41451768692988	-57.514593376881095	-78.07158867198602	57.56972951639356	-38.86651465350983	-56.91006078437962	26.436601772881403	-19.863313540934723	17.887033933222877	58.776828224578665	42.8369170262163	68.12724576057339	66.59572021077376	-29.977280601587474	21.98164269689809	-29.14416373903794	-45.904455530394664	67.25130070445735	4.934153185413343	1.6591691904622317	63.37776602885544	
65.42447392203017	-0.22221251484918	-78.4465592880229	31.62602328524677	-35.1556216966207	31.959493373042648	-24.0716354820788	1.2222970254664176	5.072808690085185	75.41451768692988	-57.514593376881095	-78.07158867198602	57.56972951639356	-38.86651465350983	-56.91006078437962	26.436601772881403	-19.863313540934723	17.887033933222877	58.776828224578665	42.8369170262163	68.12724576057339	66.59572021077376	-29.977280601587474	21.98164269689809	-29.14416373903794	-45.904455530394664	67.25130070445735	4.934153185413343	1.6591691904622317	63.37776602885544	
65.42447392203017	-0.22221251484918	-78.4465592880229	31.62602328524677	-35.1556216966207	31.959493373042648	-24.0716354820788	1.2222970254664176	5.072808690085185	75.41451768692988	-57.514593376881095	-78.07158867198602	57.56972951639356	-38.86651465350983	-56.91006078437962	26.436601772881403	-19.863313540934723	17.887033933222877	58.776828224578665	42.8369170262163	68.12724576057339	66.59572021077376	-29.977280601587474	21.98164269689809	-29.14416373903794	-45.904455530394664	67.25130070445735	4.934153185413343	1.6591691904622317	63.37776602885544	
65.42447392203017	-0.22221251484918	-78.4465592880229	31.62602328524677	-35.1556216966207	31.959493373042648	-24.0716354820788	1.2222970254664176	5.072808690085185	75.41451768692988	-57.514593376881095	-78.07158867198602	57.56972951639356	-38.86651465350983	-56.91006078437962	26.436601772881403	-19.863313540934723	17.887033933222877	58.776828224578665	42.8369170262163	68.12724576057339	66.59572021077376	-29.977280601587474	21.98164269689809	-29.14416373903794	-45.904455530394664	67.25130070445735	4.934153185413343	1.6591691904622317	63.37776602885544	
65.42447392203017	-0.22221251484918	-78.4465592880229	31.62602328524677	-35.1556216966207	31.959493373042648	-24.0716354820788	1.2222970254664176	5.072808690085185	75.41451768692988	-57.514593376881095	-78.07158867198602	57.56972951639356	-38.86651465350983	-56.91006078437962	26.436601772881403	-19.863313540934723	17.887033933222877	58.776828224578665	42.8369170262163	68.12724576057339	66.59572021077376	-29.977280601587474	21.98164269689809	-29.14416373903794	-45.904455530394664	67.25130070445735	4.934153185413343	1.6591691904622317	63.37776602885544	
65.42447392203017	-0.22221251484918	-78.4465592880229	31.62602328524677	-35.1556216966207	31.959493373042648	-24.0716354820788	1.2222970254664176	5.072808690085185	75.41451768692988	-57.514593376881095	-78.07158867198602	57.56972951639356	-38.86651465350983	-56.91006078437962	26.436601772881403	-19.863313540934723	17.887033933222877	58.776828224578665	42.8369170262163	68.12724576057339	66.59572021077376	-29.977280601587474	21.98164269689809	-29.14416373903794	-45.904455530394664	67.25130070445735	4.934153185413343	1.6591691904622317	63.37776602885544	
65.42447392203017	-0.22221251484918	-78.4465592880229	31.62602328524677	-35.1556216966207	31.959493373042648	-24.0716354820788	1.2222970254664176	5.072808690085185	75.41451768692988	-57.514593376881095	-78.07158867198602	57.56972951639356	-38.86651465350983	-56.91006078437962	26.436601772881403	-19.863313540934723	17.887033933222877	58.776828224578665	42.8369170262163	68.12724576057339	66.59572021077376	-29.977280601587474	21.98164269689809	-29.14416373903794	-45.904455530394664	67.25130070445735	4.934153185413343	1.6591691904622317	63.37776602885544	
65.42447392203017	-0.22221251484918	-78.4465592880229	31.62602328524677	-35.1556216966207	31.959493373042648	-24.0716354820788	1.2222970254664176	5.072808690085185	75.41451768692988	-57.514593376881095	-78.07158867198602	57.56972951639356	-38.86651465350983	-56.91006078437962	26.436601772881403	-19.863313540934723	17.887033933222877	58.776828224578665	42.8369170262163	68.12724576057339	66.59572021077376	-29.977280601587474	21.98164269689809	-29.14416373903794	-45.904455530394664	67.25130070445735	4.934153185413343	1.6591691904622317	63.37776602885544	
65.42447392203017	-0.22221251484918	-78.4465592880229	31.62602328524677	-35.1556216966207	31.959493373042648	-24.0716354820788	1.2222970254664176	5.072808690085185	75.41451768692988	-57.514593376881095	-78.07158867198602	57.56972951639356	-38.86651465350983	-56.91006078437962	26.436601772881403	-19.863313540934723	17.887033933222877	58.776828224578665	42.8369170262163	68.12724576057339	66.59572021077376	-29.977280601587474	21.98164269689809	-29.14416373903794	-45.904455530394664	67.25130070445735	4.934153185413343	1.6591691904622317	63.37776602885544	
65.42447392203017	-0.22221251484918	-78.4465592880229	31.62602328524677	-35.1556216966207	31.959493373042648	-24.0716354820788	1.2222970254664176	5.072808690085185	75.41451768692988	-57.514593376881095	-78.07158867198602	57.56972951639356	-38.86651465350983	-56.91006078437962	26.436601772881403	-19.863313540934723	17.887033933222877	58.776828224578665	42.8369170262163	68.12724576057339	66.59572021077376	-29.977280601587474	21.98164269689809	-29.14416373903794	-45.904455530394664	67.25130070445735	4.934153185413343	1.6591691904622317	63.37776602885544	
65.42447392203017	-0.22221251484918	-78.4465592880229	31.62602328524677	-35.1556216966207	31.959493373042648	-24.0716354820788	1.2222970254664176	5.072808690085185	75.41451768692988	-57.514593376881095	-78.07158867198602	57.56972951639356	-38.86651465350983	-56.91006078437962	26.436601772881403	-19.863313540934723	17.887033933222877	58.776828224578665	42.8369170262163	68.12724576057339	66.59572021077376	-29.977280601587474	21.98164269689809	-29.14416373903794	-45.904455530394664	67.25130070445735	4.934153185413343	1.6591691904622317	63.37776602885544	
65.42447392203017	-0.22221251484918	-78.4465592880229	31.62602328524677	-35.1556216966207	31.959493373042648	-24.0716354820788	1.2222970254664176	5.072808690085185	75.41451768692988	-57.514593376881095	-78.07158867198602	57.56972951639356	-38.86651465350983	-56.91006078437962	26.436601772881403	-19.863313540934723	17.887033933222877	58.776828224578665	42.8369170262163	68.12724576057339	66.59572021077376	-29.977280601587474	21.98164269689809	-29.14416373903794	-45.904455530394664	67.25130070445735	4.934153185413343	1.6591691904622317	63.37776602885544	
65.42447392203017	-0.22221251484918	-78.4465592880229	31.62602328524677	-35.1556216966207	31.959493373042648	-24.0716354820788	1.2222970254664176	5.072808690085185	75.41451768692988	-57.514593376881095	-78.07158867198602	57.56972951639356	-38.86651465350983	-56.91006078437962	26.436601772881403	-19.863313540934723	17.887033933222877	58.776828224578665	42.8369170262163	68.12724576057339	66.59572021077376	-29.977280601587474	21.98164269689809	-29.14416373903794	-45.904455530394664	67.25130070445735	4.934153185413343	1.6591691904622317	63.37776602885544	
65.42447392203017	-0.22221251484918	-78.4465592880229	31.62602328524677	-35.1556216966207	31.959493373042648	-24.0716354820788	1.2222970254664176	5.072808690085185	75.41451768692988	-57.514593376881095	-78.07158867198602	57.56972951639356	-38.86651465350983	-56.91006078437962	26.436601772881403	-19.863313540934723	17.887033933222877	58.776828224578665	42.8369170262163	68.12724576057339	66.59572021077376	-29.977280601587474	21.98164269689809	-29.14416373903794	-45.904455530394664	67.25130070445735	4.934153185413343	1.6591691904622317	63.37776602885544	
65.42447392203017	-0.22221251484918	-78.4465592880229	31.62602328524677	-35.1556216966207	31.959493373042648	-24.0716354820788	1.2222970254664176	5.072808690085185	75.41451768692988	-57.514593376881095	-78.07158867198602	57.56972951639356	-38.86651465350983	-56.91006078437962	26.436601772881403	-19.863313540934723	17.887033933222877	58.776828224578665	42.8369170262163	68.12724576057339	66.59572021077376	-29.977280601587474	21.98164269689809	-29.14416373903794	-45.904455530394664	67.25130070445735	4.934153185413343	1.6591691904622317	63.37776602885544	
65.42447392203017	-0.22221251484918	-78.4465592880229	31.62602328524677	-35.1556216966207	31.959493373042648	-24.0716354820788	1.2222970254664176	5.072808690085185	75.41451768692988	-57.514593376881095	-78.07158867198602	57.56972951639356	-38.86651465350983	-56.91006078437962	26.436601772881403	-19.863313540934723	17.887033933222877	58.776828224578665	42.8369170262163	68.12724576057339	66.59572021077376	-29.977280601587474	21.98164269689809	-29.14416373903794	-45.904455530394664	67.25130070445735	4.934153185413343	1.6591691904622317	63.37776602885544	
65.42447392203017	-0.22221251484918	-78.4465592880229	31.62602328524677	-35.1556216966207	31.959493373042648	-24.0716354820788	1.2222970254664176	5.072808690085185	75.41451768692988	-57.514593376881095	-78.07158867198602	57.56972951639356	-38.86651465350983	-56.91006078437962	26.436601772881403	-19.863313540934723	17.887033933222877	58.776828224578665	42.8369170262163	68.12724576057339	66.59572021077376	-29.977280601587474	21.98164269689809	-29.14416373903794	-45.904455530394664	67.25130070445735	4.934153185413343	1.6591691904622317	63.37776602885544	
65.42447392203017	-0.22221251484918	-78.4465592880229	31.62602328524677	-35.1556216966207	31.959493373042648	-24.0716354820788	1.2222970254664176	5.072808690085185	75.41451768692988	-57.514593376881095	-78.07158867198602	57.56972951639356	-38.86651465350983	-56.91006078437962	26.436601772881403	-19.863313540934723	17.887033933222877	58.776828224578665	42.8369170262163	68.12724576057339	66.59572021077376	-29.977280601587474	21.98164269689809	-29.14416373903794	-45.904455530394664	67.25130070445735	4.934153185413343	1.6591691904622317	63.37776602885544	
65.42447392203017	-0.22221251484918	-78.4465592880229	31.62602328524677	-35.1556216966207	31.959493373042648	-24.0716354820788	1.2222970254664176	5.072808690085185	75.41451768692988	-57.514593376881095	-78.07158867198602	57.56972951639356	-38.86651465350983	-56.91006078437962	26.436601772881403	-19.863313540934723	17.887033933222877	58.776828224578665	42.8369170262163	68.12724576057339	66.59572021077376	-29.977280601587474	21.98164269689809	-29.14416373903794	-45.904455530394664	67.25130070445735	4.934153185413343	1.6591691904622317	63.37776602885544	
65.42447392203017	-0.22221251484918	-78.4465592880229	31.62602328524677	-35.1556216966207	31.959493373042648	-24.0716354820788	1.2222970254664176	5.072808690085185	75.41451768692988	-57.514593376881095	-78.07158867198602	57.56972951639356	-38.86651465350983	-56.91006078437962	26.436601772881403	-19.863313540934723	17.887033933222877	58.776828224578665	42.8369170262163	68.12724576057339	66.59572021077376	-29.977280601587474	21.98164269689809	-29.14416373903794	-45.904455530394664	67.25130070445735	4.934153185413343	1.6591691904622317	63.37776602885544	
65.42447392203017	-0.22221251484918	-78.4465592880229	31.62602328524677	-35.1556216966207	31.959493373042648	-24.0716354820788	1.2222970254664176	5.072808690085185	75.41451768692988	-57.514593376881095	-78.07158867198602	57.56972951639356	-38.86651465350983	-56.91006078437962	26.436601772881403	-19.863313540934723	17.887033933222877	58.776828224578665	42.8369170262163	68.12724576057339	66.59572021077376	-29.977280601587474	21.98164269689809	-29.14416373903794	-45.904455530394664	67.25130070445735	4.934153185413343	1.6591691904622317	63.37776602885544	
65.42447392203017	-0.22221251484918	-78.4465592880229	31.62602328524677	-35.1556216966207	31.959493373042648	-24.0716354820788	1.2222970254664176	5.072808690085185	75.41451768692988	-57.514593376881095	-78.07158867198602	57.56972951639356	-38.86651465350983	-56.91006078437962	26.436601772881403	-19.863313540934723	17.887033933222877	58.776828224578665	42.8369170262163	68.12724576057339	66.59572021077376	-29.977280601587474	21.98164269689809	-29.14416373903794	-45.904455530394664	67.25130070445735	4.934153185413343	1.6591691904622317	63.37776602885544	
65.42447392203017	-0.22221251484918	-78.4465592880229	31.62602328524677	-35.1556216966207	31.959493373042648	-24.0716354820788	1.2222970254664176	5.072808690085185	75.41451768692988	-57.514593376881095	-78.07158867198602	57.56972951639356	-38.86651465350983	-56.91006078437962	26.436601772881403	-19.863313540934723	17.887033933222877	58.776828224578665	42.8369170262163	68.12724576057339	66.59572021077376	-29.977280601587474	21.98164269689809	-29.14416373903794	-45.904455530394664	67.25130070445735	4.934153185413343	1.6591691904622317	63.37776602885544	
65.42447392203017	-0.22221251484918	-78.4465592880229	31.62602328524677	-35.1556216966207	31.959493373042648	-24.0716354820788	1.2222970254664176	5.072808690085185	75.41451768692988	-57.514593376881095	-78.07158867198602	57.56972951639356	-38.86651465350983	-56.91006078437962	26.436601772881403	-19.863313540934723	17.887033933222877	58.776828224578665	42.8369170262163	68.12724576057339	66.59572021077376	-29.977280601587474	21.98164269689809	-29.14416373903794	-45.904455530394664	67.25130070445735	4.934153185413343	1.6591691904622317	63.37776602885544	
65.42447392203017	-0.22221251484918	-78.4465592880229	31.62602328524677	-35.1556216966207	31.959493373042648	-24.0716354820788	1.2222970254664176	5.072808690085185	75.41451768692988	-57.514593376881095	-78.07158867198602	57.56972951639356	-38.86651465350983	-56.91006078437962	26.436601772881403	-19.863313540934723	17.887033933222877	58.776828224578665	42.8369170262163	68.12724576057339	66.59572021077376	-29.977280601587474	21.98164269689809	-29.14416373903794	-45.904455530394664	67.25130070445735	4.934153185413343	1.6591691904622317	63.37776602885544	
65.42447392203017	-0.22221251484918	-78.4465592880229	31.62602328524677	-35.1556216966207	31.959493373042648	-24.0716354820788	1.2222970254664176	5.072808690085185	75.41451768692988	-57.514593376881095	-78.07158867198602	57.56972951639356	-38.86651465350983	-56.91006078437962	26.436601772881403	-19.863313540934723	17.887033933222877	58.776828224578665	42.8369170262163	68.12724576057339	66.59572021077376	-29.977280601587474	21.98164269689809	-29.14416373903794	-45.904455530394664	67.25130070445735	4.934153185413343	1.6591691904622317	63.37776602885544	
65.42447392203017	-0.22221251484918	-78.4465592880229	31.62602328524677	-35.1556216966207	31.959493373042648	-24.0716354820788	1.2222970254664176	5.072808690085185	75.41451768692988	-57.514593376881095	-78.07158867198602	57.56972951639356	-38.86651465350983	-56.91006078437962	26.436601772881403	-19.863313540934723	17.887033933222877	58.776828224578665	42.8369170262163	68.12724576057339	66.59572021077376	-29.977280601587474	21.98164269689809	-29.14416373903794	-45.904455530394664	67.25130070445735	4.934153185413343	1.6591691904622317	63.37776602885544	
65.42447392203017	-0.22221251484918	-78.4465592880229	31.62602328524677	-35.1556216966207	31.959493373042648	-24.0716354820788	1.2222970254664176	5.072808690085185	75.41451768692988	-57.514593376881095	-78.07158867198602	57.56972951639356	-38.86651465350983	-56.91006078437962	26.436601772881403	-19.863313540934723	17.887033933222877	58.776828224578665	42.8369170262163	68.12724576057339	66.59572021077376	-29.977280601587474	21.98164269689809	-29.14416373903794	-45.904455530394664	67.25130070445735	4.934153185413343	1.6591691904622317	63.37776602885544	
65.42447392203017	-0.22221251484918	-78.4465592880229	31.62602328524677	-35.1556216966207	31.959493373042648	-24.0716354820788	1.2222970254664176	5.072808690085185	75.41451768692988	-57.514593376881095	-78.07158867198602	57.56972951639356	-38.86651465350983	-56.91006078437962	26.436601772881403	-19.863313540934723	17.887033933222877	58.776828224578665	42.8369170262163	68.12724576057339	66.59572021077376	-29.977280601587474	21.98164269689809	-29.14416373903794	-45.904455530394664	67.25130070445735	4.934153185413343	1.6591691904622317	63.37776602885544	
65.42447392203017	-0.22221251484918	-78.4465592880229	31.62602328524677	-35.1556216966207	31.959493373042648	-24.0716354820788	1.2222970254664176	5.072808690085185	75.41451768692988	-57.514593376881095	-78.07158867198602	57.56972951639356	-38.86651465350983	-56.91006078437962	26.436601772881403	-19.863313540934723	17.887033933222877	58.776828224578665	42.8369170262163	68.12724576057339	66.59572021077376	-29.977280601587474	21.98164269689809	-29.14416373903794	-45.904455530394664	67.25130070445735	4.934153185413343	1.6591691904622317	63.37776602885544	
65.42447392203017	-0.22221251484918	-78.4465592880229	31.62602328524677	-35.1556216966207	31.959493373042648	-24.0716354820788	1.2222970254664176	5.072808690085185	75.41451768692988	-57.514593376881095	-78.07158867198602	57.56972951639356	-38.86651465350983	-56.91006078437962	26.436601772881403	-19.863313540934723	17.887033933222877	58.776828224578665	42.8369170262163	68.12724576057339	66.59572021077376	-29.977280601587474	21.98164269689809	-29.14416373903794	-45.904455530394664	67.25130070445735	4.934153185413343	1.6591691904622317	63.37776602885544	
65.42447392203017	-0.22221251484918	-78.4465592880229	31.62602328524677	-35.1556216966207	31.959493373042648	-24.0716354820788	1.2222970254664176	5.072808690085185	75.41451768692988	-57.514593376881095	-78.07158867198602	57.56972951639356	-38.86651465350983	-56.91006078437962	26.436601772881403	-19.863313540934723	17.887033933222877	58.776828224578665	42.8369170262163	68.12724576057339	66.59572021077376	-29.977280601587474	21.98164269689809	-29.14416373903794	-45.904455530394664	67.25130070445735	4.934153185413343	1.6591691904622317	63.37776602885544	
65.42447392203017	-0.22221251484918	-78.4465592880229	31.62602328524677	-35.1556216966207	31.959493373042648	-24.0716354820788	1.2222970254664176	5.072808690085185	75.41451768692988	-57.514593376881095	-78.07158867198602	57.56972951639356	-38.86651465350983	-56.91006078437962	26.436601772881403	-19.863313540934723	17.887033933222877	58.776828224578665	42.8369170262163	68.12724576057339	66.59572021077376	-29.977280601587474	21.98164269689809	-29.14416373903794	-45.904455530394664	67.25130070445735	4.934153185413343	1.6591691904622317	63.37776602885544	
65.42447392203017	-0.22221251484918	-78.4465592880229	31.62602328524677	-35.1556216966207	31.959493373042648	-24.0716354820788	1.2222970254664176	5.072808690085185	75.41451768692988	-57.514593376881095	-78.07158867198602	57.56972951639356	-38.86651465350983	-56.91006078437962	26.436601772881403	-19.863313540934723	17.887033933222877	58.776828224578665	42.8369170262163	68.12724576057339	66.59572021077376	-29.977280601587474	21.98164269689809	-29.14416373903794	-45.904455530394664	67.25130070445735	4.934153185413343	1.6591691904622317	63.37776602885544	
65.42447392203017	-0.22221251484918	-78.4465592880229	31.62602328524677	-35.1556216966207	31.959493373042648	-24.0716354820788	1.2222970254664176	5.072808690085185	75.41451768692988	-57.514593376881095	-78.07158867198602	57.56972951639356	-38.86651465350983	-56.91006078437962	26.436601772881403	-19.863313540934723	17.887033933222877	58.776828224578665	42.8369170262163	68.12724576057339	66.59572021077376	-29.977280601587474	21.98164269689809	-29.14416373903794	-45.904455530394664	67.25130070445735	4.934153185413343	1.6591691904622317	63.37776602885544	
65.42447392203017	-0.22221251484918	-78.4465592880229	31.62602328524677	-35.1556216966207	31.959493373042648	-24.0716354820788	1.2222970254664176	5.072808690085185	75.41451768692988	-57.514593376881095	-78.07158867198602	57.56972951639356	-38.86651465350983	-56.91006078437962	26.436601772881403	-19.863313540934723	17.887033933222877	58.776828224578665	42.8369170262163	68.12724576057339	66.59572021077376	-29.977280601587474	21.98164269689809	-29.14416373903794	-45.904455530394664	67.25130070445735	4.934153185413343	1.6591691904622317	63.37776602885544	
65.42447392203017	-0.22221251484918	-78.4465592880229	31.62602328524677	-35.1556216966207	31.959493373042648	-24.0716354820788	1.2222970254664176	5.072808690085185	75.41451768692988	-57.514593376881095	-78.07158867198602	57.56972951639356	-38.86651465350983	-56.91006078437962	26.436601772881403	-19.863313540934723	17.887033933222877	58.776828224578665	42.8369170262163	68.12724576057339	66.59572021077376	-29.977280601587474	21.98164269689809	-29.14416373903794	-45.904455530394664	67.25130070445735	4.934153185413343	1.6591691904622317	63.37776602885544	
65.42447392203017	-0.22221251484918	-78.4465592880229	31.62602328524677	-35.1556216966207	31.959493373042648	-24.0716354820788	1.2222970254664176	5.072808690085185	75.41451768692988	-57.514593376881095	-78.07158867198602	57.56972951639356	-38.86651465350983	-56.91006078437962	26.436601772881403	-19.863313540934723	17.887033933222877	58.776828224578665	42.8369170262163	68.12724576057339	66.59572021077376	-29.977280601587474	21.98164269689809	-29.14416373903794	-45.904455530394664	67.25130070445735	4.934153185413343	1.6591691904622317	63.37776602885544	
65.42447392203017	-0.22221251484918	-78.4465592880229	31.62602328524677	-35.1556216966207	31.959493373042648	-24.0716354820788	1.2222970254664176	5.072808690085185	75.41451768692988	-57.514593376881095	-78.07158867198602	57.56972951639356	-38.86651465350983	-56.91006078437962	26.436601772881403	-19.863313540934723	17.887033933222877	58.776828224578665	42.8369170262163	68.12724576057339	66.59572021077376	-29.977280601587474	21.98164269689809	-29.14416373903794	-45.904455530394664	67.25130070445735	4.934153185413343	1.6591691904622317	63.37776602885544	
65.42447392203017	-0.22221251484918	-78.4465592880229	31.62602328524677	-35.1556216966207	31.959493373042648	-24.0716354820788	1.2222970254664176	5.072808690085185	75.41451768692988	-57.514593376881095	-78.07158867198602	57.56972951639356	-38.86651465350983	-56.91006078437962	26.436601772881403	-19.863313540934723	17.887033933222877	58.776828224578665	42.8369170262163	68.12724576057339	66.59572021077376	-29.977280601587474	21.98164269689809	-29.14416373903794	-45.904455530394664	67.25130070445735	4.934153185413343	1.6591691904622317	63.37776602885544	
65.42447392203017	-0.22221251484918	-78.4465592880229	31.62602328524677	-35.1556216966207	31.959493373042648	-24.0716354820788	1.2222970254664176	5.072808690085185	75.41451768692988	-57.514593376881095	-78.07158867198602	57.56972951639356	-38.86651465350983	-56.91006078437962	26.436601772881403	-19.863313540934723	17.887033933222877	58.776828224578665	42.8369170262163	68.12724576057339	66.59572021077376	-29.977280601587474	21.98164269689809	-29.14416373903794	-45.904455530394664	67.25130070445735	4.934153185413343	1.6591691904622317	63.37776602885544	
65.42447392203017	-0.22221251484918	-78.4465592880229	31.62602328524677	-35.1556216966207	31.959493373042648	-24.0716354820788	1.2222970254664176	5.072808690085185	75.41451768692988	-57.514593376881095	-78.07158867198602	57.56972951639356	-38.86651465350983	-56.91006078437962	26.436601772881403	-19.863313540934723	17.887033933222877	58.776828224578665	42.8369170262163	68.12724576057339	66.59572021077376	-29.977280601587474	21.98164269689809	-29.14416373903794	-45.904455530394664	67.25130070445735	4.934153185413343	1.6591691904622317	63.37776602885544	
65.42447392203017	-0.22221251484918	-78.4465592880229	31.62602328524677	-35.1556216966207	31.959493373042648	-24.0716354820788	1.2222970254664176	5.072808690085185	75.41451768692988	-57.514593376881095	-78.07158867198602	57.56972951639356	-38.86651465350983	-56.91006078437962	26.436601772881403	-19.863313540934723	17.887033933222877	58.776828224578665	42.8369170262163	68.12724576057339	66.59572021077376	-29.977280601587474	21.98164269689809	-29.14416373903794	-45.904455530394664	67.25130070445735	4.934153185413343	1.6591691904622317	63.37776602885544	
65.42447392203017	-0.22221251484918	-78.4465592880229	31.62602328524677	-35.1556216966207	31.959493373042648	-24.0716354820788	1.2222970254664176	5.072808690085185	75.41451768692988	-57.514593376881095	-78.07158867198602	57.56972951639356	-38.86651465350983	-56.91006078437962	26.436601772881403	-19.863313540934723	17.887033933222877	58.776828224578665	42.8369170262163	68.12724576057339	66.59572021077376	-29.977280601587474	21.98164269689809	-29.14416373903794	-45.904455530394664	67.25130070445735	4.934153185413343	1.6591691904622317	63.37776602885544	
65.42447392203017	-0.22221251484918	-78.4465592880229	31.62602328524677	-35.1556216966207	31.959493373042648	-24.0716354820788	1.2222970254664176	5.072808690085185	75.41451768692988	-57.514593376881095	-78.07158867198602	57.56972951639356	-38.86651465350983	-56.91006078437962	26.436601772881403	-19.863313540934723	17.887033933222877	58.776828224578665	42.8369170262163	68.12724576057339	66.59572021077376	-29.977280601587474	21.98164269689809	-29.14416373903794	-45.904455530394664	67.25130070445735	4.934153185413343	1.6591691904622317	63.37776602885544	
