300	14473584294.349133
623	14473584294.349133
946	9057432847.105993
1266	8469435556.13167
1583	8469435556.13167
1898	4670771196.2070055
2213	4670771196.2070055
2528	4670771196.2070055
2840	3504145622.3708053
3152	3504145622.3708053
3463	2204105656.2917905
3779	2204105656.2917905
4092	2204105656.2917905
4403	2204105656.2917905
4712	2186262962.427359
5021	2186262962.427359
5330	2186262962.427359
5640	2186262962.427359
5948	2186262962.427359
6258	1944939748.131356
6566	1944939748.131356
6875	1944939748.131356
7182	1944939748.131356
7491	1944939748.131356
7799	1944939748.131356
8107	1944939748.131356
8417	1639046838.1617486
8723	1639046838.1617486
9033	1639046838.1617486
9340	1639046838.1617486
9646	1639046838.1617486
9954	1639046838.1617486
10264	1639046838.1617486
10572	1639046838.1617486
10880	1639046838.1617486
11189	1639046838.1617486
11497	1639046838.1617486
11807	1639046838.1617486
12119	1431392652.9692645
12431	1431392652.9692645
12746	1144762911.2636268
13056	1144762911.2636268
13368	1144762911.2636268
13677	1144762911.2636268
13990	1144762911.2636268
62318	4852.092763093903
100447	3095.755431295573
100757	3095.755431295573
101066	3095.755431295573
101376	3095.755431295573
101682	3095.755431295573
101989	3095.755431295573
102298	3095.755431295573
102608	3095.755431295573
102920	3095.755431295573
103230	3095.755431295573
103538	3095.755431295573
103846	3095.755431295573
104155	3095.755431295573
104462	3095.755431295573
104771	3095.755431295573
105078	3095.755431295573
105385	3095.755431295573
105695	3095.755431295573
106002	3095.755431295573
106310	3095.755431295573
106622	3095.755431295573
106938	3095.755431295573
107252	3095.755431295573
107563	3095.755431295573
107874	3095.755431295573
150781	3095.755431295573
151093	3095.755431295573
151403	3095.755431295573
151716	3095.755431295573
152027	3095.755431295573
152336	3095.755431295573
152648	3095.755431295573
152956	3095.755431295573
153267	3095.755431295573
153577	3095.755431295573
153889	3095.755431295573
154198	3095.755431295573
154510	3095.755431295573
154819	3095.755431295573
155128	3095.755431295573
155438	3095.755431295573
155751	3095.755431295573
156066	3095.755431295573
156377	3095.755431295573
156689	3095.755431295573
197657	3095.755431295573
197969	3095.755431295573
198283	3095.755431295573
198597	3095.755431295573
198907	3095.755431295573
199216	3095.755431295573
199528	3095.755431295573
199837	3095.755431295573
200147	3095.755431295573
200460	3095.755431295573
215777	2615.818797423262
244090	2615.6846019844897
244402	2615.6846019844897
244711	2615.6846019844897
245019	2615.6846019844897
245328	2615.6846019844897
245635	2615.6846019844897
245946	2615.6846019844897
246253	2615.6846019844897
246563	2615.6846019844897
246872	2615.6846019844897
247182	2615.6846019844897
247491	2615.6846019844897
247798	2615.6846019844897
248106	2615.6846019844897
248415	2615.6846019844897
248723	2615.6846019844897
249029	2615.6846019844897
249337	2615.6846019844897
249646	2615.6846019844897
268080	2615.6846019844897
268389	2615.6846019844897
268699	2615.6846019844897
269009	2615.6846019844897
269318	2615.6846019844897
269626	2615.6846019844897
269935	2615.6846019844897
270243	2615.6846019844897
270553	2615.6846019844897
270865	2615.6846019844897
271176	2615.6846019844897
271489	2615.6846019844897
271801	2615.6846019844897
272114	2615.6846019844897
272425	2615.6846019844897
272737	2615.6846019844897
273049	2615.6846019844897
273360	2615.6846019844897
273673	2615.6846019844897
273986	2615.6846019844897
292316	2615.6846019844897
292628	2615.6846019844897
292941	2615.6846019844897
293255	2615.6846019844897
293569	2615.6846019844897
293881	2615.6846019844897
294194	2615.6846019844897
294507	2615.6846019844897
294820	2615.6846019844897
295132	2615.6846019844897
295445	2615.6846019844897
295757	2615.6846019844897
296068	2615.6846019844897
296378	2615.6846019844897
296689	2615.6846019844897
296998	2615.6846019844897
297306	2615.6846019844897
297619	2615.6846019844897
297929	2615.6846019844897
298238	2615.6846019844897
324471	2615.6846019844897
