300	13387.035545573268
6897	2938.091438399809
14051	2889.2953296528262
14883	2889.137055042519
15693	2889.1204099087427
16488	2889.1204099087427
22748	2889.1204099087427
29560	2888.137995310901
30362	2888.137995310901
39388	2884.661514527105
40179	2884.386365117763
40987	2884.3499373324653
41768	2884.3395892634403
43018	2883.858578427754
43809	2883.791314202317
44612	2883.778273269359
45417	2883.777595381702
46226	2883.7775621992078
47021	2883.777561032246
47819	2883.777560989864
48623	2883.777560986305
49436	2883.777560985941
50240	2883.7775609859054
51040	2883.7775609859
51851	2883.7775609859
57375	2883.7775609859
62422	2883.7775609859
68025	2883.7775609859
74966	2883.7775609859
80662	2883.7775609859
85225	2883.7775609859
90819	2883.7775609859
95478	2883.7775609859
100985	2883.7775609859
106588	2883.7775609859
111701	2883.7775609859
116814	2883.7775609859
121877	2883.7775609859
126494	2883.7775609859
131492	2883.7775609859
136624	2883.7775609859
140754	2883.7775609859
145283	2883.7775609859
149393	2883.7775609859
153500	2883.7775609859
158113	2883.7775609859
162727	2883.7775609859
166906	2883.7775609859
171998	2883.7775609859
176169	2883.7775609859
180800	2883.7775609859
185494	2883.7775609859
190081	2883.7775609859
195111	2883.7775609859
199712	2883.7775609859
205258	2883.7775609859
209435	2883.7775609859
214012	2883.7775609859
218619	2883.7775609859
223729	2883.7775609859
228403	2883.7775609859
232514	2883.7775609859
236647	2883.7775609859
240829	2883.7775609859
245458	2883.7775609859
249578	2883.7775609859
253727	2883.7775609859
258298	2883.7775609859
262865	2883.7775609859
266976	2883.7775609859
271152	2883.7775609859
275316	2883.7775609859
279463	2883.7775609859
283130	2883.7775609859
287270	2883.7775609859
291861	2883.7775609859
296897	2883.7775609859
301065	2883.7775609859
