300	12818.59461312503
626	10143.907142862838
956	6320.30470062323
1280	4887.8153384811185
1604	4081.2999245523906
1929	3884.790439941433
2257	3615.319386174742
2582	3510.427003427568
2905	3332.212385713998
3233	3303.108922486468
3558	3142.8172476737623
3885	3132.954268401792
4212	3113.2209638025533
4539	3085.72197286153
4865	3077.6835144268466
5190	3057.2468073898654
5519	3043.331839887538
5845	3034.4190530519254
6174	3022.4393748692714
6505	3010.875971424127
6837	2999.6595196853746
7168	2996.7644394276076
7501	2984.457757921388
7833	2981.151810977299
8161	2979.5131024010957
8495	2969.0019973338294
8821	2967.481917037289
9154	2960.7944808743314
9484	2954.5080928123007
9818	2947.223163739421
10151	2941.5060811309263
10481	2941.5060811309263
10809	2937.8684308390784
11141	2936.426562187554
11471	2934.7421279971536
11797	2933.328861838994
12131	2932.913563602562
12457	2931.74725200066
12787	2928.95563826578
13124	2928.077377267049
13452	2927.797114742172
24826	2899.894830971832
27046	2899.8619235884184
29259	2899.8182261705188
31534	2899.0802602954004
33312	2897.766143405923
35277	2896.6964224851095
36499	2896.606640762429
38552	2896.606639111862
38871	2896.606639111862
39189	2896.606639111862
39508	2896.606639111862
39827	2896.606639111862
40149	2896.606639111862
40469	2896.606639111862
40786	2896.606639111862
41106	2896.606639111862
41425	2896.606639111862
41743	2896.606639111862
42064	2896.606639111862
42381	2896.606639111862
42698	2896.606639111862
43017	2896.606639111862
43338	2896.606639111862
43654	2896.606639111862
43974	2896.606639111862
44293	2896.606639111862
46449	2896.2194452982044
46770	2896.2194452982044
47094	2896.2194452982044
47421	2896.2194452982044
47741	2896.2194452982044
48063	2896.2194452982044
48383	2896.2194452982044
48704	2896.2194452982044
49028	2896.2194452982044
49350	2896.2194452982044
49669	2896.2194452982044
49992	2896.2194452982044
50317	2896.2194452982044
50644	2896.2194452982044
50970	2896.2194452982044
51299	2896.2194452982044
51623	2896.2194452982044
51948	2896.2194452982044
52273	2896.2194452982044
52604	2896.2194452982044
52930	2896.2194452982044
53253	2896.2194452982044
53577	2896.2194452982044
53902	2896.2194452982044
54867	2896.2194452982044
55195	2896.2194452982044
55525	2896.2194452982044
55854	2896.2194452982044
56185	2896.2194452982044
56516	2896.2194452982044
56849	2896.2194452982044
57191	2896.2194452982044
57523	2896.2194452982044
57855	2896.2194452982044
58189	2896.2194452982044
58522	2896.2194452982044
58856	2896.2194452982044
59185	2896.2194452982044
59519	2896.2194452982044
59848	2896.2194452982044
60181	2896.2194452982044
60510	2896.2194452982044
60839	2896.2194452982044
61169	2896.2194452982044
62648	2896.2194452982044
62980	2896.2194452982044
63311	2896.2194452982044
63647	2896.2194452982044
63981	2896.2194452982044
64314	2896.2194452982044
64644	2896.2194452982044
64977	2896.2194452982044
65309	2896.2194452982044
65638	2896.2194452982044
65967	2896.2194452982044
66296	2896.2194452982044
66627	2896.2194452982044
66954	2896.2194452982044
67286	2896.2194452982044
67616	2896.2194452982044
67950	2896.2194452982044
68283	2896.2194452982044
68617	2896.2194452982044
68954	2896.2194452982044
72135	2887.3913846153364
79274	2887.3913832271387
79603	2887.3913832271387
79937	2887.3913832271387
80263	2887.3913832271387
80591	2887.3913832271387
80917	2887.3913832271387
81244	2887.3913832271387
81574	2887.3913832271387
81905	2887.3913832271387
82231	2887.3913832271387
82556	2887.3913832271387
82885	2887.3913832271387
83217	2887.3913832271387
83543	2887.3913832271387
83874	2887.3913832271387
84200	2887.3913832271387
84529	2887.3913832271387
84852	2887.3913832271387
85186	2887.3913832271387
87114	2887.348748410459
88725	2887.262356777601
89954	2887.26235597831
90281	2887.26235597831
90605	2887.26235597831
90930	2887.26235597831
91258	2887.26235597831
91590	2887.26235597831
91917	2887.26235597831
92246	2887.26235597831
92569	2887.26235597831
92894	2887.26235597831
93222	2887.26235597831
93547	2887.26235597831
93876	2887.26235597831
94200	2887.26235597831
94524	2887.26235597831
94850	2887.26235597831
95178	2887.26235597831
95503	2887.26235597831
95829	2887.26235597831
96156	2887.26235597831
96480	2887.26235597831
96813	2887.26235597831
97140	2887.26235597831
97467	2887.26235597831
97794	2887.26235597831
98121	2887.26235597831
98452	2887.26235597831
98776	2887.26235597831
99857	2887.26235597831
100182	2887.26235597831
100505	2887.26235597831
100830	2887.26235597831
101154	2887.26235597831
101477	2887.26235597831
101800	2887.26235597831
102122	2887.26235597831
102454	2887.26235597831
102780	2887.26235597831
103414	2887.2507720681315
104506	2887.2507716859645
104833	2887.2507716859645
105156	2887.2507716859645
105481	2887.2507716859645
105805	2887.2507716859645
106131	2887.2507716859645
106452	2887.2507716859645
106779	2887.2507716859645
107103	2887.2507716859645
107426	2887.2507716859645
107749	2887.2507716859645
108076	2887.2507716859645
109160	2887.250771425336
109489	2887.250771425336
109811	2887.250771425336
110869	2887.250771379917
111197	2887.250771379917
111523	2887.250771379917
111849	2887.250771379917
112945	2887.250771331764
113270	2887.250771331764
113590	2887.250771331764
113915	2887.250771331764
114237	2887.250771331764
114561	2887.250771331764
114884	2887.250771331764
115972	2887.250771323215
116299	2887.250771323215
116621	2887.250771323215
116948	2887.250771323215
117274	2887.250771323215
117596	2887.250771323215
117922	2887.250771323215
118249	2887.250771323215
118571	2887.250771323215
118894	2887.250771323215
119216	2887.250771323215
119538	2887.250771323215
119864	2887.250771323215
120195	2887.250771323215
120521	2887.250771323215
120845	2887.250771323215
121176	2887.250771323215
121504	2887.250771323215
121830	2887.250771323215
122157	2887.250771323215
122486	2887.250771323215
122816	2887.250771323215
123139	2887.250771323215
124139	2887.250771323215
124461	2887.250771323215
124786	2887.250771323215
125108	2887.250771323215
125432	2887.250771323215
125759	2887.250771323215
126084	2887.250771323215
126409	2887.250771323215
126736	2887.250771323215
127061	2887.250771323215
127388	2887.250771323215
127718	2887.250771323215
128043	2887.250771323215
128369	2887.250771323215
128697	2887.250771323215
129020	2887.250771323215
129346	2887.250771323215
129671	2887.250771323215
129994	2887.250771323215
130319	2887.250771323215
131937	2887.250771323215
132260	2887.250771323215
132584	2887.250771323215
132913	2887.250771323215
133247	2887.250771323215
133576	2887.250771323215
133900	2887.250771323215
134233	2887.250771323215
134560	2887.250771323215
134887	2887.250771323215
135213	2887.250771323215
135545	2887.250771323215
135875	2887.250771323215
136201	2887.250771323215
136528	2887.250771323215
136851	2887.250771323215
137176	2887.250771323215
137506	2887.250771323215
137835	2887.250771323215
138165	2887.250771323215
139176	2887.250771323215
139507	2887.250771323215
139840	2887.250771323215
140167	2887.250771323215
140496	2887.250771323215
140821	2887.250771323215
141147	2887.250771323215
141471	2887.250771323215
141797	2887.250771323215
142121	2887.250771323215
143053	2887.250771323215
143377	2887.250771323215
143701	2887.250771323215
144024	2887.250771323215
144348	2887.250771323215
144671	2887.250771323215
144996	2887.250771323215
145322	2887.250771323215
145647	2887.250771323215
145972	2887.250771323215
146299	2887.250771323215
146626	2887.250771323215
146954	2887.250771323215
147280	2887.250771323215
147610	2887.250771323215
147942	2887.250771323215
148270	2887.250771323215
148594	2887.250771323215
148921	2887.250771323215
149248	2887.250771323215
150577	2887.250771323215
150904	2887.250771323215
151231	2887.250771323215
151554	2887.250771323215
151885	2887.250771323215
152215	2887.250771323215
152543	2887.250771323215
152870	2887.250771323215
153196	2887.250771323215
153522	2887.250771323215
153846	2887.250771323215
154170	2887.250771323215
154504	2887.250771323215
154833	2887.250771323215
155157	2887.250771323215
155479	2887.250771323215
155803	2887.250771323215
156128	2887.250771323215
156453	2887.250771323215
156778	2887.250771323215
157624	2887.250771323215
157954	2887.250771323215
158282	2887.250771323215
158609	2887.250771323215
158942	2887.250771323215
159267	2887.250771323215
159600	2887.250771323215
159930	2887.250771323215
160259	2887.250771323215
160588	2887.250771323215
160917	2887.250771323215
161251	2887.250771323215
161577	2887.250771323215
161903	2887.250771323215
162231	2887.250771323215
162558	2887.250771323215
162891	2887.250771323215
163216	2887.250771323215
163549	2887.250771323215
163877	2887.250771323215
165014	2887.250771323215
165347	2887.250771323215
165675	2887.250771323215
166003	2887.250771323215
166328	2887.250771323215
166654	2887.250771323215
166987	2887.250771323215
167313	2887.250771323215
167637	2887.250771323215
167963	2887.250771323215
168294	2887.250771323215
168619	2887.250771323215
168945	2887.250771323215
169273	2887.250771323215
169601	2887.250771323215
169927	2887.250771323215
170254	2887.250771323215
170588	2887.250771323215
170917	2887.250771323215
171247	2887.250771323215
173127	2886.8499135977363
175561	2886.849912710516
175890	2886.849912710516
176217	2886.849912710516
178571	2886.849912471512
178900	2886.849912471512
179232	2886.849912471512
179557	2886.849912471512
179882	2886.849912471512
180209	2886.849912471512
180534	2886.849912471512
180860	2886.849912471512
181183	2886.849912471512
181511	2886.849912471512
181833	2886.849912471512
182166	2886.849912471512
182496	2886.849912471512
182825	2886.849912471512
184738	2886.8099308946635
185060	2886.8099308946635
185387	2886.8099308946635
185711	2886.8099308946635
186033	2886.8099308946635
186354	2886.8099308946635
186677	2886.8099308946635
187000	2886.8099308946635
187321	2886.8099308946635
187644	2886.8099308946635
187965	2886.8099308946635
188288	2886.8099308946635
188610	2886.8099308946635
188936	2886.8099308946635
189260	2886.8099308946635
189581	2886.8099308946635
189907	2886.8099308946635
190232	2886.8099308946635
190556	2886.8099308946635
190882	2886.8099308946635
191204	2886.8099308946635
191528	2886.8099308946635
192992	2886.8099308946635
193316	2886.8099308946635
193639	2886.8099308946635
193964	2886.8099308946635
194291	2886.8099308946635
194615	2886.8099308946635
194936	2886.8099308946635
195262	2886.8099308946635
195586	2886.8099308946635
195911	2886.8099308946635
196236	2886.8099308946635
196562	2886.8099308946635
196889	2886.8099308946635
197216	2886.8099308946635
197547	2886.8099308946635
197877	2886.8099308946635
198203	2886.8099308946635
198532	2886.8099308946635
198859	2886.8099308946635
199185	2886.8099308946635
201492	2886.8099308946635
201821	2886.8099308946635
202150	2886.8099308946635
202478	2886.8099308946635
202808	2886.8099308946635
203140	2886.8099308946635
203471	2886.8099308946635
203802	2886.8099308946635
204129	2886.8099308946635
204454	2886.8099308946635
204784	2886.8099308946635
205110	2886.8099308946635
205435	2886.8099308946635
205765	2886.8099308946635
206090	2886.8099308946635
206419	2886.8099308946635
206745	2886.8099308946635
207072	2886.8099308946635
207399	2886.8099308946635
207726	2886.8099308946635
209718	2886.8099308946635
210043	2886.8099308946635
210367	2886.8099308946635
210696	2886.8099308946635
211020	2886.8099308946635
211350	2886.8099308946635
211677	2886.8099308946635
212008	2886.8099308946635
212334	2886.8099308946635
212665	2886.8099308946635
212994	2886.8099308946635
213319	2886.8099308946635
213647	2886.8099308946635
213978	2886.8099308946635
214305	2886.8099308946635
214633	2886.8099308946635
214956	2886.8099308946635
215279	2886.8099308946635
215604	2886.8099308946635
215930	2886.8099308946635
216925	2886.8099308946635
217249	2886.8099308946635
217572	2886.8099308946635
217898	2886.8099308946635
218226	2886.8099308946635
218555	2886.8099308946635
218881	2886.8099308946635
219205	2886.8099308946635
219531	2886.8099308946635
219862	2886.8099308946635
221839	2886.8099308946635
222164	2886.8099308946635
222490	2886.8099308946635
222818	2886.8099308946635
223146	2886.8099308946635
223468	2886.8099308946635
223792	2886.8099308946635
224116	2886.8099308946635
224443	2886.8099308946635
224772	2886.8099308946635
225102	2886.8099308946635
225434	2886.8099308946635
225764	2886.8099308946635
226091	2886.8099308946635
226421	2886.8099308946635
226749	2886.8099308946635
227077	2886.8099308946635
227402	2886.8099308946635
227730	2886.8099308946635
228056	2886.8099308946635
229952	2886.8099308946635
230280	2886.8099308946635
230606	2886.8099308946635
230929	2886.8099308946635
231254	2886.8099308946635
231577	2886.8099308946635
231904	2886.8099308946635
232228	2886.8099308946635
232554	2886.8099308946635
232881	2886.8099308946635
233213	2886.8099308946635
233545	2886.8099308946635
233873	2886.8099308946635
234202	2886.8099308946635
234530	2886.8099308946635
234858	2886.8099308946635
235189	2886.8099308946635
235519	2886.8099308946635
235848	2886.8099308946635
236174	2886.8099308946635
238252	2886.8099308946635
238580	2886.8099308946635
238908	2886.8099308946635
239233	2886.8099308946635
239562	2886.8099308946635
239891	2886.8099308946635
240220	2886.8099308946635
240548	2886.8099308946635
240871	2886.8099308946635
241200	2886.8099308946635
241529	2886.8099308946635
241851	2886.8099308946635
242175	2886.8099308946635
242497	2886.8099308946635
242825	2886.8099308946635
243153	2886.8099308946635
243483	2886.8099308946635
243807	2886.8099308946635
244135	2886.8099308946635
244463	2886.8099308946635
246404	2886.8099308946635
246730	2886.8099308946635
247055	2886.8099308946635
247380	2886.8099308946635
247709	2886.8099308946635
248033	2886.8099308946635
248357	2886.8099308946635
248681	2886.8099308946635
249010	2886.8099308946635
249340	2886.8099308946635
249666	2886.8099308946635
249998	2886.8099308946635
250323	2886.8099308946635
250652	2886.8099308946635
250976	2886.8099308946635
251301	2886.8099308946635
251633	2886.8099308946635
251958	2886.8099308946635
252283	2886.8099308946635
252611	2886.8099308946635
253577	2886.8099308946635
253904	2886.8099308946635
254239	2886.8099308946635
254570	2886.8099308946635
254896	2886.8099308946635
255222	2886.8099308946635
255555	2886.8099308946635
255889	2886.8099308946635
256219	2886.8099308946635
256548	2886.8099308946635
258724	2886.8099308946635
259050	2886.8099308946635
259378	2886.8099308946635
259708	2886.8099308946635
260032	2886.8099308946635
260360	2886.8099308946635
260688	2886.8099308946635
261018	2886.8099308946635
261345	2886.8099308946635
261674	2886.8099308946635
262004	2886.8099308946635
262333	2886.8099308946635
262661	2886.8099308946635
262989	2886.8099308946635
263316	2886.8099308946635
263642	2886.8099308946635
263971	2886.8099308946635
264300	2886.8099308946635
264629	2886.8099308946635
264956	2886.8099308946635
272927	2886.8099308946635
273255	2886.8099308946635
273581	2886.8099308946635
273908	2886.8099308946635
274241	2886.8099308946635
274570	2886.8099308946635
274903	2886.8099308946635
275230	2886.8099308946635
275557	2886.8099308946635
275887	2886.8099308946635
276218	2886.8099308946635
276543	2886.8099308946635
276867	2886.8099308946635
277194	2886.8099308946635
277526	2886.8099308946635
277858	2886.8099308946635
278185	2886.8099308946635
278514	2886.8099308946635
278849	2886.8099308946635
279182	2886.8099308946635
280245	2886.8099308946635
280575	2886.8099308946635
280900	2886.8099308946635
281228	2886.8099308946635
281554	2886.8099308946635
281878	2886.8099308946635
282205	2886.8099308946635
282532	2886.8099308946635
282855	2886.8099308946635
283180	2886.8099308946635
283503	2886.8099308946635
283835	2886.8099308946635
284166	2886.8099308946635
284494	2886.8099308946635
284825	2886.8099308946635
285154	2886.8099308946635
285482	2886.8099308946635
285811	2886.8099308946635
286136	2886.8099308946635
286464	2886.8099308946635
288942	2886.8099308946635
289271	2886.8099308946635
289600	2886.8099308946635
289927	2886.8099308946635
290257	2886.8099308946635
290586	2886.8099308946635
290917	2886.8099308946635
291247	2886.8099308946635
291579	2886.8099308946635
291906	2886.8099308946635
292232	2886.8099308946635
292561	2886.8099308946635
292885	2886.8099308946635
293211	2886.8099308946635
293542	2886.8099308946635
293867	2886.8099308946635
294191	2886.8099308946635
294517	2886.8099308946635
294845	2886.8099308946635
295171	2886.8099308946635
301540	2886.8099308946635
