300	2803.431182057587
2017	1140.3741881385254
3699	936.2783828949937
4912	936.2783828949937
6161	936.2783828949937
7859	936.2783828949937
10015	936.2783828949937
11687	936.2783828949937
12912	936.2783828949937
14133	936.2783828949937
15790	936.2783828949937
17007	936.2783828949937
19109	936.2783828949937
20336	936.2783828949937
21572	936.2783828949937
22784	936.2783828949937
24457	936.2783828949937
27037	936.2783828949937
27811	936.2783828949937
29020	936.2783828949937
29779	936.2783828949937
30980	936.2783828949937
31742	936.2783828949937
34772	936.2783828949937
36440	936.2783828949937
37210	936.2783828949937
38413	936.2783828949937
39170	936.2783828949937
40367	936.2783828949937
41573	936.2783828949937
42337	936.2783828949937
43552	936.2783828949937
45218	936.2783828949937
46441	936.2783828949937
47214	936.2783828949937
48875	936.2783828949937
50090	936.2783828949937
51323	936.2783828949937
52517	936.2783828949937
53742	936.2783828949937
55395	936.2783828949937
57062	936.2783828949937
57841	936.2783828949937
59064	936.2783828949937
60730	936.2783828949937
61488	936.2783828949937
62699	936.2783828949937
63475	936.2783828949937
64250	936.2783828949937
65454	936.2783828949937
66688	936.2783828949937
67898	936.2783828949937
69117	936.2783828949937
69897	936.2783828949937
70661	936.2783828949937
71422	936.2783828949937
72187	936.2783828949937
73381	936.2783828949937
74160	936.2783828949937
74922	936.2783828949937
75690	936.2783828949937
76465	936.2783828949937
77239	936.2783828949937
77996	936.2783828949937
78773	936.2783828949937
79551	914.926853615333
80322	914.926853615333
81078	914.926853615333
81831	914.926853615333
83514	914.926853615333
84279	914.926853615333
85505	914.926853615333
87172	914.926853615333
87943	914.926853615333
89156	914.926853615333
90385	914.926853615333
91612	914.926853615333
92836	914.926853615333
93611	914.926853615333
94821	914.926853615333
95584	914.926853615333
97259	914.926853615333
98473	914.926853615333
99255	914.926853615333
100466	914.926853615333
101226	914.926853615333
101986	914.926853615333
102767	914.926853615333
103544	914.926853615333
104304	914.926853615333
105076	914.926853615333
105850	914.926853615333
106624	914.926853615333
107392	914.926853615333
108153	910.7769935489323
108916	910.7769935489323
110139	910.7769935489323
110898	910.7769935489323
111676	910.7769935489323
112437	910.7769935489323
113208	910.7769935489323
113987	905.735232578596
115625	905.735232578596
116393	905.735232578596
118070	905.735232578596
118844	905.735232578596
119608	905.735232578596
120811	905.735232578596
121576	905.735232578596
122792	905.735232578596
123567	905.735232578596
125233	905.735232578596
125994	905.735232578596
127185	905.735232578596
127956	905.735232578596
128733	905.735232578596
129947	905.735232578596
130724	905.735232578596
132816	905.735232578596
133584	901.8072336537193
134800	901.8072336537193
135568	901.8072336537193
136769	901.8072336537193
138410	901.8072336537193
139624	901.8072336537193
140403	896.2875441789079
141166	896.2875441789079
141924	896.2875441789079
142688	896.2875441789079
143908	896.2875441789079
144667	895.8006164062058
145434	895.8006164062058
146210	886.0238204972694
147434	886.0238204972694
148185	882.9211454652188
148949	882.9211454652188
149700	882.9211454652188
150454	882.9211454652188
151216	882.9211454652188
151986	873.7376530365533
153183	873.7376530365533
153962	872.0349552179341
156047	872.0349552179341
157703	872.0349552179341
158916	872.0349552179341
159688	872.0349552179341
160461	872.0349552179341
161225	872.0349552179341
162445	872.0349552179341
163212	871.9960692266544
164445	871.9960692266544
165671	871.9960692266544
167333	871.9960692266544
168107	871.9960692266544
168888	871.9960692266544
169666	866.0605614095888
170870	866.0605614095888
171650	864.4509784006702
172404	862.6920072395164
173176	862.6920072395164
173943	862.6920072395164
174714	862.6920072395164
175480	858.9906161623281
176229	858.2746105641354
176992	858.2746105641354
177763	858.2746105641354
178550	858.2746105641354
179312	858.2746105641354
180068	854.5791835616326
180825	854.5791835616326
181588	850.5121178347335
182354	850.5121178347335
183123	849.7399161188362
183888	849.5158405052894
184649	847.6407484031131
185426	847.6407484031131
186180	840.8115392599523
186951	840.8115392599523
187723	831.2610659136268
188486	831.1409967586804
189253	831.1409967586804
190006	828.365000915878
190788	828.365000915878
191538	825.9001527983418
192305	820.2851478055281
193069	820.2851478055281
193841	820.2851478055281
194610	820.2851478055281
195387	820.2851478055281
196156	815.135119941015
196937	815.135119941015
197710	813.4705596367571
198482	807.8864015302665
199243	805.4202702856335
200015	798.9569057204222
200791	798.9569057204222
201561	793.4472775419059
202333	793.4472775419059
203122	791.8594605824194
203908	788.3742951812029
204686	787.3233408993916
205474	786.285067880924
206259	786.285067880924
207033	784.3286618116739
207819	784.1098497645454
208607	780.8655849958391
209379	779.263984216297
210147	777.8588925030064
210910	775.9359680088821
211682	775.842910409331
212442	775.4161102200512
213209	774.6367617756308
213980	774.6367617756308
214752	774.2305355297518
215528	773.9570320457749
216305	772.6716331811956
217081	771.902396246669
217856	770.751754616252
218633	767.8251723693824
219404	765.9441821144901
220168	765.7307495959487
220941	765.0566011340876
221705	764.8595416481623
222464	764.4487731200443
223225	763.9860929686101
223991	763.6969098534368
224756	763.1931610372634
225526	762.8029933317334
226321	762.4661645446515
227095	761.9566060469202
227877	760.6114915872251
228650	760.4563226752929
229426	759.8870657908963
230211	759.7201629689699
230988	759.4195626951516
231758	759.0972534954865
232544	758.844931086687
233327	758.4540233903263
234097	758.3710895139903
234881	758.1827974197492
235656	758.0636460961455
236430	758.0560956976489
237216	757.9891056865957
237992	757.8142988243785
238785	757.7643064731819
239560	757.7040916402226
240347	757.6460359513961
241139	757.6208719592681
241916	757.5798888104935
242690	757.533429143076
243481	757.4982510366556
244266	757.455319997378
245057	757.416045553931
245843	757.400351108216
246628	757.3717487700653
247418	757.3461472828665
248208	757.3305360851415
248979	757.3149250165576
249771	757.2861690157774
250560	757.2599101348028
251353	757.2599101348028
252143	757.2485355878235
252938	757.2409351688109
253731	757.233637772261
254523	757.2243128078351
255316	757.2174634161452
256108	757.2098725111416
256899	757.2057796204858
257691	757.20089531959
258482	757.2005424060717
259275	757.1962471468307
260050	757.1430990926891
260850	757.1430990926891
261619	756.8099895149703
262397	756.8099895149703
263158	756.7314660829613
263918	756.7314660829613
264685	756.7152782591697
265450	756.7152782591697
266210	756.7152782591697
266976	756.7152782591697
267750	756.697578790327
268519	756.697578790327
269294	756.6935233667173
270062	756.6935233667173
270826	756.6935233667173
271590	756.688610018398
272359	756.6585159174839
273129	756.4725473910721
273895	756.425281077561
274654	756.3930620220315
275426	756.1980219967172
276187	756.1980219967172
276956	756.0773242943212
277719	756.0438042130882
278496	755.7698530193094
279271	755.6933949256177
280049	755.5288712668158
280817	755.5288712668158
281592	755.4588416559019
282365	755.4588416559019
283137	755.2790955702787
283904	755.2137870514327
284686	754.9834142982152
285459	754.8135651536975
286231	754.7680409761202
286998	754.757516542531
287769	754.7407345347248
288546	754.7407345347248
289317	754.7318225482305
290099	754.634758660354
290866	754.4999028391418
291630	754.4989587438049
292397	754.3058614737332
293172	754.2736224806968
293943	754.2548783629998
294713	754.2328061173504
295483	754.1976998641788
296251	754.1653823643769
297024	754.1529563859692
297791	754.1487033775941
298553	754.1404173541112
299318	754.1243966696164
300102	754.1131700729318
