300	2973.597711820264
625	2409.5126509819656
949	1902.4420644990785
1276	1634.4182249638354
1599	1421.3371982869069
1919	1334.7951611946742
2243	1228.2406646149882
2565	1205.9736510757937
2886	1158.3331549868053
3205	1046.621306404651
3524	1046.621306404651
3838	1046.621306404651
4156	1046.621306404651
4472	1046.621306404651
4787	1031.3282218084048
5104	1031.3282218084048
5416	1031.3282218084048
5727	1031.3282218084048
6037	1031.3282218084048
6349	1000.6983559511993
6658	998.2746017036231
6968	998.2746017036231
7276	998.2746017036231
7586	998.2746017036231
7894	998.2746017036231
8204	998.2746017036231
8513	990.308103960419
8824	990.308103960419
9134	990.308103960419
9441	990.308103960419
9751	983.6177738322035
10058	983.6177738322035
10368	973.5553141905251
10678	950.6734163944
10988	950.6734163944
11296	950.6734163944
11606	950.6734163944
11916	950.6734163944
12227	950.6734163944
12535	950.6734163944
12843	950.6734163944
13152	950.6734163944
16896	802.3846239625195
17205	802.3846239625195
17515	802.3846239625195
17827	802.3846239625195
18139	802.3846239625195
18447	802.3846239625195
18755	802.3846239625195
19063	802.3846239625195
19371	802.3846239625195
19678	802.3846239625195
19987	802.3846239625195
20299	802.3846239625195
20610	802.3846239625195
20927	802.3846239625195
21239	802.3846239625195
21551	802.3846239625195
21863	802.3846239625195
22172	802.3846239625195
22483	802.3846239625195
26062	802.3846239625195
26371	802.3846239625195
26686	802.3846239625195
26994	802.3846239625195
27304	802.3846239625195
27615	802.3846239625195
27924	802.3846239625195
28236	802.3846239625195
28547	802.3846239625195
28857	802.3846239625195
29166	802.3846239625195
29476	802.3846239625195
29783	802.3846239625195
30090	802.3846239625195
30400	802.3846239625195
30709	802.3846239625195
31019	802.3846239625195
31328	802.3846239625195
31637	802.3846239625195
31949	802.3846239625195
33241	802.3846239625195
33551	802.3846239625195
33860	802.3846239625195
34170	802.3846239625195
34479	802.3846239625195
34789	802.3846239625195
35102	802.3846239625195
35418	802.3846239625195
35732	802.3846239625195
36043	802.3846239625195
36355	802.3846239625195
36663	802.3846239625195
36972	802.3846239625195
37279	802.3846239625195
37587	802.3846239625195
37893	802.3846239625195
38202	802.3846239625195
38513	802.3846239625195
38825	802.3846239625195
39135	802.3846239625195
40652	802.3846239625195
40967	802.3846239625195
41285	802.3846239625195
41598	802.3846239625195
41912	802.3846239625195
42224	802.3846239625195
42538	802.3846239625195
42851	802.3846239625195
43163	802.3846239625195
43476	802.3846239625195
43788	802.3846239625195
44099	802.3846239625195
44409	802.3846239625195
44719	802.3846239625195
45027	802.3846239625195
45339	802.3846239625195
45649	802.3846239625195
45960	802.3846239625195
46269	802.3846239625195
46578	802.3846239625195
47569	777.9370565379061
49635	777.9370565041885
49945	777.9370565041885
50254	777.9370565041885
50563	777.9370565041885
50872	777.9370565041885
51182	777.9370565041885
51493	777.9370565041885
51801	777.9370565041885
52110	777.9370565041885
52422	777.9370565041885
52732	777.9370565041885
53045	777.9370565041885
53357	777.9370565041885
53670	777.9370565041885
53984	777.9370565041885
54296	777.9370565041885
54606	777.9370565041885
54915	777.9370565041885
55227	777.9370565041885
56095	777.4012222522996
57089	769.152788968901
58532	769.1527888620578
58849	769.1527888620578
59165	769.1527888620578
59476	769.1527888620578
59791	769.1527888620578
60100	769.1527888620578
60411	769.1527888620578
60724	769.1527888620578
61033	769.1527888620578
61344	769.1527888620578
61656	769.1527888620578
61965	769.1527888620578
62279	769.1527888620578
62590	769.1527888620578
62899	769.1527888620578
63210	769.1527888620578
63522	769.1527888620578
63835	769.1527888620578
64150	769.1527888620578
64462	769.1527888620578
64778	769.1527888620578
65090	769.1527888620578
65404	769.1527888620578
65714	769.1527888620578
66025	769.1527888620578
66336	769.1527888620578
66646	769.1527888620578
66959	769.1527888620578
69402	769.1527888620578
69712	769.1527888620578
70021	769.1527888620578
70330	769.1527888620578
70640	769.1527888620578
70949	769.1527888620578
71260	769.1527888620578
71570	769.1527888620578
71884	769.1527888620578
72198	769.1527888620578
73647	769.1527888620578
73962	769.1527888620578
74274	769.1527888620578
74587	769.1527888620578
74904	769.1527888620578
75217	769.1527888620578
75532	769.1527888620578
75845	769.1527888620578
76155	769.1527888620578
76465	769.1527888620578
76775	769.1527888620578
77085	769.1527888620578
77392	769.1527888620578
77701	769.1527888620578
78012	769.1527888620578
78319	769.1527888620578
78627	769.1527888620578
78937	769.1527888620578
79245	769.1527888620578
79557	769.1527888620578
80519	764.9289477265557
81545	762.3108224797903
83419	762.3108223795551
83731	762.3108223795551
84042	762.3108223795551
84353	762.3108223795551
84663	762.3108223795551
84972	762.3108223795551
85280	762.3108223795551
85587	762.3108223795551
85896	762.3108223795551
86203	762.3108223795551
86510	762.3108223795551
86818	762.3108223795551
87125	762.3108223795551
87432	762.3108223795551
87741	762.3108223795551
88048	762.3108223795551
88358	762.3108223795551
88667	762.3108223795551
88975	762.3108223795551
89286	762.3108223795551
89598	762.3108223795551
89910	762.3108223795551
90228	762.3108223795551
90542	762.3108223795551
90854	762.3108223795551
91168	762.3108223795551
91479	762.3108223795551
91790	762.3108223795551
93098	762.3108223795551
93410	762.3108223795551
93722	762.3108223795551
94031	762.3108223795551
94341	762.3108223795551
94650	762.3108223795551
94960	762.3108223795551
95271	762.3108223795551
95584	762.3108223795551
95896	762.3108223795551
97304	762.3108223795551
97616	762.3108223795551
97930	762.3108223795551
98245	762.3108223795551
98557	762.3108223795551
98873	762.3108223795551
99188	762.3108223795551
99500	762.3108223795551
99811	762.3108223795551
100122	762.3108223795551
100435	762.3108223795551
100749	762.3108223795551
101056	762.3108223795551
101367	762.3108223795551
101678	762.3108223795551
101988	762.3108223795551
102297	762.3108223795551
102609	762.3108223795551
102921	762.3108223795551
103231	762.3108223795551
104524	762.3108223795551
104834	762.3108223795551
105145	762.3108223795551
105457	762.3108223795551
105773	762.3108223795551
106088	762.3108223795551
106401	762.3108223795551
106720	762.3108223795551
107032	762.3108223795551
107352	762.3108223795551
107668	762.3108223795551
107988	762.3108223795551
108306	762.3108223795551
108624	762.3108223795551
108942	762.3108223795551
109260	762.3108223795551
109581	762.3108223795551
109902	762.3108223795551
110218	762.3108223795551
110541	762.3108223795551
111416	756.1865942601523
113766	756.1865941317183
114088	756.1865941317183
114404	756.1865941317183
114725	756.1865941317183
115045	756.1865941317183
115365	756.1865941317183
115680	756.1865941317183
116000	756.1865941317183
116322	756.1865941317183
116643	756.1865941317183
116963	756.1865941317183
117283	756.1865941317183
117599	756.1865941317183
117917	756.1865941317183
118235	756.1865941317183
118555	756.1865941317183
118875	756.1865941317183
119194	756.1865941317183
119514	756.1865941317183
120725	756.1865941317183
121044	756.1865941317183
121369	756.1865941317183
121687	756.1865941317183
122005	756.1865941317183
122326	756.1865941317183
122650	756.1865941317183
122971	756.1865941317183
123296	756.1865941317183
123615	756.1865941317183
123938	756.1865941317183
124255	756.1865941317183
124574	756.1865941317183
124895	756.1865941317183
125214	756.1865941317183
125534	756.1865941317183
125857	756.1865941317183
126175	756.1865941317183
126495	756.1865941317183
126817	756.1865941317183
128073	756.1865941317183
128393	756.1865941317183
128717	756.1865941317183
129038	756.1865941317183
129363	756.1865941317183
129684	756.1865941317183
130002	756.1865941317183
130322	756.1865941317183
130649	756.1865941317183
130970	756.1865941317183
131292	756.1865941317183
131612	756.1865941317183
131932	756.1865941317183
132254	756.1865941317183
132577	756.1865941317183
132902	756.1865941317183
133225	756.1865941317183
133551	756.1865941317183
133871	756.1865941317183
134197	756.1865941317183
135613	756.1865941317183
135949	756.1865941317183
136278	756.1865941317183
136601	756.1865941317183
136929	756.1865941317183
137260	756.1865941317183
137584	756.1865941317183
137915	756.1865941317183
138237	756.1865941317183
138563	756.1865941317183
138889	756.1865941317183
139213	756.1865941317183
139542	756.1865941317183
139867	756.1865941317183
140193	756.1865941317183
140519	756.1865941317183
140854	756.1865941317183
141182	756.1865941317183
141507	756.1865941317183
141833	756.1865941317183
143094	756.1865941317183
143424	756.1865941317183
143747	756.1865941317183
144076	756.1865941317183
144405	756.1865941317183
144724	756.1865941317183
145046	756.1865941317183
145378	756.1865941317183
145714	756.1865941317183
146044	756.1865941317183
146376	756.1865941317183
146700	756.1865941317183
147030	756.1865941317183
147354	756.1865941317183
147677	756.1865941317183
148006	756.1865941317183
148333	756.1865941317183
148662	756.1865941317183
148994	756.1865941317183
149322	756.1865941317183
150307	756.1865941317183
150632	756.1865941317183
150955	756.1865941317183
151286	756.1865941317183
151616	756.1865941317183
151945	756.1865941317183
152273	756.1865941317183
152596	756.1865941317183
152924	756.1865941317183
153251	756.1865941317183
154723	756.1865941317183
155048	756.1865941317183
155372	756.1865941317183
155694	756.1865941317183
156013	756.1865941317183
156333	756.1865941317183
156653	756.1865941317183
156981	756.1865941317183
157303	756.1865941317183
157624	756.1865941317183
157946	756.1865941317183
158269	756.1865941317183
158596	756.1865941317183
158917	756.1865941317183
159240	756.1865941317183
159562	756.1865941317183
159881	756.1865941317183
160203	756.1865941317183
160523	756.1865941317183
160845	756.1865941317183
162129	756.1865941317183
162455	756.1865941317183
162779	756.1865941317183
163099	756.1865941317183
163415	756.1865941317183
163734	756.1865941317183
164057	756.1865941317183
164373	756.1865941317183
164691	756.1865941317183
165006	756.1865941317183
165321	756.1865941317183
165634	756.1865941317183
165953	756.1865941317183
166269	756.1865941317183
166584	756.1865941317183
166896	756.1865941317183
167209	756.1865941317183
167520	756.1865941317183
167836	756.1865941317183
168148	756.1865941317183
169416	756.1865941317183
169731	756.1865941317183
170041	756.1865941317183
170358	756.1865941317183
170675	756.1865941317183
170992	756.1865941317183
171312	756.1865941317183
171631	756.1865941317183
171948	756.1865941317183
172267	756.1865941317183
172587	756.1865941317183
172905	756.1865941317183
173221	756.1865941317183
173539	756.1865941317183
173858	756.1865941317183
174178	756.1865941317183
174503	756.1865941317183
174826	756.1865941317183
175143	756.1865941317183
175466	756.1865941317183
176727	756.1865941317183
177049	756.1865941317183
177369	756.1865941317183
177692	756.1865941317183
178018	756.1865941317183
178343	756.1865941317183
178671	756.1865941317183
179006	756.1865941317183
179336	756.1865941317183
179654	756.1865941317183
179976	756.1865941317183
180304	756.1865941317183
180621	756.1865941317183
180942	756.1865941317183
181265	756.1865941317183
181580	756.1865941317183
181895	756.1865941317183
182211	756.1865941317183
182529	756.1865941317183
182846	756.1865941317183
183598	752.61140335942
184862	752.6114032461751
185185	752.6114032461751
185503	752.6114032461751
185826	752.6114032461751
186149	752.6114032461751
186469	752.6114032461751
186786	752.6114032461751
187103	752.6114032461751
187425	752.6114032461751
187750	752.6114032461751
188076	752.6114032461751
188394	752.6114032461751
188712	752.6114032461751
189031	752.6114032461751
189353	752.6114032461751
189669	752.6114032461751
189983	752.6114032461751
190308	752.6114032461751
190626	752.6114032461751
191797	752.6114032461751
192117	752.6114032461751
192436	752.6114032461751
192756	752.6114032461751
193078	752.6114032461751
193399	752.6114032461751
193720	752.6114032461751
194041	752.6114032461751
194361	752.6114032461751
194680	752.6114032461751
194998	752.6114032461751
195321	752.6114032461751
195649	752.6114032461751
195973	752.6114032461751
196295	752.6114032461751
196615	752.6114032461751
196931	752.6114032461751
197249	752.6114032461751
197563	752.6114032461751
197883	752.6114032461751
199376	752.6114032461751
199700	752.6114032461751
200021	752.6114032461751
200338	752.6114032461751
200654	752.6114032461751
200973	752.6114032461751
201294	752.6114032461751
201616	752.6114032461751
201934	752.6114032461751
202254	752.6114032461751
202566	752.6114032461751
202889	752.6114032461751
203206	752.6114032461751
203523	752.6114032461751
203841	752.6114032461751
204160	752.6114032461751
204476	752.6114032461751
204793	752.6114032461751
205112	752.6114032461751
205430	752.6114032461751
206746	752.6114032461751
207062	752.6114032461751
207384	752.6114032461751
207703	752.6114032461751
208020	752.6114032461751
208339	752.6114032461751
208654	752.6114032461751
208973	752.6114032461751
209292	752.6114032461751
209611	752.6114032461751
209935	752.6114032461751
210259	752.6114032461751
210578	752.6114032461751
210895	752.6114032461751
211215	752.6114032461751
211530	752.6114032461751
211851	752.6114032461751
212167	752.6114032461751
212484	752.6114032461751
212805	752.6114032461751
213951	752.6114032461751
214277	752.6114032461751
214600	752.6114032461751
214920	752.6114032461751
215246	752.6114032461751
215566	752.6114032461751
215887	752.6114032461751
216210	752.6114032461751
216533	752.6114032461751
216850	752.6114032461751
217169	752.6114032461751
217486	752.6114032461751
217805	752.6114032461751
218120	752.6114032461751
218441	752.6114032461751
218763	752.6114032461751
219084	752.6114032461751
219404	752.6114032461751
219724	752.6114032461751
220043	752.6114032461751
221276	752.6114032461751
221598	752.6114032461751
221920	752.6114032461751
222248	752.6114032461751
222565	752.6114032461751
222888	752.6114032461751
223212	752.6114032461751
223530	752.6114032461751
223849	752.6114032461751
224167	752.6114032461751
225525	752.6114032461751
225846	752.6114032461751
226164	752.6114032461751
226482	752.6114032461751
226800	752.6114032461751
227114	752.6114032461751
227430	752.6114032461751
227751	752.6114032461751
228070	752.6114032461751
228389	752.6114032461751
228711	752.6114032461751
229036	752.6114032461751
229356	752.6114032461751
229680	752.6114032461751
230009	752.6114032461751
230333	752.6114032461751
230656	752.6114032461751
230983	752.6114032461751
231302	752.6114032461751
231622	752.6114032461751
232621	752.6114032461751
232945	752.6114032461751
233269	752.6114032461751
233592	752.6114032461751
233914	752.6114032461751
234233	752.6114032461751
234557	752.6114032461751
234883	752.6114032461751
235207	752.6114032461751
235526	752.6114032461751
235845	752.6114032461751
236167	752.6114032461751
236488	752.6114032461751
236811	752.6114032461751
237130	752.6114032461751
237452	752.6114032461751
237775	752.6114032461751
238107	752.6114032461751
238436	752.6114032461751
238756	752.6114032461751
239957	752.6114032461751
240284	752.6114032461751
240612	752.6114032461751
240935	752.6114032461751
241262	752.6114032461751
241583	752.6114032461751
241908	752.6114032461751
242229	752.6114032461751
242551	752.6114032461751
242872	752.6114032461751
243189	752.6114032461751
243509	752.6114032461751
243831	752.6114032461751
244148	752.6114032461751
244468	752.6114032461751
244794	752.6114032461751
245114	752.6114032461751
245435	752.6114032461751
245752	752.6114032461751
246080	752.6114032461751
247361	752.6114032461751
247684	752.6114032461751
248002	752.6114032461751
248320	752.6114032461751
248641	752.6114032461751
248960	752.6114032461751
249280	752.6114032461751
249594	752.6114032461751
249913	752.6114032461751
250232	752.6114032461751
250549	752.6114032461751
250870	752.6114032461751
251188	752.6114032461751
251510	752.6114032461751
251834	752.6114032461751
252156	752.6114032461751
252482	752.6114032461751
252802	752.6114032461751
253127	752.6114032461751
253450	752.6114032461751
254601	752.6114032461751
254927	752.6114032461751
255253	752.6114032461751
255577	752.6114032461751
255903	752.6114032461751
256228	752.6114032461751
256556	752.6114032461751
256884	752.6114032461751
257214	752.6114032461751
257543	752.6114032461751
258892	752.6114032461751
259221	752.6114032461751
259550	752.6114032461751
259884	752.6114032461751
260214	752.6114032461751
260545	752.6114032461751
260874	752.6114032461751
261196	752.6114032461751
261519	752.6114032461751
261839	752.6114032461751
262161	752.6114032461751
262480	752.6114032461751
262799	752.6114032461751
263119	752.6114032461751
263442	752.6114032461751
263759	752.6114032461751
264073	752.6114032461751
264388	752.6114032461751
264703	752.6114032461751
265018	752.6114032461751
266381	752.6114032461751
266702	752.6114032461751
267012	752.6114032461751
267323	752.6114032461751
267638	752.6114032461751
267951	752.6114032461751
268263	752.6114032461751
268575	752.6114032461751
268888	752.6114032461751
269203	752.6114032461751
269519	752.6114032461751
269835	752.6114032461751
270154	752.6114032461751
270479	752.6114032461751
270798	752.6114032461751
271117	752.6114032461751
271437	752.6114032461751
271762	752.6114032461751
272084	752.6114032461751
272407	752.6114032461751
273642	752.6114032461751
273968	752.6114032461751
274291	752.6114032461751
274619	752.6114032461751
274943	752.6114032461751
275269	752.6114032461751
275596	752.6114032461751
275923	752.6114032461751
276249	752.6114032461751
276574	752.6114032461751
276899	752.6114032461751
277224	752.6114032461751
277553	752.6114032461751
277878	752.6114032461751
278207	752.6114032461751
278533	752.6114032461751
278856	752.6114032461751
279179	752.6114032461751
279508	752.6114032461751
279831	752.6114032461751
280936	752.6114032461751
281257	752.6114032461751
281580	752.6114032461751
281904	752.6114032461751
282232	752.6114032461751
282556	752.6114032461751
282881	752.6114032461751
283207	752.6114032461751
283537	752.6114032461751
283864	752.6114032461751
284193	752.6114032461751
284522	752.6114032461751
284850	752.6114032461751
285171	752.6114032461751
285494	752.6114032461751
285826	752.6114032461751
286149	752.6114032461751
286478	752.6114032461751
286807	752.6114032461751
287130	752.6114032461751
288439	752.6114032461751
288760	752.6114032461751
289079	752.6114032461751
289400	752.6114032461751
289719	752.6114032461751
290041	752.6114032461751
290358	752.6114032461751
290677	752.6114032461751
291000	752.6114032461751
291326	752.6114032461751
292791	752.6114032461751
293113	752.6114032461751
293435	752.6114032461751
293760	752.6114032461751
294078	752.6114032461751
294399	752.6114032461751
294716	752.6114032461751
295038	752.6114032461751
295361	752.6114032461751
295687	752.6114032461751
296008	752.6114032461751
296329	752.6114032461751
296651	752.6114032461751
296975	752.6114032461751
297297	752.6114032461751
297617	752.6114032461751
297936	752.6114032461751
298258	752.6114032461751
298579	752.6114032461751
298898	752.6114032461751
300112	752.6114032461751
