300	2789.0083033170417
626	2297.4736627223865
951	1674.1270297078754
1278	1582.0998377279666
1608	1368.2839338021736
1933	1264.3806870608814
2255	1187.3730034245914
2577	1117.2517652323615
2898	1111.9368412967756
3215	1111.9368412967756
3530	1061.7879559295607
3845	1039.9005560610922
4161	1039.9005560610922
4476	1013.5627700300108
4790	1013.5627700300108
5103	996.108519092001
5412	996.108519092001
5722	996.108519092001
6030	996.108519092001
6339	996.108519092001
6648	989.9387443310998
6957	982.0267249176452
7263	982.0267249176452
7571	982.0267249176452
7879	982.0267249176452
8187	982.0267249176452
8494	982.0267249176452
8801	982.0267249176452
9109	982.0267249176452
9417	982.0267249176452
9724	982.0267249176452
10031	982.0267249176452
10338	982.0267249176452
10644	982.0267249176452
10952	982.0267249176452
11260	982.0267249176452
11568	982.0267249176452
11875	982.0267249176452
12186	975.5137963220443
12497	975.5137963220443
12806	975.5137963220443
13115	975.5137963220443
15300	833.1583447580275
17142	833.1583446445242
17452	833.1583446445242
17765	833.1583446445242
18076	833.1583446445242
18388	833.1583446445242
18699	833.1583446445242
19012	833.1583446445242
19321	833.1583446445242
19628	833.1583446445242
19937	833.1583446445242
20248	833.1583446445242
20555	833.1583446445242
20867	833.1583446445242
21178	833.1583446445242
21491	833.1583446445242
21801	833.1583446445242
22111	833.1583446445242
22423	833.1583446445242
22734	833.1583446445242
23042	833.1583446445242
23355	833.1583446445242
23670	833.1583446445242
23984	833.1583446445242
24298	833.1583446445242
24609	833.1583446445242
24922	833.1583446445242
25232	833.1583446445242
25541	833.1583446445242
26439	812.8254297014797
27430	798.1588131286622
28783	798.158813045443
29095	798.158813045443
29403	798.158813045443
29712	798.158813045443
30023	798.158813045443
30331	798.158813045443
30642	798.158813045443
30955	798.158813045443
31264	798.158813045443
31574	798.158813045443
31883	798.158813045443
32194	798.158813045443
32508	798.158813045443
32822	798.158813045443
33135	798.158813045443
33450	798.158813045443
33763	798.158813045443
34073	798.158813045443
34385	798.158813045443
34694	798.158813045443
35003	798.158813045443
35315	798.158813045443
35632	798.158813045443
35943	798.158813045443
36255	798.158813045443
36568	798.158813045443
36878	798.158813045443
37191	798.158813045443
38965	798.158813045443
39277	798.158813045443
39588	798.158813045443
39897	798.158813045443
40208	798.158813045443
40516	798.158813045443
40824	798.158813045443
41131	798.158813045443
41437	798.158813045443
41744	798.158813045443
43053	798.158813045443
43363	798.158813045443
43671	798.158813045443
43982	798.158813045443
44293	798.158813045443
44605	798.158813045443
44918	798.158813045443
45229	798.158813045443
45540	798.158813045443
45852	798.158813045443
46162	798.158813045443
46474	798.158813045443
46783	798.158813045443
47094	798.158813045443
47402	798.158813045443
47714	798.158813045443
48024	798.158813045443
48336	798.158813045443
48646	798.158813045443
48955	798.158813045443
49757	791.748202758384
50687	783.7915498113836
52988	783.7915497914311
53304	783.7915497914311
53620	783.7915497914311
53933	783.7915497914311
54247	783.7915497914311
54561	783.7915497914311
54871	783.7915497914311
55185	783.7915497914311
55498	783.7915497914311
55809	783.7915497914311
56124	783.7915497914311
56435	783.7915497914311
56750	783.7915497914311
57063	783.7915497914311
57376	783.7915497914311
57688	783.7915497914311
58002	783.7915497914311
58312	783.7915497914311
58623	783.7915497914311
58933	783.7915497914311
59246	783.7915497914311
59561	783.7915497914311
59879	783.7915497914311
60195	783.7915497914311
60509	783.7915497914311
60825	783.7915497914311
61140	783.7915497914311
61450	783.7915497914311
62322	772.0489561967202
63344	771.2009899090059
64948	771.2009898907917
65265	771.2009898907917
65580	771.2009898907917
65891	771.2009898907917
66204	771.2009898907917
66519	771.2009898907917
66833	771.2009898907917
67148	771.2009898907917
67459	771.2009898907917
67774	771.2009898907917
68085	771.2009898907917
68401	771.2009898907917
68714	771.2009898907917
69028	771.2009898907917
69346	771.2009898907917
69660	771.2009898907917
69981	771.2009898907917
70292	771.2009898907917
70612	771.2009898907917
70929	771.2009898907917
71246	771.2009898907917
71567	771.2009898907917
71885	771.2009898907917
72202	771.2009898907917
72519	771.2009898907917
72834	771.2009898907917
73149	771.2009898907917
73464	771.2009898907917
75268	771.2009898907917
75581	771.2009898907917
75895	771.2009898907917
76206	771.2009898907917
76519	771.2009898907917
76830	771.2009898907917
77140	771.2009898907917
77452	771.2009898907917
77764	771.2009898907917
78078	771.2009898907917
79377	771.2009898907917
79689	771.2009898907917
80000	771.2009898907917
80311	771.2009898907917
80625	771.2009898907917
80942	771.2009898907917
81253	771.2009898907917
81565	771.2009898907917
81884	771.2009898907917
82194	771.2009898907917
82507	771.2009898907917
82822	771.2009898907917
83137	771.2009898907917
83454	771.2009898907917
83773	771.2009898907917
84090	771.2009898907917
84409	771.2009898907917
84728	771.2009898907917
85043	771.2009898907917
85362	771.2009898907917
86510	771.2009898907917
86829	771.2009898907917
87142	771.2009898907917
87458	771.2009898907917
87775	771.2009898907917
88092	771.2009898907917
88415	771.2009898907917
88743	771.2009898907917
89067	771.2009898907917
89386	771.2009898907917
89708	771.2009898907917
90028	771.2009898907917
90343	771.2009898907917
90669	771.2009898907917
90989	771.2009898907917
91317	771.2009898907917
91638	771.2009898907917
91962	771.2009898907917
92286	771.2009898907917
92613	771.2009898907917
93924	768.1786483409832
95817	768.1786479421905
96141	768.1786479421905
96469	768.1786479421905
96795	768.1786479421905
97125	768.1786479421905
97450	768.1786479421905
97778	768.1786479421905
98109	768.1786479421905
98428	768.1786479421905
98755	768.1786479421905
99084	768.1786479421905
99414	768.1786479421905
99738	768.1786479421905
100060	768.1786479421905
100388	768.1786479421905
100713	768.1786479421905
101041	768.1786479421905
101362	768.1786479421905
101685	768.1786479421905
102409	765.9620681245575
103626	765.9620681212436
103954	765.9620681212436
104286	765.9620681212436
104610	765.9620681212436
104935	765.9620681212436
105258	765.9620681212436
105580	765.9620681212436
105900	765.9620681212436
106225	765.9620681212436
106548	765.9620681212436
106875	765.9620681212436
107200	765.9620681212436
107520	765.9620681212436
107840	765.9620681212436
108158	765.9620681212436
108479	765.9620681212436
108799	765.9620681212436
109116	765.9620681212436
109438	765.9620681212436
111703	765.9620681212436
112022	765.9620681212436
112344	765.9620681212436
112662	765.9620681212436
112981	765.9620681212436
113299	765.9620681212436
113619	765.9620681212436
113938	765.9620681212436
114251	765.9620681212436
114571	765.9620681212436
114891	765.9620681212436
115208	765.9620681212436
115523	765.9620681212436
115838	765.9620681212436
116159	765.9620681212436
116474	765.9620681212436
116788	765.9620681212436
117103	765.9620681212436
117420	765.9620681212436
117735	765.9620681212436
118974	765.9620681212436
119294	765.9620681212436
119614	765.9620681212436
119932	765.9620681212436
120250	765.9620681212436
120569	765.9620681212436
120892	765.9620681212436
121208	765.9620681212436
121529	765.9620681212436
121851	765.9620681212436
122176	765.9620681212436
122498	765.9620681212436
122816	765.9620681212436
123136	765.9620681212436
123455	765.9620681212436
123773	765.9620681212436
124092	765.9620681212436
124415	765.9620681212436
124732	765.9620681212436
125051	765.9620681212436
126315	765.9620681212436
126640	765.9620681212436
126964	765.9620681212436
127284	765.9620681212436
128295	764.166173502365
129474	764.166173461512
129801	764.166173461512
130125	764.166173461512
130447	764.166173461512
130773	764.166173461512
131095	764.166173461512
131420	764.166173461512
131740	764.166173461512
132070	764.166173461512
132392	764.166173461512
132717	764.166173461512
133038	764.166173461512
133367	764.166173461512
133688	764.166173461512
134012	764.166173461512
134330	764.166173461512
134654	764.166173461512
134980	764.166173461512
135310	764.166173461512
135633	764.166173461512
135957	764.166173461512
136279	764.166173461512
136601	764.166173461512
136920	764.166173461512
137238	764.166173461512
138568	764.166173461512
138887	764.166173461512
139208	764.166173461512
139537	764.166173461512
139859	764.166173461512
140176	764.166173461512
140497	764.166173461512
140814	764.166173461512
141131	764.166173461512
141444	764.166173461512
141765	764.166173461512
142084	764.166173461512
142401	764.166173461512
142717	764.166173461512
143028	764.166173461512
143340	764.166173461512
143656	764.166173461512
143973	764.166173461512
144294	764.166173461512
144607	764.166173461512
146814	764.166173461512
147132	764.166173461512
147449	764.166173461512
147764	764.166173461512
148078	764.166173461512
149711	763.5329366715949
150029	763.5329366715949
150347	763.5329366715949
150665	763.5329366715949
150987	763.5329366715949
151302	763.5329366715949
151627	763.5329366715949
151944	763.5329366715949
152261	763.5329366715949
152580	763.5329366715949
152903	763.5329366715949
153224	763.5329366715949
153546	763.5329366715949
153872	763.5329366715949
154194	763.5329366715949
154517	763.5329366715949
154845	763.5329366715949
155169	763.5329366715949
155497	763.5329366715949
155819	763.5329366715949
156147	763.5329366715949
156476	763.5329366715949
156800	763.5329366715949
157119	763.5329366715949
157439	763.5329366715949
160601	763.5329366715949
160919	763.5329366715949
161238	763.5329366715949
161557	763.5329366715949
161876	763.5329366715949
162193	763.5329366715949
162511	763.5329366715949
162833	763.5329366715949
163154	763.5329366715949
163482	763.5329366715949
163799	763.5329366715949
164116	763.5329366715949
164434	763.5329366715949
164748	763.5329366715949
165067	763.5329366715949
165383	763.5329366715949
165710	763.5329366715949
166030	763.5329366715949
166355	763.5329366715949
166677	763.5329366715949
168016	763.5329366715949
168339	763.5329366715949
168654	763.5329366715949
168970	763.5329366715949
169289	763.5329366715949
169608	763.5329366715949
169926	763.5329366715949
170242	763.5329366715949
171523	757.9087043898912
172907	757.9087043069981
173228	757.9087043069981
173544	757.9087043069981
173862	757.9087043069981
174183	757.9087043069981
174503	757.9087043069981
174823	757.9087043069981
175141	757.9087043069981
175456	757.9087043069981
175778	757.9087043069981
176098	757.9087043069981
176416	757.9087043069981
176739	757.9087043069981
177059	757.9087043069981
177375	757.9087043069981
177693	757.9087043069981
178009	757.9087043069981
178326	757.9087043069981
178647	757.9087043069981
178968	757.9087043069981
179285	757.9087043069981
180660	757.9087043069981
180984	757.9087043069981
181306	757.9087043069981
181627	757.9087043069981
181948	757.9087043069981
182265	757.9087043069981
182585	757.9087043069981
182902	757.9087043069981
183216	757.9087043069981
183529	757.9087043069981
183843	757.9087043069981
184156	757.9087043069981
184468	757.9087043069981
184780	757.9087043069981
185097	757.9087043069981
185411	757.9087043069981
185725	757.9087043069981
186040	757.9087043069981
186356	757.9087043069981
186676	757.9087043069981
187906	757.9087043069981
188223	757.9087043069981
188544	757.9087043069981
188860	757.9087043069981
189179	757.9087043069981
189503	757.9087043069981
189817	757.9087043069981
190131	757.9087043069981
190446	757.9087043069981
190763	757.9087043069981
191080	757.9087043069981
191394	757.9087043069981
191711	757.9087043069981
192034	757.9087043069981
192348	757.9087043069981
192663	757.9087043069981
192976	757.9087043069981
193289	757.9087043069981
193608	757.9087043069981
193924	757.9087043069981
194795	754.8979807468387
196160	754.8979806935471
196481	754.8979806935471
196801	754.8979806935471
197120	754.8979806935471
197440	754.8979806935471
197758	754.8979806935471
198077	754.8979806935471
198397	754.8979806935471
198724	754.8979806935471
199040	754.8979806935471
199361	754.8979806935471
199682	754.8979806935471
200004	754.8979806935471
200324	754.8979806935471
200645	754.8979806935471
200966	754.8979806935471
201284	754.8979806935471
201599	754.8979806935471
201922	754.8979806935471
203201	754.8979806935471
203526	754.8979806935471
203845	754.8979806935471
204171	754.8979806935471
204490	754.8979806935471
204814	754.8979806935471
205129	754.8979806935471
205446	754.8979806935471
205768	754.8979806935471
206084	754.8979806935471
206403	754.8979806935471
206720	754.8979806935471
207044	754.8979806935471
207365	754.8979806935471
207683	754.8979806935471
207999	754.8979806935471
208312	754.8979806935471
208633	754.8979806935471
208951	754.8979806935471
209273	754.8979806935471
210531	754.8979806935471
210847	754.8979806935471
211165	754.8979806935471
211490	754.8979806935471
211812	754.8979806935471
212130	754.8979806935471
212450	754.8979806935471
212769	754.8979806935471
213089	754.8979806935471
213407	754.8979806935471
213727	754.8979806935471
214046	754.8979806935471
214370	754.8979806935471
214686	754.8979806935471
215009	754.8979806935471
215334	754.8979806935471
215655	754.8979806935471
215987	754.8979806935471
216307	754.8979806935471
216634	754.8979806935471
218065	754.8979806935471
218394	754.8979806935471
218718	754.8979806935471
219041	754.8979806935471
219359	754.8979806935471
219678	754.8979806935471
219997	754.8979806935471
220312	754.8979806935471
220632	754.8979806935471
220953	754.8979806935471
221276	754.8979806935471
221593	754.8979806935471
221909	754.8979806935471
222230	754.8979806935471
222553	754.8979806935471
222875	754.8979806935471
223193	754.8979806935471
223510	754.8979806935471
223832	754.8979806935471
224147	754.8979806935471
225361	754.8979806935471
225675	754.8979806935471
225994	754.8979806935471
226314	754.8979806935471
226628	754.8979806935471
226945	754.8979806935471
227271	754.8979806935471
227591	754.8979806935471
227909	754.8979806935471
228231	754.8979806935471
228548	754.8979806935471
228870	754.8979806935471
229194	754.8979806935471
229518	754.8979806935471
229846	754.8979806935471
230171	754.8979806935471
230499	754.8979806935471
230819	754.8979806935471
231151	754.8979806935471
231475	754.8979806935471
232483	751.9763303317086
233893	751.9763303151537
234218	751.9763303151537
234551	751.9763303151537
234874	751.9763303151537
235195	751.9763303151537
235521	751.9763303151537
235842	751.9763303151537
236164	751.9763303151537
236493	751.9763303151537
236817	751.9763303151537
237137	751.9763303151537
237462	751.9763303151537
237785	751.9763303151537
238107	751.9763303151537
238433	751.9763303151537
238750	751.9763303151537
239070	751.9763303151537
239397	751.9763303151537
239722	751.9763303151537
241504	751.9763303151537
241825	751.9763303151537
242145	751.9763303151537
242465	751.9763303151537
242782	751.9763303151537
243097	751.9763303151537
243414	751.9763303151537
243736	751.9763303151537
244060	751.9763303151537
244375	751.9763303151537
244690	751.9763303151537
245006	751.9763303151537
245327	751.9763303151537
245638	751.9763303151537
245950	751.9763303151537
246263	751.9763303151537
246577	751.9763303151537
246889	751.9763303151537
247204	751.9763303151537
247515	751.9763303151537
248815	751.9763303151537
249127	751.9763303151537
249439	751.9763303151537
249751	751.9763303151537
250059	751.9763303151537
250368	751.9763303151537
250678	751.9763303151537
250989	751.9763303151537
251297	751.9763303151537
251607	751.9763303151537
251915	751.9763303151537
252230	751.9763303151537
252545	751.9763303151537
252860	751.9763303151537
253175	751.9763303151537
253496	751.9763303151537
253809	751.9763303151537
254124	751.9763303151537
254440	751.9763303151537
254753	751.9763303151537
256028	751.9763303151537
256340	751.9763303151537
256657	751.9763303151537
256971	751.9763303151537
257286	751.9763303151537
257603	751.9763303151537
257918	751.9763303151537
258235	751.9763303151537
258557	751.9763303151537
258871	751.9763303151537
259189	751.9763303151537
259507	751.9763303151537
259826	751.9763303151537
260140	751.9763303151537
260455	751.9763303151537
260772	751.9763303151537
261089	751.9763303151537
261405	751.9763303151537
261719	751.9763303151537
262035	751.9763303151537
263265	751.9763303151537
263585	751.9763303151537
263903	751.9763303151537
264217	751.9763303151537
264534	751.9763303151537
264851	751.9763303151537
265169	751.9763303151537
265492	751.9763303151537
265807	751.9763303151537
266123	751.9763303151537
266442	751.9763303151537
266764	751.9763303151537
267081	751.9763303151537
267397	751.9763303151537
267717	751.9763303151537
268034	751.9763303151537
268352	751.9763303151537
268673	751.9763303151537
268993	751.9763303151537
269314	751.9763303151537
270483	751.9763303151537
270800	751.9763303151537
271123	751.9763303151537
271439	751.9763303151537
271760	751.9763303151537
272075	751.9763303151537
272396	751.9763303151537
272714	751.9763303151537
273039	751.9763303151537
273364	751.9763303151537
274503	751.9763303151537
274824	751.9763303151537
275145	751.9763303151537
275468	751.9763303151537
275788	751.9763303151537
276110	751.9763303151537
276435	751.9763303151537
276755	751.9763303151537
277078	751.9763303151537
277401	751.9763303151537
277722	751.9763303151537
278045	751.9763303151537
278371	751.9763303151537
278693	751.9763303151537
279018	751.9763303151537
279342	751.9763303151537
279666	751.9763303151537
279990	751.9763303151537
280313	751.9763303151537
280640	751.9763303151537
281839	751.9763303151537
282159	751.9763303151537
282482	751.9763303151537
282805	751.9763303151537
283126	751.9763303151537
283454	751.9763303151537
283776	751.9763303151537
284104	751.9763303151537
284429	751.9763303151537
284751	751.9763303151537
285076	751.9763303151537
285401	751.9763303151537
285723	751.9763303151537
286049	751.9763303151537
286371	751.9763303151537
286694	751.9763303151537
287012	751.9763303151537
287333	751.9763303151537
287656	751.9763303151537
287975	751.9763303151537
289302	751.9763303151537
289621	751.9763303151537
289943	751.9763303151537
290263	751.9763303151537
290585	751.9763303151537
290904	751.9763303151537
291223	751.9763303151537
291544	751.9763303151537
291865	751.9763303151537
292191	751.9763303151537
292511	751.9763303151537
292833	751.9763303151537
293152	751.9763303151537
293475	751.9763303151537
293792	751.9763303151537
294110	751.9763303151537
294431	751.9763303151537
294751	751.9763303151537
295068	751.9763303151537
295386	751.9763303151537
297099	751.9763303151537
297416	751.9763303151537
297738	751.9763303151537
298059	751.9763303151537
298375	751.9763303151537
298695	751.9763303151537
299017	751.9763303151537
299337	751.9763303151537
299656	751.9763303151537
299980	751.9763303151537
300304	751.9763303151537
