300	3378.94392621809
629	2689.9276302090348
956	1838.3264527842073
1283	1527.0885012629785
1610	1517.5772674597729
1938	1303.5179788576452
2264	1228.8252653380036
2590	1203.4110436140602
2914	1160.0576778866066
3233	1108.554918370865
3551	1108.554918370865
3866	1087.1983493178338
4184	1071.0322793063333
4497	1053.4411418342022
4807	1053.4411418342022
5116	1053.4411418342022
5428	1015.0855431500777
5738	1015.0855431500777
6052	1015.0855431500777
6363	1015.0855431500777
6672	1015.0855431500777
6979	1015.0855431500777
7288	1015.0855431500777
7595	1015.0855431500777
7902	1015.0855431500777
8209	1015.0855431500777
8518	1009.1597902330116
8826	1009.1597902330116
9132	1009.1597902330116
9440	1009.1597902330116
9749	1009.1597902330116
10059	1009.1597902330116
10367	1009.1597902330116
10675	1009.1597902330116
10985	1009.1597902330116
11296	1009.1597902330116
11606	1009.1597902330116
11918	1004.3225189966765
12228	1004.3225189966765
12540	1004.3225189966765
12851	1004.3225189966765
13162	1004.3225189966765
13472	1004.3225189966765
13782	1004.3225189966765
14093	1004.3225189966765
17055	804.6010395738799
17363	804.6010395738799
17672	804.6010395738799
17985	804.6010395738799
18298	804.6010395738799
18609	804.6010395738799
18920	804.6010395738799
19232	804.6010395738799
19542	804.6010395738799
19852	804.6010395738799
20161	804.6010395738799
20473	804.6010395738799
20782	804.6010395738799
21096	804.6010395738799
21408	804.6010395738799
21717	804.6010395738799
22029	804.6010395738799
22339	804.6010395738799
22647	804.6010395738799
22957	804.6010395738799
23264	804.6010395738799
23575	804.6010395738799
23883	804.6010395738799
24190	804.6010395738799
24499	804.6010395738799
24808	804.6010395738799
27492	804.6010395738799
27802	804.6010395738799
28112	804.6010395738799
28423	804.6010395738799
28733	804.6010395738799
29045	804.6010395738799
29355	804.6010395738799
29664	804.6010395738799
29977	804.6010395738799
30290	804.6010395738799
30602	804.6010395738799
30911	804.6010395738799
31219	804.6010395738799
31531	804.6010395738799
31850	804.6010395738799
32168	804.6010395738799
32481	804.6010395738799
32791	804.6010395738799
33104	804.6010395738799
33418	804.6010395738799
35221	804.6010395738799
35537	804.6010395738799
35850	804.6010395738799
36164	804.6010395738799
36476	804.6010395738799
36789	804.6010395738799
37106	804.6010395738799
37427	804.6010395738799
37746	804.6010395738799
38062	804.6010395738799
38845	799.0685078070755
39656	790.2086785980684
40941	790.2086785279059
41261	790.2086785279059
41583	790.2086785279059
41900	790.2086785279059
42218	790.2086785279059
42539	790.2086785279059
42861	790.2086785279059
43182	790.2086785279059
43500	790.2086785279059
43817	790.2086785279059
44140	790.2086785279059
44461	790.2086785279059
44777	790.2086785279059
45100	790.2086785279059
45423	790.2086785279059
45743	790.2086785279059
46068	790.2086785279059
46392	790.2086785279059
46714	790.2086785279059
47039	790.2086785279059
47360	790.2086785279059
47680	790.2086785279059
48005	790.2086785279059
48324	790.2086785279059
48648	790.2086785279059
48965	790.2086785279059
49286	790.2086785279059
49606	790.2086785279059
50333	780.8604599420011
51596	780.8604598921257
51915	780.8604598921257
52243	780.8604598921257
52566	780.8604598921257
52884	780.8604598921257
53200	780.8604598921257
53527	780.8604598921257
53849	780.8604598921257
54168	780.8604598921257
54485	780.8604598921257
54802	780.8604598921257
55128	780.8604598921257
55446	780.8604598921257
55767	780.8604598921257
56091	780.8604598921257
56415	780.8604598921257
56737	780.8604598921257
57065	780.8604598921257
57389	780.8604598921257
58575	780.8604598921257
58906	780.8604598921257
59238	780.8604598921257
59562	780.8604598921257
59888	780.8604598921257
60210	780.8604598921257
60531	780.8604598921257
60849	780.8604598921257
61176	780.8604598921257
61504	780.8604598921257
61830	780.8604598921257
62155	780.8604598921257
62479	780.8604598921257
62805	780.8604598921257
63136	780.8604598921257
63458	780.8604598921257
63782	780.8604598921257
64113	780.8604598921257
64438	780.8604598921257
64762	780.8604598921257
66023	780.8604598921257
66357	780.8604598921257
66686	780.8604598921257
67014	780.8604598921257
67345	780.8604598921257
67677	780.8604598921257
68002	780.8604598921257
68322	780.8604598921257
68647	780.8604598921257
68974	780.8604598921257
69308	780.8604598921257
69639	780.8604598921257
69962	780.8604598921257
70291	780.8604598921257
70613	780.8604598921257
70939	780.8604598921257
71262	780.8604598921257
71590	780.8604598921257
71923	780.8604598921257
72250	780.8604598921257
73614	780.8604598921257
73932	780.8604598921257
74256	780.8604598921257
74582	780.8604598921257
74905	780.8604598921257
75237	780.8604598921257
75565	780.8604598921257
75891	780.8604598921257
76222	780.8604598921257
76556	780.8604598921257
76893	780.8604598921257
77223	780.8604598921257
77552	780.8604598921257
77883	780.8604598921257
78204	780.8604598921257
78532	780.8604598921257
78856	780.8604598921257
79180	780.8604598921257
79506	780.8604598921257
79831	780.8604598921257
81045	780.8604598921257
81370	780.8604598921257
81694	780.8604598921257
82017	780.8604598921257
82336	780.8604598921257
82666	780.8604598921257
82993	780.8604598921257
83320	780.8604598921257
83649	780.8604598921257
83977	780.8604598921257
84302	780.8604598921257
84628	780.8604598921257
84958	780.8604598921257
85292	780.8604598921257
85620	780.8604598921257
85958	780.8604598921257
86289	780.8604598921257
86614	780.8604598921257
86940	780.8604598921257
87271	780.8604598921257
88012	779.8372559332495
89294	779.8372558705773
89631	779.8372558705773
89954	779.8372558705773
90279	779.8372558705773
90604	779.8372558705773
90929	779.8372558705773
91253	779.8372558705773
91579	779.8372558705773
91911	779.8372558705773
92238	779.8372558705773
92566	779.8372558705773
92891	779.8372558705773
93221	779.8372558705773
93547	779.8372558705773
93882	779.8372558705773
94204	779.8372558705773
94533	779.8372558705773
94860	779.8372558705773
95186	779.8372558705773
96430	779.8372558705773
96754	779.8372558705773
97077	779.8372558705773
97404	779.8372558705773
97726	779.8372558705773
98053	779.8372558705773
98388	779.8372558705773
98720	779.8372558705773
99055	779.8372558705773
99395	779.8372558705773
99726	779.8372558705773
100057	779.8372558705773
100388	779.8372558705773
100712	779.8372558705773
101034	779.8372558705773
101363	779.8372558705773
101686	779.8372558705773
102016	779.8372558705773
102346	779.8372558705773
102681	779.8372558705773
103873	779.8372558705773
104206	779.8372558705773
104528	779.8372558705773
104856	779.8372558705773
105179	779.8372558705773
105515	779.8372558705773
105846	779.8372558705773
106178	779.8372558705773
106523	779.8372558705773
106849	779.8372558705773
107180	779.8372558705773
107505	779.8372558705773
107835	779.8372558705773
108164	779.8372558705773
108493	779.8372558705773
108825	779.8372558705773
109160	779.8372558705773
109490	779.8372558705773
109812	779.8372558705773
110140	779.8372558705773
111495	779.8372558705773
111827	779.8372558705773
112158	779.8372558705773
112478	779.8372558705773
112806	779.8372558705773
113137	779.8372558705773
113462	779.8372558705773
113783	779.8372558705773
114107	779.8372558705773
114436	779.8372558705773
114770	779.8372558705773
115100	779.8372558705773
115429	779.8372558705773
115758	779.8372558705773
116078	779.8372558705773
116400	779.8372558705773
116721	779.8372558705773
117045	779.8372558705773
117371	779.8372558705773
117694	779.8372558705773
118425	771.6384006995838
119607	771.6384006671333
119942	771.6384006671333
120268	771.6384006671333
120601	771.6384006671333
120927	771.6384006671333
121261	771.6384006671333
121587	771.6384006671333
121913	771.6384006671333
122242	771.6384006671333
122571	771.6384006671333
122896	771.6384006671333
123232	771.6384006671333
123557	771.6384006671333
123887	771.6384006671333
124212	771.6384006671333
124536	771.6384006671333
124861	771.6384006671333
125183	771.6384006671333
125506	771.6384006671333
126383	770.7927041258279
127770	770.7927041171217
128100	770.7927041171217
128428	770.7927041171217
128755	770.7927041171217
129082	770.7927041171217
129415	770.7927041171217
129744	770.7927041171217
130072	770.7927041171217
130405	770.7927041171217
130735	770.7927041171217
131070	770.7927041171217
131401	770.7927041171217
131733	770.7927041171217
132063	770.7927041171217
132388	770.7927041171217
132720	770.7927041171217
133047	770.7927041171217
133370	770.7927041171217
133694	770.7927041171217
134848	770.7927041171217
135180	770.7927041171217
135511	770.7927041171217
135845	770.7927041171217
136174	770.7927041171217
136500	770.7927041171217
136832	770.7927041171217
137167	770.7927041171217
137492	770.7927041171217
137818	770.7927041171217
138153	770.7927041171217
138477	770.7927041171217
138810	770.7927041171217
139138	770.7927041171217
139465	770.7927041171217
139793	770.7927041171217
140121	770.7927041171217
140450	770.7927041171217
140768	770.7927041171217
141104	770.7927041171217
142139	770.7927041171217
142469	770.7927041171217
142801	770.7927041171217
143126	770.7927041171217
143452	770.7927041171217
143779	770.7927041171217
144099	770.7927041171217
144421	770.7927041171217
144735	770.7927041171217
145050	770.7927041171217
145367	770.7927041171217
145688	770.7927041171217
146009	770.7927041171217
146320	770.7927041171217
146643	770.7927041171217
146958	770.7927041171217
147274	770.7927041171217
147588	770.7927041171217
147907	770.7927041171217
148224	770.7927041171217
148977	761.2174838376785
150271	761.2174836130991
150594	761.2174836130991
150911	761.2174836130991
151231	761.2174836130991
151555	761.2174836130991
151876	761.2174836130991
152197	761.2174836130991
152517	761.2174836130991
152838	761.2174836130991
153159	761.2174836130991
153477	761.2174836130991
153790	761.2174836130991
154106	761.2174836130991
154433	761.2174836130991
154752	761.2174836130991
155079	761.2174836130991
155395	761.2174836130991
155711	761.2174836130991
156035	761.2174836130991
157243	761.2174836130991
157563	761.2174836130991
157873	761.2174836130991
158191	761.2174836130991
158512	761.2174836130991
158825	761.2174836130991
159144	761.2174836130991
159469	761.2174836130991
159785	761.2174836130991
160096	761.2174836130991
160416	761.2174836130991
160737	761.2174836130991
161057	761.2174836130991
161374	761.2174836130991
161700	761.2174836130991
162019	761.2174836130991
162347	761.2174836130991
162669	761.2174836130991
162989	761.2174836130991
163314	761.2174836130991
165641	761.2174836130991
165963	761.2174836130991
166284	761.2174836130991
166601	761.2174836130991
166919	761.2174836130991
167238	761.2174836130991
167554	761.2174836130991
167874	761.2174836130991
168197	761.2174836130991
168525	761.2174836130991
168850	761.2174836130991
169174	761.2174836130991
169502	761.2174836130991
169823	761.2174836130991
170143	761.2174836130991
170473	761.2174836130991
170796	761.2174836130991
171126	761.2174836130991
171451	761.2174836130991
171775	761.2174836130991
172539	756.6215980260837
173874	756.6215979176011
174207	756.6215979176011
174543	756.6215979176011
174869	756.6215979176011
175198	756.6215979176011
175537	756.6215979176011
175857	756.6215979176011
176188	756.6215979176011
176518	756.6215979176011
176849	756.6215979176011
177177	756.6215979176011
177509	756.6215979176011
177838	756.6215979176011
178164	756.6215979176011
178491	756.6215979176011
178817	756.6215979176011
179148	756.6215979176011
179482	756.6215979176011
179802	756.6215979176011
181026	756.6215979176011
181352	756.6215979176011
181685	756.6215979176011
182016	756.6215979176011
182350	756.6215979176011
182687	756.6215979176011
183018	756.6215979176011
183345	756.6215979176011
183670	756.6215979176011
184004	756.6215979176011
184325	756.6215979176011
184655	756.6215979176011
184978	756.6215979176011
185297	756.6215979176011
185616	756.6215979176011
185928	756.6215979176011
186250	756.6215979176011
186575	756.6215979176011
186899	756.6215979176011
187221	756.6215979176011
188972	756.6215979176011
189299	756.6215979176011
189618	756.6215979176011
189935	756.6215979176011
190260	756.6215979176011
190586	756.6215979176011
190914	756.6215979176011
191238	756.6215979176011
191557	756.6215979176011
191877	756.6215979176011
192201	756.6215979176011
192529	756.6215979176011
192850	756.6215979176011
193177	756.6215979176011
193517	756.6215979176011
193842	756.6215979176011
194170	756.6215979176011
194501	756.6215979176011
194830	756.6215979176011
195153	756.6215979176011
196324	756.6215979176011
196649	756.6215979176011
196974	756.6215979176011
197300	756.6215979176011
197628	756.6215979176011
197964	756.6215979176011
198287	756.6215979176011
198617	756.6215979176011
198950	756.6215979176011
199281	756.6215979176011
199614	756.6215979176011
199943	756.6215979176011
200270	756.6215979176011
200610	756.6215979176011
200947	756.6215979176011
201274	756.6215979176011
201604	756.6215979176011
201937	756.6215979176011
202272	756.6215979176011
202601	756.6215979176011
204065	756.6215979176011
204392	756.6215979176011
204717	756.6215979176011
205038	756.6215979176011
205361	756.6215979176011
205694	756.6215979176011
206021	756.6215979176011
206351	756.6215979176011
206680	756.6215979176011
207009	756.6215979176011
207344	756.6215979176011
207668	756.6215979176011
207993	756.6215979176011
208317	756.6215979176011
208636	756.6215979176011
208961	756.6215979176011
209278	756.6215979176011
209602	756.6215979176011
209924	756.6215979176011
210247	756.6215979176011
211776	756.6215979176011
212098	756.6215979176011
212419	756.6215979176011
212744	756.6215979176011
213070	756.6215979176011
213387	756.6215979176011
213699	756.6215979176011
214018	756.6215979176011
214341	756.6215979176011
214660	756.6215979176011
215875	756.6215979176011
216195	756.6215979176011
216518	756.6215979176011
216839	756.6215979176011
217157	756.6215979176011
217486	756.6215979176011
217809	756.6215979176011
218134	756.6215979176011
218450	756.6215979176011
218776	756.6215979176011
219095	756.6215979176011
219420	756.6215979176011
219747	756.6215979176011
220067	756.6215979176011
220397	756.6215979176011
220726	756.6215979176011
221054	756.6215979176011
221380	756.6215979176011
221704	756.6215979176011
222027	756.6215979176011
223120	756.6215979176011
223444	756.6215979176011
223770	756.6215979176011
224095	756.6215979176011
224424	756.6215979176011
224754	756.6215979176011
225087	756.6215979176011
225413	756.6215979176011
225747	756.6215979176011
226086	756.6215979176011
226410	756.6215979176011
226737	756.6215979176011
227055	756.6215979176011
227370	756.6215979176011
227688	756.6215979176011
228008	756.6215979176011
228328	756.6215979176011
228649	756.6215979176011
228981	756.6215979176011
229304	756.6215979176011
230502	756.6215979176011
230824	756.6215979176011
231143	756.6215979176011
231461	756.6215979176011
231779	756.6215979176011
232099	756.6215979176011
232422	756.6215979176011
232749	756.6215979176011
233068	756.6215979176011
233383	756.6215979176011
233700	756.6215979176011
234016	756.6215979176011
234336	756.6215979176011
234653	756.6215979176011
234980	756.6215979176011
235296	756.6215979176011
235620	756.6215979176011
235938	756.6215979176011
236260	756.6215979176011
236585	756.6215979176011
237276	751.2278955880817
238479	751.2278952823373
238805	751.2278952823373
239133	751.2278952823373
239455	751.2278952823373
239776	751.2278952823373
240099	751.2278952823373
240416	751.2278952823373
240740	751.2278952823373
241070	751.2278952823373
241396	751.2278952823373
241720	751.2278952823373
242039	751.2278952823373
242361	751.2278952823373
242681	751.2278952823373
242998	751.2278952823373
243315	751.2278952823373
243638	751.2278952823373
243962	751.2278952823373
244286	751.2278952823373
245471	751.2278952823373
245789	751.2278952823373
246112	751.2278952823373
246430	751.2278952823373
246754	751.2278952823373
247075	751.2278952823373
247396	751.2278952823373
247717	751.2278952823373
248035	751.2278952823373
248355	751.2278952823373
248682	751.2278952823373
249006	751.2278952823373
249335	751.2278952823373
249664	751.2278952823373
249979	751.2278952823373
250298	751.2278952823373
250617	751.2278952823373
250935	751.2278952823373
251252	751.2278952823373
251569	751.2278952823373
252993	751.2278952823373
253324	751.2278952823373
253649	751.2278952823373
253970	751.2278952823373
254303	751.2278952823373
254623	751.2278952823373
254947	751.2278952823373
255275	751.2278952823373
255597	751.2278952823373
255924	751.2278952823373
256254	751.2278952823373
256576	751.2278952823373
256910	751.2278952823373
257232	751.2278952823373
257554	751.2278952823373
257873	751.2278952823373
258201	751.2278952823373
258525	751.2278952823373
258853	751.2278952823373
259177	751.2278952823373
260359	751.2278952823373
260684	751.2278952823373
261017	751.2278952823373
261344	751.2278952823373
261671	751.2278952823373
261999	751.2278952823373
262324	751.2278952823373
262654	751.2278952823373
262986	751.2278952823373
263311	751.2278952823373
263642	751.2278952823373
263981	751.2278952823373
264321	751.2278952823373
264648	751.2278952823373
264979	751.2278952823373
265313	751.2278952823373
265644	751.2278952823373
265968	751.2278952823373
266297	751.2278952823373
266633	751.2278952823373
267835	751.2278952823373
268169	751.2278952823373
268494	751.2278952823373
268824	751.2278952823373
269157	751.2278952823373
269488	751.2278952823373
269812	751.2278952823373
270140	751.2278952823373
270467	751.2278952823373
270797	751.2278952823373
271123	751.2278952823373
271445	751.2278952823373
271771	751.2278952823373
272092	751.2278952823373
272418	751.2278952823373
272738	751.2278952823373
273073	751.2278952823373
273400	751.2278952823373
273728	751.2278952823373
274056	751.2278952823373
275332	751.2278952823373
275658	751.2278952823373
275985	751.2278952823373
276314	751.2278952823373
276642	751.2278952823373
276971	751.2278952823373
277300	751.2278952823373
277623	751.2278952823373
277949	751.2278952823373
278273	751.2278952823373
279611	751.2278952823373
279935	751.2278952823373
280259	751.2278952823373
280579	751.2278952823373
280902	751.2278952823373
281233	751.2278952823373
281557	751.2278952823373
281878	751.2278952823373
282207	751.2278952823373
282530	751.2278952823373
282851	751.2278952823373
283171	751.2278952823373
283491	751.2278952823373
283809	751.2278952823373
284125	751.2278952823373
284450	751.2278952823373
284769	751.2278952823373
285088	751.2278952823373
285416	751.2278952823373
285744	751.2278952823373
286950	751.2278952823373
287277	751.2278952823373
287605	751.2278952823373
287934	751.2278952823373
288269	751.2278952823373
288596	751.2278952823373
288930	751.2278952823373
289253	751.2278952823373
289571	751.2278952823373
289895	751.2278952823373
290220	751.2278952823373
290545	751.2278952823373
290880	751.2278952823373
291209	751.2278952823373
291534	751.2278952823373
291857	751.2278952823373
292180	751.2278952823373
292496	751.2278952823373
292818	751.2278952823373
293141	751.2278952823373
294258	751.2278952823373
294576	751.2278952823373
294896	751.2278952823373
295218	751.2278952823373
295545	751.2278952823373
295866	751.2278952823373
296195	751.2278952823373
296522	751.2278952823373
296853	751.2278952823373
297179	751.2278952823373
297505	751.2278952823373
297832	751.2278952823373
298165	751.2278952823373
298494	751.2278952823373
298823	751.2278952823373
299151	751.2278952823373
299477	751.2278952823373
299801	751.2278952823373
300128	751.2278952823373
