500	55171.32876864031
15777	3048.8364469787534
17088	3048.767329726557
18393	3048.624009887426
19707	3048.540060494368
21013	3048.4691115117107
22325	3048.4219557969855
23650	3048.34508950733
24964	3048.2673830206277
26292	3048.215076497222
27613	3048.2136543819856
28933	3048.213488401929
30255	3048.2134332430514
31577	3048.213397817087
32897	3048.213369294438
34222	3048.2133439432073
35544	3048.213319618154
36865	3048.2132945579247
38190	3048.213266606709
39524	3048.213232936271
40854	3048.2131876241474
42187	3048.2131242297082
43519	3048.2130210521564
44849	3048.2128240936245
46179	3048.212328778011
47500	3048.2091022119253
48825	3048.184403140259
50153	3048.164842560037
51483	3048.14913822385
52808	3048.1457739684515
54137	3048.145463030066
55458	3048.1454406598004
56790	3048.14543935002
58121	3048.145438956275
59446	3048.1454389239907
60771	3048.1454389219316
62100	3048.1454389189676
63419	3048.1454389158134
64739	3048.145438913543
66063	3048.1454389058304
67397	3048.1454389058304
95105	3048.1454389058304
120005	3048.1454389058304
138622	3048.1454389058304
159681	3048.1454389058304
184693	3048.1454389058304
203954	3048.1454389058304
229579	3048.1454389058304
249668	3048.1454389058304
280613	3048.1454389058304
306947	3048.1454389058304
328347	3048.1454389058304
341705	3048.1454389058304
367382	3048.1454389058304
394418	3048.1454389058304
410094	3048.1454389058304
425631	3048.1454389058304
449549	3048.1454389058304
475795	3048.1454389058304
495938	3048.1454389058304
520232	3048.1454389058304
