500	40170.79554330619
1088	25749.15656697756
1669	18718.550746536115
2247	12957.933902031316
2826	10376.01957278759
3407	8936.674396906834
3987	7652.711973069016
4561	6969.299208594604
5142	6106.061796689299
5731	5555.708253665188
6315	5320.970076583913
6894	5153.903504114457
7480	4833.609661135612
8060	4670.172566265015
8644	4393.1864119711345
9228	4279.023884410384
9813	4235.454158485176
10403	4132.488608192885
10990	4013.799947081493
11577	3962.2703763464388
12164	3917.664985384334
12761	3832.2212388397747
13350	3791.174420619209
13951	3734.5859816281827
14545	3701.098577181877
15142	3605.5709249659913
15739	3562.8157674403806
16325	3543.636329184572
16928	3507.8404945416987
17516	3483.8892209692267
18106	3459.884906550165
18694	3444.8194057892633
19288	3419.489043230282
19882	3396.045491708497
20470	3387.0228860124303
21064	3365.213538733352
21657	3356.455325098309
22241	3344.215305081241
22835	3325.3675480750467
23426	3313.1626310092265
24015	3303.481449680413
36216	3107.460666149617
64882	3059.488929569765
65460	3059.488929569765
66041	3059.488929569765
66627	3059.488929569765
67211	3059.488929569765
67799	3059.488929569765
68385	3059.488929569765
68979	3059.488929569765
69562	3059.488929569765
70149	3059.488929569765
70741	3059.488929569765
71322	3059.488929569765
71906	3059.488929569765
72498	3059.488929569765
73081	3059.488929569765
73667	3059.488929569765
74257	3059.488929569765
74837	3059.488929569765
75419	3059.488929569765
80896	2970.5724339328544
87098	2970.469914779933
94100	2970.4691015324743
94688	2970.4691015324743
95281	2970.4691015324743
95864	2970.4691015324743
96453	2970.4691015324743
97044	2970.4691015324743
97637	2970.4691015324743
98221	2970.4691015324743
98810	2970.4691015324743
99399	2970.4691015324743
99985	2970.4691015324743
100564	2970.4691015324743
101152	2970.4691015324743
101733	2970.4691015324743
102314	2970.4691015324743
102898	2970.4691015324743
103490	2970.4691015324743
104073	2970.4691015324743
104663	2970.4691015324743
105248	2970.4691015324743
105846	2970.4691015324743
106440	2970.4691015324743
107042	2970.4691015324743
107635	2970.4691015324743
108225	2970.4691015324743
108816	2970.4691015324743
109403	2970.4691015324743
109998	2970.4691015324743
112225	2970.4620509675487
115065	2970.3494185716368
120677	2970.3494171869193
121263	2970.3494171869193
121851	2970.3494171869193
122445	2970.3494171869193
123028	2970.3494171869193
123625	2970.3494171869193
124211	2970.3494171869193
124801	2970.3494171869193
125390	2970.3494171869193
125990	2970.3494171869193
126586	2970.3494171869193
127174	2970.3494171869193
127764	2970.3494171869193
128350	2970.3494171869193
128935	2970.3494171869193
129522	2970.3494171869193
130114	2970.3494171869193
130695	2970.3494171869193
131283	2970.3494171869193
131880	2970.3494171869193
132471	2970.3494171869193
133061	2970.3494171869193
133666	2970.3494171869193
134258	2970.3494171869193
134853	2970.3494171869193
135447	2970.3494171869193
136036	2970.3494171869193
136626	2970.3494171869193
141319	2970.299693606425
144363	2970.1783362656847
148295	2970.1783332888085
148893	2970.1783332888085
149486	2970.1783332888085
150080	2970.1783332888085
150665	2970.1783332888085
151260	2970.1783332888085
151849	2970.1783332888085
152431	2970.1783332888085
153018	2970.1783332888085
153597	2970.1783332888085
154177	2970.1783332888085
154763	2970.1783332888085
155346	2970.1783332888085
155933	2970.1783332888085
156525	2970.1783332888085
157112	2970.1783332888085
157693	2970.1783332888085
158283	2970.1783332888085
158868	2970.1783332888085
159445	2970.1783332888085
160036	2970.1783332888085
160623	2970.1783332888085
161200	2970.1783332888085
161790	2970.1783332888085
162376	2970.1783332888085
162969	2970.1783332888085
163553	2970.1783332888085
164146	2970.1783332888085
168866	2970.1783332888085
169458	2970.1783332888085
170049	2970.1783332888085
170638	2970.1783332888085
171228	2970.1783332888085
171823	2970.1783332888085
172426	2970.1783332888085
173019	2970.1783332888085
173623	2970.1783332888085
174221	2970.1783332888085
178769	2970.172970425475
184957	2969.9671355581154
203809	2969.967134239124
204385	2969.967134239124
204966	2969.967134239124
205544	2969.967134239124
206119	2969.967134239124
206703	2969.967134239124
207279	2969.967134239124
207858	2969.967134239124
208440	2969.967134239124
209024	2969.967134239124
209603	2969.967134239124
210187	2969.967134239124
210762	2969.967134239124
211332	2969.967134239124
211911	2969.967134239124
212485	2969.967134239124
213061	2969.967134239124
213639	2969.967134239124
214214	2969.967134239124
214789	2969.967134239124
215366	2969.967134239124
215945	2969.967134239124
216522	2969.967134239124
217101	2969.967134239124
217677	2969.967134239124
218255	2969.967134239124
218842	2969.967134239124
219420	2969.967134239124
235621	2969.967134239124
236203	2969.967134239124
236780	2969.967134239124
237360	2969.967134239124
237940	2969.967134239124
238524	2969.967134239124
239104	2969.967134239124
239693	2969.967134239124
240279	2969.967134239124
240857	2969.967134239124
257534	2969.967134239124
258118	2969.967134239124
258701	2969.967134239124
259278	2969.967134239124
259856	2969.967134239124
260431	2969.967134239124
261002	2969.967134239124
261576	2969.967134239124
262153	2969.967134239124
262737	2969.967134239124
263319	2969.967134239124
263899	2969.967134239124
264478	2969.967134239124
265055	2969.967134239124
265638	2969.967134239124
266224	2969.967134239124
266802	2969.967134239124
267384	2969.967134239124
267964	2969.967134239124
268547	2969.967134239124
281150	2969.967134239124
281729	2969.967134239124
282317	2969.967134239124
282900	2969.967134239124
283486	2969.967134239124
284078	2969.967134239124
284660	2969.967134239124
285249	2969.967134239124
285832	2969.967134239124
286413	2969.967134239124
287005	2969.967134239124
287593	2969.967134239124
288181	2969.967134239124
288772	2969.967134239124
289354	2969.967134239124
289937	2969.967134239124
290523	2969.967134239124
291113	2969.967134239124
291699	2969.967134239124
292285	2969.967134239124
294675	2969.967134239124
295258	2969.967134239124
295846	2969.967134239124
296437	2969.967134239124
297039	2969.967134239124
297624	2969.967134239124
298206	2969.967134239124
298791	2969.967134239124
299377	2969.967134239124
299961	2969.967134239124
300552	2969.967134239124
301143	2969.967134239124
301727	2969.967134239124
302316	2969.967134239124
302904	2969.967134239124
303501	2969.967134239124
304091	2969.967134239124
304682	2969.967134239124
305275	2969.967134239124
305858	2969.967134239124
318897	2969.967134239124
319489	2969.967134239124
320078	2969.967134239124
320664	2969.967134239124
321249	2969.967134239124
321835	2969.967134239124
322423	2969.967134239124
323014	2969.967134239124
323605	2969.967134239124
324199	2969.967134239124
324796	2969.967134239124
325391	2969.967134239124
325987	2969.967134239124
326578	2969.967134239124
327176	2969.967134239124
327772	2969.967134239124
328368	2969.967134239124
328957	2969.967134239124
329558	2969.967134239124
330159	2969.967134239124
358646	2969.967134239124
359241	2969.967134239124
359836	2969.967134239124
360427	2969.967134239124
361025	2969.967134239124
361613	2969.967134239124
362203	2969.967134239124
362788	2969.967134239124
363373	2969.967134239124
363961	2969.967134239124
375515	2969.967134239124
376114	2969.967134239124
376710	2969.967134239124
377298	2969.967134239124
377889	2969.967134239124
378485	2969.967134239124
379085	2969.967134239124
379680	2969.967134239124
380273	2969.967134239124
380872	2969.967134239124
381469	2969.967134239124
382069	2969.967134239124
382670	2969.967134239124
383264	2969.967134239124
383864	2969.967134239124
384460	2969.967134239124
385059	2969.967134239124
385654	2969.967134239124
386252	2969.967134239124
386859	2969.967134239124
389483	2969.967134239124
390075	2969.967134239124
390670	2969.967134239124
391262	2969.967134239124
391865	2969.967134239124
392458	2969.967134239124
393052	2969.967134239124
393653	2969.967134239124
394250	2969.967134239124
394843	2969.967134239124
395436	2969.967134239124
396034	2969.967134239124
396627	2969.967134239124
397220	2969.967134239124
397826	2969.967134239124
398419	2969.967134239124
399013	2969.967134239124
399607	2969.967134239124
400209	2969.967134239124
400808	2969.967134239124
414824	2969.967134239124
415420	2969.967134239124
416015	2969.967134239124
416610	2969.967134239124
417209	2969.967134239124
417799	2969.967134239124
418394	2969.967134239124
418982	2969.967134239124
419574	2969.967134239124
420169	2969.967134239124
420753	2969.967134239124
421345	2969.967134239124
421936	2969.967134239124
422528	2969.967134239124
423126	2969.967134239124
423718	2969.967134239124
424317	2969.967134239124
424911	2969.967134239124
425515	2969.967134239124
426113	2969.967134239124
448527	2969.967134239124
449123	2969.967134239124
449714	2969.967134239124
450318	2969.967134239124
450922	2969.967134239124
451526	2969.967134239124
452123	2969.967134239124
452717	2969.967134239124
453305	2969.967134239124
453899	2969.967134239124
454490	2969.967134239124
455075	2969.967134239124
455660	2969.967134239124
456247	2969.967134239124
456832	2969.967134239124
457420	2969.967134239124
458011	2969.967134239124
458600	2969.967134239124
459203	2969.967134239124
459795	2969.967134239124
487592	2969.967134239124
488192	2969.967134239124
488789	2969.967134239124
489393	2969.967134239124
489990	2969.967134239124
490582	2969.967134239124
491182	2969.967134239124
491771	2969.967134239124
492360	2969.967134239124
492949	2969.967134239124
507563	2969.967134239124
