500	48539.442135462836
1070	44367.00860182583
1639	35636.305968230925
2208	20918.08183204438
2774	20192.738523194297
3342	18651.512516029863
3907	15865.875858019815
4473	15865.875858019815
5038	13432.470389686781
5604	13432.470389686781
6173	11623.35637509029
6741	9566.901802239568
7307	9566.901802239568
7869	8583.278849137056
8435	8475.442299777202
8999	7953.80168115105
9565	6899.087714638314
10133	6607.202891975384
10698	6149.512783047303
11264	5871.660319679301
11829	5623.323396257574
12391	5623.323396257574
12958	5464.483629039012
13523	4478.512177887087
14087	4478.512177887087
14651	4478.512177887087
15217	4478.512177887087
15783	4434.503845097075
16347	4038.530909498476
16911	4038.530909498476
17473	4038.530909498476
18041	3727.163952200907
18604	3727.163952200907
19166	3727.163952200907
19732	3727.163952200907
20296	3727.163952200907
20858	3727.163952200907
21425	3674.8989074401643
21989	3587.865359482081
22550	3506.218419781322
23113	3506.218419781322
47794	3021.755380045109
69125	3020.5869396227704
69690	3020.5869396227704
70249	3020.5869396227704
70808	3020.5869396227704
71369	3020.5869396227704
71931	3020.5869396227704
72492	3020.5869396227704
73050	3020.5869396227704
73613	3020.5869396227704
74177	3020.5869396227704
74741	3020.5869396227704
75306	3020.5869396227704
75867	3020.5869396227704
76429	3020.5869396227704
76992	3020.5869396227704
77558	3020.5869396227704
78123	3020.5869396227704
78689	3020.5869396227704
79255	3020.5869396227704
91095	3020.269728290008
95284	3019.265721091155
106723	3019.265720274898
107285	3019.265720274898
107849	3019.265720274898
108406	3019.265720274898
108964	3019.265720274898
109524	3019.265720274898
110082	3019.265720274898
110643	3019.265720274898
111198	3019.265720274898
111755	3019.265720274898
112313	3019.265720274898
112866	3019.265720274898
113420	3019.265720274898
113977	3019.265720274898
114531	3019.265720274898
115085	3019.265720274898
115641	3019.265720274898
116195	3019.265720274898
116753	3019.265720274898
117311	3019.265720274898
117869	3019.265720274898
118427	3019.265720274898
118982	3019.265720274898
119540	3019.265720274898
120096	3019.265720274898
120654	3019.265720274898
121211	3019.265720274898
121768	3019.265720274898
134290	3019.265720274898
134850	3019.265720274898
135409	3019.265720274898
135969	3019.265720274898
136529	3019.265720274898
137084	3019.265720274898
137640	3019.265720274898
138198	3019.265720274898
138754	3019.265720274898
139312	3019.265720274898
157861	2999.669297053555
175215	2992.8566303576767
175770	2992.8566303576767
176324	2992.8566303576767
176879	2992.8566303576767
177434	2992.8566303576767
177992	2992.8566303576767
178549	2992.8566303576767
179106	2992.8566303576767
179662	2992.8566303576767
180218	2992.8566303576767
180775	2992.8566303576767
181330	2992.8566303576767
181890	2992.8566303576767
182450	2992.8566303576767
183009	2992.8566303576767
183570	2992.8566303576767
184131	2992.8566303576767
184694	2992.8566303576767
185256	2992.8566303576767
197865	2992.8566303576767
198428	2992.8566303576767
198993	2992.8566303576767
199556	2992.8566303576767
200120	2992.8566303576767
200685	2992.8566303576767
201248	2992.8566303576767
201813	2992.8566303576767
202377	2992.8566303576767
202942	2992.8566303576767
203506	2992.8566303576767
204071	2992.8566303576767
204637	2992.8566303576767
205199	2992.8566303576767
205763	2992.8566303576767
206326	2992.8566303576767
206889	2992.8566303576767
207452	2992.8566303576767
208013	2992.8566303576767
208576	2992.8566303576767
216063	2992.8566303576767
216626	2992.8566303576767
217189	2992.8566303576767
217753	2992.8566303576767
218316	2992.8566303576767
218878	2992.8566303576767
219444	2992.8566303576767
220011	2992.8566303576767
220575	2992.8566303576767
221138	2992.8566303576767
221703	2992.8566303576767
222264	2992.8566303576767
222827	2992.8566303576767
223392	2992.8566303576767
223956	2992.8566303576767
224523	2992.8566303576767
225089	2992.8566303576767
225653	2992.8566303576767
226215	2992.8566303576767
226777	2992.8566303576767
232831	2992.8566303576767
233395	2992.8566303576767
233956	2992.8566303576767
234518	2992.8566303576767
235080	2992.8566303576767
235644	2992.8566303576767
236206	2992.8566303576767
236770	2992.8566303576767
237328	2992.8566303576767
237891	2992.8566303576767
238453	2992.8566303576767
239013	2992.8566303576767
239575	2992.8566303576767
240137	2992.8566303576767
240697	2992.8566303576767
241257	2992.8566303576767
241821	2992.8566303576767
242387	2992.8566303576767
242951	2992.8566303576767
243515	2992.8566303576767
248165	2992.8566303576767
248727	2992.8566303576767
249292	2992.8566303576767
249856	2992.8566303576767
250419	2992.8566303576767
250983	2992.8566303576767
251548	2992.8566303576767
252111	2992.8566303576767
252676	2992.8566303576767
253239	2992.8566303576767
253806	2992.8566303576767
254371	2992.8566303576767
254939	2992.8566303576767
255498	2992.8566303576767
256066	2992.8566303576767
256630	2992.8566303576767
257195	2992.8566303576767
257763	2992.8566303576767
258325	2992.8566303576767
258889	2992.8566303576767
262985	2992.8566303576767
263547	2992.8566303576767
264107	2992.8566303576767
264671	2992.8566303576767
265236	2992.8566303576767
265804	2992.8566303576767
266370	2992.8566303576767
266933	2992.8566303576767
267494	2992.8566303576767
268061	2992.8566303576767
271674	2992.8566303576767
272237	2992.8566303576767
272801	2992.8566303576767
273365	2992.8566303576767
273929	2992.8566303576767
274493	2992.8566303576767
275055	2992.8566303576767
275617	2992.8566303576767
276181	2992.8566303576767
276745	2992.8566303576767
277308	2992.8566303576767
277870	2992.8566303576767
278433	2992.8566303576767
278997	2992.8566303576767
279559	2992.8566303576767
280118	2992.8566303576767
280679	2992.8566303576767
281241	2992.8566303576767
281804	2992.8566303576767
282366	2992.8566303576767
286160	2992.8566303576767
286720	2992.8566303576767
287280	2992.8566303576767
287842	2992.8566303576767
288402	2992.8566303576767
288964	2992.8566303576767
289527	2992.8566303576767
290087	2992.8566303576767
290646	2992.8566303576767
291209	2992.8566303576767
291773	2992.8566303576767
292336	2992.8566303576767
292898	2992.8566303576767
293459	2992.8566303576767
294020	2992.8566303576767
294581	2992.8566303576767
295142	2992.8566303576767
295705	2992.8566303576767
296263	2992.8566303576767
296826	2992.8566303576767
300328	2992.8566303576767
300890	2992.8566303576767
301450	2992.8566303576767
302012	2992.8566303576767
302578	2992.8566303576767
303139	2992.8566303576767
303703	2992.8566303576767
304266	2992.8566303576767
304836	2992.8566303576767
305399	2992.8566303576767
305967	2992.8566303576767
306530	2992.8566303576767
307090	2992.8566303576767
307653	2992.8566303576767
308219	2992.8566303576767
308781	2992.8566303576767
309345	2992.8566303576767
309908	2992.8566303576767
310470	2992.8566303576767
311034	2992.8566303576767
313124	2992.8566303576767
313684	2992.8566303576767
314245	2992.8566303576767
314813	2992.8566303576767
315376	2992.8566303576767
315939	2992.8566303576767
316503	2992.8566303576767
317068	2992.8566303576767
317634	2992.8566303576767
318196	2992.8566303576767
318761	2992.8566303576767
319323	2992.8566303576767
319887	2992.8566303576767
320456	2992.8566303576767
321023	2992.8566303576767
321588	2992.8566303576767
322157	2992.8566303576767
322722	2992.8566303576767
323288	2992.8566303576767
323853	2992.8566303576767
325853	2992.8566303576767
326415	2992.8566303576767
326979	2992.8566303576767
327540	2992.8566303576767
328106	2992.8566303576767
328672	2992.8566303576767
329242	2992.8566303576767
329808	2992.8566303576767
330372	2992.8566303576767
330934	2992.8566303576767
332786	2992.8566303576767
333350	2992.8566303576767
333916	2992.8566303576767
334484	2992.8566303576767
335049	2992.8566303576767
335615	2992.8566303576767
336182	2992.8566303576767
336745	2992.8566303576767
337308	2992.8566303576767
337873	2992.8566303576767
338439	2992.8566303576767
339007	2992.8566303576767
339574	2992.8566303576767
340138	2992.8566303576767
340706	2992.8566303576767
341271	2992.8566303576767
341836	2992.8566303576767
342399	2992.8566303576767
342963	2992.8566303576767
343527	2992.8566303576767
345240	2992.8566303576767
345806	2992.8566303576767
346369	2992.8566303576767
346935	2992.8566303576767
347501	2992.8566303576767
348068	2992.8566303576767
348634	2992.8566303576767
349201	2992.8566303576767
349766	2992.8566303576767
350334	2992.8566303576767
350901	2992.8566303576767
351465	2992.8566303576767
352032	2992.8566303576767
352596	2992.8566303576767
353161	2992.8566303576767
353726	2992.8566303576767
354290	2992.8566303576767
354854	2992.8566303576767
355421	2992.8566303576767
355988	2992.8566303576767
357756	2992.8566303576767
358323	2992.8566303576767
358886	2992.8566303576767
359451	2992.8566303576767
360019	2992.8566303576767
360585	2992.8566303576767
361149	2992.8566303576767
361716	2992.8566303576767
362282	2992.8566303576767
362851	2992.8566303576767
363419	2992.8566303576767
363984	2992.8566303576767
364548	2992.8566303576767
365111	2992.8566303576767
365672	2992.8566303576767
366237	2992.8566303576767
366805	2992.8566303576767
367370	2992.8566303576767
367935	2992.8566303576767
368502	2992.8566303576767
370169	2992.8566303576767
370733	2992.8566303576767
371298	2992.8566303576767
371863	2992.8566303576767
372430	2992.8566303576767
372996	2992.8566303576767
373561	2992.8566303576767
374127	2992.8566303576767
374693	2992.8566303576767
375258	2992.8566303576767
375822	2992.8566303576767
376387	2992.8566303576767
376951	2992.8566303576767
377517	2992.8566303576767
378084	2992.8566303576767
378650	2992.8566303576767
379213	2992.8566303576767
379782	2992.8566303576767
380349	2992.8566303576767
380914	2992.8566303576767
382579	2992.8566303576767
383143	2992.8566303576767
383707	2992.8566303576767
384274	2992.8566303576767
384839	2992.8566303576767
385404	2992.8566303576767
385968	2992.8566303576767
386533	2992.8566303576767
387098	2992.8566303576767
387670	2992.8566303576767
389235	2992.8566303576767
389798	2992.8566303576767
390364	2992.8566303576767
390930	2992.8566303576767
391496	2992.8566303576767
392061	2992.8566303576767
392627	2992.8566303576767
393195	2992.8566303576767
393762	2992.8566303576767
394328	2992.8566303576767
394893	2992.8566303576767
395460	2992.8566303576767
396027	2992.8566303576767
396592	2992.8566303576767
397157	2992.8566303576767
397723	2992.8566303576767
398287	2992.8566303576767
398854	2992.8566303576767
399417	2992.8566303576767
399984	2992.8566303576767
401543	2992.8566303576767
402109	2992.8566303576767
402674	2992.8566303576767
403238	2992.8566303576767
403802	2992.8566303576767
404367	2992.8566303576767
404932	2992.8566303576767
405496	2992.8566303576767
406059	2992.8566303576767
406626	2992.8566303576767
407192	2992.8566303576767
407756	2992.8566303576767
408320	2992.8566303576767
408888	2992.8566303576767
409455	2992.8566303576767
410018	2992.8566303576767
410584	2992.8566303576767
411152	2992.8566303576767
411720	2992.8566303576767
412291	2992.8566303576767
413857	2992.8566303576767
414422	2992.8566303576767
414986	2992.8566303576767
415555	2992.8566303576767
416121	2992.8566303576767
416689	2992.8566303576767
417258	2992.8566303576767
417825	2992.8566303576767
418394	2992.8566303576767
418960	2992.8566303576767
419526	2992.8566303576767
420095	2992.8566303576767
420662	2992.8566303576767
421230	2992.8566303576767
421798	2992.8566303576767
422366	2992.8566303576767
422933	2992.8566303576767
423499	2992.8566303576767
424068	2992.8566303576767
424637	2992.8566303576767
428922	2992.8566303576767
429491	2992.8566303576767
430059	2992.8566303576767
430627	2992.8566303576767
431195	2992.8566303576767
431761	2992.8566303576767
432329	2992.8566303576767
432896	2992.8566303576767
433466	2992.8566303576767
434037	2992.8566303576767
434607	2992.8566303576767
435176	2992.8566303576767
435746	2992.8566303576767
436313	2992.8566303576767
436883	2992.8566303576767
437449	2992.8566303576767
438019	2992.8566303576767
438587	2992.8566303576767
439155	2992.8566303576767
439725	2992.8566303576767
441601	2992.8566303576767
442171	2992.8566303576767
442740	2992.8566303576767
443306	2992.8566303576767
443875	2992.8566303576767
444444	2992.8566303576767
445015	2992.8566303576767
445580	2992.8566303576767
446147	2992.8566303576767
446715	2992.8566303576767
448384	2992.8566303576767
448950	2992.8566303576767
449516	2992.8566303576767
450086	2992.8566303576767
450651	2992.8566303576767
451216	2992.8566303576767
451779	2992.8566303576767
452346	2992.8566303576767
452913	2992.8566303576767
453476	2992.8566303576767
454042	2992.8566303576767
454608	2992.8566303576767
455168	2992.8566303576767
455730	2992.8566303576767
456294	2992.8566303576767
456854	2992.8566303576767
457419	2992.8566303576767
457983	2992.8566303576767
458549	2992.8566303576767
459111	2992.8566303576767
460773	2992.8566303576767
461336	2992.8566303576767
461900	2992.8566303576767
462465	2992.8566303576767
463026	2992.8566303576767
463592	2992.8566303576767
464158	2992.8566303576767
464722	2992.8566303576767
465286	2992.8566303576767
465852	2992.8566303576767
466417	2992.8566303576767
466979	2992.8566303576767
467543	2992.8566303576767
468109	2992.8566303576767
468676	2992.8566303576767
469243	2992.8566303576767
469812	2992.8566303576767
470377	2992.8566303576767
470940	2992.8566303576767
471500	2992.8566303576767
473115	2992.8566303576767
473679	2992.8566303576767
474244	2992.8566303576767
474809	2992.8566303576767
475375	2992.8566303576767
475940	2992.8566303576767
476504	2992.8566303576767
477068	2992.8566303576767
477635	2992.8566303576767
478197	2992.8566303576767
478761	2992.8566303576767
479325	2992.8566303576767
479892	2992.8566303576767
480456	2992.8566303576767
481021	2992.8566303576767
481583	2992.8566303576767
482145	2992.8566303576767
482711	2992.8566303576767
483276	2992.8566303576767
483836	2992.8566303576767
485408	2992.8566303576767
485977	2992.8566303576767
486543	2992.8566303576767
487109	2992.8566303576767
487674	2992.8566303576767
488239	2992.8566303576767
488804	2992.8566303576767
489369	2992.8566303576767
489935	2992.8566303576767
490503	2992.8566303576767
491074	2992.8566303576767
491643	2992.8566303576767
492210	2992.8566303576767
492776	2992.8566303576767
493342	2992.8566303576767
493908	2992.8566303576767
494476	2992.8566303576767
495043	2992.8566303576767
495610	2992.8566303576767
496176	2992.8566303576767
497743	2992.8566303576767
498310	2992.8566303576767
498876	2992.8566303576767
499445	2992.8566303576767
500016	2992.8566303576767
