500	43291.51269186539
1078	33303.93322934788
1655	16460.803315297664
2233	13307.359601499853
2811	11561.784759028362
3390	9287.110383306488
3969	6973.916542101565
4548	6653.511546410861
5132	6281.793866073258
5712	5945.794984226881
6295	5305.160360716993
6877	5023.037501907238
7462	4714.591749979908
8047	4556.916319512491
8629	4368.306214356113
9216	4195.832383910141
9800	3977.925915964451
10385	3895.2942123932753
10968	3873.2809134029294
11549	3835.4653511504503
12132	3798.521414977482
12715	3712.867116929001
13297	3659.9448783676885
13880	3631.168266881138
14459	3589.3889699705423
15039	3534.321229763962
15620	3520.7615057768353
16206	3483.655912399939
16788	3460.237862371351
17371	3439.7508762114785
17958	3391.383234070625
18539	3384.861368144879
19131	3369.6403104642077
19719	3354.9572867349334
20302	3336.652611281825
20887	3321.1003466712536
21479	3310.8197694860046
22062	3299.328336522619
22646	3289.4159731021796
23237	3281.834275904801
23817	3271.0921329888083
63314	2960.8916417178048
88002	2960.6269860230577
88584	2960.6269860230577
89169	2960.6269860230577
89758	2960.6269860230577
90337	2960.6269860230577
90918	2960.6269860230577
91495	2960.6269860230577
92079	2960.6269860230577
92657	2960.6269860230577
93232	2960.6269860230577
93812	2960.6269860230577
94393	2960.6269860230577
94969	2960.6269860230577
95548	2960.6269860230577
118116	2960.2560031305284
118698	2960.2560031305284
119276	2960.2560031305284
119856	2960.2560031305284
120435	2960.2560031305284
121015	2960.2560031305284
121592	2960.2560031305284
122172	2960.2560031305284
122745	2960.2560031305284
123322	2960.2560031305284
123898	2960.2560031305284
124483	2960.2560031305284
125063	2960.2560031305284
125643	2960.2560031305284
126221	2960.2560031305284
126798	2960.2560031305284
127378	2960.2560031305284
127957	2960.2560031305284
128543	2960.2560031305284
129117	2960.2560031305284
129692	2960.2560031305284
130270	2960.2560031305284
130848	2960.2560031305284
131428	2960.2560031305284
132007	2960.2560031305284
150287	2960.2560031305284
150870	2960.2560031305284
151446	2960.2560031305284
152021	2960.2560031305284
152594	2960.2560031305284
153179	2960.2560031305284
153759	2960.2560031305284
154338	2960.2560031305284
154912	2960.2560031305284
155489	2960.2560031305284
156068	2960.2560031305284
156646	2960.2560031305284
157220	2960.2560031305284
157799	2960.2560031305284
158384	2960.2560031305284
158963	2960.2560031305284
159536	2960.2560031305284
160119	2960.2560031305284
160696	2960.2560031305284
161273	2960.2560031305284
190038	2960.2560031305284
190620	2960.2560031305284
191199	2960.2560031305284
191777	2960.2560031305284
192360	2960.2560031305284
192934	2960.2560031305284
193511	2960.2560031305284
194093	2960.2560031305284
194680	2960.2560031305284
195260	2960.2560031305284
219543	2960.2560031305284
220123	2960.2560031305284
220707	2960.2560031305284
221288	2960.2560031305284
221865	2960.2560031305284
222450	2960.2560031305284
223031	2960.2560031305284
223605	2960.2560031305284
224181	2960.2560031305284
224756	2960.2560031305284
225334	2960.2560031305284
225914	2960.2560031305284
226489	2960.2560031305284
227070	2960.2560031305284
227650	2960.2560031305284
228227	2960.2560031305284
228807	2960.2560031305284
229387	2960.2560031305284
229966	2960.2560031305284
230544	2960.2560031305284
247625	2960.2560031305284
248203	2960.2560031305284
248784	2960.2560031305284
249367	2960.2560031305284
249942	2960.2560031305284
250525	2960.2560031305284
251101	2960.2560031305284
251679	2960.2560031305284
252258	2960.2560031305284
252834	2960.2560031305284
253410	2960.2560031305284
253983	2960.2560031305284
254562	2960.2560031305284
255140	2960.2560031305284
255722	2960.2560031305284
256302	2960.2560031305284
256886	2960.2560031305284
257461	2960.2560031305284
258042	2960.2560031305284
258622	2960.2560031305284
275200	2960.2560031305284
275777	2960.2560031305284
276355	2960.2560031305284
276934	2960.2560031305284
277511	2960.2560031305284
278088	2960.2560031305284
278668	2960.2560031305284
279242	2960.2560031305284
279820	2960.2560031305284
280393	2960.2560031305284
280973	2960.2560031305284
281553	2960.2560031305284
282133	2960.2560031305284
282711	2960.2560031305284
283290	2960.2560031305284
283875	2960.2560031305284
284459	2960.2560031305284
285040	2960.2560031305284
285627	2960.2560031305284
286209	2960.2560031305284
308488	2960.2560031305284
309068	2960.2560031305284
309651	2960.2560031305284
310229	2960.2560031305284
335344	2960.2039536134234
335927	2960.2039536134234
336512	2960.2039536134234
337102	2960.2039536134234
337682	2960.2039536134234
338263	2960.2039536134234
338839	2960.2039536134234
339418	2960.2039536134234
339996	2960.2039536134234
340578	2960.2039536134234
341159	2960.2039536134234
341741	2960.2039536134234
342323	2960.2039536134234
342903	2960.2039536134234
343482	2960.2039536134234
344063	2960.2039536134234
344642	2960.2039536134234
345223	2960.2039536134234
345801	2960.2039536134234
346380	2960.2039536134234
346958	2960.2039536134234
347542	2960.2039536134234
348118	2960.2039536134234
348697	2960.2039536134234
349286	2960.2039536134234
349870	2960.2039536134234
363432	2960.2039536134234
364013	2960.2039536134234
364594	2960.2039536134234
365174	2960.2039536134234
365759	2960.2039536134234
366350	2960.2039536134234
366930	2960.2039536134234
367512	2960.2039536134234
368098	2960.2039536134234
368679	2960.2039536134234
369260	2960.2039536134234
369842	2960.2039536134234
370422	2960.2039536134234
371004	2960.2039536134234
371583	2960.2039536134234
372165	2960.2039536134234
372755	2960.2039536134234
373332	2960.2039536134234
373913	2960.2039536134234
374504	2960.2039536134234
401039	2960.2039536134234
401617	2960.2039536134234
402193	2960.2039536134234
402780	2960.2039536134234
403362	2960.2039536134234
403949	2960.2039536134234
404529	2960.2039536134234
405109	2960.2039536134234
405690	2960.2039536134234
406276	2960.2039536134234
424840	2960.2039536134234
425418	2960.2039536134234
425999	2960.2039536134234
426575	2960.2039536134234
427154	2960.2039536134234
427734	2960.2039536134234
428313	2960.2039536134234
428893	2960.2039536134234
429475	2960.2039536134234
430058	2960.2039536134234
430644	2960.2039536134234
431224	2960.2039536134234
431804	2960.2039536134234
432390	2960.2039536134234
432975	2960.2039536134234
433560	2960.2039536134234
434141	2960.2039536134234
434722	2960.2039536134234
435302	2960.2039536134234
435887	2960.2039536134234
447802	2960.2039536134234
448378	2960.2039536134234
448965	2960.2039536134234
449540	2960.2039536134234
450121	2960.2039536134234
450699	2960.2039536134234
451281	2960.2039536134234
451857	2960.2039536134234
452440	2960.2039536134234
453026	2960.2039536134234
453604	2960.2039536134234
454183	2960.2039536134234
454759	2960.2039536134234
455335	2960.2039536134234
455916	2960.2039536134234
456499	2960.2039536134234
457077	2960.2039536134234
457655	2960.2039536134234
458232	2960.2039536134234
458808	2960.2039536134234
461991	2960.105917883915
471624	2960.105916966427
472199	2960.105916966427
482382	2960.105916358246
482957	2960.105916358246
483535	2960.105916358246
484109	2960.105916358246
484682	2960.105916358246
485255	2960.105916358246
485834	2960.105916358246
486417	2960.105916358246
486995	2960.105916358246
487585	2960.105916358246
488167	2960.105916358246
488747	2960.105916358246
489326	2960.105916358246
489903	2960.105916358246
490479	2960.105916358246
491060	2960.105916358246
491648	2960.105916358246
492223	2960.105916358246
492802	2960.105916358246
493380	2960.105916358246
493956	2960.105916358246
494535	2960.105916358246
495118	2960.105916358246
495694	2960.105916358246
496272	2960.105916358246
496846	2960.105916358246
497425	2960.105916358246
508157	2960.105916358246
