1000	12633.45328235587
2215	11122.377347515625
3396	8343.940802007914
4570	7269.830062763222
5739	6956.653860420822
6905	6648.671692346596
8074	5970.473334210397
9234	5948.162781808018
10390	5684.990584223076
11556	5343.538113610854
12709	5249.703067367449
13862	5111.295277334868
15022	4874.27441720461
16174	4821.445803803843
17330	4725.827906886925
18479	4725.827906886925
19632	4602.287808325746
20785	4534.441581193993
21926	4528.046737767968
23078	4453.6256113182335
24233	4418.251573559475
25383	4335.795528215775
26534	4291.3047000252855
27687	4266.292066926058
28835	4246.83583159386
29979	4192.891356873459
31138	4153.34485706138
32290	4078.7011430328375
33442	4068.175129072172
34595	4053.594928029401
35747	4028.505699189255
36907	4015.922970328137
38057	3968.665336209662
39207	3960.512017124147
40358	3955.166717175037
41508	3939.240611243409
42658	3917.0569124656695
43808	3886.1995377942585
44960	3874.930504445232
46112	3844.5778138562255
47264	3843.217109860225
56250	3590.2779658652153
70846	3561.417821359782
81690	3546.890754440313
98386	3546.849095376572
99551	3546.849095376572
100715	3546.849095376572
101893	3546.849095376572
103065	3546.849095376572
104240	3546.849095376572
105406	3546.849095376572
106572	3546.849095376572
107745	3546.849095376572
108907	3546.849095376572
110068	3546.849095376572
111225	3546.849095376572
112380	3546.849095376572
113543	3546.849095376572
114708	3546.849095376572
115865	3546.849095376572
117028	3546.849095376572
118185	3546.849095376572
119335	3546.849095376572
120492	3546.849095376572
121647	3546.849095376572
122803	3546.849095376572
123957	3546.849095376572
125115	3546.849095376572
126266	3546.849095376572
127420	3546.849095376572
128565	3546.849095376572
135972	3503.70813655824
146379	3503.7081359450167
147535	3503.7081359450167
148683	3503.7081359450167
149826	3503.7081359450167
150975	3503.7081359450167
152124	3503.7081359450167
153273	3503.7081359450167
154420	3503.7081359450167
155569	3503.7081359450167
156717	3503.7081359450167
157865	3503.7081359450167
159003	3503.7081359450167
160156	3503.7081359450167
161302	3503.7081359450167
162450	3503.7081359450167
163596	3503.7081359450167
164743	3503.7081359450167
165890	3503.7081359450167
167031	3503.7081359450167
177803	3503.7081359450167
178948	3503.7081359450167
180093	3503.7081359450167
181247	3503.7081359450167
182394	3503.7081359450167
183538	3503.7081359450167
184684	3503.7081359450167
185829	3503.7081359450167
186977	3503.7081359450167
188129	3503.7081359450167
189278	3503.7081359450167
190425	3503.7081359450167
191574	3503.7081359450167
192726	3503.7081359450167
193883	3503.7081359450167
195035	3503.7081359450167
196181	3503.7081359450167
197337	3503.7081359450167
198490	3503.7081359450167
199646	3503.7081359450167
204943	3502.3076893940593
214068	3502.3075867944153
221086	3502.307586772503
222234	3502.307586772503
223380	3502.307586772503
224528	3502.307586772503
225674	3502.307586772503
226821	3502.307586772503
227973	3502.307586772503
229116	3502.307586772503
230264	3502.307586772503
231412	3502.307586772503
232557	3502.307586772503
233705	3502.307586772503
234851	3502.307586772503
236001	3502.307586772503
237146	3502.307586772503
238290	3502.307586772503
239438	3502.307586772503
240582	3502.307586772503
241728	3502.307586772503
242869	3502.307586772503
244024	3502.307586772503
245175	3502.307586772503
246320	3502.307586772503
247470	3502.307586772503
248615	3502.307586772503
249756	3502.307586772503
250900	3502.307586772503
252050	3502.307586772503
258746	3502.307586772503
259894	3502.307586772503
261035	3502.307586772503
262175	3502.307586772503
263322	3502.307586772503
264471	3502.307586772503
265616	3502.307586772503
266762	3502.307586772503
267906	3502.307586772503
269050	3502.307586772503
276866	3502.049609543817
283671	3497.5410459886134
291308	3497.541043024463
292461	3497.541043024463
293608	3497.541043024463
294753	3497.541043024463
295894	3497.541043024463
297039	3497.541043024463
298183	3497.541043024463
299327	3497.541043024463
300470	3497.541043024463
301615	3497.541043024463
302760	3497.541043024463
303901	3497.541043024463
305045	3497.541043024463
306189	3497.541043024463
307335	3497.541043024463
308470	3497.541043024463
309608	3497.541043024463
310744	3497.541043024463
311880	3497.541043024463
313019	3497.541043024463
314162	3497.541043024463
315311	3497.541043024463
316460	3497.541043024463
317608	3497.541043024463
318753	3497.541043024463
319895	3497.541043024463
321035	3497.541043024463
322179	3497.541043024463
333221	3488.2583037643844
347596	3484.832472089986
360681	3484.832472089986
361823	3484.832472089986
362965	3484.832472089986
364112	3484.832472089986
365259	3484.832472089986
366406	3484.832472089986
367553	3484.832472089986
368696	3484.832472089986
369834	3484.832472089986
370980	3484.832472089986
372122	3484.832472089986
373263	3484.832472089986
374407	3484.832472089986
375553	3484.832472089986
376693	3484.832472089986
377830	3484.832472089986
378968	3484.832472089986
380105	3484.832472089986
389932	3482.0812321259846
400265	3440.431331259945
413445	3440.431331259945
414592	3440.431331259945
415734	3440.431331259945
416877	3440.431331259945
418025	3440.431331259945
419172	3440.431331259945
420317	3440.431331259945
421462	3440.431331259945
422605	3440.431331259945
423748	3440.431331259945
424888	3440.431331259945
426032	3440.431331259945
427172	3440.431331259945
428312	3440.431331259945
429452	3440.431331259945
430594	3440.431331259945
431735	3440.431331259945
432873	3440.431331259945
441284	3440.0837390727256
450299	3432.8694983175615
465036	3432.869498304831
466183	3432.869498304831
467328	3432.869498304831
468476	3432.869498304831
469613	3432.869498304831
470747	3432.869498304831
471889	3432.869498304831
473026	3432.869498304831
474160	3432.869498304831
475302	3432.869498304831
476442	3432.869498304831
477587	3432.869498304831
478728	3432.869498304831
479867	3432.869498304831
481004	3432.869498304831
482147	3432.869498304831
483290	3432.869498304831
484428	3432.869498304831
485565	3432.869498304831
486709	3432.869498304831
487856	3432.869498304831
489006	3432.869498304831
490150	3432.869498304831
491286	3432.869498304831
492424	3432.869498304831
493567	3432.869498304831
494711	3432.869498304831
495850	3432.869498304831
506673	3432.869498304831
507813	3432.869498304831
508946	3432.869498304831
510085	3432.869498304831
511227	3432.869498304831
512376	3432.869498304831
513509	3432.869498304831
514647	3432.869498304831
515788	3432.869498304831
516932	3432.869498304831
525937	3432.869498304831
527076	3432.869498304831
528217	3432.869498304831
529359	3432.869498304831
530500	3432.869498304831
531644	3432.869498304831
532783	3432.869498304831
533927	3432.869498304831
535071	3432.869498304831
536209	3432.869498304831
537349	3432.869498304831
538488	3432.869498304831
539628	3432.869498304831
540765	3432.869498304831
541900	3432.869498304831
543040	3432.869498304831
544181	3432.869498304831
545322	3432.869498304831
546460	3432.869498304831
547598	3432.869498304831
556004	3419.5279533191297
568766	3419.5279532098957
569912	3419.5279532098957
571051	3419.5279532098957
572191	3419.5279532098957
573329	3419.5279532098957
574467	3419.5279532098957
575604	3419.5279532098957
576740	3419.5279532098957
577878	3419.5279532098957
579019	3419.5279532098957
580154	3419.5279532098957
581292	3419.5279532098957
582428	3419.5279532098957
583574	3419.5279532098957
584715	3419.5279532098957
585856	3419.5279532098957
586995	3419.5279532098957
588137	3419.5279532098957
589279	3419.5279532098957
602644	3419.5279532098957
603788	3419.5279532098957
604933	3419.5279532098957
606076	3419.5279532098957
607215	3419.5279532098957
608360	3419.5279532098957
609509	3419.5279532098957
610655	3419.5279532098957
611802	3419.5279532098957
612948	3419.5279532098957
614095	3419.5279532098957
615245	3419.5279532098957
616396	3419.5279532098957
617543	3419.5279532098957
618691	3419.5279532098957
619838	3419.5279532098957
620987	3419.5279532098957
622134	3419.5279532098957
623280	3419.5279532098957
624429	3419.5279532098957
634209	3419.5279532098957
635350	3419.5279532098957
636491	3419.5279532098957
637634	3419.5279532098957
638779	3419.5279532098957
639923	3419.5279532098957
641069	3419.5279532098957
642218	3419.5279532098957
643359	3419.5279532098957
644506	3419.5279532098957
645656	3419.5279532098957
646803	3419.5279532098957
647953	3419.5279532098957
649099	3419.5279532098957
650247	3419.5279532098957
651397	3419.5279532098957
652542	3419.5279532098957
653682	3419.5279532098957
654831	3419.5279532098957
655977	3419.5279532098957
668601	3419.5279532098957
669745	3419.5279532098957
670891	3419.5279532098957
672034	3419.5279532098957
673185	3419.5279532098957
674331	3419.5279532098957
675480	3419.5279532098957
676625	3419.5279532098957
677768	3419.5279532098957
678922	3419.5279532098957
680065	3419.5279532098957
681214	3419.5279532098957
682366	3419.5279532098957
683517	3419.5279532098957
684672	3419.5279532098957
685836	3419.5279532098957
686988	3419.5279532098957
688136	3419.5279532098957
689283	3419.5279532098957
690434	3419.5279532098957
700313	3419.5279532098957
701465	3419.5279532098957
702618	3419.5279532098957
703765	3419.5279532098957
704908	3419.5279532098957
706051	3419.5279532098957
707202	3419.5279532098957
708355	3419.5279532098957
709506	3419.5279532098957
710657	3419.5279532098957
711809	3419.5279532098957
712960	3419.5279532098957
714115	3419.5279532098957
715263	3419.5279532098957
716413	3419.5279532098957
717567	3419.5279532098957
718715	3419.5279532098957
719863	3419.5279532098957
721008	3419.5279532098957
722151	3419.5279532098957
728151	3411.943251657248
736772	3405.6035141422394
749980	3405.6034682430454
751132	3405.6034682430454
752280	3405.6034682430454
753432	3405.6034682430454
754578	3405.6034682430454
755732	3405.6034682430454
756889	3405.6034682430454
758045	3405.6034682430454
759202	3405.6034682430454
760352	3405.6034682430454
761507	3405.6034682430454
762664	3405.6034682430454
763822	3405.6034682430454
764981	3405.6034682430454
766133	3405.6034682430454
767277	3405.6034682430454
768426	3405.6034682430454
769576	3405.6034682430454
770721	3405.6034682430454
771869	3405.6034682430454
773021	3405.6034682430454
774177	3405.6034682430454
775330	3405.6034682430454
776484	3405.6034682430454
777639	3405.6034682430454
778792	3405.6034682430454
779945	3405.6034682430454
781097	3405.6034682430454
787303	3405.386678993747
794411	3405.321713647535
803944	3405.213645699497
811669	3405.212965232492
821448	3405.212965197347
822610	3405.212965197347
823770	3405.212965197347
824929	3405.212965197347
826091	3405.212965197347
827247	3405.212965197347
828411	3405.212965197347
829565	3405.212965197347
830721	3405.212965197347
831879	3405.212965197347
833036	3405.212965197347
834193	3405.212965197347
835360	3405.212965197347
836519	3405.212965197347
837677	3405.212965197347
838836	3405.212965197347
839987	3405.212965197347
841146	3405.212965197347
842300	3405.212965197347
843459	3405.212965197347
844611	3405.212965197347
845770	3405.212965197347
846931	3405.212965197347
848093	3405.212965197347
849246	3405.212965197347
850407	3405.212965197347
862078	3405.212965197347
863236	3405.212965197347
864394	3405.212965197347
865547	3405.212965197347
866704	3405.212965197347
867859	3405.212965197347
869014	3405.212965197347
870173	3405.212965197347
871334	3405.212965197347
872492	3405.212965197347
873645	3405.212965197347
874805	3405.212965197347
875960	3405.212965197347
877106	3405.212965197347
878258	3405.212965197347
879411	3405.212965197347
880563	3405.212965197347
881725	3405.212965197347
882881	3405.212965197347
884044	3405.212965197347
899676	3405.212965197347
900836	3405.212965197347
901987	3405.212965197347
903143	3405.212965197347
904301	3405.212965197347
905459	3405.212965197347
906619	3405.212965197347
907777	3405.212965197347
908936	3405.212965197347
910087	3405.212965197347
924750	3405.212965197347
925906	3405.212965197347
927067	3405.212965197347
928218	3405.212965197347
929375	3405.212965197347
930526	3405.212965197347
931673	3405.212965197347
932821	3405.212965197347
933973	3405.212965197347
935125	3405.212965197347
936275	3405.212965197347
937428	3405.212965197347
938583	3405.212965197347
939745	3405.212965197347
940895	3405.212965197347
942050	3405.212965197347
943205	3405.212965197347
944359	3405.212965197347
945520	3405.212965197347
946676	3405.212965197347
963343	3405.212965197347
964505	3405.212965197347
965665	3405.212965197347
966818	3405.212965197347
967967	3405.212965197347
969123	3405.212965197347
970274	3405.212965197347
971421	3405.212965197347
972574	3405.212965197347
973726	3405.212965197347
974868	3405.212965197347
976018	3405.212965197347
977168	3405.212965197347
978308	3405.212965197347
979452	3405.212965197347
980606	3405.212965197347
981752	3405.212965197347
982897	3405.212965197347
984046	3405.212965197347
985194	3405.212965197347
990619	3405.212965197347
991773	3405.212965197347
992931	3405.212965197347
994088	3405.212965197347
995239	3405.212965197347
996394	3405.212965197347
997551	3405.212965197347
998706	3405.212965197347
999860	3405.212965197347
1001014	3405.212965197347
