1000	14331.783669215749
2203	12090.452028854765
3384	9746.56948810342
4574	7520.418219434799
5755	7421.598540740597
6922	6567.404535803511
8086	6218.674332291655
9247	6083.296326376043
10410	5961.203280233507
11569	5659.189724593671
12725	5419.192586970643
13881	5329.396024587788
15038	5037.618555274255
16202	4876.002431122658
17358	4876.002431122658
18510	4807.427317144051
19663	4756.039465476351
20814	4671.412087369688
21960	4665.774157896652
23112	4605.804008232915
24259	4580.395225223472
25411	4468.261357940242
26566	4391.080552948677
27715	4391.080552948677
28869	4347.183873881353
30026	4247.908821368703
31179	4247.908821368703
32330	4186.167686854906
33478	4186.167686854906
34628	4124.553705401278
35783	4113.998391867768
36933	4113.998391867768
38083	4052.3137461246356
39237	4052.3137461246356
40391	4032.445782782328
41537	4021.233457065909
42687	3991.2125940521155
43830	3987.8893380347567
44980	3978.84563880155
46129	3966.327595243206
47279	3941.8171232180657
70964	3641.8117484127274
89608	3594.261877916835
112741	3594.261877916835
113900	3594.261877916835
115066	3594.261877916835
116239	3594.261877916835
117417	3594.261877916835
118593	3594.261877916835
119763	3594.261877916835
120946	3594.261877916835
122120	3594.261877916835
140357	3562.053667553438
154628	3557.7533765646713
166544	3546.6282035063223
177446	3545.0594417327566
189104	3541.041683633941
199472	3535.252626664
207798	3530.822260868714
223296	3530.822260867035
224445	3530.822260867035
225591	3530.822260867035
226733	3530.822260867035
227881	3530.822260867035
229025	3530.822260867035
230169	3530.822260867035
231311	3530.822260867035
232451	3530.822260867035
233596	3530.822260867035
234738	3530.822260867035
235884	3530.822260867035
237027	3530.822260867035
238168	3530.822260867035
239317	3530.822260867035
240469	3530.822260867035
241619	3530.822260867035
242766	3530.822260867035
243921	3530.822260867035
245074	3530.822260867035
246221	3530.822260867035
247372	3530.822260867035
256848	3530.822260867035
258000	3530.822260867035
259147	3530.822260867035
260301	3530.822260867035
261446	3530.822260867035
262591	3530.822260867035
263742	3530.822260867035
264887	3530.822260867035
266036	3530.822260867035
267181	3530.822260867035
268328	3530.822260867035
269474	3530.822260867035
270611	3530.822260867035
271755	3530.822260867035
272901	3530.822260867035
274041	3530.822260867035
275183	3530.822260867035
276331	3530.822260867035
277478	3530.822260867035
278619	3530.822260867035
287337	3527.288779999043
304208	3527.288779999043
305348	3527.288779999043
306492	3527.288779999043
307641	3527.288779999043
308785	3527.288779999043
309924	3527.288779999043
311067	3527.288779999043
312215	3527.288779999043
313361	3527.288779999043
314501	3527.288779999043
315645	3527.288779999043
316791	3527.288779999043
317935	3527.288779999043
319081	3527.288779999043
320227	3527.288779999043
321368	3527.288779999043
322514	3527.288779999043
323657	3527.288779999043
324798	3527.288779999043
339314	3527.288779999043
340462	3527.288779999043
341607	3527.288779999043
342752	3527.288779999043
343898	3527.288779999043
345035	3527.288779999043
346179	3527.288779999043
347318	3527.288779999043
348456	3527.288779999043
349603	3527.288779999043
350741	3527.288779999043
351880	3527.288779999043
353026	3527.288779999043
354157	3527.288779999043
355300	3527.288779999043
356449	3527.288779999043
357591	3527.288779999043
358728	3527.288779999043
359867	3527.288779999043
361014	3527.288779999043
374127	3527.288779999043
375268	3527.288779999043
376406	3527.288779999043
377545	3527.288779999043
378682	3527.288779999043
379822	3527.288779999043
380964	3527.288779999043
382108	3527.288779999043
383250	3527.288779999043
384384	3527.288779999043
385521	3527.288779999043
386656	3527.288779999043
387806	3527.288779999043
388944	3527.288779999043
390083	3527.288779999043
391226	3527.288779999043
392362	3527.288779999043
393506	3527.288779999043
394652	3527.288779999043
395787	3527.288779999043
407726	3524.573117043158
419783	3517.504026819257
433309	3513.2016280309026
449660	3513.2016280309026
469103	3513.2011523142755
470241	3513.2011523142755
471376	3513.2011523142755
472512	3513.2011523142755
473650	3513.2011523142755
474787	3513.2011523142755
475924	3513.2011523142755
477062	3513.2011523142755
478209	3513.2011523142755
479349	3513.2011523142755
480488	3513.2011523142755
481625	3513.2011523142755
482766	3513.2011523142755
483911	3513.2011523142755
485069	3513.2011523142755
486206	3513.2011523142755
487348	3513.2011523142755
488492	3513.2011523142755
489638	3513.2011523142755
490781	3513.2011523142755
491920	3513.2011523142755
493064	3513.2011523142755
494211	3513.2011523142755
495350	3513.2011523142755
496491	3513.2011523142755
497636	3513.2011523142755
510331	3513.2011523142755
511471	3513.2011523142755
512611	3513.2011523142755
513752	3513.2011523142755
514895	3513.2011523142755
516036	3513.2011523142755
517182	3513.2011523142755
518325	3513.2011523142755
519465	3513.2011523142755
520610	3513.2011523142755
529125	3513.2011523142755
530275	3513.2011523142755
531418	3513.2011523142755
532555	3513.2011523142755
533695	3513.2011523142755
534834	3513.2011523142755
535969	3513.2011523142755
537108	3513.2011523142755
538248	3513.2011523142755
539392	3513.2011523142755
540536	3513.2011523142755
541682	3513.2011523142755
542819	3513.2011523142755
543958	3513.2011523142755
545103	3513.2011523142755
546245	3513.2011523142755
547384	3513.2011523142755
548528	3513.2011523142755
549675	3513.2011523142755
550822	3513.2011523142755
559589	3513.2011523142755
560732	3513.2011523142755
561867	3513.2011523142755
563009	3513.2011523142755
564144	3513.2011523142755
565285	3513.2011523142755
566430	3513.2011523142755
567568	3513.2011523142755
568708	3513.2011523142755
569858	3513.2011523142755
570995	3513.2011523142755
572129	3513.2011523142755
573267	3513.2011523142755
574409	3513.2011523142755
575552	3513.2011523142755
576694	3513.2011523142755
577837	3513.2011523142755
578976	3513.2011523142755
580113	3513.2011523142755
581255	3513.2011523142755
589765	3510.9640469633296
602519	3508.709670808249
615445	3508.709670808249
616592	3508.709670808249
617733	3508.709670808249
618875	3508.709670808249
620012	3508.709670808249
621150	3508.709670808249
622287	3508.709670808249
623424	3508.709670808249
624560	3508.709670808249
625693	3508.709670808249
626830	3508.709670808249
627965	3508.709670808249
629106	3508.709670808249
630247	3508.709670808249
631389	3508.709670808249
632528	3508.709670808249
633668	3508.709670808249
634805	3508.709670808249
641839	3508.709670808249
642978	3508.709670808249
644116	3508.709670808249
645256	3508.709670808249
646397	3508.709670808249
647540	3508.709670808249
648678	3508.709670808249
649821	3508.709670808249
650964	3508.709670808249
652100	3508.709670808249
653239	3508.709670808249
654379	3508.709670808249
655525	3508.709670808249
656668	3508.709670808249
657811	3508.709670808249
658946	3508.709670808249
660082	3508.709670808249
661221	3508.709670808249
662362	3508.709670808249
663497	3508.709670808249
670267	3508.709670808249
671408	3508.709670808249
672546	3508.709670808249
673684	3508.709670808249
674824	3508.709670808249
675968	3508.709670808249
677105	3508.709670808249
678243	3508.709670808249
679379	3508.709670808249
680512	3508.709670808249
681646	3508.709670808249
682784	3508.709670808249
683923	3508.709670808249
685062	3508.709670808249
686199	3508.709670808249
687336	3508.709670808249
688472	3508.709670808249
689609	3508.709670808249
690740	3508.709670808249
691880	3508.709670808249
706756	3503.561690931671
723867	3498.2512395003973
734675	3498.2512395003973
735810	3498.2512395003973
736938	3498.2512395003973
738077	3498.2512395003973
739211	3498.2512395003973
740344	3498.2512395003973
741483	3498.2512395003973
742620	3498.2512395003973
743761	3498.2512395003973
744895	3498.2512395003973
746040	3498.2512395003973
747184	3498.2512395003973
748320	3498.2512395003973
749459	3498.2512395003973
750598	3498.2512395003973
751738	3498.2512395003973
752874	3498.2512395003973
754011	3498.2512395003973
764645	3491.1753728137674
781973	3491.1753728137674
783114	3491.1753728137674
784259	3491.1753728137674
785399	3491.1753728137674
786544	3491.1753728137674
787687	3491.1753728137674
788829	3491.1753728137674
789974	3491.1753728137674
791116	3491.1753728137674
792255	3491.1753728137674
793392	3491.1753728137674
794527	3491.1753728137674
795668	3491.1753728137674
796807	3491.1753728137674
797944	3491.1753728137674
799076	3491.1753728137674
800219	3491.1753728137674
801357	3491.1753728137674
802500	3491.1753728137674
820199	3491.1753728137674
821338	3491.1753728137674
822477	3491.1753728137674
823627	3491.1753728137674
824767	3491.1753728137674
825904	3491.1753728137674
827047	3491.1753728137674
828188	3491.1753728137674
829333	3491.1753728137674
830478	3491.1753728137674
831619	3491.1753728137674
832761	3491.1753728137674
833904	3491.1753728137674
835050	3491.1753728137674
836193	3491.1753728137674
837334	3491.1753728137674
838475	3491.1753728137674
839616	3491.1753728137674
840758	3491.1753728137674
841898	3491.1753728137674
848970	3491.1753728137674
850120	3491.1753728137674
851264	3491.1753728137674
852409	3491.1753728137674
853553	3491.1753728137674
854702	3491.1753728137674
855848	3491.1753728137674
856998	3491.1753728137674
858137	3491.1753728137674
859276	3491.1753728137674
860426	3491.1753728137674
861565	3491.1753728137674
862703	3491.1753728137674
863852	3491.1753728137674
864992	3491.1753728137674
866134	3491.1753728137674
867284	3491.1753728137674
868431	3491.1753728137674
869572	3491.1753728137674
870719	3491.1753728137674
878829	3491.1753728137674
879974	3491.1753728137674
881117	3491.1753728137674
882259	3491.1753728137674
883403	3491.1753728137674
884548	3491.1753728137674
885693	3491.1753728137674
886841	3491.1753728137674
887985	3491.1753728137674
889133	3491.1753728137674
890280	3491.1753728137674
891430	3491.1753728137674
892575	3491.1753728137674
893721	3491.1753728137674
894867	3491.1753728137674
896013	3491.1753728137674
897159	3491.1753728137674
898295	3491.1753728137674
899444	3491.1753728137674
900587	3491.1753728137674
913558	3491.1753728137674
914700	3491.1753728137674
915849	3491.1753728137674
916993	3491.1753728137674
918137	3491.1753728137674
919289	3491.1753728137674
920432	3491.1753728137674
921571	3491.1753728137674
922710	3491.1753728137674
923848	3491.1753728137674
935721	3491.1753728137674
936862	3491.1753728137674
938004	3491.1753728137674
939141	3491.1753728137674
940293	3491.1753728137674
941437	3491.1753728137674
942581	3491.1753728137674
943725	3491.1753728137674
944867	3491.1753728137674
946015	3491.1753728137674
947148	3491.1753728137674
948287	3491.1753728137674
949428	3491.1753728137674
950572	3491.1753728137674
951707	3491.1753728137674
952844	3491.1753728137674
953982	3491.1753728137674
955120	3491.1753728137674
956262	3491.1753728137674
957400	3491.1753728137674
965942	3491.1753728137674
967084	3491.1753728137674
968224	3491.1753728137674
969367	3491.1753728137674
970498	3491.1753728137674
971646	3491.1753728137674
972788	3491.1753728137674
973922	3491.1753728137674
975066	3491.1753728137674
976202	3491.1753728137674
977341	3491.1753728137674
978476	3491.1753728137674
979618	3491.1753728137674
980752	3491.1753728137674
981889	3491.1753728137674
983024	3491.1753728137674
984159	3491.1753728137674
985293	3491.1753728137674
986430	3491.1753728137674
987566	3491.1753728137674
998925	3491.1753728137674
1000057	3491.1753728137674
