1000	11825.278397286773
2214	9941.434398211357
3406	8811.073910360588
4578	8611.539966323664
5748	7624.347662152993
6916	6724.621133178023
8077	6133.24179424095
9237	6038.127694861751
10397	5914.475800546078
11556	5813.070278690617
12713	5531.860002299129
13876	5345.3575655574405
15035	5207.14206691413
16186	5102.974488624824
17345	5066.617521097717
18496	5020.3385100532105
19647	4873.760279248014
20800	4829.736136419178
21949	4753.74374818182
23102	4626.810260815398
24256	4596.4364824892355
25410	4533.621305551586
26564	4501.9590224759795
27713	4449.160645526148
28864	4416.048962731858
30020	4371.373000310381
31173	4317.936784899591
32329	4257.741235524132
33481	4220.621102765342
34631	4190.750435844339
35783	4143.5177436184385
36933	4135.85020064886
38083	4114.975827291739
39232	4067.6371037949066
40379	4067.6371037949066
41528	4042.646344215188
42672	4041.344011062604
43825	4033.4966109441725
44977	3986.6068404549333
46125	3986.6068404549333
47279	3975.5373585158914
58630	3686.3987752618746
85394	3600.9457691713133
113996	3600.945507844441
115148	3600.945507844441
116304	3600.945507844441
117452	3600.945507844441
118602	3600.945507844441
119751	3600.945507844441
120895	3600.945507844441
122049	3600.945507844441
123202	3600.945507844441
124354	3600.945507844441
125510	3600.945507844441
126659	3600.945507844441
127810	3600.945507844441
128964	3600.945507844441
130114	3600.945507844441
131258	3600.945507844441
132410	3600.945507844441
133566	3600.945507844441
134722	3600.945507844441
135878	3600.945507844441
137039	3600.945507844441
138196	3600.945507844441
139351	3600.945507844441
140506	3600.945507844441
141661	3600.945507844441
142813	3600.945507844441
160016	3574.382710754765
161167	3574.382710754765
162322	3574.382710754765
163477	3574.382710754765
164625	3574.382710754765
165777	3574.382710754765
166921	3574.382710754765
168073	3574.382710754765
169215	3574.382710754765
170369	3574.382710754765
171520	3574.382710754765
172666	3574.382710754765
173816	3574.382710754765
174967	3574.382710754765
176124	3574.382710754765
177285	3574.382710754765
178438	3574.382710754765
179590	3574.382710754765
180744	3574.382710754765
181901	3574.382710754765
183053	3574.382710754765
184201	3574.382710754765
193330	3554.49735468989
203163	3544.5904970401843
211788	3541.0896064847348
230222	3541.089476972965
231385	3541.089476972965
232554	3541.089476972965
233724	3541.089476972965
234896	3541.089476972965
236065	3541.089476972965
237235	3541.089476972965
238398	3541.089476972965
239564	3541.089476972965
240727	3541.089476972965
241898	3541.089476972965
243065	3541.089476972965
244222	3541.089476972965
245373	3541.089476972965
246526	3541.089476972965
247683	3541.089476972965
248841	3541.089476972965
249993	3541.089476972965
251149	3541.089476972965
252302	3541.089476972965
253463	3541.089476972965
254623	3541.089476972965
255775	3541.089476972965
256923	3541.089476972965
258072	3541.089476972965
259218	3541.089476972965
260366	3541.089476972965
270001	3538.2319609457873
279399	3538.2319606601936
280550	3538.2319606601936
281693	3538.2319606601936
282838	3538.2319606601936
283983	3538.2319606601936
285127	3538.2319606601936
286267	3538.2319606601936
287407	3538.2319606601936
288546	3538.2319606601936
289682	3538.2319606601936
290818	3538.2319606601936
291958	3538.2319606601936
293101	3538.2319606601936
294237	3538.2319606601936
295376	3538.2319606601936
296517	3538.2319606601936
297655	3538.2319606601936
298792	3538.2319606601936
299940	3538.2319606601936
307160	3538.2319606601936
308297	3538.2319606601936
309441	3538.2319606601936
310577	3538.2319606601936
311716	3538.2319606601936
312855	3538.2319606601936
313989	3538.2319606601936
315128	3538.2319606601936
316263	3538.2319606601936
317401	3538.2319606601936
318537	3538.2319606601936
319677	3538.2319606601936
320814	3538.2319606601936
321949	3538.2319606601936
323083	3538.2319606601936
324215	3538.2319606601936
325356	3538.2319606601936
326496	3538.2319606601936
327636	3538.2319606601936
328776	3538.2319606601936
339369	3538.2319606601936
340511	3538.2319606601936
341652	3538.2319606601936
342789	3538.2319606601936
343929	3538.2319606601936
345071	3538.2319606601936
346213	3538.2319606601936
347348	3538.2319606601936
348483	3538.2319606601936
349618	3538.2319606601936
350751	3538.2319606601936
351882	3538.2319606601936
353016	3538.2319606601936
354156	3538.2319606601936
355291	3538.2319606601936
356421	3538.2319606601936
357557	3538.2319606601936
358689	3538.2319606601936
359825	3538.2319606601936
360963	3538.2319606601936
368055	3538.231345818644
377822	3538.2313187668055
378965	3538.2313187668055
380104	3538.2313187668055
381238	3538.2313187668055
382380	3538.2313187668055
383515	3538.2313187668055
384653	3538.2313187668055
385792	3538.2313187668055
386930	3538.2313187668055
388063	3538.2313187668055
389199	3538.2313187668055
390340	3538.2313187668055
391481	3538.2313187668055
392620	3538.2313187668055
393762	3538.2313187668055
394912	3538.2313187668055
396057	3538.2313187668055
397206	3538.2313187668055
398351	3538.2313187668055
404309	3538.2313187668055
405460	3538.2313187668055
406604	3538.2313187668055
407757	3538.2313187668055
408906	3538.2313187668055
410049	3538.2313187668055
411196	3538.2313187668055
412344	3538.2313187668055
413486	3538.2313187668055
414632	3538.2313187668055
415777	3538.2313187668055
416921	3538.2313187668055
418061	3538.2313187668055
419206	3538.2313187668055
420354	3538.2313187668055
421499	3538.2313187668055
422646	3538.2313187668055
423786	3538.2313187668055
424928	3538.2313187668055
426070	3538.2313187668055
429455	3538.2313187668055
430594	3538.2313187668055
431736	3538.2313187668055
432875	3538.2313187668055
434022	3538.2313187668055
435164	3538.2313187668055
436309	3538.2313187668055
437444	3538.2313187668055
438581	3538.2313187668055
439723	3538.2313187668055
440867	3538.2313187668055
442008	3538.2313187668055
443146	3538.2313187668055
444281	3538.2313187668055
445411	3538.2313187668055
446548	3538.2313187668055
447686	3538.2313187668055
448829	3538.2313187668055
449968	3538.2313187668055
451107	3538.2313187668055
455305	3538.2313187668055
456450	3538.2313187668055
457603	3538.2313187668055
458752	3538.2313187668055
459908	3538.2313187668055
461059	3538.2313187668055
462206	3538.2313187668055
463350	3538.2313187668055
464495	3538.2313187668055
465648	3538.2313187668055
466798	3538.2313187668055
467949	3538.2313187668055
469103	3538.2313187668055
470251	3538.2313187668055
471400	3538.2313187668055
472548	3538.2313187668055
473699	3538.2313187668055
474850	3538.2313187668055
475999	3538.2313187668055
477146	3538.2313187668055
482862	3538.2313187668055
484021	3538.2313187668055
485179	3538.2313187668055
486329	3538.2313187668055
487477	3538.2313187668055
488622	3538.2313187668055
489769	3538.2313187668055
490917	3538.2313187668055
492065	3538.2313187668055
493217	3538.2313187668055
494363	3538.2313187668055
495509	3538.2313187668055
496658	3538.2313187668055
497804	3538.2313187668055
498958	3538.2313187668055
500106	3538.2313187668055
501256	3538.2313187668055
502397	3538.2313187668055
503541	3538.2313187668055
504682	3538.2313187668055
508868	3538.2313187668055
510018	3538.2313187668055
511163	3538.2313187668055
512311	3538.2313187668055
513463	3538.2313187668055
514615	3538.2313187668055
515758	3538.2313187668055
516902	3538.2313187668055
518051	3538.2313187668055
519203	3538.2313187668055
525114	3538.2313187668055
526267	3538.2313187668055
527415	3538.2313187668055
528560	3538.2313187668055
529713	3538.2313187668055
530859	3538.2313187668055
532009	3538.2313187668055
533166	3538.2313187668055
534314	3538.2313187668055
535476	3538.2313187668055
536630	3538.2313187668055
537777	3538.2313187668055
538924	3538.2313187668055
540066	3538.2313187668055
541208	3538.2313187668055
542358	3538.2313187668055
543499	3538.2313187668055
544643	3538.2313187668055
545782	3538.2313187668055
546917	3538.2313187668055
551308	3538.2313187668055
552461	3538.2313187668055
553609	3538.2313187668055
554769	3538.2313187668055
555916	3538.2313187668055
557077	3538.2313187668055
558234	3538.2313187668055
559390	3538.2313187668055
560541	3538.2313187668055
561693	3538.2313187668055
562846	3538.2313187668055
563999	3538.2313187668055
565153	3538.2313187668055
566304	3538.2313187668055
567458	3538.2313187668055
568612	3538.2313187668055
569764	3538.2313187668055
570913	3538.2313187668055
572064	3538.2313187668055
573216	3538.2313187668055
578827	3538.2313187668055
579977	3538.2313187668055
581126	3538.2313187668055
582278	3538.2313187668055
583440	3538.2313187668055
584597	3538.2313187668055
585756	3538.2313187668055
586912	3538.2313187668055
588069	3538.2313187668055
589228	3538.2313187668055
590387	3538.2313187668055
591541	3538.2313187668055
592703	3538.2313187668055
593859	3538.2313187668055
595015	3538.2313187668055
596173	3538.2313187668055
597332	3538.2313187668055
598499	3538.2313187668055
599655	3538.2313187668055
600815	3538.2313187668055
604719	3538.2313187668055
605872	3538.2313187668055
607024	3538.2313187668055
608176	3538.2313187668055
609329	3538.2313187668055
610485	3538.2313187668055
611640	3538.2313187668055
612793	3538.2313187668055
613947	3538.2313187668055
615099	3538.2313187668055
616250	3538.2313187668055
617405	3538.2313187668055
618560	3538.2313187668055
619709	3538.2313187668055
620860	3538.2313187668055
622014	3538.2313187668055
623167	3538.2313187668055
624322	3538.2313187668055
625469	3538.2313187668055
626624	3538.2313187668055
630413	3538.2313187668055
631563	3538.2313187668055
632719	3538.2313187668055
633879	3538.2313187668055
635032	3538.2313187668055
636190	3538.2313187668055
637342	3538.2313187668055
638498	3538.2313187668055
639658	3538.2313187668055
640815	3538.2313187668055
645418	3538.2313187668055
646569	3538.2313187668055
647721	3538.2313187668055
648873	3538.2313187668055
650031	3538.2313187668055
651186	3538.2313187668055
652339	3538.2313187668055
653494	3538.2313187668055
654651	3538.2313187668055
655807	3538.2313187668055
656958	3538.2313187668055
658106	3538.2313187668055
659252	3538.2313187668055
660401	3538.2313187668055
661550	3538.2313187668055
662703	3538.2313187668055
663858	3538.2313187668055
665013	3538.2313187668055
666161	3538.2313187668055
667307	3538.2313187668055
671793	3538.2313187668055
672951	3538.2313187668055
674098	3538.2313187668055
675246	3538.2313187668055
676392	3538.2313187668055
677539	3538.2313187668055
678679	3538.2313187668055
679823	3538.2313187668055
680966	3538.2313187668055
682112	3538.2313187668055
683256	3538.2313187668055
684404	3538.2313187668055
685557	3538.2313187668055
686704	3538.2313187668055
687850	3538.2313187668055
688995	3538.2313187668055
690139	3538.2313187668055
691285	3538.2313187668055
692435	3538.2313187668055
693580	3538.2313187668055
697468	3538.2313187668055
698616	3538.2313187668055
699769	3538.2313187668055
700920	3538.2313187668055
702070	3538.2313187668055
703215	3538.2313187668055
704359	3538.2313187668055
705499	3538.2313187668055
706639	3538.2313187668055
707785	3538.2313187668055
708932	3538.2313187668055
710085	3538.2313187668055
711228	3538.2313187668055
712384	3538.2313187668055
713534	3538.2313187668055
714688	3538.2313187668055
715844	3538.2313187668055
716995	3538.2313187668055
718149	3538.2313187668055
719298	3538.2313187668055
724701	3538.2313187668055
725849	3538.2313187668055
726996	3538.2313187668055
728147	3538.2313187668055
729293	3538.2313187668055
730441	3538.2313187668055
731592	3538.2313187668055
732739	3538.2313187668055
733890	3538.2313187668055
735037	3538.2313187668055
736187	3538.2313187668055
737338	3538.2313187668055
738491	3538.2313187668055
739652	3538.2313187668055
740804	3538.2313187668055
741953	3538.2313187668055
743108	3538.2313187668055
744265	3538.2313187668055
745421	3538.2313187668055
746580	3538.2313187668055
751296	3538.2313187668055
752455	3538.2313187668055
753615	3538.2313187668055
754769	3538.2313187668055
755925	3538.2313187668055
757084	3538.2313187668055
758241	3538.2313187668055
759396	3538.2313187668055
760552	3538.2313187668055
761708	3538.2313187668055
766515	3538.2313187668055
767663	3538.2313187668055
768813	3538.2313187668055
769960	3538.2313187668055
771111	3538.2313187668055
772267	3538.2313187668055
773418	3538.2313187668055
774571	3538.2313187668055
775738	3538.2313187668055
776892	3538.2313187668055
778040	3538.2313187668055
779190	3538.2313187668055
780338	3538.2313187668055
781491	3538.2313187668055
782645	3538.2313187668055
783799	3538.2313187668055
784948	3538.2313187668055
786101	3538.2313187668055
787258	3538.2313187668055
788432	3538.2313187668055
794764	3538.2313187668055
795925	3538.2313187668055
797084	3538.2313187668055
798246	3538.2313187668055
799404	3538.2313187668055
800556	3538.2313187668055
801715	3538.2313187668055
802873	3538.2313187668055
804037	3538.2313187668055
805195	3538.2313187668055
806357	3538.2313187668055
807512	3538.2313187668055
808667	3538.2313187668055
809826	3538.2313187668055
810985	3538.2313187668055
812134	3538.2313187668055
813290	3538.2313187668055
814437	3538.2313187668055
815585	3538.2313187668055
816730	3538.2313187668055
820328	3538.2313187668055
821481	3538.2313187668055
822631	3538.2313187668055
823777	3538.2313187668055
824930	3538.2313187668055
826081	3538.2313187668055
827231	3538.2313187668055
828386	3538.2313187668055
829544	3538.2313187668055
830700	3538.2313187668055
831855	3538.2313187668055
833001	3538.2313187668055
834146	3538.2313187668055
835299	3538.2313187668055
836455	3538.2313187668055
837600	3538.2313187668055
838747	3538.2313187668055
839894	3538.2313187668055
841044	3538.2313187668055
842189	3538.2313187668055
848401	3538.2313187668055
849543	3538.2313187668055
850692	3538.2313187668055
851837	3538.2313187668055
852982	3538.2313187668055
854133	3538.2313187668055
855282	3538.2313187668055
856429	3538.2313187668055
857582	3538.2313187668055
858739	3538.2313187668055
859890	3538.2313187668055
861041	3538.2313187668055
862196	3538.2313187668055
863350	3538.2313187668055
864500	3538.2313187668055
865650	3538.2313187668055
866799	3538.2313187668055
867944	3538.2313187668055
869090	3538.2313187668055
870240	3538.2313187668055
874119	3538.2313187668055
875263	3538.2313187668055
876403	3538.2313187668055
877552	3538.2313187668055
878707	3538.2313187668055
879855	3538.2313187668055
881003	3538.2313187668055
882155	3538.2313187668055
883305	3538.2313187668055
884453	3538.2313187668055
888149	3538.2313187668055
889302	3538.2313187668055
890450	3538.2313187668055
891600	3538.2313187668055
892754	3538.2313187668055
893899	3538.2313187668055
895051	3538.2313187668055
896200	3538.2313187668055
897347	3538.2313187668055
898491	3538.2313187668055
899642	3538.2313187668055
900787	3538.2313187668055
901937	3538.2313187668055
903087	3538.2313187668055
904232	3538.2313187668055
905379	3538.2313187668055
906525	3538.2313187668055
907673	3538.2313187668055
908824	3538.2313187668055
909972	3538.2313187668055
915479	3538.2313187668055
916635	3538.2313187668055
917793	3538.2313187668055
918946	3538.2313187668055
920100	3538.2313187668055
921250	3538.2313187668055
922402	3538.2313187668055
923552	3538.2313187668055
924699	3538.2313187668055
925855	3538.2313187668055
927009	3538.2313187668055
928164	3538.2313187668055
929316	3538.2313187668055
930466	3538.2313187668055
931619	3538.2313187668055
932780	3538.2313187668055
933927	3538.2313187668055
935084	3538.2313187668055
936233	3538.2313187668055
937384	3538.2313187668055
942788	3538.2313187668055
943935	3538.2313187668055
945078	3538.2313187668055
946221	3538.2313187668055
947363	3538.2313187668055
948507	3538.2313187668055
949652	3538.2313187668055
950806	3538.2313187668055
951960	3538.2313187668055
953108	3538.2313187668055
954265	3538.2313187668055
955412	3538.2313187668055
956561	3538.2313187668055
957718	3538.2313187668055
958876	3538.2313187668055
960028	3538.2313187668055
961179	3538.2313187668055
962331	3538.2313187668055
963490	3538.2313187668055
964647	3538.2313187668055
969467	3538.2313187668055
970623	3538.2313187668055
971780	3538.2313187668055
972931	3538.2313187668055
974081	3538.2313187668055
975239	3538.2313187668055
976390	3538.2313187668055
977547	3538.2313187668055
978697	3538.2313187668055
979850	3538.2313187668055
980998	3538.2313187668055
982147	3538.2313187668055
983300	3538.2313187668055
984448	3538.2313187668055
985592	3538.2313187668055
986738	3538.2313187668055
987878	3538.2313187668055
989019	3538.2313187668055
990166	3538.2313187668055
991311	3538.2313187668055
995806	3538.2313187668055
996946	3538.2313187668055
998088	3538.2313187668055
999236	3538.2313187668055
1000379	3538.2313187668055
