1000	20198811995.854996
30676	14134.523652501432
34426	14127.323721213836
36855	14125.991658954908
39280	14125.428177821066
41708	14125.053869983329
44130	14124.779789698292
46551	14124.563742060065
48989	14124.386253951598
51412	14124.236453728932
53842	14124.107620367686
56270	14123.99469797094
58694	14123.893637393436
61127	14123.80222914955
63555	14123.717986357075
65955	14123.638234741135
68364	14123.559850087117
70766	14123.481959193674
73168	14123.404406539892
75570	14123.327052639348
77971	14123.249771654371
80369	14123.172637112717
82772	14123.095825337778
85173	14123.019009935819
87571	14122.942215554278
89980	14122.865438011748
92382	14122.788505487264
94788	14122.711872497119
97200	14122.63523482145
99605	14122.558419189076
102007	14122.481737339434
104420	14122.4051255261
106814	14122.328391604282
109222	14122.251764181436
111622	14122.175145251133
114023	14122.098434664402
116425	14122.02178112927
118827	14121.945050938
121219	14121.868282794303
123615	14121.791495467543
126009	14121.714294071699
128397	14121.637565852889
130806	14121.56062651266
133206	14121.483550849858
135603	14121.406365832174
138005	14121.329250893297
140405	14121.251944565549
142796	14121.1745184293
145191	14121.097082624003
160967	2167.5054400695326
163358	2167.4486060444074
165748	2167.4167788526183
168140	2167.39667526419
170536	2167.382155840932
172928	2167.370375870065
175319	2167.360008013931
177706	2167.350424049239
180109	2167.3413193195884
182502	2167.3325402667915
184901	2167.324004883631
187290	2167.3156660521136
189678	2167.3074940224597
192069	2167.2994680213706
194466	2167.291571760049
196867	2167.283463261388
199257	2167.2754502039134
201643	2167.2679415829316
204032	2167.2601519699074
206421	2167.252419752321
208804	2167.2480563213385
211191	2167.2377030185603
213563	2167.2305570082776
215944	2167.2263887338495
218328	2167.216044108362
220714	2167.2088869217046
223103	2167.204815504493
225497	2167.194305550757
227884	2167.18652918096
230263	2167.1791463236013
232645	2167.174629402011
235030	2167.1637814619608
237414	2167.1588968367487
239791	2167.1481017311435
242174	2167.1394187447377
244554	2167.133942735447
246932	2167.122288907112
249314	2167.1127211004587
251696	2167.102751190043
254076	2167.095645711028
256452	2167.0825084727294
258835	2167.071097207425
261213	2167.0624607624113
263595	2167.0474445663067
265966	2167.0340369753867
268348	2167.0233045634936
270728	2167.005313553638
273100	2166.989582667524
275477	2166.972347164851
277853	2166.9572513124263
280219	2166.935197435438
282595	2166.914033207465
284963	2166.894766805902
287337	2166.867557230283
289704	2166.841796473019
292081	2166.8136883176708
294448	2166.786802398686
296812	2166.752316193025
299188	2166.7178185595785
301554	2166.68148193268
303930	2166.64585905855
306300	2166.6015938979444
308673	2166.5612269062217
311043	2166.5127357522397
313409	2166.4644534368394
315772	2166.4145519803496
318135	2166.3623730534946
320495	2166.311873551853
322858	2166.2541427913548
325230	2166.1974324788894
327599	2166.143014030602
329972	2166.0811198005804
332338	2166.021343141671
334709	2165.9598209571996
337075	2165.897135168007
339443	2165.835349317509
341815	2165.7644184499495
344174	2165.692800926272
346543	2165.6155304167823
348906	2165.534554227821
351272	2165.438187999518
353629	2165.3326419486234
355989	2165.2136976379893
358349	2165.0667929386054
360699	2164.8939497792926
363061	2164.6846359483825
371613	2099.4427648247797
373973	2099.390217323534
376334	2099.374567791403
378699	2099.3680311819926
381068	2099.3643588802634
383434	2099.3617346662077
385798	2099.3595290770895
388163	2099.3574780013346
390531	2099.3549355805885
392893	2099.3528844583325
395258	2099.3508412892156
397623	2099.3508412892156
402235	2099.3508412892156
433005	2099.3508412892156
445253	2099.3508412892156
451098	2099.3508412892156
454421	2099.3508412892156
462969	2099.3508412892156
500238	2099.3508412892156
533549	2099.3508412892156
560722	2099.3508412892156
565444	2099.3508412892156
571462	2099.3508412892156
597299	2099.3508412892156
624236	2099.3508412892156
636455	2099.3508412892156
641082	2099.3508412892156
647040	2099.3508412892156
660664	2099.3508412892156
691561	2099.3508412892156
727512	2099.3508412892156
746874	1687.982997758003
749239	1687.827052384723
751605	1687.8133177877046
753965	1687.809411536454
756325	1687.8080907541896
758683	1687.8076676020237
761047	1687.8075073900031
763408	1687.807426386111
765764	1687.8073715075611
768121	1687.8073220107688
770475	1687.8072735430997
772832	1687.807224665873
775191	1687.8071749049132
777548	1687.8071242115457
779904	1687.8070723330554
782268	1687.807019762669
784622	1687.8069657582757
786978	1687.806910943379
789333	1687.806854884588
791694	1687.8067978050528
794052	1687.8067393731021
796413	1687.8066797838505
798772	1687.80661897709
801129	1687.8065565736674
803487	1687.8064924009195
805845	1687.806426726323
808206	1687.8063593204574
810570	1687.8062918159287
812929	1687.8062221730709
815290	1687.806179024451
817652	1687.806179024451
823441	1687.806179024451
828004	1687.806179024451
848606	1687.806179024451
851917	1687.806179024451
872367	1687.806179024451
875685	1687.806179024451
879040	1687.806179024451
897025	1682.6703388599703
900598	1682.4483208381178
902953	1682.434421397262
905304	1682.4271926111771
907663	1682.4226421638991
910024	1682.4179165344563
912379	1682.4141372673957
914736	1682.409634911981
917086	1682.4060056234157
919438	1682.4015470836157
921786	1682.3980313449638
924133	1682.393594828277
926486	1682.3902055922417
928839	1682.3857622619291
931203	1682.382513394499
933563	1682.379126512487
935918	1682.3749760784535
938285	1682.371677673734
940639	1682.3675712892755
943000	1682.3643621200952
945360	1682.360288710915
947719	1682.35718522919
950081	1682.3531466758864
952441	1682.350142973488
954807	1682.3461137078466
957172	1682.3432251851614
959531	1682.3392272508781
961888	1682.336433928719
964250	1682.332444395844
966609	1682.3297828861912
968969	1682.325801855778
971330	1682.3232534381486
973685	1682.319268917265
976043	1682.3168352728674
978401	1682.312866575599
980755	1682.3105503264023
983118	1682.3065646609973
985474	1682.3043671857345
987832	1682.3003818346024
990192	1682.2982868754048
992548	1682.2942523755594
994904	1682.2923269795006
997265	1682.2881802031006
999628	1682.286456229578
1001994	1682.2826141534763
