1000	34582402662.604
2160	28909596387.61939
3315	18110428166.17677
4466	14619820385.48083
5611	13660748804.736122
6756	13240679024.648972
7892	8418030148.218271
9025	8418030148.218271
10159	8418030148.218271
11295	7545276448.390371
12429	7545276448.390371
13565	7442375712.925575
14691	7442375712.925575
15819	7442375712.925575
16950	7118896107.445454
18077	7118896107.445454
19204	7118896107.445454
20330	7118896107.445454
21455	7118896107.445454
22582	6999505049.671223
23708	5158255570.827408
24835	5158255570.827408
25962	5158255570.827408
27089	5158255570.827408
28215	5158255570.827408
29338	5158255570.827408
30463	5158255570.827408
31588	5158255570.827408
32711	5158255570.827408
33837	5158255570.827408
34962	5158255570.827408
36086	5158255570.827408
37216	5158255570.827408
38343	5158255570.827408
39473	5158255570.827408
40605	5158255570.827408
41735	5158255570.827408
42864	5158255570.827408
43992	5158255570.827408
45122	5158255570.827408
46249	5158255570.827408
99415	3014.4349834135282
149766	2625.1646517772324
150895	2625.1646517772324
152026	2625.1646517772324
153156	2625.1646517772324
154285	2625.1646517772324
155416	2625.1646517772324
156546	2625.1646517772324
157675	2625.1646517772324
158804	2625.1646517772324
159931	2625.1646517772324
161056	2625.1646517772324
162182	2625.1646517772324
163310	2625.1646517772324
164440	2625.1646517772324
165571	2625.1646517772324
166701	2625.1646517772324
167829	2625.1646517772324
168960	2625.1646517772324
170088	2625.1646517772324
250923	2625.1646517772324
252051	2625.1646517772324
253181	2625.1646517772324
254313	2625.1646517772324
255442	2625.1646517772324
256573	2625.1646517772324
257699	2625.1646517772324
258826	2625.1646517772324
259955	2625.1646517772324
261085	2625.1646517772324
262215	2625.1646517772324
263344	2625.1646517772324
264474	2625.1646517772324
265605	2625.1646517772324
266733	2625.1646517772324
267864	2625.1646517772324
268994	2625.1646517772324
270128	2625.1646517772324
271260	2625.1646517772324
272390	2625.1646517772324
288569	2618.3120491056607
335345	2451.8076362799725
336473	2451.8076362799725
337600	2451.8076362799725
338729	2451.8076362799725
339856	2451.8076362799725
340985	2451.8076362799725
342111	2451.8076362799725
343236	2451.8076362799725
344360	2451.8076362799725
345489	2451.8076362799725
346613	2451.8076362799725
347739	2451.8076362799725
348866	2451.8076362799725
349995	2451.8076362799725
351124	2451.8076362799725
352254	2451.8076362799725
353383	2451.8076362799725
354509	2451.8076362799725
355640	2451.8076362799725
390178	2302.1655647551784
428737	2289.554172064871
429871	2289.554172064871
431004	2289.554172064871
432138	2289.554172064871
433269	2289.554172064871
434400	2289.554172064871
435529	2289.554172064871
436662	2289.554172064871
437796	2289.554172064871
438925	2289.554172064871
440060	2289.554172064871
441191	2289.554172064871
442324	2289.554172064871
443457	2289.554172064871
444589	2289.554172064871
445720	2289.554172064871
446849	2289.554172064871
447978	2289.554172064871
449106	2289.554172064871
501263	2289.554172064871
502395	2289.554172064871
503529	2289.554172064871
504660	2289.554172064871
505792	2289.554172064871
506922	2289.554172064871
508050	2289.554172064871
509178	2289.554172064871
510308	2289.554172064871
511441	2289.554172064871
512571	2289.554172064871
513695	2289.554172064871
514824	2289.554172064871
515953	2289.554172064871
517085	2289.554172064871
518214	2289.554172064871
519342	2289.554172064871
520471	2289.554172064871
521596	2289.554172064871
522725	2289.554172064871
558518	2289.554172064871
559648	2289.554172064871
560779	2289.554172064871
561910	2289.554172064871
563040	2289.554172064871
564170	2289.554172064871
565301	2289.554172064871
566430	2289.554172064871
567559	2289.554172064871
568686	2289.554172064871
569816	2289.554172064871
570947	2289.554172064871
572079	2289.554172064871
573210	2289.554172064871
574338	2289.554172064871
575468	2289.554172064871
576600	2289.554172064871
577730	2289.554172064871
578862	2289.554172064871
579997	2289.554172064871
596178	2056.476970480097
647677	1989.354183745653
648809	1989.354183745653
649936	1989.354183745653
651065	1989.354183745653
652195	1989.354183745653
653326	1989.354183745653
654454	1989.354183745653
655587	1989.354183745653
656717	1989.354183745653
657844	1989.354183745653
658972	1989.354183745653
660102	1989.354183745653
661231	1989.354183745653
662361	1989.354183745653
663490	1989.354183745653
664619	1989.354183745653
665749	1989.354183745653
666881	1989.354183745653
668010	1989.354183745653
698207	1989.354183745653
699337	1989.354183745653
700473	1989.354183745653
701606	1989.354183745653
702739	1989.354183745653
703870	1989.354183745653
705002	1989.354183745653
706135	1989.354183745653
707265	1989.354183745653
708399	1989.354183745653
709527	1989.354183745653
710658	1989.354183745653
711787	1989.354183745653
712919	1989.354183745653
714052	1989.354183745653
715182	1989.354183745653
716311	1989.354183745653
717439	1989.354183745653
718570	1989.354183745653
719698	1989.354183745653
754793	1989.354183745653
755920	1989.354183745653
757049	1989.354183745653
758182	1989.354183745653
759313	1989.354183745653
760445	1989.354183745653
761577	1989.354183745653
762706	1989.354183745653
763838	1989.354183745653
764965	1989.354183745653
766097	1989.354183745653
767228	1989.354183745653
768354	1989.354183745653
769483	1989.354183745653
770611	1989.354183745653
771739	1989.354183745653
772871	1989.354183745653
774001	1989.354183745653
775131	1989.354183745653
776262	1989.354183745653
798958	1989.354183745653
800090	1989.354183745653
801219	1989.354183745653
802348	1989.354183745653
803477	1989.354183745653
804605	1989.354183745653
805737	1989.354183745653
806869	1989.354183745653
807997	1989.354183745653
809127	1989.354183745653
810256	1989.354183745653
811386	1989.354183745653
812518	1989.354183745653
813648	1989.354183745653
814778	1989.354183745653
815909	1989.354183745653
817039	1989.354183745653
818169	1989.354183745653
819302	1989.354183745653
820432	1989.354183745653
843400	1989.354183745653
844527	1989.354183745653
845658	1989.354183745653
846790	1989.354183745653
847923	1989.354183745653
849056	1989.354183745653
850187	1989.354183745653
851322	1989.354183745653
852455	1989.354183745653
853588	1989.354183745653
854721	1989.354183745653
855855	1989.354183745653
856987	1989.354183745653
858123	1989.354183745653
859256	1989.354183745653
860385	1989.354183745653
861512	1989.354183745653
862643	1989.354183745653
863772	1989.354183745653
864902	1989.354183745653
904602	1989.354183745653
905732	1989.354183745653
906862	1989.354183745653
907993	1989.354183745653
909123	1989.354183745653
910251	1989.354183745653
911380	1989.354183745653
912506	1989.354183745653
913634	1989.354183745653
914761	1989.354183745653
947503	1989.354183745653
948634	1989.354183745653
949763	1989.354183745653
950890	1989.354183745653
952021	1989.354183745653
953156	1989.354183745653
954287	1989.354183745653
955420	1989.354183745653
956548	1989.354183745653
957681	1989.354183745653
958811	1989.354183745653
959940	1989.354183745653
961069	1989.354183745653
962198	1989.354183745653
963329	1989.354183745653
964461	1989.354183745653
965591	1989.354183745653
966722	1989.354183745653
967854	1989.354183745653
968985	1989.354183745653
997966	1989.354183745653
999095	1989.354183745653
1000227	1989.354183745653
