1000	28926540862.40715
2169	17354735997.00436
3329	11996898464.453531
4486	7843837600.692011
5647	4506104182.830171
6808	3073511946.394327
7973	2285028773.7392645
9132	1515821495.154039
10289	1148389038.7712908
11449	710187924.182359
12610	555507568.2121218
13769	400308911.4950495
14924	333946715.8586131
16082	262944568.67114565
17238	182028658.7292599
18394	140363072.03799155
19549	107699074.67545366
20705	91608270.1406969
21861	67642451.46014895
23017	53956618.262503214
24173	42451998.39517065
25329	33520172.736846987
26485	29124159.709523346
27641	21854860.71932441
28797	16800467.36158948
29953	15276128.513808273
31109	11638773.180914078
32265	10775243.659602128
33421	8931321.165819706
34577	7347672.987888273
35733	5328884.412655492
36889	4795505.523995259
38045	4356732.9601637
39201	3143227.2952079154
40357	2920132.6109987088
41513	2562973.0962663256
42669	2257750.6520106983
43825	1788784.6573871577
44981	1595805.3183826231
46136	1025986.0010672215
47292	895599.7054371916
91692	2193.9568378733393
126593	2075.6518046061346
127746	2075.6518046061346
128899	2075.6518046061346
130052	2075.6518046061346
131205	2075.6518046061346
132358	2075.6518046061346
133511	2075.6518046061346
134664	2075.6518046061346
135817	2075.6518046061346
136970	2075.6518046061346
138122	2075.6518046061346
139275	2075.6518046061346
140428	2075.6518046061346
141581	2075.6518046061346
142734	2075.6518046061346
143887	2075.6518046061346
145040	2075.6518046061346
146192	2075.6518046061346
147345	2075.6518046061346
164353	1776.8959953392114
197836	1710.283390015596
198988	1710.283390015596
200142	1710.283390015596
201295	1710.283390015596
202445	1710.283390015596
203597	1710.283390015596
204750	1710.283390015596
205897	1710.283390015596
207047	1710.283390015596
208196	1710.283390015596
209342	1710.283390015596
210489	1710.283390015596
211634	1710.283390015596
212779	1710.283390015596
213923	1710.283390015596
215062	1710.283390015596
216201	1710.283390015596
217342	1710.283390015596
218485	1710.283390015596
244454	1710.283390015596
245601	1710.283390015596
246749	1710.283390015596
247894	1710.283390015596
249035	1710.283390015596
250181	1710.283390015596
251328	1710.283390015596
252471	1710.283390015596
253615	1710.283390015596
254758	1710.283390015596
255900	1710.283390015596
257042	1710.283390015596
258181	1710.283390015596
259322	1710.283390015596
260463	1710.283390015596
261599	1710.283390015596
262738	1710.283390015596
263868	1710.283390015596
265002	1710.283390015596
266138	1710.283390015596
284517	1710.283390015596
285652	1710.283390015596
286790	1710.283390015596
287926	1710.283390015596
289065	1710.283390015596
290199	1710.283390015596
291333	1710.283390015596
292468	1710.283390015596
293607	1710.283390015596
294745	1710.283390015596
295883	1710.283390015596
297010	1710.283390015596
298143	1710.283390015596
299275	1710.283390015596
300410	1710.283390015596
301545	1710.283390015596
302679	1710.283390015596
303811	1710.283390015596
304941	1710.283390015596
306076	1710.283390015596
322980	1710.283390015596
324117	1710.283390015596
325252	1710.283390015596
326389	1710.283390015596
327522	1710.283390015596
328654	1710.283390015596
329793	1710.283390015596
330926	1710.283390015596
332062	1710.283390015596
333200	1710.283390015596
334338	1710.283390015596
335474	1710.283390015596
336606	1710.283390015596
337744	1710.283390015596
338879	1710.283390015596
340017	1710.283390015596
341151	1710.283390015596
342290	1710.283390015596
343424	1710.283390015596
344552	1710.283390015596
372782	1710.283390015596
373913	1710.283390015596
375041	1710.283390015596
376175	1710.283390015596
377305	1710.283390015596
378435	1710.283390015596
379572	1710.283390015596
380709	1710.283390015596
381845	1710.283390015596
382981	1710.283390015596
384119	1710.283390015596
385254	1710.283390015596
386386	1710.283390015596
387521	1710.283390015596
388657	1710.283390015596
389792	1710.283390015596
390929	1710.283390015596
392059	1710.283390015596
393191	1710.283390015596
394327	1710.283390015596
411132	1710.283390015596
412260	1710.283390015596
413391	1710.283390015596
414521	1710.283390015596
415647	1710.283390015596
416780	1710.283390015596
417910	1710.283390015596
419044	1710.283390015596
420176	1710.283390015596
421310	1710.283390015596
439624	1710.283390015596
440753	1710.283390015596
441881	1710.283390015596
443012	1710.283390015596
444142	1710.283390015596
445269	1710.283390015596
446400	1710.283390015596
447529	1710.283390015596
448658	1710.283390015596
449786	1710.283390015596
450915	1710.283390015596
452045	1710.283390015596
453170	1710.283390015596
454295	1710.283390015596
455426	1710.283390015596
456556	1710.283390015596
457684	1710.283390015596
458813	1710.283390015596
459943	1710.283390015596
461074	1710.283390015596
480361	1710.283390015596
481488	1710.283390015596
482617	1710.283390015596
483749	1710.283390015596
484876	1710.283390015596
486007	1710.283390015596
487137	1710.283390015596
488266	1710.283390015596
489396	1710.283390015596
490526	1710.283390015596
491657	1710.283390015596
492784	1710.283390015596
493914	1710.283390015596
495045	1710.283390015596
496178	1710.283390015596
497310	1710.283390015596
498444	1710.283390015596
499580	1710.283390015596
500713	1710.283390015596
501843	1710.283390015596
517516	1710.283390015596
518651	1710.283390015596
519782	1710.283390015596
520918	1710.283390015596
522051	1710.283390015596
523184	1710.283390015596
524318	1710.283390015596
525454	1710.283390015596
526586	1710.283390015596
527720	1710.283390015596
528851	1710.283390015596
529984	1710.283390015596
531117	1710.283390015596
532253	1710.283390015596
533389	1710.283390015596
534521	1710.283390015596
535654	1710.283390015596
536789	1710.283390015596
537924	1710.283390015596
539057	1710.283390015596
556114	1710.283390015596
557248	1710.283390015596
558383	1710.283390015596
559515	1710.283390015596
560647	1710.283390015596
561777	1710.283390015596
562908	1710.283390015596
564041	1710.283390015596
565174	1710.283390015596
566305	1710.283390015596
567436	1710.283390015596
568572	1710.283390015596
569704	1710.283390015596
570836	1710.283390015596
571970	1710.283390015596
573102	1710.283390015596
574232	1710.283390015596
575362	1710.283390015596
576495	1710.283390015596
577631	1710.283390015596
593410	1710.283390015596
594546	1710.283390015596
595681	1710.283390015596
596818	1710.283390015596
597951	1710.283390015596
599086	1710.283390015596
600220	1710.283390015596
601352	1710.283390015596
602487	1710.283390015596
603620	1710.283390015596
622131	1710.283390015596
623261	1710.283390015596
624393	1710.283390015596
625529	1710.283390015596
626663	1710.283390015596
627789	1710.283390015596
628918	1710.283390015596
630047	1710.283390015596
631182	1710.283390015596
632308	1710.283390015596
633439	1710.283390015596
634572	1710.283390015596
635703	1710.283390015596
636836	1710.283390015596
637964	1710.283390015596
639093	1710.283390015596
640221	1710.283390015596
641348	1710.283390015596
642483	1710.283390015596
643613	1710.283390015596
659294	1710.283390015596
660418	1710.283390015596
661552	1710.283390015596
662684	1710.283390015596
663813	1710.283390015596
664941	1710.283390015596
666073	1710.283390015596
667202	1710.283390015596
668334	1710.283390015596
669466	1710.283390015596
670598	1710.283390015596
671726	1710.283390015596
672854	1710.283390015596
673988	1710.283390015596
675121	1710.283390015596
676251	1710.283390015596
677377	1710.283390015596
678506	1710.283390015596
679637	1710.283390015596
680766	1710.283390015596
697724	1710.283390015596
698848	1710.283390015596
699974	1710.283390015596
701103	1710.283390015596
702228	1710.283390015596
703353	1710.283390015596
704482	1710.283390015596
705610	1710.283390015596
706738	1710.283390015596
707867	1710.283390015596
708997	1710.283390015596
710123	1710.283390015596
711247	1710.283390015596
712372	1710.283390015596
713498	1710.283390015596
714623	1710.283390015596
715753	1710.283390015596
716880	1710.283390015596
718009	1710.283390015596
719139	1710.283390015596
735963	1710.283390015596
737097	1710.283390015596
738229	1710.283390015596
739361	1710.283390015596
740496	1710.283390015596
741632	1710.283390015596
742766	1710.283390015596
743899	1710.283390015596
745034	1710.283390015596
746167	1710.283390015596
747299	1710.283390015596
748434	1710.283390015596
749568	1710.283390015596
750699	1710.283390015596
751832	1710.283390015596
752968	1710.283390015596
754104	1710.283390015596
755240	1710.283390015596
756376	1710.283390015596
757511	1710.283390015596
774556	1710.283390015596
775691	1710.283390015596
776830	1710.283390015596
777966	1710.283390015596
779102	1710.283390015596
780239	1710.283390015596
781370	1710.283390015596
782507	1710.283390015596
783643	1710.283390015596
784777	1710.283390015596
801801	1710.283390015596
802936	1710.283390015596
804071	1710.283390015596
805206	1710.283390015596
806341	1710.283390015596
807478	1710.283390015596
808611	1710.283390015596
809745	1710.283390015596
810882	1710.283390015596
812018	1710.283390015596
813156	1710.283390015596
814293	1710.283390015596
815429	1710.283390015596
816570	1710.283390015596
817707	1710.283390015596
818843	1710.283390015596
819979	1710.283390015596
821114	1710.283390015596
822251	1710.283390015596
823389	1710.283390015596
843094	1710.283390015596
844232	1710.283390015596
845367	1710.283390015596
846502	1710.283390015596
847638	1710.283390015596
848774	1710.283390015596
849914	1710.283390015596
851051	1710.283390015596
852186	1710.283390015596
853319	1710.283390015596
854451	1710.283390015596
855587	1710.283390015596
856719	1710.283390015596
857852	1710.283390015596
858986	1710.283390015596
860122	1710.283390015596
861254	1710.283390015596
862388	1710.283390015596
863522	1710.283390015596
864655	1710.283390015596
881860	1710.283390015596
882997	1710.283390015596
884135	1710.283390015596
885269	1710.283390015596
886403	1710.283390015596
887535	1710.283390015596
888665	1710.283390015596
889795	1710.283390015596
890929	1710.283390015596
892059	1710.283390015596
893190	1710.283390015596
894325	1710.283390015596
895458	1710.283390015596
896590	1710.283390015596
897723	1710.283390015596
898854	1710.283390015596
899989	1710.283390015596
901122	1710.283390015596
902260	1710.283390015596
903392	1710.283390015596
923956	1710.283390015596
925089	1710.283390015596
926221	1710.283390015596
927351	1710.283390015596
928487	1710.283390015596
929623	1710.283390015596
930754	1710.283390015596
931887	1710.283390015596
933022	1710.283390015596
934154	1710.283390015596
935284	1710.283390015596
936419	1710.283390015596
937550	1710.283390015596
938682	1710.283390015596
939810	1710.283390015596
940941	1710.283390015596
942074	1710.283390015596
943203	1710.283390015596
944335	1710.283390015596
945470	1710.283390015596
961121	1710.283390015596
962257	1710.283390015596
963389	1710.283390015596
964524	1710.283390015596
965660	1710.283390015596
966793	1710.283390015596
967924	1710.283390015596
969055	1710.283390015596
970186	1710.283390015596
971320	1710.283390015596
988812	1710.283390015596
989943	1710.283390015596
991069	1710.283390015596
992201	1710.283390015596
993334	1710.283390015596
994459	1710.283390015596
995586	1710.283390015596
996714	1710.283390015596
997843	1710.283390015596
998974	1710.283390015596
1000102	1710.283390015596
