1000	2925971.429907343
11361	9539.906096501614
20152	8186.058507428428
25133	7874.673687332576
28189	7874.673687332576
40361	7874.673687332576
45191	7874.673687332576
51934	7874.673687332576
56732	7874.673687332576
67208	7874.673687332576
75868	7297.255580901514
78870	7297.255580901514
85542	7297.255580901514
105887	6990.226308714379
108737	6990.226308714379
113690	6990.226308714379
120337	6990.226308714379
126993	6990.226308714379
131825	6990.226308714379
138358	6990.226308714379
143114	6990.226308714379
149771	6990.226308714379
154626	6990.226308714379
166041	6899.848007896953
172197	6856.400538511998
176601	6789.810242361433
184462	6697.396994852814
188956	6688.085898615949
193464	6688.085898615949
201948	6688.085898615949
208521	6688.085898615949
213276	6688.085898615949
219777	6688.085898615949
230281	6688.085898615949
236948	6688.085898615949
243593	6688.085898615949
256592	6688.085898615949
261270	6688.085898615949
266035	6688.085898615949
270761	6688.085898615949
275589	6688.085898615949
282091	6688.085898615949
286808	6688.085898615949
294993	6688.085898615949
308625	6688.085898615949
313414	6688.085898615949
318257	6688.085898615949
326332	6688.085898615949
332897	6688.085898615949
339480	6688.085898615949
353610	6444.329240260839
358470	6246.55964030219
366946	6090.069445387362
373566	6084.083824820225
380137	5996.179448911294
384942	5980.308753969044
387912	5980.308753969044
392726	5980.308753969044
397659	5980.308753969044
409422	5980.308753969044
416156	5980.308753969044
430015	5980.308753969044
436566	5980.308753969044
444889	5980.308753969044
449642	5980.308753969044
454348	5980.308753969044
459155	5980.308753969044
473160	5980.308753969044
479703	5980.308753969044
484470	5980.308753969044
496399	5980.308753969044
504752	5980.308753969044
509560	5980.308753969044
519703	5980.308753969044
529711	5980.308753969044
538181	5980.308753969044
543005	5980.308753969044
547731	5980.308753969044
552393	5980.308753969044
557085	5980.308753969044
570859	5895.372867004994
573658	5895.372867004994
578420	5895.372867004994
583217	5895.372867004994
593419	5895.372867004994
605322	5895.372867004994
610172	5895.372867004994
626050	5895.372867004994
636032	5895.372867004994
640771	5895.372867004994
649302	5895.372867004994
652306	5895.372867004994
655302	5895.372867004994
663615	5895.372867004994
670022	5895.372867004994
674791	5895.372867004994
681237	5895.372867004994
689615	5895.372867004994
696096	5895.372867004994
702582	5895.372867004994
707210	5895.372867004994
711874	5895.372867004994
714807	5895.372867004994
719505	5895.372867004994
727745	5895.372867004994
732497	5895.372867004994
748027	5895.372867004994
751006	5895.372867004994
761368	5895.372867004994
766116	5895.372867004994
770832	5895.372867004994
775637	5895.372867004994
780372	5895.372867004994
783276	5895.372867004994
796943	5895.372867004994
799896	5895.372867004994
802855	5895.372867004994
811181	5895.372867004994
814076	5895.372867004994
817027	5895.372867004994
819960	5895.372867004994
824652	5895.372867004994
827594	5895.372867004994
830469	5895.372867004994
833377	5895.372867004994
836299	5895.372867004994
839152	5895.372867004994
842041	5895.372867004994
844978	5895.372867004994
847864	5895.372867004994
850759	5895.372867004994
853636	5895.372867004994
860022	5895.372867004994
862930	5895.372867004994
869246	5895.372867004994
872187	5895.372867004994
876867	5895.372867004994
879729	5895.372867004994
884394	5895.372867004994
889068	5895.372867004994
891958	5895.372867004994
894878	5895.372867004994
897771	5895.372867004994
900691	5895.372867004994
903561	5895.372867004994
906443	5895.372867004994
909314	5895.372867004994
912257	5895.372867004994
915145	5895.372867004994
919673	5895.372867004994
922595	5895.372867004994
927190	5895.372867004994
930126	5895.372867004994
933022	5895.372867004994
935917	5895.372867004994
938872	5895.372867004994
941747	5895.372867004994
944645	5895.372867004994
947523	5895.372867004994
950415	5895.372867004994
953308	5895.372867004994
956188	5895.372867004994
959061	5895.372867004994
961980	5889.464141008372
964952	5889.464141008372
967851	5886.598877307795
970699	5831.776749264658
973571	5826.692048800123
976573	5773.89132196843
979604	5728.419950198285
982537	5728.419950198285
985451	5728.419950198285
988363	5728.419950198285
991259	5728.419950198285
994151	5728.419950198285
997065	5728.419950198285
1000011	5728.419950198285
