1000	2925971.429907343
2176	422374.3983092047
3343	68511.90387258497
4506	31319.416116513843
5669	21009.969112757393
6831	15161.989496235703
7992	15161.989496235703
9151	14054.78303433237
10308	13070.245952677144
11458	12980.392865809235
12610	11899.431340465333
13755	11698.817290731284
14898	11698.817290731284
16031	11673.837471252988
17169	11369.441069411263
18307	11084.563347582665
19442	10602.758005334585
20581	10602.758005334585
21715	10602.758005334585
22845	10512.634434751442
23978	10512.634434751442
25113	10307.09911859901
26242	10307.09911859901
27378	9966.745192004237
28513	8921.345655011588
29643	8921.345655011588
30777	8921.345655011588
31907	8921.345655011588
33034	8921.345655011588
34160	8921.345655011588
35286	8921.345655011588
36413	8921.345655011588
37539	8921.345655011588
38663	8921.345655011588
39790	8921.345655011588
40918	8921.345655011588
42043	8921.345655011588
43172	8921.345655011588
44300	8921.345655011588
45425	8921.345655011588
46552	8921.345655011588
47679	8921.345655011588
48807	8921.345655011588
49936	8921.345655011588
51064	8921.345655011588
76232	6997.975290419391
111343	6901.058969634242
112473	6901.058969634242
113603	6901.058969634242
114735	6901.058969634242
115865	6901.058969634242
116999	6901.058969634242
118130	6901.058969634242
119262	6901.058969634242
120395	6901.058969634242
121531	6901.058969634242
122667	6901.058969634242
123801	6901.058969634242
124935	6901.058969634242
126071	6901.058969634242
127204	6901.058969634242
128335	6901.058969634242
129466	6901.058969634242
130594	6901.058969634242
131725	6901.058969634242
132851	6901.058969634242
133982	6901.058969634242
135112	6901.058969634242
136243	6901.058969634242
137371	6901.058969634242
138501	6901.058969634242
154680	5800.409299947785
186158	5657.485578735086
187288	5657.485578735086
188421	5657.485578735086
189552	5657.485578735086
190680	5657.485578735086
191811	5657.485578735086
192942	5657.485578735086
194079	5657.485578735086
195214	5657.485578735086
196352	5657.485578735086
197488	5657.485578735086
198624	5657.485578735086
199755	5657.485578735086
200888	5657.485578735086
202022	5657.485578735086
203151	5657.485578735086
204285	5657.485578735086
205422	5657.485578735086
206561	5657.485578735086
227121	5657.485578735086
228260	5657.485578735086
229395	5657.485578735086
230530	5657.485578735086
231667	5657.485578735086
232812	5657.485578735086
233947	5657.485578735086
235078	5657.485578735086
236219	5657.485578735086
237354	5657.485578735086
238493	5657.485578735086
239634	5657.485578735086
240771	5657.485578735086
241905	5657.485578735086
243034	5657.485578735086
244169	5657.485578735086
245301	5657.485578735086
246436	5657.485578735086
247571	5657.485578735086
248705	5657.485578735086
266720	5657.485578735086
267860	5657.485578735086
268995	5657.485578735086
270132	5657.485578735086
271270	5657.485578735086
272408	5657.485578735086
273547	5657.485578735086
274689	5657.485578735086
275838	5657.485578735086
276981	5657.485578735086
278126	5657.485578735086
279269	5657.485578735086
280413	5657.485578735086
281552	5657.485578735086
282690	5657.485578735086
283828	5657.485578735086
284968	5657.485578735086
286105	5657.485578735086
287244	5657.485578735086
288391	5657.485578735086
304681	5472.955600880929
337589	5458.681288070058
338733	5458.681288070058
339875	5458.681288070058
341019	5458.681288070058
342163	5458.681288070058
343312	5458.681288070058
344464	5458.681288070058
345617	5458.681288070058
346772	5458.681288070058
347929	5458.681288070058
349093	5458.681288070058
350254	5458.681288070058
351415	5458.681288070058
384346	5414.169898307664
385511	5414.169898307664
386667	5414.169898307664
387826	5414.169898307664
388980	5414.169898307664
390135	5414.169898307664
391289	5414.169898307664
392438	5414.169898307664
393581	5414.169898307664
394721	5414.169898307664
395865	5414.169898307664
397009	5414.169898307664
398155	5414.169898307664
399298	5414.169898307664
400437	5414.169898307664
401577	5414.169898307664
434479	5397.696422138521
435617	5397.696422138521
436758	5397.696422138521
437902	5397.696422138521
439051	5397.696422138521
440195	5397.696422138521
441338	5397.696422138521
442497	5397.696422138521
443642	5397.696422138521
444789	5397.696422138521
445930	5397.696422138521
447079	5397.696422138521
448224	5397.696422138521
474066	5390.373484716764
475208	5390.373484716764
476356	5390.373484716764
477502	5390.373484716764
478652	5390.373484716764
479804	5390.373484716764
480950	5390.373484716764
482095	5390.373484716764
483240	5390.373484716764
484395	5390.373484716764
515793	5386.272908395048
539781	5384.156683710844
540959	5384.156683710844
568288	5379.9182754852045
576428	5379.916712684028
606564	5377.439290701438
607735	5377.439290701438
618642	5377.069283331872
652787	5375.573549152978
672253	5374.500206848224
697147	5373.057149979182
698321	5373.057149979182
725415	5371.154342937719
726584	5371.154342937719
759618	5369.342811686727
760802	5369.342811686727
775566	5367.527742560409
776743	5367.527742560409
777910	5367.527742560409
779069	5367.527742560409
780223	5367.527742560409
802108	5366.882662084262
803267	5366.882662084262
804433	5366.882662084262
805593	5366.882662084262
806753	5366.882662084262
807912	5366.882662084262
809070	5366.882662084262
810229	5366.882662084262
811383	5366.882662084262
812536	5366.882662084262
813692	5366.882662084262
821317	5366.817473762239
829254	5366.817028548421
830412	5366.817028548421
831566	5366.817028548421
832721	5366.817028548421
841243	5366.802399057586
847950	5366.79424525431
859544	5366.793657483791
860706	5366.793657483791
867876	5366.790640110021
869036	5366.790640110021
879134	5366.784278357199
880299	5366.784278357199
881458	5366.784278357199
890364	5366.776946896993
891525	5366.776946896993
892693	5366.776946896993
893854	5366.776946896993
895017	5366.776946896993
896174	5366.776946896993
897335	5366.776946896993
898492	5366.776946896993
899637	5366.776946896993
900794	5366.776946896993
901953	5366.776946896993
903108	5366.776946896993
904265	5366.776946896993
905420	5366.776946896993
906569	5366.776946896993
925100	5363.026135665592
940707	5359.420764718762
952510	5359.419552449162
953673	5359.419552449162
954830	5359.419552449162
955981	5359.419552449162
957136	5359.419552449162
966718	5358.625508403364
967862	5358.625508403364
969011	5358.625508403364
970161	5358.625508403364
971304	5358.625508403364
972450	5358.625508403364
973587	5358.625508403364
974734	5358.625508403364
975876	5358.625508403364
977021	5358.625508403364
978165	5358.625508403364
979311	5358.625508403364
980455	5358.625508403364
981602	5358.625508403364
982751	5358.625508403364
983900	5358.625508403364
985048	5358.625508403364
986191	5358.625508403364
987330	5358.625508403364
1003777	5358.625508403364
