500	52992.12384102106
1090	11520.817443905373
1680	6957.194490043541
2261	5653.14160359755
2833	5194.001427439971
3402	4542.655281174808
3967	4542.655281174808
4529	4542.655281174808
5088	4034.0039179034247
5644	4034.0039179034247
6200	4034.0039179034247
6754	3828.7620842999777
7309	3828.7620842999777
7868	3828.7620842999777
8421	3828.7620842999777
8976	3828.7620842999777
9530	3828.7620842999777
10083	3828.7620842999777
10636	3828.7620842999777
11191	3828.7620842999777
11746	3828.7620842999777
12301	3828.7620842999777
12855	3828.7620842999777
13409	3828.7620842999777
13963	3828.7620842999777
14518	3703.838266246801
15074	3703.838266246801
15628	3703.838266246801
16183	3703.838266246801
16740	3703.838266246801
17299	3703.838266246801
17857	3703.838266246801
18415	3703.838266246801
18972	3703.838266246801
19528	3703.838266246801
20085	3703.838266246801
20640	3684.4512967176042
21193	3684.4512967176042
21748	3684.4512967176042
22301	3684.4512967176042
22857	3684.4512967176042
47216	2278.22810533969
61789	2278.2275127761295
62347	2278.2275127761295
62902	2278.2275127761295
63457	2278.2275127761295
64015	2278.2275127761295
64578	2278.2275127761295
65138	2278.2275127761295
65697	2278.2275127761295
66262	2278.2275127761295
66825	2278.2275127761295
67391	2278.2275127761295
67950	2278.2275127761295
68514	2278.2275127761295
69081	2278.2275127761295
69639	2278.2275127761295
70203	2278.2275127761295
70765	2278.2275127761295
71327	2278.2275127761295
71889	2278.2275127761295
84148	2278.2275127761295
84706	2278.2275127761295
85264	2278.2275127761295
85827	2278.2275127761295
86386	2278.2275127761295
86945	2278.2275127761295
87505	2278.2275127761295
88062	2278.2275127761295
88624	2278.2275127761295
89178	2278.2275127761295
89735	2278.2275127761295
90293	2278.2275127761295
90850	2278.2275127761295
91406	2278.2275127761295
91966	2278.2275127761295
92526	2278.2275127761295
93087	2278.2275127761295
93649	2278.2275127761295
94208	2278.2275127761295
94766	2278.2275127761295
112077	2278.2275127761295
112634	2278.2275127761295
113191	2278.2275127761295
113746	2278.2275127761295
114302	2278.2275127761295
114858	2278.2275127761295
115413	2278.2275127761295
115966	2278.2275127761295
116526	2278.2275127761295
117086	2278.2275127761295
117645	2278.2275127761295
118207	2278.2275127761295
118769	2278.2275127761295
119328	2278.2275127761295
119888	2278.2275127761295
120448	2278.2275127761295
121011	2278.2275127761295
121568	2278.2275127761295
122131	2278.2275127761295
122692	2278.2275127761295
138294	2242.4551513132315
155175	2055.5653628715722
166895	2055.5643882177583
167464	2055.5643882177583
168033	2055.5643882177583
168591	2055.5643882177583
169148	2055.5643882177583
169705	2055.5643882177583
170263	2055.5643882177583
170822	2055.5643882177583
171380	2055.5643882177583
171937	2055.5643882177583
172492	2055.5643882177583
173054	2055.5643882177583
173614	2055.5643882177583
174176	2055.5643882177583
174734	2055.5643882177583
175301	2055.5643882177583
175868	2055.5643882177583
176434	2055.5643882177583
176997	2055.5643882177583
177556	2055.5643882177583
178118	2055.5643882177583
178678	2055.5643882177583
179239	2055.5643882177583
179797	2055.5643882177583
180356	2055.5643882177583
180914	2055.5643882177583
181473	2055.5643882177583
182034	2055.5643882177583
191472	2055.5643882177583
192034	2055.5643882177583
192597	2055.5643882177583
193158	2055.5643882177583
193719	2055.5643882177583
194280	2055.5643882177583
194843	2055.5643882177583
195404	2055.5643882177583
195965	2055.5643882177583
196525	2055.5643882177583
212946	2055.5643882177583
213503	2055.5643882177583
214061	2055.5643882177583
214616	2055.5643882177583
215173	2055.5643882177583
215731	2055.5643882177583
216288	2055.5643882177583
216849	2055.5643882177583
217411	2055.5643882177583
217972	2055.5643882177583
218542	2055.5643882177583
219104	2055.5643882177583
219663	2055.5643882177583
220228	2055.5643882177583
220788	2055.5643882177583
221352	2055.5643882177583
221912	2055.5643882177583
222473	2055.5643882177583
223036	2055.5643882177583
223598	2055.5643882177583
228496	2052.160987095571
242108	2033.2396224914673
259745	2033.2394660155262
260304	2033.2394660155262
260867	2033.2394660155262
261421	2033.2394660155262
261978	2033.2394660155262
262535	2033.2394660155262
263091	2033.2394660155262
263649	2033.2394660155262
264208	2033.2394660155262
264767	2033.2394660155262
265332	2033.2394660155262
265895	2033.2394660155262
266455	2033.2394660155262
267014	2033.2394660155262
267572	2033.2394660155262
268131	2033.2394660155262
268687	2033.2394660155262
269247	2033.2394660155262
269807	2033.2394660155262
270366	2033.2394660155262
270927	2033.2394660155262
271493	2033.2394660155262
272055	2033.2394660155262
272621	2033.2394660155262
273181	2033.2394660155262
273741	2033.2394660155262
274301	2033.2394660155262
274862	2033.2394660155262
291364	2033.2394660155262
291926	2033.2394660155262
292486	2033.2394660155262
293041	2033.2394660155262
293605	2033.2394660155262
294172	2033.2394660155262
294734	2033.2394660155262
295299	2033.2394660155262
295859	2033.2394660155262
296420	2033.2394660155262
304836	2020.6144250001787
317197	2020.6143257935694
317762	2020.6143257935694
318322	2020.6143257935694
318882	2020.6143257935694
319445	2020.6143257935694
320006	2020.6143257935694
320571	2020.6143257935694
321131	2020.6143257935694
321691	2020.6143257935694
322254	2020.6143257935694
322815	2020.6143257935694
323376	2020.6143257935694
323933	2020.6143257935694
324495	2020.6143257935694
325056	2020.6143257935694
325615	2020.6143257935694
326173	2020.6143257935694
326729	2020.6143257935694
327288	2020.6143257935694
336875	2018.3831642148207
345562	2018.3831641926715
346124	2018.3831641926715
346688	2018.3831641926715
347250	2018.3831641926715
347810	2018.3831641926715
348372	2018.3831641926715
348929	2018.3831641926715
349487	2018.3831641926715
350047	2018.3831641926715
350609	2018.3831641926715
351172	2018.3831641926715
351737	2018.3831641926715
352303	2018.3831641926715
352868	2018.3831641926715
353431	2018.3831641926715
353990	2018.3831641926715
354546	2018.3831641926715
355106	2018.3831641926715
355666	2018.3831641926715
363516	2018.3831641926715
364083	2018.3831641926715
364649	2018.3831641926715
365217	2018.3831641926715
365779	2018.3831641926715
366345	2018.3831641926715
366908	2018.3831641926715
367471	2018.3831641926715
368033	2018.3831641926715
368594	2018.3831641926715
369153	2018.3831641926715
369715	2018.3831641926715
370273	2018.3831641926715
370835	2018.3831641926715
371395	2018.3831641926715
371957	2018.3831641926715
372520	2018.3831641926715
373083	2018.3831641926715
373648	2018.3831641926715
374214	2018.3831641926715
378477	2018.3831641926715
379038	2018.3831641926715
379600	2018.3831641926715
380163	2018.3831641926715
380728	2018.3831641926715
381290	2018.3831641926715
381857	2018.3831641926715
382420	2018.3831641926715
382983	2018.3831641926715
383550	2018.3831641926715
384117	2018.3831641926715
384679	2018.3831641926715
385243	2018.3831641926715
385800	2018.3831641926715
386367	2018.3831641926715
386928	2018.3831641926715
387489	2018.3831641926715
388048	2018.3831641926715
388611	2018.3831641926715
389173	2018.3831641926715
403147	2016.9612035839918
410955	2016.5454271007109
419403	2016.5454260664953
419964	2016.5454260664953
420524	2016.5454260664953
421082	2016.5454260664953
421642	2016.5454260664953
422205	2016.5454260664953
422762	2016.5454260664953
423323	2016.5454260664953
423879	2016.5454260664953
424437	2016.5454260664953
424993	2016.5454260664953
425554	2016.5454260664953
426111	2016.5454260664953
426672	2016.5454260664953
427230	2016.5454260664953
427788	2016.5454260664953
428350	2016.5454260664953
428910	2016.5454260664953
429472	2016.5454260664953
430038	2016.5454260664953
430601	2016.5454260664953
431172	2016.5454260664953
431737	2016.5454260664953
432297	2016.5454260664953
432860	2016.5454260664953
433425	2016.5454260664953
433984	2016.5454260664953
434546	2016.5454260664953
440919	2016.5454260664953
441477	2016.5454260664953
442038	2016.5454260664953
442600	2016.5454260664953
443169	2016.5454260664953
443732	2016.5454260664953
444291	2016.5454260664953
444851	2016.5454260664953
445415	2016.5454260664953
445978	2016.5454260664953
453474	2016.4610091207287
460663	2016.3261361655532
469129	2016.2622151562368
475783	2016.261851586994
476342	2016.261851586994
476899	2016.261851586994
477455	2016.261851586994
478009	2016.261851586994
478563	2016.261851586994
479118	2016.261851586994
479676	2016.261851586994
480234	2016.261851586994
480791	2016.261851586994
481350	2016.261851586994
481907	2016.261851586994
482463	2016.261851586994
483024	2016.261851586994
483580	2016.261851586994
484140	2016.261851586994
484698	2016.261851586994
485260	2016.261851586994
485822	2016.261851586994
486387	2016.261851586994
486956	2016.261851586994
487521	2016.261851586994
488083	2016.261851586994
488646	2016.261851586994
489207	2016.261851586994
489767	2016.261851586994
490332	2016.261851586994
494727	2016.261851586994
495295	2016.261851586994
495862	2016.261851586994
496425	2016.261851586994
496985	2016.261851586994
497544	2016.261851586994
498105	2016.261851586994
498669	2016.261851586994
499227	2016.261851586994
499792	2016.261851586994
503974	2016.1918766583149
