500	11869.319876146843
1072	11344.60351988271
1640	11344.60351988271
2202	11344.60351988271
2765	7999.15164793673
3327	7999.15164793673
3889	7999.15164793673
4447	7999.15164793673
5002	7999.15164793673
5559	7999.15164793673
6117	7477.173340698359
6672	7477.173340698359
7229	7477.173340698359
7783	7477.173340698359
8338	7477.173340698359
8892	6732.901394212041
9448	6732.901394212041
10000	6732.901394212041
10555	6732.901394212041
11116	6732.901394212041
11670	6732.901394212041
12226	6732.901394212041
12780	5856.673249016419
13333	5856.673249016419
13888	5856.673249016419
14443	5790.2689030675665
14998	5790.2689030675665
15553	5790.2689030675665
16107	5790.2689030675665
16662	5790.2689030675665
17216	5790.2689030675665
17771	5790.2689030675665
18323	5790.2689030675665
18877	5790.2689030675665
19432	5790.2689030675665
19986	5790.2689030675665
20545	5790.2689030675665
21103	5790.2689030675665
21659	5790.2689030675665
22215	5790.2689030675665
22774	5762.928000923864
23330	5762.928000923864
23886	5762.928000923864
24443	5762.928000923864
25002	5762.928000923864
47309	4102.067550855592
47863	4102.067550855592
48417	4102.067550855592
48973	4102.067550855592
49531	4102.067550855592
50088	4102.067550855592
50645	4102.067550855592
51201	4102.067550855592
51756	4102.067550855592
52313	4102.067550855592
52867	4102.067550855592
53422	4102.067550855592
53978	4102.067550855592
54534	4102.067550855592
55090	4102.067550855592
55645	4102.067550855592
56202	4102.067550855592
56757	4102.067550855592
57311	4102.067550855592
57866	4102.067550855592
58423	4102.067550855592
58981	4102.067550855592
59539	4102.067550855592
60095	4102.067550855592
60652	4102.067550855592
61212	4102.067550855592
73039	4102.067550855592
73596	4102.067550855592
74155	4102.067550855592
74712	4102.067550855592
75270	4102.067550855592
75828	4102.067550855592
76383	4102.067550855592
76939	4102.067550855592
77498	4102.067550855592
78056	4102.067550855592
78613	4102.067550855592
79170	4102.067550855592
79732	4102.067550855592
80289	4102.067550855592
80846	4102.067550855592
81400	4102.067550855592
81957	4102.067550855592
82514	4102.067550855592
83069	4102.067550855592
83624	4102.067550855592
99230	3793.717062476616
131654	3786.517100734085
132211	3786.517100734085
132769	3786.517100734085
133326	3786.517100734085
133884	3786.517100734085
134440	3786.517100734085
134997	3786.517100734085
135555	3786.517100734085
136111	3786.517100734085
136668	3786.517100734085
137223	3786.517100734085
137778	3786.517100734085
138332	3786.517100734085
138885	3786.517100734085
139440	3786.517100734085
139994	3786.517100734085
140551	3786.517100734085
141106	3786.517100734085
141660	3786.517100734085
159855	3786.517100734085
160416	3786.517100734085
160976	3786.517100734085
161536	3786.517100734085
162093	3786.517100734085
162652	3786.517100734085
163213	3786.517100734085
163773	3786.517100734085
164334	3786.517100734085
164894	3786.517100734085
165448	3786.517100734085
166005	3786.517100734085
166562	3786.517100734085
167119	3786.517100734085
167679	3786.517100734085
168234	3786.517100734085
168788	3786.517100734085
169342	3786.517100734085
169897	3786.517100734085
170452	3786.517100734085
187706	3786.517100734085
188263	3786.517100734085
188819	3786.517100734085
189375	3786.517100734085
189930	3786.517100734085
190485	3786.517100734085
191040	3786.517100734085
191595	3786.517100734085
192149	3786.517100734085
192706	3786.517100734085
193264	3786.517100734085
193823	3786.517100734085
194381	3786.517100734085
194941	3786.517100734085
195501	3786.517100734085
196062	3786.517100734085
196623	3786.517100734085
197183	3786.517100734085
197742	3786.517100734085
198302	3786.517100734085
211842	3786.517100734085
212396	3786.517100734085
212952	3786.517100734085
213504	3786.517100734085
214056	3786.517100734085
214612	3786.517100734085
215167	3786.517100734085
215722	3786.517100734085
216278	3786.517100734085
216837	3786.517100734085
217394	3786.517100734085
217951	3786.517100734085
218507	3786.517100734085
219063	3786.517100734085
219619	3786.517100734085
220175	3786.517100734085
220729	3786.517100734085
221286	3786.517100734085
221843	3786.517100734085
222398	3786.517100734085
233447	3786.517100734085
234004	3786.517100734085
234564	3786.517100734085
235123	3786.517100734085
235681	3786.517100734085
236237	3786.517100734085
236790	3786.517100734085
237349	3786.517100734085
237905	3786.517100734085
238462	3786.517100734085
239017	3786.517100734085
239572	3786.517100734085
240129	3786.517100734085
240687	3786.517100734085
241244	3786.517100734085
241803	3786.517100734085
242361	3786.517100734085
242918	3786.517100734085
243476	3786.517100734085
244032	3786.517100734085
252070	3786.517100734085
252626	3786.517100734085
253182	3786.517100734085
253740	3786.517100734085
254297	3786.517100734085
254853	3786.517100734085
255410	3786.517100734085
255966	3786.517100734085
256524	3786.517100734085
257080	3786.517100734085
262542	3786.517100734085
263097	3786.517100734085
263650	3786.517100734085
264203	3786.517100734085
264759	3786.517100734085
265316	3786.517100734085
265873	3786.517100734085
266428	3786.517100734085
266985	3786.517100734085
267542	3786.517100734085
268096	3786.517100734085
268651	3786.517100734085
269205	3786.517100734085
269761	3786.517100734085
270320	3786.517100734085
270877	3786.517100734085
271435	3786.517100734085
271994	3786.517100734085
272551	3786.517100734085
273106	3786.517100734085
292307	3786.517100734085
292864	3786.517100734085
293423	3786.517100734085
293983	3786.517100734085
294539	3786.517100734085
295099	3786.517100734085
295658	3786.517100734085
296217	3786.517100734085
296774	3786.517100734085
297331	3786.517100734085
297891	3786.517100734085
298445	3786.517100734085
298998	3786.517100734085
299553	3786.517100734085
300105	3786.517100734085
300658	3786.517100734085
301210	3786.517100734085
301764	3786.517100734085
302320	3786.517100734085
302875	3786.517100734085
324422	3786.517100734085
324976	3786.517100734085
325531	3786.517100734085
326087	3786.517100734085
326643	3786.517100734085
327200	3786.517100734085
327757	3786.517100734085
328315	3786.517100734085
328874	3786.517100734085
329434	3786.517100734085
329993	3786.517100734085
330556	3786.517100734085
331117	3786.517100734085
331677	3786.517100734085
332234	3786.517100734085
332791	3786.517100734085
333348	3786.517100734085
333905	3786.517100734085
334460	3786.517100734085
335019	3786.517100734085
348375	3710.305820898897
376112	3427.7622392926583
376667	3427.7622392926583
377225	3427.7622392926583
377783	3427.7622392926583
378341	3427.7622392926583
378896	3427.7622392926583
379453	3427.7622392926583
380012	3427.7622392926583
380566	3427.7622392926583
381123	3427.7622392926583
381677	3427.7622392926583
382231	3427.7622392926583
382790	3427.7622392926583
383346	3427.7622392926583
383902	3427.7622392926583
384458	3427.7622392926583
385012	3427.7622392926583
385566	3427.7622392926583
386118	3427.7622392926583
401196	3427.7622392926583
401752	3427.7622392926583
402308	3427.7622392926583
402864	3427.7622392926583
403421	3427.7622392926583
403980	3427.7622392926583
404541	3427.7622392926583
405104	3427.7622392926583
405664	3427.7622392926583
406227	3427.7622392926583
406782	3427.7622392926583
407340	3427.7622392926583
407895	3427.7622392926583
408449	3427.7622392926583
409006	3427.7622392926583
409562	3427.7622392926583
410119	3427.7622392926583
410676	3427.7622392926583
411232	3427.7622392926583
411789	3427.7622392926583
428131	3427.7622392926583
428688	3427.7622392926583
429247	3427.7622392926583
429805	3427.7622392926583
430362	3427.7622392926583
430918	3427.7622392926583
431474	3427.7622392926583
432030	3427.7622392926583
432583	3427.7622392926583
433138	3427.7622392926583
433695	3427.7622392926583
434252	3427.7622392926583
434810	3427.7622392926583
435373	3427.7622392926583
435931	3427.7622392926583
436491	3427.7622392926583
437049	3427.7622392926583
437607	3427.7622392926583
438166	3427.7622392926583
438724	3427.7622392926583
456021	3427.7622392926583
456580	3427.7622392926583
457139	3427.7622392926583
457693	3427.7622392926583
458249	3427.7622392926583
458805	3427.7622392926583
459360	3427.7622392926583
459913	3427.7622392926583
460468	3427.7622392926583
461022	3427.7622392926583
461580	3427.7622392926583
462136	3427.7622392926583
462692	3427.7622392926583
463250	3427.7622392926583
463806	3427.7622392926583
464364	3427.7622392926583
464919	3427.7622392926583
465475	3427.7622392926583
466030	3427.7622392926583
466588	3427.7622392926583
487328	3427.7622392926583
487883	3427.7622392926583
488440	3427.7622392926583
488998	3427.7622392926583
489558	3427.7622392926583
490121	3427.7622392926583
490680	3427.7622392926583
491239	3427.7622392926583
491798	3427.7622392926583
492356	3427.7622392926583
492911	3427.7622392926583
493469	3427.7622392926583
494027	3427.7622392926583
494583	3427.7622392926583
495138	3427.7622392926583
495695	3427.7622392926583
496251	3427.7622392926583
496806	3427.7622392926583
497360	3427.7622392926583
497913	3427.7622392926583
515184	3427.7622392926583
