500	67414.86372440051
1074	56889.41719861748
1643	27985.573853771933
2206	11572.546940375725
2769	8234.467847958116
3328	8234.467847958116
3894	8234.467847958116
4456	6971.353685102079
5015	6971.353685102079
5578	6547.907815247483
6135	6547.907815247483
6689	6130.900328728158
7243	6130.900328728158
7798	6130.900328728158
8356	6130.900328728158
8912	6130.900328728158
9467	6130.900328728158
10021	6130.900328728158
10578	5939.852693881897
11135	5939.852693881897
11691	5939.852693881897
12245	5939.852693881897
12797	5939.852693881897
13349	5939.852693881897
13902	5939.852693881897
14457	5939.852693881897
15011	5939.852693881897
15566	5939.852693881897
16121	5939.852693881897
16676	5939.852693881897
17230	5939.852693881897
17786	5939.852693881897
18344	5939.852693881897
18902	5939.852693881897
19455	5939.852693881897
20010	5939.852693881897
20566	5939.852693881897
21124	5939.852693881897
21679	5939.852693881897
40718	4340.330579143619
50330	4070.250895091671
50886	4070.250895091671
51439	4070.250895091671
51993	4070.250895091671
52546	4070.250895091671
53100	4070.250895091671
53655	4070.250895091671
54208	4070.250895091671
54764	4070.250895091671
55320	4070.250895091671
55879	4070.250895091671
56436	4070.250895091671
56994	4070.250895091671
57552	4070.250895091671
58110	4070.250895091671
58668	4070.250895091671
59224	4070.250895091671
59778	4070.250895091671
60334	4070.250895091671
60890	4070.250895091671
61448	4070.250895091671
80439	4070.250895091671
80999	4070.250895091671
81560	4070.250895091671
82119	4070.250895091671
82676	4070.250895091671
83233	4070.250895091671
83791	4070.250895091671
84343	4070.250895091671
84897	4070.250895091671
85452	4070.250895091671
86009	4070.250895091671
86564	4070.250895091671
87118	4070.250895091671
87674	4070.250895091671
88232	4070.250895091671
88790	4070.250895091671
89349	4070.250895091671
89906	4070.250895091671
90460	4070.250895091671
91016	4070.250895091671
97501	4070.250895091671
98056	4070.250895091671
98610	4070.250895091671
99166	4070.250895091671
99724	4070.250895091671
100280	4070.250895091671
100836	4070.250895091671
101396	4070.250895091671
101959	4070.250895091671
102517	4070.250895091671
103074	4070.250895091671
103632	4070.250895091671
104189	4070.250895091671
104746	4070.250895091671
105301	4070.250895091671
105856	4070.250895091671
106415	4070.250895091671
106970	4070.250895091671
107527	4070.250895091671
108083	4070.250895091671
125419	4070.250895091671
125976	4070.250895091671
126534	4070.250895091671
127089	4070.250895091671
127645	4070.250895091671
128200	4070.250895091671
128758	4070.250895091671
129316	4070.250895091671
129875	4070.250895091671
130433	4070.250895091671
130990	4070.250895091671
131552	4070.250895091671
132111	4070.250895091671
132668	4070.250895091671
133223	4070.250895091671
133780	4070.250895091671
134334	4070.250895091671
134889	4070.250895091671
135444	4070.250895091671
136005	4070.250895091671
148702	3960.767889261785
170316	3960.7228962176455
170871	3960.7228962176455
171426	3960.7228962176455
171981	3960.7228962176455
172535	3960.7228962176455
173091	3960.7228962176455
173643	3960.7228962176455
174198	3960.7228962176455
174753	3960.7228962176455
175306	3960.7228962176455
175861	3960.7228962176455
176416	3960.7228962176455
176971	3960.7228962176455
177526	3960.7228962176455
178081	3960.7228962176455
178639	3960.7228962176455
179195	3960.7228962176455
179749	3960.7228962176455
180304	3960.7228962176455
195957	3175.293926532738
218305	3082.195085523797
218863	3082.195085523797
219423	3082.195085523797
219979	3082.195085523797
220533	3082.195085523797
221088	3082.195085523797
221643	3082.195085523797
222198	3082.195085523797
222753	3082.195085523797
223308	3082.195085523797
223867	3082.195085523797
224424	3082.195085523797
224983	3082.195085523797
225541	3082.195085523797
226101	3082.195085523797
226656	3082.195085523797
227210	3082.195085523797
227764	3082.195085523797
228319	3082.195085523797
242366	3082.195085523797
242922	3082.195085523797
243478	3082.195085523797
244037	3082.195085523797
244595	3082.195085523797
245151	3082.195085523797
245709	3082.195085523797
246267	3082.195085523797
246825	3082.195085523797
247382	3082.195085523797
247942	3082.195085523797
248499	3082.195085523797
249056	3082.195085523797
249614	3082.195085523797
250171	3082.195085523797
250728	3082.195085523797
251286	3082.195085523797
251843	3082.195085523797
252399	3082.195085523797
252956	3082.195085523797
271926	3082.195085523797
272483	3082.195085523797
273038	3082.195085523797
273594	3082.195085523797
274148	3082.195085523797
274702	3082.195085523797
275256	3082.195085523797
275812	3082.195085523797
276368	3082.195085523797
276924	3082.195085523797
277479	3082.195085523797
278037	3082.195085523797
278595	3082.195085523797
279151	3082.195085523797
279708	3082.195085523797
280267	3082.195085523797
280825	3082.195085523797
281385	3082.195085523797
281941	3082.195085523797
282501	3082.195085523797
301602	3082.195085523797
302161	3082.195085523797
302718	3082.195085523797
303278	3082.195085523797
303838	3082.195085523797
304397	3082.195085523797
304956	3082.195085523797
305514	3082.195085523797
306072	3082.195085523797
306627	3082.195085523797
307186	3082.195085523797
307741	3082.195085523797
308301	3082.195085523797
308862	3082.195085523797
309419	3082.195085523797
309972	3082.195085523797
310528	3082.195085523797
311082	3082.195085523797
311639	3082.195085523797
312195	3082.195085523797
329692	3082.195085523797
330251	3082.195085523797
330807	3082.195085523797
331363	3082.195085523797
331918	3082.195085523797
332474	3082.195085523797
333027	3082.195085523797
333583	3082.195085523797
334140	3082.195085523797
334698	3082.195085523797
335258	3082.195085523797
335816	3082.195085523797
336374	3082.195085523797
336935	3082.195085523797
337496	3082.195085523797
338054	3082.195085523797
338612	3082.195085523797
339170	3082.195085523797
339725	3082.195085523797
340281	3082.195085523797
348540	3082.195085523797
349098	3082.195085523797
349656	3082.195085523797
350214	3082.195085523797
350772	3082.195085523797
351325	3082.195085523797
351880	3082.195085523797
352436	3082.195085523797
352991	3082.195085523797
353550	3082.195085523797
372386	2757.989267889425
396271	2651.632838210944
396826	2651.632838210944
397380	2651.632838210944
397938	2651.632838210944
398494	2651.632838210944
399049	2651.632838210944
399603	2651.632838210944
400160	2651.632838210944
400713	2651.632838210944
401268	2651.632838210944
401821	2651.632838210944
402378	2651.632838210944
402933	2651.632838210944
403487	2651.632838210944
404043	2651.632838210944
404601	2651.632838210944
405157	2651.632838210944
405711	2651.632838210944
406265	2651.632838210944
424422	2651.632838210944
424982	2651.632838210944
425543	2651.632838210944
426103	2651.632838210944
426659	2651.632838210944
427219	2651.632838210944
427776	2651.632838210944
428333	2651.632838210944
428891	2651.632838210944
429448	2651.632838210944
430005	2651.632838210944
430567	2651.632838210944
431127	2651.632838210944
431685	2651.632838210944
432245	2651.632838210944
432801	2651.632838210944
433360	2651.632838210944
433917	2651.632838210944
434473	2651.632838210944
435028	2651.632838210944
452012	2651.632838210944
452566	2651.632838210944
453123	2651.632838210944
453679	2651.632838210944
454237	2651.632838210944
454796	2651.632838210944
455358	2651.632838210944
455918	2651.632838210944
456473	2651.632838210944
457028	2651.632838210944
457582	2651.632838210944
458137	2651.632838210944
458690	2651.632838210944
459244	2651.632838210944
459799	2651.632838210944
460352	2651.632838210944
460907	2651.632838210944
461461	2651.632838210944
462015	2651.632838210944
462570	2651.632838210944
480667	2651.632838210944
481224	2651.632838210944
481783	2651.632838210944
482341	2651.632838210944
482898	2651.632838210944
483455	2651.632838210944
484014	2651.632838210944
484572	2651.632838210944
485130	2651.632838210944
485688	2651.632838210944
486245	2651.632838210944
486802	2651.632838210944
487357	2651.632838210944
487911	2651.632838210944
488469	2651.632838210944
489029	2651.632838210944
489585	2651.632838210944
490141	2651.632838210944
490697	2651.632838210944
491252	2651.632838210944
508591	2651.632838210944
