500	24842.587186409044
3056	9741.99415400178
4907	8959.027273332522
8514	8246.199295240844
9694	8246.12653959343
10877	8246.118899089255
12058	8246.118179930294
13236	8246.118118622204
14409	8246.118113802362
15586	8246.118113422941
16756	8246.118113389222
17924	8246.118113385379
19091	8246.118113385144
20255	8246.118113385144
22744	7834.62636576054
24548	7067.901784468444
25724	7067.901784468444
27599	7067.901784468444
28817	7067.901784468444
30045	7067.901784468444
31266	7067.901784468444
32514	7067.901784468444
34982	7067.901784468444
36818	7067.901784468444
38702	7067.901784468444
42506	7067.901784468444
44349	7067.901784468444
48124	7067.901784468444
49968	7067.901784468444
52443	7067.901784468444
53661	7067.901784468444
59826	6815.365559043652
60991	6815.356489006192
62154	6815.355494699192
63317	6815.355394088992
64482	6815.355384170639
65652	6815.355383100931
66822	6815.355382956292
67991	6815.355382930011
69159	6815.355382925973
70329	6815.355382925016
71498	6815.355382924841
72662	6815.355382924476
73830	6815.355382924476
75032	6815.355382924476
76246	6815.355382924476
77481	6815.355382924476
78722	6815.355382924476
79932	6815.355382924476
81146	6815.355382924476
82999	6815.355382924476
84209	6815.355382924476
87315	6815.355382924476
88524	6815.355382924476
91007	6815.355382924476
92899	6815.355382924476
94101	6815.355382924476
95311	6815.355382924476
96534	6815.355382924476
98399	6815.355382924476
99610	6815.355382924476
100841	6815.355382924476
102056	6815.355382924476
103276	6815.355382924476
104501	6815.355382924476
106362	6815.355382924476
107568	6815.355382924476
110039	6815.355382924476
111261	6815.355382924476
112484	6815.355382924476
113699	6815.355382924476
114908	6815.355382924476
116112	6815.355382924476
117334	6815.355382924476
118554	6815.355382924476
119803	6815.355382924476
121026	6815.355382924476
122234	6815.355382924476
123446	6815.355382924476
124642	6711.8722480839115
125855	6672.630090577347
127076	6664.176905495135
128275	6651.074330536581
129478	6608.8937399486
130702	6608.137020123924
131891	6575.373962777803
133112	6539.031839502532
134328	6521.942229709218
135537	6497.923576973242
136754	6466.6891153520355
137948	6454.443988423398
139153	6444.337705388928
140363	6423.265769087742
141557	6408.428047405837
142764	6358.268442229308
143972	6342.224668288585
145188	6313.7375739819345
146392	6289.221562194298
147598	6281.160757385908
148806	6242.367222970752
150009	6232.488316009619
151210	6170.397758168148
152428	6146.056684774749
153655	6146.056684774749
154871	6113.93685560883
156068	6101.2030306891975
157284	6091.115805850573
158493	6078.550757386461
159707	6068.418495349056
160911	6049.277454939874
162115	6032.931675017455
163323	6009.543920440248
164536	6004.941474888748
165734	5976.126410357537
166954	5953.72970320039
168169	5946.150623100639
169385	5945.173439632039
170601	5922.9213747801305
171820	5912.8009190569155
173024	5908.395141549905
174239	5908.395141549905
175451	5898.841799312181
176672	5890.5525509331665
177889	5871.676503015807
179097	5867.074488729463
180305	5857.749528392972
181533	5852.212493302956
182738	5846.175037865199
183942	5837.232811364594
185177	5832.278666445934
186398	5830.680631765646
187599	5824.623849526444
188815	5818.495020777228
190029	5805.515745712842
191237	5805.515745712842
192459	5799.378777552356
193672	5798.326779936097
194886	5795.99915429736
196104	5795.143157487953
197326	5792.725788402184
198554	5792.011644916604
199774	5789.606268636144
200990	5787.004097428704
202203	5786.136159955307
203432	5783.818738448359
204648	5782.850216489145
205862	5781.978837329177
207079	5780.659921820357
208286	5779.444914693766
209510	5779.017231225742
210725	5778.239763729942
211939	5777.752614069165
213159	5776.659787652057
214377	5776.370463032786
215602	5775.683259843173
216819	5774.988754345504
218037	5774.387591769773
219262	5774.138416326085
220480	5773.499193973801
221698	5773.383327460743
222911	5772.977235765387
224130	5772.88832668661
225347	5772.660724421368
226566	5772.395324775531
227780	5772.3800774204765
228991	5772.255761155839
230221	5772.078322488998
231442	5771.925885277358
232659	5771.884752658041
233872	5771.644696378233
235085	5771.618995423545
236301	5771.55068313668
237535	5771.440838935921
238756	5771.349725208072
239975	5771.299570058495
241202	5771.246819264324
242431	5771.1911906148725
243655	5771.124378642469
244871	5771.052474004854
246088	5770.949007575644
247311	5770.92331097611
248545	5770.88645724991
249768	5770.786787691615
250990	5770.748492660268
252216	5770.698592837262
253442	5770.686784805201
254662	5770.5975037971275
255887	5770.559210120518
257111	5770.549254564219
258335	5770.536188306762
259548	5770.494962951577
260766	5770.455011708564
261991	5770.4351749718935
263207	5770.418783169881
264418	5770.407436851775
265626	5770.3877977912
266846	5770.37555986468
268065	5770.369794594534
269290	5770.347444028255
270512	5770.340805305936
271731	5770.329274736028
272960	5770.320908683756
274190	5770.312477936107
275416	5770.309756226392
276632	5770.303923597941
277849	5770.298571584237
279070	5770.294560937715
280291	5770.287656018945
281509	5770.287499546707
282734	5770.283165343861
283958	5770.277124090297
285173	5770.2729922505005
286396	5770.271236029205
287609	5770.268379784517
288828	5770.2663144877115
290048	5770.264428813569
291256	5770.263541921488
292475	5770.262087015764
293698	5770.259648627528
294914	5770.259554257991
296138	5770.258027974631
297362	5770.2572781385325
298590	5770.255820652868
299810	5770.255423259627
301035	5770.254501399242
302264	5770.253607239034
303486	5770.253339447685
304700	5770.252857245968
305921	5770.252367350945
307146	5770.251991717802
308370	5770.251498105645
309597	5770.25086456116
310821	5770.250301130474
312045	5770.249991295912
313268	5770.249570205151
314493	5770.249435267884
315720	5770.249238834738
316941	5770.249118490297
318167	5770.248918356269
319389	5770.248848266476
320613	5770.248567726669
321836	5770.248529295144
323062	5770.248218021483
324278	5770.247982835912
325503	5770.2478667826235
326730	5770.247715890898
327955	5770.247700055092
329171	5770.247573228953
330393	5770.247379539876
331614	5770.247379539876
332832	5770.2473746496025
334053	5770.247198800112
335267	5770.247198800112
336496	5770.247090587717
337718	5770.247055581225
338945	5770.246992498456
340167	5770.246879040942
341385	5770.246798595164
342599	5770.246776134555
343813	5770.246776134555
345033	5770.246774807874
346252	5770.246744079612
347477	5770.2466627022795
348697	5770.2466627022795
349921	5770.246650114883
351152	5770.2466202335945
352378	5770.246610433351
353604	5770.246581607553
354827	5770.246581607553
356048	5770.246532361116
357273	5770.246487771951
358502	5770.246466198782
359723	5770.246466198782
360945	5770.2464596285245
362165	5770.2464596285245
363399	5770.246446496761
364619	5770.246434341458
365844	5770.246382389567
367064	5770.246382389567
368282	5770.246382389567
369503	5770.246378113621
370724	5770.246370625433
371950	5770.246347138732
373178	5770.246329536948
374410	5770.246316310824
375631	5770.246297351892
376852	5770.246297351892
378070	5770.246288788954
379294	5770.246272346116
380526	5770.246269463796
381746	5770.246253212028
382963	5770.246251645133
384183	5770.246246388635
385406	5770.246242952953
386623	5770.246237221017
387844	5770.246237221017
389063	5770.246224660524
390282	5770.246209494749
391501	5770.24619664493
392722	5770.246188554667
393939	5770.246188554667
395160	5770.246174072429
396378	5770.246170258584
397596	5770.246153724801
398812	5770.246153724801
400029	5770.246131876055
401242	5770.246131876055
402460	5770.246131876055
403690	5770.246127406473
404901	5770.246127406473
406121	5770.246127271328
407337	5770.246124684696
408563	5770.246124684696
409777	5770.246123540074
410999	5770.246116587162
412225	5770.246108541614
413440	5770.2461077621965
414655	5770.2460988448875
415875	5770.2460988448875
417097	5770.2460988448875
418313	5770.246096408035
419534	5770.246088291155
420754	5770.246087296984
421977	5770.246087296984
423195	5770.246083771471
424410	5770.246083771471
425632	5770.246083771471
426852	5770.246083613111
428071	5770.246083613111
429296	5770.246082962456
430511	5770.246082962456
431743	5770.246082962456
432969	5770.246082962456
434200	5770.246082962456
435429	5770.246082962456
436651	5770.246082962456
437868	5770.246082962456
439097	5770.246082962456
440328	5770.246080690764
441552	5770.246079990038
442776	5770.246079990038
444000	5770.246079990038
445226	5770.2460761888715
446449	5770.246058789631
447673	5770.246058789631
448888	5770.246058789631
450114	5770.246058789631
451340	5770.246056022
452559	5770.246055583428
453769	5770.246055583428
454991	5770.246055583428
456210	5770.246055583428
457429	5770.246055583428
458650	5770.246055583428
459868	5770.246055583428
461086	5770.246055583428
462302	5770.246055517268
463521	5770.246053985035
464743	5770.246053985035
465960	5770.246053985035
467181	5770.246053985035
468410	5770.246053985035
469625	5770.246053985035
470850	5770.246053985035
472069	5770.246052131637
473291	5770.246052131637
474507	5770.246052131637
475733	5770.246052131637
476957	5770.246052131637
478172	5770.246052131637
479392	5770.246052131637
480616	5770.246052131637
481841	5770.246048398512
483070	5770.246048398512
484284	5770.246045824657
485517	5770.246045824657
486773	5770.246045824657
487988	5770.246043060082
489204	5770.246043060082
490423	5770.246043060082
491664	5770.246043060082
492881	5770.246043060082
494104	5770.246043060082
495325	5770.246043060082
496535	5770.246041512087
497753	5770.246041512087
498975	5770.246041503102
500206	5770.246040249348
