500	24639.829229421455
4341	7414.435107567944
6751	6902.186435708372
10947	5848.483860294245
12125	5848.479910648548
13300	5848.479709299389
14469	5848.479699959432
15642	5848.479699572339
16815	5848.479699554855
17980	5848.479699553351
19148	5848.479699553074
20315	5848.479699553006
21483	5848.479699552998
22650	5848.479699552996
23820	5848.479699552996
27003	5848.479699552996
30773	5848.479699552996
33236	5848.479699552996
36361	5848.479699552996
38208	5848.479699552996
39426	5848.479699552996
41299	5848.479699552996
43738	5848.479699552996
46208	5848.479699552996
48050	5848.479699552996
49884	5848.479699552996
52363	5848.479699552996
55474	5848.479699552996
57351	5848.479699552996
59219	5848.479699552996
61682	5848.479699552996
64141	5848.479699552996
65355	5848.479699552996
68414	5848.479699552996
70915	5848.479699552996
74637	5848.479699552996
76504	5848.479699552996
78397	5848.479699552996
83462	5848.479699552996
86618	5848.479699552996
91604	5848.479699552996
93481	5848.479699552996
95981	5848.479699552996
98495	5848.479699552996
100986	5848.479699552996
102868	5848.479699552996
104723	5848.479699552996
107229	5848.479699552996
111008	5848.479699552996
113510	5848.479699552996
118509	5848.479699552996
121647	5848.479699552996
122860	5848.479699552996
126039	5848.479699552996
127249	5848.479699552996
128465	5848.479699552996
129664	5848.479699552996
131532	5848.479699552996
132732	5848.479699552996
134610	5848.479699552996
135842	5848.479699552996
137056	5848.479699552996
138272	5848.479699552996
139489	5848.479699552996
140703	5848.479699552996
141903	5848.479699552996
143137	5848.479699552996
144359	5848.479699552996
145572	5848.479699552996
146778	5848.479699552996
148002	5848.479699552996
149222	5848.479699552996
150435	5848.479699552996
151642	5848.479699552996
152849	5848.479699552996
154057	5848.479699552996
155273	5848.479699552996
156490	5848.479699552996
157712	5848.479699552996
158918	5848.479699552996
160142	5848.479699552996
161349	5848.479699552996
162577	5848.479699552996
163822	5848.479699552996
165054	5848.479699552996
166277	5848.479699552996
167482	5848.479699552996
168697	5848.479699552996
169910	5848.479699552996
171127	5848.479699552996
172345	5848.479699552996
173550	5848.479699552996
174760	5848.479699552996
175975	5848.479699552996
177193	5848.479699552996
178405	5848.479699552996
179627	5848.479699552996
180871	5848.479699552996
182099	5848.479699552996
183340	5848.479699552996
184564	5848.479699552996
185773	5848.479699552996
187021	5848.479699552996
188245	5848.479699552996
189490	5848.479699552996
190725	5848.479699552996
191942	5848.479699552996
193174	5848.479699552996
194409	5848.479699552996
195636	5848.479699552996
196860	5848.479699552996
198082	5848.479699552996
199328	5848.479699552996
200560	5848.479699552996
201780	5848.479699552996
203007	5848.479699552996
204223	5848.479699552996
205433	5848.479699552996
206645	5848.479699552996
207856	5848.479699552996
209085	5848.479699552996
210326	5848.479699552996
211547	5848.479699552996
212771	5848.479699552996
213994	5848.479699552996
215220	5848.479699552996
216439	5848.479699552996
217666	5848.479699552996
218892	5848.479699552996
220116	5848.479699552996
221346	5848.479699552996
222574	5848.479699552996
223803	5848.479699552996
225021	5848.479699552996
226243	5848.479699552996
227467	5848.479699552996
228691	5848.479699552996
229920	5848.479699552996
231152	5848.479699552996
232384	5848.479699552996
233616	5848.479699552996
234848	5848.479699552996
236089	5848.479699552996
237316	5848.479699552996
238542	5848.479699552996
239778	5848.479699552996
241009	5848.479699552996
242265	5848.479699552996
243502	5848.479699552996
244740	5848.479699552996
245973	5848.479699552996
247205	5848.479699552996
248450	5848.479699552996
249683	5848.479699552996
250914	5848.479699552996
252153	5848.479699552996
253386	5848.479699552996
254617	5848.479699552996
255847	5848.479699552996
257077	5848.479699552996
258322	5848.479699552996
259560	5848.479699552996
260803	5848.479699552996
262032	5848.479699552996
263271	5848.479699552996
264512	5848.479699552996
265755	5848.479699552996
266999	5848.479699552996
268242	5848.479699552996
269479	5848.479699552996
270724	5848.479699552996
271958	5848.479699552996
273189	5848.479699552996
274413	5848.479699552996
275650	5848.479699552996
276877	5848.479699552996
278113	5848.479699552996
279353	5848.479699552996
280582	5848.479699552996
281817	5848.479699552996
283050	5848.479699552996
284285	5848.479699552996
285519	5848.479699552996
286756	5848.479699552996
287999	5848.479699552996
289235	5848.479699552996
290467	5848.479699552996
291698	5848.479699552996
292935	5848.479699552996
294162	5848.479699552996
295401	5848.479699552996
296638	5848.479699552996
297876	5848.479699552996
299108	5848.479699552996
300343	5848.479699552996
301580	5848.479699552996
302826	5848.479699552996
304058	5848.479699552996
305294	5848.479699552996
306536	5848.479699552996
307776	5848.479699552996
309008	5848.479699552996
310245	5848.479699552996
311489	5848.479699552996
312720	5848.479699552996
313950	5848.479699552996
315183	5848.479699552996
316414	5848.479699552996
317649	5848.479699552996
318880	5848.479699552996
320109	5848.479699552996
321335	5848.479699552996
322566	5848.479699552996
323799	5848.479699552996
325038	5848.479699552996
326273	5848.479699552996
327496	5848.479699552996
328723	5848.479699552996
329951	5848.479699552996
331207	5848.479699552996
332456	5848.479699552996
333697	5848.479699552996
334922	5848.479699552996
336156	5848.479699552996
337393	5848.479699552996
338623	5848.479699552996
339857	5848.479699552996
341085	5848.479699552996
342329	5848.479699552996
343560	5848.479699552996
344789	5848.479699552996
346026	5848.479699552996
347275	5848.479699552996
348513	5848.479699552996
349770	5848.479699552996
351019	5848.479699552996
352275	5848.479699552996
353506	5848.479699552996
354763	5848.479699552996
356013	5848.479699552996
357261	5848.479699552996
358509	5848.479699552996
359748	5848.479699552996
360997	5848.479699552996
362251	5848.479699552996
363494	5848.479699552996
364747	5848.479699552996
366002	5848.479699552996
367264	5848.479699552996
368520	5848.479699552996
369771	5848.479699552996
371014	5848.479699552996
372271	5848.479699552996
373499	5848.479699552996
374739	5848.479699552996
375974	5848.479699552996
377212	5848.479699552996
378455	5848.479699552996
379717	5848.479699552996
380961	5848.479699552996
382197	5848.479699552996
383429	5848.479699552996
384677	5848.479699552996
385926	5848.479699552996
387173	5848.479699552996
388428	5848.479699552996
389673	5848.479699552996
390932	5848.479699552996
392188	5848.479699552996
393429	5848.479699552996
394674	5848.479699552996
395927	5848.479699552996
397178	5848.479699552996
398427	5848.479699552996
399656	5848.479699552996
400897	5848.479699552996
402138	5848.479699552996
403379	5848.479699552996
404612	5848.479699552996
405846	5848.479699552996
407077	5848.479699552996
408323	5848.479699552996
409551	5848.479699552996
410802	5848.479699552996
412045	5848.479699552996
414600	5848.479699552996
417790	5848.479699552996
420322	5848.479699552996
421560	5848.479699552996
422819	5848.479699552996
424068	5848.479699552996
425299	5848.479699552996
426535	5848.479699552996
427772	5848.479699552996
429005	5848.479699552996
430234	5848.479699552996
431468	5848.479699552996
432719	5848.479699552996
433960	5848.479699552996
435193	5848.479699552996
436419	5848.479699552996
437654	5848.479699552996
438891	5848.479699552996
440119	5848.479699552996
441363	5848.479699552996
442611	5848.479699552996
443849	5848.479699552996
445074	5848.479699552996
446302	5848.479699552996
447553	5848.479699552996
448807	5848.479699552996
450055	5848.479699552996
451302	5848.479699552996
452546	5848.479699552996
453782	5848.479699552996
455024	5848.479699552996
456263	5848.479699552996
457506	5848.479699552996
458737	5848.479699552996
459973	5848.479699552996
461201	5848.479699552996
462435	5848.479699552996
463670	5848.479699552996
464908	5848.479699552996
466139	5848.479699552996
467369	5848.479699552996
468610	5848.479699552996
469850	5848.479699552996
471093	5848.479699552996
472345	5848.479699552996
473586	5848.479699552996
474817	5848.479699552996
476057	5848.479699552996
477294	5848.479699552996
478531	5848.479699552996
479770	5848.479699552996
481003	5848.479699552996
482238	5848.479699552996
483469	5848.479699552996
484695	5848.479699552996
485939	5848.479699552996
487168	5848.479699552996
488433	5848.479699552996
489661	5848.479699552996
490885	5848.479699552996
492112	5848.479699552996
493340	5848.479699552996
494570	5848.479699552996
495797	5848.479699552996
497023	5848.479699552996
498247	5848.479699552996
499474	5848.479699552996
500694	5848.479699552996
