500	24116.31571768926
1095	18632.050951330573
1685	18064.35625356277
2270	15579.44363942821
2851	12492.759082207502
3433	12240.082589285576
4012	11853.881811223237
4582	10977.587212245475
5157	10546.521912329821
5725	10546.521912329821
6288	10546.521912329821
6854	10143.892450473355
7419	9571.826092055799
7985	9571.826092055799
8547	9565.69279363244
9109	9549.583287462718
9671	9549.583287462718
10232	9377.54240713479
10791	9377.54240713479
11355	8841.933658218633
11911	8841.933658218633
12469	8841.933658218633
13028	8841.933658218633
13584	8801.621580918607
14138	8801.621580918607
14697	8724.501046734355
15250	8724.501046734355
15807	8446.552896131358
16363	8446.552896131358
16920	8446.552896131358
17477	8446.552896131358
18035	8446.552896131358
18588	8446.552896131358
19144	8446.552896131358
19703	8446.552896131358
20261	8446.552896131358
20818	8446.552896131358
21375	8446.552896131358
21931	8433.743367326506
22489	8433.743367326506
23045	8433.743367326506
23604	8433.743367326506
24166	8433.743367326506
24728	8433.743367326506
29381	6221.501464862461
34543	6221.501438622651
35104	6221.501438622651
35660	6221.501438622651
36223	6221.501438622651
36785	6221.501438622651
37349	6221.501438622651
37909	6221.501438622651
38474	6221.501438622651
39047	6221.501438622651
39606	6221.501438622651
40169	6221.501438622651
40728	6221.501438622651
41288	6221.501438622651
41849	6221.501438622651
42410	6221.501438622651
42971	6221.501438622651
43536	6221.501438622651
44100	6221.501438622651
44661	6221.501438622651
45228	6221.501438622651
45799	6221.501438622651
46366	6221.501438622651
46934	6221.501438622651
47506	6221.501438622651
48074	6221.501438622651
48638	6221.501438622651
51635	6221.501438622651
52202	6221.501438622651
52767	6221.501438622651
53331	6221.501438622651
53893	6221.501438622651
54458	6221.501438622651
55024	6221.501438622651
55587	6221.501438622651
56150	6221.501438622651
56711	6221.501438622651
57276	6221.501438622651
57842	6221.501438622651
58406	6221.501438622651
58977	6221.501438622651
59550	6221.501438622651
60121	6221.501438622651
60683	6221.501438622651
61245	6221.501438622651
61811	6221.501438622651
62378	6221.501438622651
64375	5848.728808899681
66481	5642.251493163417
68797	5620.449192240957
71655	5620.449192035715
72233	5620.449192035715
72818	5620.449192035715
73398	5620.449192035715
73978	5620.449192035715
74549	5620.449192035715
75122	5620.449192035715
75694	5620.449192035715
76267	5620.449192035715
76840	5620.449192035715
77418	5620.449192035715
77994	5620.449192035715
78569	5620.449192035715
79147	5620.449192035715
79719	5620.449192035715
80292	5620.449192035715
80868	5620.449192035715
81449	5620.449192035715
82030	5620.449192035715
82609	5620.449192035715
83189	5620.449192035715
83770	5620.449192035715
84345	5620.449192035715
84922	5620.449192035715
85496	5620.449192035715
86078	5620.449192035715
86658	5620.449192035715
89117	5620.449192035715
89691	5620.449192035715
90276	5620.449192035715
90857	5620.449192035715
91438	5620.449192035715
92023	5620.449192035715
92603	5620.449192035715
93176	5620.449192035715
93756	5620.449192035715
94340	5620.449192035715
97445	5620.449192035715
98018	5620.449192035715
98597	5620.449192035715
99178	5620.449192035715
99766	5620.449192035715
100352	5620.449192035715
100928	5620.449192035715
101506	5620.449192035715
102085	5620.449192035715
102675	5620.449192035715
103266	5620.449192035715
103844	5620.449192035715
104434	5620.449192035715
105015	5620.449192035715
105597	5620.449192035715
106178	5620.449192035715
106761	5620.449192035715
107344	5620.449192035715
107928	5620.449192035715
108507	5620.449192035715
112974	5620.449192035715
113556	5620.449192035715
114133	5620.449192035715
114711	5620.449192035715
115287	5620.449192035715
115866	5620.449192035715
116449	5620.449192035715
117031	5620.449192035715
117612	5620.449192035715
118192	5620.449192035715
118769	5620.449192035715
119351	5620.449192035715
119930	5620.449192035715
120510	5620.449192035715
121087	5620.449192035715
121668	5620.449192035715
122248	5620.449192035715
122821	5620.449192035715
123405	5620.449192035715
123990	5620.449192035715
127968	5620.449192035715
128558	5620.449192035715
129133	5620.449192035715
129714	5620.449192035715
130291	5620.449192035715
130870	5620.449192035715
131455	5620.449192035715
132049	5620.449192035715
132632	5620.449192035715
133212	5620.449192035715
133791	5620.449192035715
134366	5620.449192035715
134946	5620.449192035715
135528	5620.449192035715
136117	5620.449192035715
136699	5620.449192035715
137283	5620.449192035715
137871	5620.449192035715
138452	5620.449192035715
139035	5620.449192035715
143374	5620.449192035715
143958	5620.449192035715
144539	5620.449192035715
145131	5620.449192035715
145716	5620.449192035715
146296	5620.449192035715
146882	5620.449192035715
147469	5620.449192035715
148047	5620.449192035715
148631	5620.449192035715
149224	5620.449192035715
149817	5620.449192035715
150402	5620.449192035715
150985	5620.449192035715
151571	5620.449192035715
152150	5620.449192035715
152730	5620.449192035715
153308	5620.449192035715
153893	5620.449192035715
154477	5620.449192035715
156642	5546.387461035196
159538	5546.387458941097
160120	5546.387458941097
160699	5546.387458941097
161277	5546.387458941097
161859	5546.387458941097
162434	5546.387458941097
163027	5546.387458941097
163610	5546.387458941097
164193	5546.387458941097
164782	5546.387458941097
165363	5546.387458941097
165956	5546.387458941097
166545	5546.387458941097
167126	5546.387458941097
167718	5546.387458941097
168313	5546.387458941097
168893	5546.387458941097
169475	5546.387458941097
170063	5546.387458941097
173437	5546.387458941097
174034	5546.387458941097
174628	5546.387458941097
175220	5546.387458941097
175810	5546.387458941097
176386	5546.387458941097
176972	5546.387458941097
177552	5546.387458941097
178136	5546.387458941097
178725	5546.387458941097
179314	5546.387458941097
179905	5546.387458941097
180497	5546.387458941097
181086	5546.387458941097
181676	5546.387458941097
182270	5546.387458941097
182861	5546.387458941097
183453	5546.387458941097
184049	5546.387458941097
184638	5546.387458941097
186970	5546.387458941097
187558	5546.387458941097
188141	5546.387458941097
188732	5546.387458941097
189326	5546.387458941097
189922	5546.387458941097
190509	5546.387458941097
191094	5546.387458941097
191681	5546.387458941097
192268	5546.387458941097
192863	5546.387458941097
193443	5546.387458941097
194036	5546.387458941097
194625	5546.387458941097
195219	5546.387458941097
195820	5546.387458941097
196407	5546.387458941097
196996	5546.387458941097
197590	5546.387458941097
198172	5546.387458941097
200234	5428.72420476083
202562	5402.322498758927
206883	5402.32249747519
207474	5402.32249747519
208069	5402.32249747519
208657	5402.32249747519
209243	5402.32249747519
209827	5402.32249747519
210421	5402.32249747519
210998	5402.32249747519
211585	5402.32249747519
212172	5402.32249747519
212756	5402.32249747519
213345	5402.32249747519
213942	5402.32249747519
214522	5402.32249747519
215110	5402.32249747519
215696	5402.32249747519
216278	5402.32249747519
216865	5402.32249747519
217462	5402.32249747519
218045	5402.32249747519
218625	5402.32249747519
219208	5402.32249747519
219788	5402.32249747519
220372	5402.32249747519
220961	5402.32249747519
221543	5402.32249747519
222129	5402.32249747519
222712	5402.32249747519
225231	5201.639618842868
228777	5201.639618381396
229360	5201.639618381396
229941	5201.639618381396
230512	5201.639618381396
231090	5201.639618381396
231677	5201.639618381396
232258	5201.639618381396
232835	5201.639618381396
233415	5201.639618381396
233988	5201.639618381396
234564	5201.639618381396
235139	5201.639618381396
235719	5201.639618381396
236302	5201.639618381396
236885	5201.639618381396
237455	5201.639618381396
238022	5201.639618381396
238600	5201.639618381396
239171	5201.639618381396
241823	5201.639618381396
242401	5201.639618381396
242971	5201.639618381396
243549	5201.639618381396
244126	5201.639618381396
244707	5201.639618381396
245284	5201.639618381396
245857	5201.639618381396
246434	5201.639618381396
247012	5201.639618381396
247590	5201.639618381396
248162	5201.639618381396
248735	5201.639618381396
249319	5201.639618381396
249890	5201.639618381396
250470	5201.639618381396
251045	5201.639618381396
251621	5201.639618381396
252204	5201.639618381396
252780	5201.639618381396
255495	5201.639618381396
256080	5201.639618381396
256655	5201.639618381396
257233	5201.639618381396
257808	5201.639618381396
258388	5201.639618381396
258961	5201.639618381396
259546	5201.639618381396
260134	5201.639618381396
260711	5201.639618381396
261302	5201.639618381396
261878	5201.639618381396
262466	5201.639618381396
263041	5201.639618381396
263622	5201.639618381396
264206	5201.639618381396
264790	5201.639618381396
265367	5201.639618381396
265948	5201.639618381396
266530	5201.639618381396
269240	5201.639618381396
269815	5201.639618381396
270399	5201.639618381396
270982	5201.639618381396
271569	5201.639618381396
272156	5201.639618381396
272745	5201.639618381396
273328	5201.639618381396
273905	5201.639618381396
274487	5201.639618381396
275076	5201.639618381396
275654	5201.639618381396
276237	5201.639618381396
276819	5201.639618381396
277409	5201.639618381396
277987	5201.639618381396
278573	5201.639618381396
279156	5201.639618381396
279733	5201.639618381396
280307	5201.639618381396
283004	5201.639618381396
283579	5201.639618381396
284156	5201.639618381396
284733	5201.639618381396
285313	5201.639618381396
285894	5201.639618381396
286478	5201.639618381396
287060	5201.639618381396
287639	5201.639618381396
288224	5201.639618381396
288798	5201.639618381396
289380	5201.639618381396
289965	5201.639618381396
290543	5201.639618381396
291127	5201.639618381396
291711	5201.639618381396
292292	5201.639618381396
292878	5201.639618381396
293456	5201.639618381396
294031	5201.639618381396
296503	5201.639618381396
297081	5201.639618381396
297666	5201.639618381396
298251	5201.639618381396
298834	5201.639618381396
299424	5201.639618381396
300008	5201.639618381396
300592	5201.639618381396
301173	5201.639618381396
301764	5201.639618381396
303836	5067.68151350329
307012	5067.681513409201
307594	5067.681513409201
308170	5067.681513409201
308747	5067.681513409201
309323	5067.681513409201
309898	5067.681513409201
310474	5067.681513409201
311057	5067.681513409201
311643	5067.681513409201
312225	5067.681513409201
312814	5067.681513409201
313394	5067.681513409201
313973	5067.681513409201
314553	5067.681513409201
315128	5067.681513409201
315713	5067.681513409201
316292	5067.681513409201
316878	5067.681513409201
317461	5067.681513409201
319480	5067.681513409201
320063	5067.681513409201
320642	5067.681513409201
321220	5067.681513409201
321803	5067.681513409201
322384	5067.681513409201
322966	5067.681513409201
323553	5067.681513409201
324142	5067.681513409201
324728	5067.681513409201
325320	5067.681513409201
325900	5067.681513409201
326484	5067.681513409201
327072	5067.681513409201
327655	5067.681513409201
328241	5067.681513409201
328825	5067.681513409201
329406	5067.681513409201
329994	5067.681513409201
330576	5067.681513409201
333054	5067.681513409201
333642	5067.681513409201
334233	5067.681513409201
334825	5067.681513409201
335414	5067.681513409201
336010	5067.681513409201
336595	5067.681513409201
337179	5067.681513409201
337762	5067.681513409201
338344	5067.681513409201
338927	5067.681513409201
339522	5067.681513409201
340104	5067.681513409201
340687	5067.681513409201
341267	5067.681513409201
341848	5067.681513409201
342434	5067.681513409201
343027	5067.681513409201
343621	5067.681513409201
344214	5067.681513409201
346799	5067.681513409201
347385	5067.681513409201
347974	5067.681513409201
348565	5067.681513409201
349150	5067.681513409201
349739	5067.681513409201
350326	5067.681513409201
350909	5067.681513409201
351497	5067.681513409201
352088	5067.681513409201
352682	5067.681513409201
353269	5067.681513409201
353854	5067.681513409201
354451	5067.681513409201
355031	5067.681513409201
355621	5067.681513409201
356213	5067.681513409201
356798	5067.681513409201
357388	5067.681513409201
357970	5067.681513409201
359431	5023.259552195409
361301	5023.259479858689
363521	4959.508869899296
366104	4959.508869107565
366697	4959.508869107565
367280	4959.508869107565
367860	4959.508869107565
368447	4959.508869107565
369034	4959.508869107565
369619	4959.508869107565
370214	4959.508869107565
370797	4959.508869107565
371380	4959.508869107565
371962	4959.508869107565
372548	4959.508869107565
373133	4959.508869107565
373722	4959.508869107565
374302	4959.508869107565
374882	4959.508869107565
375472	4959.508869107565
376055	4959.508869107565
376639	4959.508869107565
377223	4959.508869107565
377811	4959.508869107565
378390	4959.508869107565
378972	4959.508869107565
379551	4959.508869107565
380138	4959.508869107565
380714	4959.508869107565
381301	4959.508869107565
383732	4959.508869107565
384319	4959.508869107565
384907	4959.508869107565
385487	4959.508869107565
386072	4959.508869107565
386653	4959.508869107565
387237	4959.508869107565
387818	4959.508869107565
388407	4959.508869107565
388991	4959.508869107565
391370	4959.508869107565
391957	4959.508869107565
392541	4959.508869107565
393129	4959.508869107565
393714	4959.508869107565
394307	4959.508869107565
394895	4959.508869107565
395478	4959.508869107565
396063	4959.508869107565
396652	4959.508869107565
397241	4959.508869107565
397832	4959.508869107565
398413	4959.508869107565
399002	4959.508869107565
399587	4959.508869107565
400170	4959.508869107565
400755	4959.508869107565
401351	4959.508869107565
401943	4959.508869107565
402534	4959.508869107565
404913	4959.508869107565
405501	4959.508869107565
406092	4959.508869107565
406684	4959.508869107565
407274	4959.508869107565
407862	4959.508869107565
408453	4959.508869107565
409051	4959.508869107565
409653	4959.508869107565
410244	4959.508869107565
410848	4959.508869107565
411444	4959.508869107565
412044	4959.508869107565
412632	4959.508869107565
413223	4959.508869107565
413811	4959.508869107565
414406	4959.508869107565
414994	4959.508869107565
415581	4959.508869107565
416175	4959.508869107565
418459	4959.508869107565
419052	4959.508869107565
419643	4959.508869107565
420226	4959.508869107565
420817	4959.508869107565
421409	4959.508869107565
422001	4959.508869107565
422590	4959.508869107565
423176	4959.508869107565
423772	4959.508869107565
424358	4959.508869107565
424943	4959.508869107565
425534	4959.508869107565
426116	4959.508869107565
426709	4959.508869107565
427302	4959.508869107565
427885	4959.508869107565
428469	4959.508869107565
429053	4959.508869107565
429640	4959.508869107565
431906	4959.508869107565
432495	4959.508869107565
433084	4959.508869107565
433672	4959.508869107565
434264	4959.508869107565
434854	4959.508869107565
435444	4959.508869107565
436027	4959.508869107565
436620	4959.508869107565
437207	4959.508869107565
437795	4959.508869107565
438379	4959.508869107565
438969	4959.508869107565
439558	4959.508869107565
440159	4959.508869107565
440752	4959.508869107565
441337	4959.508869107565
441921	4959.508869107565
442509	4959.508869107565
443093	4959.508869107565
444650	4959.508869107565
445241	4959.508869107565
445831	4959.508869107565
446425	4959.508869107565
447013	4959.508869107565
447607	4959.508869107565
448197	4959.508869107565
448786	4959.508869107565
449373	4959.508869107565
449964	4959.508869107565
451789	4959.508869107565
452380	4959.508869107565
452983	4959.508869107565
453569	4959.508869107565
454169	4959.508869107565
454762	4959.508869107565
455350	4959.508869107565
455938	4959.508869107565
456528	4959.508869107565
457118	4959.508869107565
457709	4959.508869107565
458297	4959.508869107565
458892	4959.508869107565
459484	4959.508869107565
460077	4959.508869107565
460670	4959.508869107565
461266	4959.508869107565
461865	4959.508869107565
462461	4959.508869107565
463051	4959.508869107565
465280	4959.508869107565
465876	4959.508869107565
466474	4959.508869107565
467073	4959.508869107565
467666	4959.508869107565
468264	4959.508869107565
468863	4959.508869107565
469460	4959.508869107565
470058	4959.508869107565
470661	4959.508869107565
471260	4959.508869107565
471859	4959.508869107565
472467	4959.508869107565
473063	4959.508869107565
473661	4959.508869107565
474256	4959.508869107565
474842	4959.508869107565
475436	4959.508869107565
476031	4959.508869107565
476620	4959.508869107565
479009	4959.508869107565
479605	4959.508869107565
480202	4959.508869107565
480799	4959.508869107565
481398	4959.508869107565
481986	4959.508869107565
482579	4959.508869107565
483170	4959.508869107565
483775	4959.508869107565
484368	4959.508869107565
484961	4959.508869107565
485557	4959.508869107565
486151	4959.508869107565
486746	4959.508869107565
487336	4959.508869107565
487927	4959.508869107565
488530	4959.508869107565
489129	4959.508869107565
489728	4959.508869107565
490316	4959.508869107565
492798	4959.508869107565
493394	4959.508869107565
493997	4959.508869107565
494601	4959.508869107565
495194	4959.508869107565
495805	4959.508869107565
496414	4959.508869107565
497011	4959.508869107565
497613	4959.508869107565
498208	4959.508869107565
498811	4959.508869107565
499411	4959.508869107565
500006	4959.508869107565
