500	26486.3314591802
1089	20660.527404314165
1669	17272.611102258208
2243	16584.25169114363
2814	14074.760539553943
3382	14074.760539553943
3950	13269.266503191193
4519	12548.875571534996
5086	11869.073370429149
5656	11383.735846215452
6228	10922.991559187196
6793	10834.603990534533
7360	10621.152397636371
7924	10063.675814357965
8488	9884.345265268232
9050	9814.47005229751
9614	9283.392832861908
10177	9283.392832861908
10739	9240.44124706839
11298	9240.44124706839
11859	9193.115247788539
12418	9019.379673950216
12977	9019.379673950216
13536	9019.379673950216
14093	9019.379673950216
14650	8950.933653504753
15206	8837.711123690413
15764	8837.711123690413
16320	8638.11407402416
16876	8638.11407402416
17435	8593.802257004421
17992	8593.802257004421
18546	8593.802257004421
19102	8580.198829893092
19658	8580.198829893092
20215	8580.198829893092
20771	8580.198829893092
21327	8580.198829893092
21883	8580.198829893092
22441	8293.648304918635
22996	8293.648304918635
23549	8293.648304918635
24103	8293.648304918635
24659	8293.648304918635
25214	8293.648304918635
25770	8293.648304918635
31125	5130.510157298444
31680	5130.510157298444
32235	5130.510157298444
32792	5130.510157298444
33348	5130.510157298444
33903	5130.510157298444
34459	5130.510157298444
35017	5130.510157298444
35573	5130.510157298444
36128	5130.510157298444
36681	5130.510157298444
37240	5130.510157298444
37797	5130.510157298444
38352	5130.510157298444
38910	5130.510157298444
39469	5130.510157298444
40027	5130.510157298444
40586	5130.510157298444
41145	5130.510157298444
41703	5130.510157298444
42258	5130.510157298444
42818	5130.510157298444
43381	5130.510157298444
43940	5130.510157298444
44499	5130.510157298444
47556	5130.510157298444
48115	5130.510157298444
48675	5130.510157298444
49232	5130.510157298444
49789	5130.510157298444
50344	5130.510157298444
50902	5130.510157298444
51461	5130.510157298444
52022	5130.510157298444
52580	5130.510157298444
53143	5130.510157298444
53705	5130.510157298444
54264	5130.510157298444
54825	5130.510157298444
55384	5130.510157298444
55942	5130.510157298444
56499	5130.510157298444
57056	5130.510157298444
57615	5130.510157298444
58174	5130.510157298444
62461	5130.510157298444
63020	5130.510157298444
63581	5130.510157298444
64138	5130.510157298444
64698	5130.510157298444
65257	5130.510157298444
65815	5130.510157298444
66375	5130.510157298444
66934	5130.510157298444
67494	5130.510157298444
70601	5130.510157298444
71161	5130.510157298444
71721	5130.510157298444
72278	5130.510157298444
72837	5130.510157298444
73392	5130.510157298444
73948	5130.510157298444
74504	5130.510157298444
75059	5130.510157298444
75618	5130.510157298444
76174	5130.510157298444
76728	5130.510157298444
77282	5130.510157298444
77839	5130.510157298444
78394	5130.510157298444
78954	5130.510157298444
79513	5130.510157298444
80072	5130.510157298444
80629	5130.510157298444
81187	5130.510157298444
84484	5130.510157298444
85042	5130.510157298444
85600	5130.510157298444
86160	5130.510157298444
86724	5130.510157298444
87285	5130.510157298444
87849	5130.510157298444
88407	5130.510157298444
88964	5130.510157298444
89526	5130.510157298444
90088	5130.510157298444
90647	5130.510157298444
91202	5130.510157298444
91760	5130.510157298444
92321	5130.510157298444
92882	5130.510157298444
93442	5130.510157298444
94004	5130.510157298444
94561	5130.510157298444
95119	5130.510157298444
98378	5130.510157298444
98938	5130.510157298444
99497	5130.510157298444
100053	5130.510157298444
100607	5130.510157298444
101165	5130.510157298444
101723	5130.510157298444
102283	5130.510157298444
102842	5130.510157298444
103398	5130.510157298444
103957	5130.510157298444
104513	5130.510157298444
105068	5130.510157298444
105625	5130.510157298444
106181	5130.510157298444
106737	5130.510157298444
107292	5130.510157298444
107848	5130.510157298444
108405	5130.510157298444
108964	5130.510157298444
112731	5130.510157298444
113287	5130.510157298444
113844	5130.510157298444
114401	5130.510157298444
114960	5130.510157298444
115516	5130.510157298444
116075	5130.510157298444
116634	5130.510157298444
117191	5130.510157298444
117751	5130.510157298444
118310	5130.510157298444
118869	5130.510157298444
119429	5130.510157298444
119990	5130.510157298444
120550	5130.510157298444
121110	5130.510157298444
121669	5130.510157298444
122226	5130.510157298444
122783	5130.510157298444
123345	5130.510157298444
127064	5130.510157298444
127622	5130.510157298444
128181	5130.510157298444
128740	5130.510157298444
129297	5130.510157298444
129855	5130.510157298444
130417	5130.510157298444
130977	5130.510157298444
131535	5130.510157298444
132091	5130.510157298444
136063	5130.510157298444
136621	5130.510157298444
137183	5130.510157298444
137743	5130.510157298444
138304	5130.510157298444
138866	5130.510157298444
139424	5130.510157298444
139983	5130.510157298444
140540	5130.510157298444
141097	5130.510157298444
141654	5130.510157298444
142213	5130.510157298444
142769	5130.510157298444
143327	5130.510157298444
143887	5130.510157298444
144447	5130.510157298444
145006	5130.510157298444
145563	5130.510157298444
146122	5130.510157298444
146684	5130.510157298444
150096	5130.510157298444
150653	5130.510157298444
151208	5130.510157298444
151766	5130.510157298444
152324	5130.510157298444
152883	5130.510157298444
153441	5130.510157298444
153999	5130.510157298444
154556	5130.510157298444
155113	5130.510157298444
155674	5130.510157298444
156233	5130.510157298444
156795	5130.510157298444
157355	5130.510157298444
157914	5130.510157298444
158474	5130.510157298444
159036	5130.510157298444
159594	5130.510157298444
160152	5130.510157298444
160711	5130.510157298444
164582	5130.510157298444
165144	5130.510157298444
165703	5130.510157298444
166263	5130.510157298444
166822	5130.510157298444
167379	5130.510157298444
167937	5130.510157298444
168491	5130.510157298444
169048	5130.510157298444
169602	5130.510157298444
170157	5130.510157298444
170716	5130.510157298444
171273	5130.510157298444
171827	5130.510157298444
172381	5130.510157298444
172934	5130.510157298444
173489	5130.510157298444
174045	5130.510157298444
174607	5130.510157298444
175166	5130.510157298444
178027	5130.510157298444
178587	5130.510157298444
179147	5130.510157298444
179706	5130.510157298444
180267	5130.510157298444
180828	5130.510157298444
181387	5130.510157298444
181949	5130.510157298444
182511	5130.510157298444
183072	5130.510157298444
183629	5130.510157298444
184187	5130.510157298444
184747	5130.510157298444
185305	5130.510157298444
185865	5130.510157298444
186423	5130.510157298444
186981	5130.510157298444
187536	5130.510157298444
188091	5130.510157298444
188647	5130.510157298444
191144	4979.197164095292
194030	4979.197163655885
194585	4979.197163655885
195144	4979.197163655885
195703	4979.197163655885
196264	4979.197163655885
196823	4979.197163655885
197381	4979.197163655885
197938	4979.197163655885
198496	4979.197163655885
199054	4979.197163655885
199610	4979.197163655885
200167	4979.197163655885
200727	4979.197163655885
201284	4979.197163655885
201843	4979.197163655885
202403	4979.197163655885
202964	4979.197163655885
203522	4979.197163655885
204077	4979.197163655885
208079	4979.197163655885
208638	4979.197163655885
209197	4979.197163655885
209755	4979.197163655885
210311	4979.197163655885
210870	4979.197163655885
211436	4979.197163655885
212002	4979.197163655885
212565	4979.197163655885
213129	4979.197163655885
213692	4979.197163655885
214252	4979.197163655885
214811	4979.197163655885
215370	4979.197163655885
215930	4979.197163655885
216486	4979.197163655885
217041	4979.197163655885
217602	4979.197163655885
218162	4979.197163655885
218722	4979.197163655885
221821	4979.197163655885
222381	4979.197163655885
222942	4979.197163655885
223500	4979.197163655885
224057	4979.197163655885
224613	4979.197163655885
225169	4979.197163655885
225723	4979.197163655885
226278	4979.197163655885
226834	4979.197163655885
227389	4979.197163655885
227945	4979.197163655885
228498	4979.197163655885
229053	4979.197163655885
229608	4979.197163655885
230167	4979.197163655885
230724	4979.197163655885
231281	4979.197163655885
231839	4979.197163655885
232397	4979.197163655885
235234	4979.197163655885
235792	4979.197163655885
236351	4979.197163655885
236913	4979.197163655885
237470	4979.197163655885
238028	4979.197163655885
238588	4979.197163655885
239150	4979.197163655885
239712	4979.197163655885
240271	4979.197163655885
240830	4979.197163655885
241390	4979.197163655885
241950	4979.197163655885
242512	4979.197163655885
243069	4979.197163655885
243626	4979.197163655885
244186	4979.197163655885
244744	4979.197163655885
245302	4979.197163655885
245859	4979.197163655885
249724	4979.197163655885
250285	4979.197163655885
250841	4979.197163655885
251398	4979.197163655885
251953	4979.197163655885
252508	4979.197163655885
253065	4979.197163655885
253620	4979.197163655885
254174	4979.197163655885
254734	4979.197163655885
255293	4979.197163655885
255853	4979.197163655885
256412	4979.197163655885
256971	4979.197163655885
257532	4979.197163655885
258093	4979.197163655885
258653	4979.197163655885
259210	4979.197163655885
259771	4979.197163655885
260327	4979.197163655885
267993	4979.197163655885
268549	4979.197163655885
269108	4979.197163655885
269671	4979.197163655885
270229	4979.197163655885
270789	4979.197163655885
271349	4979.197163655885
271909	4979.197163655885
272471	4979.197163655885
273029	4979.197163655885
277775	4979.197163655885
278331	4979.197163655885
278888	4979.197163655885
279448	4979.197163655885
280005	4979.197163655885
280563	4979.197163655885
281118	4979.197163655885
281674	4979.197163655885
282231	4979.197163655885
282788	4979.197163655885
283347	4979.197163655885
283907	4979.197163655885
284470	4979.197163655885
285031	4979.197163655885
285590	4979.197163655885
286149	4979.197163655885
286709	4979.197163655885
287266	4979.197163655885
287825	4979.197163655885
288385	4979.197163655885
291868	4979.197163655885
292431	4979.197163655885
292990	4979.197163655885
293551	4979.197163655885
294114	4979.197163655885
294672	4979.197163655885
295228	4979.197163655885
295788	4979.197163655885
296343	4979.197163655885
296898	4979.197163655885
297455	4979.197163655885
298013	4979.197163655885
298571	4979.197163655885
299131	4979.197163655885
299688	4979.197163655885
300245	4979.197163655885
300807	4979.197163655885
301367	4979.197163655885
301926	4979.197163655885
302487	4979.197163655885
309211	4979.197163655885
309769	4979.197163655885
310327	4979.197163655885
310887	4979.197163655885
311443	4979.197163655885
312003	4979.197163655885
312565	4979.197163655885
313123	4979.197163655885
313682	4979.197163655885
314243	4979.197163655885
314803	4979.197163655885
315363	4979.197163655885
315923	4979.197163655885
316482	4979.197163655885
317038	4979.197163655885
317600	4979.197163655885
318157	4979.197163655885
318713	4979.197163655885
319270	4979.197163655885
319826	4979.197163655885
322616	4979.197163655885
323173	4979.197163655885
323730	4979.197163655885
324290	4979.197163655885
324846	4979.197163655885
325402	4979.197163655885
325958	4979.197163655885
326515	4979.197163655885
327071	4979.197163655885
327628	4979.197163655885
328184	4979.197163655885
328738	4979.197163655885
329293	4979.197163655885
329852	4979.197163655885
330409	4979.197163655885
330966	4979.197163655885
331526	4979.197163655885
332087	4979.197163655885
332647	4979.197163655885
333206	4979.197163655885
337668	4979.197163655885
338225	4979.197163655885
338782	4979.197163655885
339338	4979.197163655885
339899	4979.197163655885
340460	4979.197163655885
341018	4979.197163655885
341576	4979.197163655885
342136	4979.197163655885
342696	4979.197163655885
347610	4979.197163655885
348168	4979.197163655885
348729	4979.197163655885
349288	4979.197163655885
349848	4979.197163655885
350409	4979.197163655885
350967	4979.197163655885
351526	4979.197163655885
352083	4979.197163655885
352641	4979.197163655885
353195	4979.197163655885
353752	4979.197163655885
354304	4979.197163655885
354859	4979.197163655885
355417	4979.197163655885
355975	4979.197163655885
356533	4979.197163655885
357090	4979.197163655885
357649	4979.197163655885
358208	4979.197163655885
361618	4979.197163655885
362176	4979.197163655885
362734	4979.197163655885
363293	4979.197163655885
363852	4979.197163655885
364410	4979.197163655885
364972	4979.197163655885
365532	4979.197163655885
366093	4979.197163655885
366653	4979.197163655885
367214	4979.197163655885
367774	4979.197163655885
368336	4979.197163655885
368895	4979.197163655885
369453	4979.197163655885
370013	4979.197163655885
370574	4979.197163655885
371129	4979.197163655885
371685	4979.197163655885
372243	4979.197163655885
375643	4979.197163655885
376202	4979.197163655885
376758	4979.197163655885
377318	4979.197163655885
377874	4979.197163655885
378432	4979.197163655885
378991	4979.197163655885
379547	4979.197163655885
380103	4979.197163655885
380658	4979.197163655885
381217	4979.197163655885
381770	4979.197163655885
382325	4979.197163655885
382881	4979.197163655885
383436	4979.197163655885
383990	4979.197163655885
384545	4979.197163655885
385102	4979.197163655885
385659	4979.197163655885
386217	4979.197163655885
389058	4979.197163655885
389618	4979.197163655885
390180	4979.197163655885
390740	4979.197163655885
391301	4979.197163655885
391859	4979.197163655885
392419	4979.197163655885
392978	4979.197163655885
393537	4979.197163655885
394097	4979.197163655885
394655	4979.197163655885
395217	4979.197163655885
395779	4979.197163655885
396340	4979.197163655885
396904	4979.197163655885
397462	4979.197163655885
398021	4979.197163655885
398582	4979.197163655885
399142	4979.197163655885
399699	4979.197163655885
402379	4979.197163655885
402935	4979.197163655885
403491	4979.197163655885
404046	4979.197163655885
404604	4979.197163655885
405162	4979.197163655885
405719	4979.197163655885
406277	4979.197163655885
406838	4979.197163655885
407396	4979.197163655885
410138	4979.197163655885
410694	4979.197163655885
411253	4979.197163655885
411809	4979.197163655885
412365	4979.197163655885
412923	4979.197163655885
413480	4979.197163655885
414036	4979.197163655885
414593	4979.197163655885
415149	4979.197163655885
415706	4979.197163655885
416265	4979.197163655885
416826	4979.197163655885
417386	4979.197163655885
417945	4979.197163655885
418505	4979.197163655885
419069	4979.197163655885
419628	4979.197163655885
420187	4979.197163655885
420745	4979.197163655885
426567	4979.197163655885
427122	4979.197163655885
427676	4979.197163655885
428234	4979.197163655885
428791	4979.197163655885
429350	4979.197163655885
429908	4979.197163655885
430468	4979.197163655885
431026	4979.197163655885
431583	4979.197163655885
432142	4979.197163655885
432699	4979.197163655885
433258	4979.197163655885
433815	4979.197163655885
434373	4979.197163655885
434933	4979.197163655885
435495	4979.197163655885
436052	4979.197163655885
436611	4979.197163655885
437170	4979.197163655885
440277	4979.197163655885
440837	4979.197163655885
441394	4979.197163655885
441953	4979.197163655885
442511	4979.197163655885
443072	4979.197163655885
443633	4979.197163655885
444193	4979.197163655885
444751	4979.197163655885
445308	4979.197163655885
445865	4979.197163655885
446423	4979.197163655885
446978	4979.197163655885
447536	4979.197163655885
448093	4979.197163655885
448651	4979.197163655885
449207	4979.197163655885
449766	4979.197163655885
450321	4979.197163655885
450878	4979.197163655885
454174	4979.197163655885
454730	4979.197163655885
455285	4979.197163655885
455839	4979.197163655885
456395	4979.197163655885
456951	4979.197163655885
457511	4979.197163655885
458069	4979.197163655885
458628	4979.197163655885
459190	4979.197163655885
459748	4979.197163655885
460309	4979.197163655885
460869	4979.197163655885
461428	4979.197163655885
461989	4979.197163655885
462552	4979.197163655885
463112	4979.197163655885
463669	4979.197163655885
464229	4979.197163655885
464789	4979.197163655885
468404	4979.197163655885
468964	4979.197163655885
469521	4979.197163655885
470080	4979.197163655885
470638	4979.197163655885
471196	4979.197163655885
471757	4979.197163655885
472313	4979.197163655885
472869	4979.197163655885
473424	4979.197163655885
476645	4979.197163655885
477204	4979.197163655885
477761	4979.197163655885
478322	4979.197163655885
478879	4979.197163655885
479437	4979.197163655885
479996	4979.197163655885
480554	4979.197163655885
481113	4979.197163655885
481668	4979.197163655885
482224	4979.197163655885
482783	4979.197163655885
483339	4979.197163655885
483895	4979.197163655885
484452	4979.197163655885
485011	4979.197163655885
485567	4979.197163655885
486124	4979.197163655885
486682	4979.197163655885
487240	4979.197163655885
492847	4979.197163655885
493406	4979.197163655885
493964	4979.197163655885
494521	4979.197163655885
495079	4979.197163655885
495637	4979.197163655885
496196	4979.197163655885
496755	4979.197163655885
497314	4979.197163655885
497872	4979.197163655885
498431	4979.197163655885
498992	4979.197163655885
499550	4979.197163655885
500113	4979.197163655885
