500	23862.79152192161
1115	19495.981078354893
1708	16068.172941127374
2294	15251.090854589605
2877	13168.097251691968
3455	12314.862759861771
4037	11680.104198963154
4614	10492.303832615826
5186	10265.197270693792
5757	10265.197270693792
6325	10124.509882013752
6892	9797.536545671062
7457	9533.581372148228
8027	9294.432449069263
8594	9040.976694624207
9154	9040.976694624207
9713	9040.976694624207
10270	9040.976694624207
10831	9037.162520678781
11388	9037.162520678781
11952	8841.01998029359
12509	8841.01998029359
13069	8841.01998029359
13631	8787.84763053975
14195	8679.496897421663
14752	8551.434499698184
15316	8467.417362480295
15874	8467.417362480295
16434	8432.84415686505
16992	8239.659276950575
17552	8239.659276950575
18105	8239.659276950575
18660	8239.659276950575
19217	8239.659276950575
19772	8239.659276950575
20326	8239.659276950575
20880	8239.659276950575
21434	8239.659276950575
21997	8239.659276950575
22554	8127.0765230307625
23114	7832.417559622634
23668	7832.417559622634
24225	7832.417559622634
24788	7832.417559622634
25351	7832.417559622634
25910	7832.417559622634
26468	7832.417559622634
27026	7832.417559622634
27583	7832.417559622634
28139	7832.417559622634
28694	7832.417559622634
34131	5614.323263924731
34687	5614.323263924731
35243	5614.323263924731
35803	5614.323263924731
36366	5614.323263924731
36925	5614.323263924731
37482	5614.323263924731
38045	5614.323263924731
38606	5614.323263924731
39173	5614.323263924731
39740	5614.323263924731
40308	5614.323263924731
40873	5614.323263924731
41439	5614.323263924731
42009	5614.323263924731
42577	5614.323263924731
43141	5614.323263924731
43709	5614.323263924731
44280	5614.323263924731
44843	5614.323263924731
46934	5586.443580668683
50618	5586.4435794723595
51192	5586.4435794723595
51767	5586.4435794723595
52333	5586.4435794723595
52897	5586.4435794723595
53466	5586.4435794723595
54035	5586.4435794723595
54608	5586.4435794723595
55177	5586.4435794723595
55749	5586.4435794723595
56317	5586.4435794723595
56889	5586.4435794723595
57453	5586.4435794723595
58022	5586.4435794723595
58587	5586.4435794723595
59156	5586.4435794723595
59730	5586.4435794723595
60308	5586.4435794723595
60882	5586.4435794723595
63540	5586.4435794723595
64113	5586.4435794723595
64683	5586.4435794723595
65257	5586.4435794723595
65824	5586.4435794723595
66395	5586.4435794723595
66961	5586.4435794723595
67536	5586.4435794723595
68107	5586.4435794723595
68676	5586.4435794723595
69247	5586.4435794723595
69816	5586.4435794723595
70394	5586.4435794723595
70963	5586.4435794723595
71542	5586.4435794723595
72116	5586.4435794723595
72693	5586.4435794723595
73264	5586.4435794723595
73835	5586.4435794723595
74415	5586.4435794723595
76468	5516.311418226842
79536	5516.311413578649
80121	5516.311413578649
80702	5516.311413578649
81278	5516.311413578649
81855	5516.311413578649
82425	5516.311413578649
82998	5516.311413578649
83571	5516.311413578649
84145	5516.311413578649
84721	5516.311413578649
85295	5516.311413578649
85875	5516.311413578649
86455	5516.311413578649
87031	5516.311413578649
87606	5516.311413578649
88184	5516.311413578649
88766	5516.311413578649
89340	5516.311413578649
89914	5516.311413578649
92668	5516.311413578649
93242	5516.311413578649
93825	5516.311413578649
94403	5516.311413578649
94977	5516.311413578649
95560	5516.311413578649
96137	5516.311413578649
96719	5516.311413578649
97303	5516.311413578649
97885	5516.311413578649
98466	5516.311413578649
99043	5516.311413578649
99626	5516.311413578649
100213	5516.311413578649
100795	5516.311413578649
101372	5516.311413578649
101955	5516.311413578649
102536	5516.311413578649
103118	5516.311413578649
103706	5516.311413578649
105922	5479.084397520768
108950	5479.084397206076
109536	5479.084397206076
110114	5479.084397206076
110697	5479.084397206076
111283	5479.084397206076
111869	5479.084397206076
112451	5479.084397206076
113029	5479.084397206076
113609	5479.084397206076
114191	5479.084397206076
114774	5479.084397206076
115356	5479.084397206076
115936	5479.084397206076
116517	5479.084397206076
117094	5479.084397206076
117678	5479.084397206076
118259	5479.084397206076
118840	5479.084397206076
119428	5479.084397206076
121716	5479.084397206076
122303	5479.084397206076
122885	5479.084397206076
123474	5479.084397206076
124055	5479.084397206076
124649	5479.084397206076
125235	5479.084397206076
125823	5479.084397206076
126411	5479.084397206076
126991	5479.084397206076
127579	5479.084397206076
128162	5479.084397206076
128744	5479.084397206076
129331	5479.084397206076
129910	5479.084397206076
130497	5479.084397206076
131086	5479.084397206076
131679	5479.084397206076
132265	5479.084397206076
132851	5479.084397206076
135691	5479.084397206076
136277	5479.084397206076
136862	5479.084397206076
137454	5479.084397206076
138040	5479.084397206076
138624	5479.084397206076
139224	5479.084397206076
139816	5479.084397206076
140409	5479.084397206076
140997	5479.084397206076
141587	5479.084397206076
142182	5479.084397206076
142776	5479.084397206076
143364	5479.084397206076
143958	5479.084397206076
144544	5479.084397206076
145135	5479.084397206076
145718	5479.084397206076
146312	5479.084397206076
146905	5479.084397206076
149174	5428.332850532329
151165	5428.332847535665
151758	5428.332847535665
152351	5428.332847535665
152952	5428.332847535665
153542	5428.332847535665
154142	5428.332847535665
154731	5428.332847535665
155318	5428.332847535665
155904	5428.332847535665
156484	5428.332847535665
157074	5428.332847535665
157665	5428.332847535665
158248	5428.332847535665
158831	5428.332847535665
159405	5428.332847535665
159985	5428.332847535665
160568	5428.332847535665
161159	5428.332847535665
161749	5428.332847535665
163601	5428.332843022451
166086	5428.332842946823
166668	5428.332842946823
167249	5428.332842946823
167830	5428.332842946823
168411	5428.332842946823
168996	5428.332842946823
169568	5428.332842946823
170149	5428.332842946823
170726	5428.332842946823
171305	5428.332842946823
171885	5428.332842946823
172467	5428.332842946823
173049	5428.332842946823
173632	5428.332842946823
174213	5428.332842946823
174792	5428.332842946823
175369	5428.332842946823
175949	5428.332842946823
176534	5428.332842946823
178918	5428.332842946823
179502	5428.332842946823
180081	5428.332842946823
180658	5428.332842946823
181231	5428.332842946823
181801	5428.332842946823
182375	5428.332842946823
182949	5428.332842946823
183529	5428.332842946823
184101	5428.332842946823
184671	5428.332842946823
185245	5428.332842946823
185820	5428.332842946823
186394	5428.332842946823
186970	5428.332842946823
187547	5428.332842946823
188138	5428.332842946823
188731	5428.332842946823
189312	5428.332842946823
189895	5428.332842946823
191656	5428.332842946823
192232	5428.332842946823
192810	5428.332842946823
193391	5428.332842946823
193979	5428.332842946823
194555	5428.332842946823
195139	5428.332842946823
195716	5428.332842946823
196303	5428.332842946823
196885	5428.332842946823
197473	5428.332842946823
198065	5428.332842946823
198652	5428.332842946823
199234	5428.332842946823
199816	5428.332842946823
200398	5428.332842946823
200989	5428.332842946823
201575	5428.332842946823
202156	5428.332842946823
202736	5428.332842946823
205282	5428.332842946823
205858	5428.332842946823
206451	5428.332842946823
207033	5428.332842946823
207612	5428.332842946823
208198	5428.332842946823
208782	5428.332842946823
209371	5428.332842946823
209953	5428.332842946823
210547	5428.332842946823
211137	5428.332842946823
211728	5428.332842946823
212306	5428.332842946823
212886	5428.332842946823
213473	5428.332842946823
214063	5428.332842946823
214652	5428.332842946823
215242	5428.332842946823
215832	5428.332842946823
216420	5428.332842946823
218639	5414.04462975301
220957	5356.834753214098
223819	5356.834753194453
224417	5356.834753194453
225003	5356.834753194453
225587	5356.834753194453
226172	5356.834753194453
226755	5356.834753194453
227347	5356.834753194453
227939	5356.834753194453
228527	5356.834753194453
229118	5356.834753194453
229701	5356.834753194453
230288	5356.834753194453
230874	5356.834753194453
231459	5356.834753194453
232055	5356.834753194453
232644	5356.834753194453
233229	5356.834753194453
233819	5356.834753194453
234409	5356.834753194453
234993	5356.834753194453
235578	5356.834753194453
236166	5356.834753194453
236750	5356.834753194453
237333	5356.834753194453
237914	5356.834753194453
238495	5356.834753194453
239073	5356.834753194453
239656	5356.834753194453
241737	5356.834753194453
242307	5356.834753194453
242882	5356.834753194453
243452	5356.834753194453
244030	5356.834753194453
244611	5356.834753194453
245181	5356.834753194453
245763	5356.834753194453
246339	5356.834753194453
246917	5356.834753194453
249509	5356.834753194453
250092	5356.834753194453
250667	5356.834753194453
251242	5356.834753194453
251819	5356.834753194453
252400	5356.834753194453
252982	5356.834753194453
253557	5356.834753194453
254133	5356.834753194453
254709	5356.834753194453
255292	5356.834753194453
255872	5356.834753194453
256453	5356.834753194453
257033	5356.834753194453
257611	5356.834753194453
258186	5356.834753194453
258772	5356.834753194453
259355	5356.834753194453
259935	5356.834753194453
260525	5356.834753194453
262929	5356.834753194453
263510	5356.834753194453
264090	5356.834753194453
264676	5356.834753194453
265256	5356.834753194453
265840	5356.834753194453
266421	5356.834753194453
267010	5356.834753194453
267590	5356.834753194453
268174	5356.834753194453
268769	5356.834753194453
269360	5356.834753194453
269942	5356.834753194453
270529	5356.834753194453
271117	5356.834753194453
271705	5356.834753194453
272287	5356.834753194453
272874	5356.834753194453
273460	5356.834753194453
274045	5356.834753194453
276286	5356.834753194453
276874	5356.834753194453
277461	5356.834753194453
278059	5356.834753194453
278647	5356.834753194453
279244	5356.834753194453
279838	5356.834753194453
280424	5356.834753194453
281013	5356.834753194453
281610	5356.834753194453
282196	5356.834753194453
282790	5356.834753194453
283381	5356.834753194453
283972	5356.834753194453
284569	5356.834753194453
285159	5356.834753194453
285769	5356.834753194453
286366	5356.834753194453
286958	5356.834753194453
287556	5356.834753194453
289619	5299.880225354215
291726	5299.880225330925
292323	5299.880225330925
292927	5299.880225330925
293518	5299.880225330925
294097	5299.880225330925
294687	5299.880225330925
295283	5299.880225330925
295874	5299.880225330925
296461	5299.880225330925
297049	5299.880225330925
297629	5299.880225330925
298213	5299.880225330925
298798	5299.880225330925
299382	5299.880225330925
299959	5299.880225330925
300546	5299.880225330925
301137	5299.880225330925
301716	5299.880225330925
302295	5299.880225330925
304791	5299.880225330925
305379	5299.880225330925
305969	5299.880225330925
306553	5299.880225330925
307137	5299.880225330925
307720	5299.880225330925
308294	5299.880225330925
308875	5299.880225330925
309454	5299.880225330925
310037	5299.880225330925
310617	5299.880225330925
311196	5299.880225330925
311774	5299.880225330925
312352	5299.880225330925
312933	5299.880225330925
313514	5299.880225330925
314087	5299.880225330925
314665	5299.880225330925
315240	5299.880225330925
315819	5299.880225330925
318218	5299.880225330925
318798	5299.880225330925
319378	5299.880225330925
319958	5299.880225330925
320544	5299.880225330925
321128	5299.880225330925
321718	5299.880225330925
322311	5299.880225330925
322900	5299.880225330925
323490	5299.880225330925
324082	5299.880225330925
324668	5299.880225330925
325259	5299.880225330925
325856	5299.880225330925
326438	5299.880225330925
327019	5299.880225330925
327601	5299.880225330925
328183	5299.880225330925
328777	5299.880225330925
329354	5299.880225330925
331142	5299.880225330925
331730	5299.880225330925
332323	5299.880225330925
332924	5299.880225330925
333516	5299.880225330925
334105	5299.880225330925
334697	5299.880225330925
335291	5299.880225330925
335878	5299.880225330925
336464	5299.880225330925
337056	5299.880225330925
337644	5299.880225330925
338241	5299.880225330925
338833	5299.880225330925
339418	5299.880225330925
340005	5299.880225330925
340583	5299.880225330925
341169	5299.880225330925
341754	5299.880225330925
342332	5299.880225330925
345039	5299.880225330925
345620	5299.880225330925
346207	5299.880225330925
346795	5299.880225330925
347381	5299.880225330925
347970	5299.880225330925
348565	5299.880225330925
349160	5299.880225330925
349764	5299.880225330925
350361	5299.880225330925
350956	5299.880225330925
351559	5299.880225330925
352161	5299.880225330925
352751	5299.880225330925
353354	5299.880225330925
353953	5299.880225330925
354553	5299.880225330925
355146	5299.880225330925
355730	5299.880225330925
356332	5299.880225330925
359121	5299.880225330925
359716	5299.880225330925
360299	5299.880225330925
360885	5299.880225330925
361479	5299.880225330925
362072	5299.880225330925
362671	5299.880225330925
363268	5299.880225330925
363855	5299.880225330925
364454	5299.880225330925
366859	5299.880225330925
367458	5299.880225330925
368061	5299.880225330925
368660	5299.880225330925
369253	5299.880225330925
369853	5299.880225330925
370465	5299.880225330925
371065	5299.880225330925
371659	5299.880225330925
372254	5299.880225330925
372858	5299.880225330925
373453	5299.880225330925
374050	5299.880225330925
374651	5299.880225330925
375246	5299.880225330925
375837	5299.880225330925
376432	5299.880225330925
377020	5299.880225330925
377618	5299.880225330925
378212	5299.880225330925
381605	5135.162852537569
387591	5135.155366369556
388182	5135.155366369556
388776	5135.155366369556
389362	5135.155366369556
389955	5135.155366369556
390547	5135.155366369556
391144	5135.155366369556
391732	5135.155366369556
392316	5135.155366369556
392904	5135.155366369556
393499	5135.155366369556
394096	5135.155366369556
394686	5135.155366369556
395282	5135.155366369556
395873	5135.155366369556
396455	5135.155366369556
397053	5135.155366369556
397639	5135.155366369556
398223	5135.155366369556
400394	5102.659082191995
403511	5102.659082153357
404103	5102.659082153357
404697	5102.659082153357
405283	5102.659082153357
405873	5102.659082153357
406460	5102.659082153357
407043	5102.659082153357
407624	5102.659082153357
408214	5102.659082153357
408795	5102.659082153357
409383	5102.659082153357
409975	5102.659082153357
410560	5102.659082153357
411144	5102.659082153357
411732	5102.659082153357
412313	5102.659082153357
412895	5102.659082153357
413476	5102.659082153357
414056	5102.659082153357
420938	5102.659082153357
421514	5102.659082153357
422099	5102.659082153357
422680	5102.659082153357
423263	5102.659082153357
423846	5102.659082153357
424432	5102.659082153357
425011	5102.659082153357
425600	5102.659082153357
426193	5102.659082153357
426788	5102.659082153357
427381	5102.659082153357
427963	5102.659082153357
428555	5102.659082153357
429145	5102.659082153357
429737	5102.659082153357
430326	5102.659082153357
430921	5102.659082153357
431521	5102.659082153357
432113	5102.659082153357
434466	5102.659082153357
435060	5102.659082153357
435658	5102.659082153357
436253	5102.659082153357
436853	5102.659082153357
437438	5102.659082153357
438025	5102.659082153357
438619	5102.659082153357
439208	5102.659082153357
439801	5102.659082153357
440388	5102.659082153357
440978	5102.659082153357
441566	5102.659082153357
442155	5102.659082153357
442750	5102.659082153357
443338	5102.659082153357
443936	5102.659082153357
444526	5102.659082153357
445103	5102.659082153357
445694	5102.659082153357
452682	5102.659082153357
453276	5102.659082153357
453867	5102.659082153357
454465	5102.659082153357
455062	5102.659082153357
455650	5102.659082153357
456245	5102.659082153357
456831	5102.659082153357
457418	5102.659082153357
458005	5102.659082153357
458596	5102.659082153357
459189	5102.659082153357
459781	5102.659082153357
460361	5102.659082153357
460951	5102.659082153357
461535	5102.659082153357
462123	5102.659082153357
462717	5102.659082153357
463309	5102.659082153357
463900	5102.659082153357
467545	5102.659082153357
468138	5102.659082153357
468730	5102.659082153357
469314	5102.659082153357
469897	5102.659082153357
470483	5102.659082153357
471075	5102.659082153357
471672	5102.659082153357
472259	5102.659082153357
472856	5102.659082153357
473451	5102.659082153357
474050	5102.659082153357
474636	5102.659082153357
475224	5102.659082153357
475817	5102.659082153357
476404	5102.659082153357
476993	5102.659082153357
477582	5102.659082153357
478171	5102.659082153357
478767	5102.659082153357
486021	5102.659082153357
486615	5102.659082153357
487212	5102.659082153357
487802	5102.659082153357
488397	5102.659082153357
488989	5102.659082153357
489576	5102.659082153357
490173	5102.659082153357
490766	5102.659082153357
491356	5102.659082153357
494023	5102.659082153357
494614	5102.659082153357
495212	5102.659082153357
495808	5102.659082153357
496401	5102.659082153357
496987	5102.659082153357
497562	5102.659082153357
498150	5102.659082153357
498740	5102.659082153357
499338	5102.659082153357
499923	5102.659082153357
500510	5102.659082153357
