500	22585006233.510395
10352	19633.17386475106
11614	19633.00955985123
12881	19632.874449144463
14140	19632.740631913544
15401	19632.607578559866
16656	19632.475206621333
17915	19632.343375884553
19174	19632.212029335762
20427	19632.08132072551
21682	19631.95111798261
22938	19631.821313717213
24197	19631.691959987194
25443	19631.563100057152
26702	19631.434613022884
27954	19631.306396855707
29208	19631.17865721495
30466	19631.05125193379
31718	19630.924124107227
32977	19630.797198370394
34230	19630.670661955875
35487	19630.544384495646
36742	19630.418311551806
37994	19630.292376479072
39247	19630.166765452628
40505	19630.04135327809
41759	19629.916094989407
43004	19629.790909107633
44258	19629.66600352643
45509	19629.541249944512
46747	19629.41662659962
47981	19629.29199340362
51668	7971.26337183867
54937	7829.075231550719
56170	7828.957729735651
57410	7828.89845833647
58652	7828.843147685365
59895	7828.787530276149
61138	7828.733810159194
62396	7828.680036480173
63631	7828.626082003476
64872	7828.573298390294
66121	7828.520452381546
67365	7828.468389499155
68605	7828.417089006044
69843	7828.365212752233
71092	7828.3149418326375
72324	7828.264578280812
73561	7828.214454062243
74796	7828.164799827268
76035	7828.115225304148
77270	7828.065843530855
78516	7828.017375781128
79754	7827.969043345105
80984	7827.92135125485
82225	7827.872861354912
83458	7827.825156378219
84710	7827.778004065494
85953	7827.72995923314
87211	7827.683524760323
88445	7827.63764728294
89693	7827.591100684956
90923	7827.544782846717
92159	7827.499106872971
93401	7827.4531099961305
94636	7827.407206303817
95880	7827.36173021967
97124	7827.316987540872
98363	7827.27195097699
99602	7827.226722753502
100839	7827.182307254364
102067	7827.1370272621925
103291	7827.093234391588
104519	7827.048358284541
105754	7827.004668162749
106978	7826.960201433589
108213	7826.916240791654
109440	7826.872151145635
110684	7826.828697154232
111908	7826.785609362352
113142	7826.741016186418
114379	7826.697927898036
115618	7826.653863643891
116858	7826.611013442359
118087	7826.567877611516
119316	7826.524702193104
120544	7826.481738404087
121773	7826.438555717822
123009	7826.395047403981
124242	7826.35253161807
125466	7826.308809957397
126692	7826.266590952951
127909	7826.2230215242325
129137	7826.180978498487
130357	7826.138317284574
131582	7826.095161102628
132811	7826.053494120052
134029	7826.010459379051
135261	7825.968543305052
136488	7825.925174191692
137718	7825.883718602909
138939	7825.84118723627
140162	7825.799001684131
141389	7825.756713103359
142613	7825.714289618912
143836	7825.6721252714815
145061	7825.629498870733
146293	7825.587481348771
147515	7825.545445262647
148740	7825.5029932911575
149958	7825.461098867205
151181	7825.418874717517
152406	7825.377111513178
153632	7825.334931365404
154854	7825.292758909788
156079	7825.250093189424
157307	7825.208551219919
158531	7825.166619818088
159754	7825.124481778116
160980	7825.083343997565
162199	7825.041375728869
163419	7824.998443933705
164651	7824.95694096904
165871	7824.9148674689695
167091	7824.873708084904
168314	7824.832221551993
169545	7824.789338577482
170766	7824.748204618113
171988	7824.706332574786
173208	7824.664500039152
174428	7824.6223172919335
175648	7824.5810486072505
176872	7824.538651461144
178091	7824.497173750979
179313	7824.454871856904
180538	7824.413987159472
181764	7824.371729521809
182987	7824.330694409572
184216	7824.28827791284
185439	7824.246760994405
186656	7824.204901432365
187884	7824.162868420305
189107	7824.121693555004
190330	7824.080052878121
191551	7824.037949479974
192774	7823.996015976977
193995	7823.954644330071
195214	7823.912726890771
196441	7823.871683246674
197672	7823.82861969507
198904	7823.787488699688
200134	7823.746214969722
201354	7823.704552810022
202593	7823.6626549077
203818	7823.621630920632
205042	7823.579035485103
206275	7823.537716998139
207505	7823.495803130171
208738	7823.453911686382
209971	7823.412983205153
211201	7823.371368533212
212430	7823.3294634931135
213659	7823.287464636126
214900	7823.246247856124
216138	7823.203844792575
217369	7823.162743882156
218588	7823.120665135211
219816	7823.079117010896
221043	7823.037261957544
222271	7822.996448584446
223492	7822.9546121568055
224719	7822.913213819052
225941	7822.871189291723
227169	7822.829985777038
228393	7822.787529757621
229618	7822.745361446324
230856	7822.704834616034
232086	7822.662174283446
233311	7822.621981085028
234541	7822.579840399538
235767	7822.5382113257
236993	7822.496133434803
238221	7822.454625092351
239450	7822.412637921913
240682	7822.371539079226
241914	7822.330036777186
243144	7822.287971132004
244368	7822.246662991231
245592	7822.205029017943
246820	7822.162523052374
248048	7822.121307027289
249279	7822.07992528546
250509	7822.038164555633
251743	7821.997190526523
252980	7821.955158646496
254209	7821.91300545058
255277	7819.427889466656
259577	7819.427889466656
260647	7816.594035970448
261710	7816.594035970448
264665	7816.594035970448
266359	7815.512526944965
267422	7814.507706609997
268491	7813.721678529541
272803	7813.721678529541
273864	7807.643394171411
274935	7806.537553345383
277347	7806.537553345383
278423	7798.674408921921
282589	7798.674408921921
283650	7798.076087094449
284706	7796.147726119077
285771	7794.749192651011
295201	7794.749192651011
296265	7792.729634036401
297331	7790.105858454245
298392	7783.68808298396
299472	7783.68808298396
304324	7783.68808298396
305389	7778.221506751414
306451	7775.672520699032
313252	7775.672520699032
314322	7773.004325798753
315387	7770.524793280929
316460	7765.962007622551
317532	7762.955614072244
318602	7761.8839853433565
319667	7759.491344835972
320736	7756.830839023512
321803	7754.8368358613825
322869	7753.060717030147
323938	7751.61546679323
325007	7745.589045100012
326086	7743.257313711128
327154	7739.173342807593
328224	7737.335513384516
329289	7736.341420704976
330367	7733.693836482041
331438	7733.1735404871
332511	7730.508970583316
333601	7727.810405645054
334687	7726.924541333808
335762	7724.283596963079
336836	7721.418301103423
337918	7719.713963221883
339026	7718.760849891803
340097	7718.347190667379
341194	7715.654338804798
342290	7715.3365298939525
343385	7711.323987511451
344480	7710.224290053373
345587	7705.851880044441
346694	7705.563285818855
347794	7702.620209847051
348902	7702.103473374154
350008	7701.170630206286
351115	7699.419843513917
352228	7698.037527746117
353338	7696.5366353429245
354461	7694.00658720092
355742	7683.957602977611
357026	7682.419526401732
358242	7682.328613113531
359471	7680.850162237981
360707	7677.904471824067
361972	7675.600155060756
363211	7673.309325315576
364472	7671.543329908993
365725	7670.475910520244
366982	7668.717765868909
368233	7667.173958025716
369504	7665.64954664885
370769	7664.187451921776
372030	7663.35757354651
373286	7662.203320121016
374534	7661.726884866657
375796	7661.058829585365
377049	7660.147979009468
378298	7659.569018911531
379559	7658.892480287581
380814	7658.206530885703
382074	7658.0875477028985
383334	7657.842771053078
384588	7657.491766015761
385839	7657.125323422155
387083	7657.033139186043
388333	7656.815754616638
389589	7656.7836533333375
390854	7656.398227883699
392096	7656.384158672461
393347	7656.229516408921
394588	7656.15526844949
395832	7655.949788480572
397086	7655.80181458576
398327	7655.80181458576
399568	7655.602303372895
400819	7655.517543659529
402069	7655.517543659529
403307	7655.487646962994
404566	7655.451710951067
405817	7655.279486798138
407061	7654.936047879822
408311	7654.806404138506
409571	7654.592302641761
410826	7654.3489348176845
412084	7654.281644477938
413329	7654.062206325076
414582	7653.841930262498
415839	7653.727216530398
417089	7653.585399246441
418355	7653.401790093534
419600	7653.323422873203
420844	7653.290722077652
422100	7653.2042753250935
423334	7653.087828495877
424581	7653.087828495877
425831	7653.009043860163
427090	7652.9376520244605
428335	7652.83903406947
429598	7652.762011666662
430855	7652.682031547632
432099	7652.574904116778
433349	7652.395198899838
434597	7652.395198899838
435852	7652.395198899838
437100	7652.395198899838
438350	7652.378393892245
439594	7652.296880178933
440849	7652.2592064891915
442108	7652.24465396948
443353	7652.231068363987
444604	7652.191772228787
445847	7652.162826395492
447092	7652.094337281075
448344	7652.073026930698
449594	7652.043192196503
450840	7652.043192196503
452091	7651.95635087947
453344	7651.937404053998
454600	7651.8689691182435
455845	7651.8689691182435
457091	7651.839660656267
458337	7651.801937913555
459591	7651.762220585132
460836	7651.762220585132
462085	7651.762220585132
463338	7651.759639261108
464582	7651.759639261108
465834	7651.717513727861
467082	7651.712472840326
468327	7651.685222205007
469574	7651.659394870565
470834	7651.614936133102
472090	7651.614936133102
473341	7651.614936133102
474577	7651.5991757638885
475812	7651.5991757638885
477042	7651.5991757638885
478277	7651.5991757638885
479523	7651.592512301905
480771	7651.580764563143
482012	7651.577471871616
483242	7651.573665322492
484483	7651.541543029245
485710	7651.541543029245
486951	7651.541543029245
488200	7651.541543029245
489431	7651.536979935004
490661	7651.536979935004
491892	7651.536979935004
493135	7651.536979935004
494389	7651.527199913792
495639	7651.5228685882985
496873	7651.511198351607
498123	7651.472332350803
499371	7651.446691536686
500612	7651.446691536686
