500	17028277745.70185
1094	10496872496.42245
1680	3896773879.848698
2272	2879583597.012653
2864	995221989.6985495
3464	743605892.1023562
4058	430540915.29389656
4655	83101546.1427443
5237	68312886.82547948
5833	43618642.413506486
6424	31079985.729846366
7014	16125803.12698857
7608	7576626.406546051
8192	3971687.570845831
8785	2472320.3220447428
9370	1495042.64370506
9957	757574.3251465627
10539	667981.2472149295
11126	520934.3627909129
11713	435474.1587352973
12302	345961.91902559996
12882	223350.7441417258
13470	204440.8026101929
14052	187148.76247999584
14637	138219.22623340655
15215	102276.49757473616
15802	95504.75753919815
16382	82513.73149936754
16976	43936.85171327651
17563	36533.938093902776
18150	32271.416519814557
18734	27466.636247156905
19328	22704.852149643284
19908	19423.73178905472
20499	17146.311846392455
21091	15344.78686103367
21684	15215.640655750918
22278	14245.48484975495
22858	14204.556218067995
23442	13711.360954765601
24020	12849.507318236683
29422	8874.281993715114
59391	1630.824411618526
59976	1630.824411618526
60549	1630.824411618526
61130	1630.824411618526
61706	1630.824411618526
62290	1630.824411618526
62865	1630.824411618526
63436	1630.824411618526
64013	1630.824411618526
64588	1630.824411618526
65161	1630.824411618526
65736	1630.824411618526
66303	1630.824411618526
66872	1630.824411618526
67448	1630.824411618526
68018	1630.824411618526
68587	1630.824411618526
69158	1630.824411618526
69724	1630.824411618526
87686	1630.824411618526
88257	1630.824411618526
88828	1630.824411618526
89403	1630.824411618526
89977	1630.824411618526
90547	1630.824411618526
91115	1630.824411618526
91684	1630.824411618526
92257	1630.824411618526
92829	1630.824411618526
93401	1630.824411618526
93967	1630.824411618526
94530	1630.824411618526
95093	1630.824411618526
95664	1630.824411618526
96228	1630.824411618526
96789	1630.824411618526
97351	1630.824411618526
97912	1630.824411618526
98471	1630.824411618526
117837	1630.824411618526
118400	1630.824411618526
118960	1630.824411618526
119519	1630.824411618526
120081	1630.824411618526
120642	1630.824411618526
121204	1630.824411618526
121764	1630.824411618526
122326	1630.824411618526
122896	1630.824411618526
123458	1630.824411618526
124020	1630.824411618526
124581	1630.824411618526
125142	1630.824411618526
125710	1630.824411618526
126269	1630.824411618526
126828	1630.824411618526
127387	1630.824411618526
127948	1630.824411618526
128509	1630.824411618526
137229	1630.824411618526
137788	1630.824411618526
138350	1630.824411618526
138913	1630.824411618526
139473	1630.824411618526
140031	1630.824411618526
140595	1630.824411618526
141158	1630.824411618526
141722	1630.824411618526
142288	1630.824411618526
142847	1630.824411618526
143410	1630.824411618526
143970	1630.824411618526
144533	1630.824411618526
145098	1630.824411618526
145659	1630.824411618526
146221	1630.824411618526
146783	1630.824411618526
147350	1630.824411618526
147913	1630.824411618526
164706	1630.824411618526
165269	1630.824411618526
165830	1630.824411618526
166391	1630.824411618526
166955	1630.824411618526
167519	1630.824411618526
168084	1630.824411618526
168646	1630.824411618526
169207	1630.824411618526
169769	1630.824411618526
170335	1630.824411618526
170901	1630.824411618526
171466	1630.824411618526
172037	1630.824411618526
172610	1630.824411618526
173181	1630.824411618526
173755	1630.824411618526
174326	1630.824411618526
174895	1630.824411618526
175463	1630.824411618526
189405	1630.824411618526
189973	1630.824411618526
190542	1630.824411618526
191116	1630.824411618526
191684	1630.824411618526
192253	1630.824411618526
192825	1630.824411618526
193405	1630.824411618526
193984	1630.824411618526
194560	1630.824411618526
200255	1630.824411618526
200831	1630.824411618526
201414	1630.824411618526
201991	1630.824411618526
202564	1630.824411618526
203133	1630.824411618526
203704	1630.824411618526
204272	1630.824411618526
204841	1630.824411618526
205413	1630.824411618526
205983	1630.824411618526
206557	1630.824411618526
207126	1630.824411618526
207695	1630.824411618526
208267	1630.824411618526
208842	1630.824411618526
209406	1630.824411618526
209971	1630.824411618526
210534	1630.824411618526
211105	1630.824411618526
213810	1630.824411618526
214378	1630.824411618526
214942	1630.824411618526
215510	1630.824411618526
216076	1630.824411618526
216643	1630.824411618526
217212	1630.824411618526
217784	1630.824411618526
218350	1630.824411618526
218917	1630.824411618526
219483	1630.824411618526
220043	1630.824411618526
220607	1630.824411618526
221171	1630.824411618526
221734	1630.824411618526
222300	1630.824411618526
222864	1630.824411618526
223428	1630.824411618526
223999	1630.824411618526
224565	1630.824411618526
227176	1630.824411618526
227738	1630.824411618526
228300	1630.824411618526
228863	1630.824411618526
229426	1630.824411618526
229990	1630.824411618526
230554	1630.824411618526
231116	1630.824411618526
231682	1630.824411618526
232243	1630.824411618526
232809	1630.824411618526
233370	1630.824411618526
233930	1630.824411618526
234494	1630.824411618526
235061	1630.824411618526
235628	1630.824411618526
236195	1630.824411618526
236767	1630.824411618526
237339	1630.824411618526
237910	1630.824411618526
240524	1630.824411618526
241094	1630.824411618526
241674	1630.824411618526
242246	1630.824411618526
242818	1630.824411618526
243396	1630.824411618526
243969	1630.824411618526
244545	1630.824411618526
245132	1630.824411618526
245718	1630.824411618526
246308	1630.824411618526
246899	1630.824411618526
247492	1630.824411618526
248071	1630.824411618526
248651	1630.824411618526
249240	1630.824411618526
249822	1630.824411618526
250404	1630.824411618526
250988	1630.824411618526
251573	1630.824411618526
257515	1625.5589632004226
261948	1625.5589632004226
262544	1625.5589632004226
263135	1625.5589632004226
263730	1625.5589632004226
264319	1625.5589632004226
264903	1625.5589632004226
265505	1625.5589632004226
266104	1625.5589632004226
266702	1625.5589632004226
267301	1625.5589632004226
267893	1625.5589632004226
268487	1625.5589632004226
269080	1625.5589632004226
269675	1625.5589632004226
270265	1625.5589632004226
270860	1625.5589632004226
271442	1625.5589632004226
272027	1625.5589632004226
272620	1625.5589632004226
274689	1596.3727121493837
278179	1595.40815165079
290649	1595.0821071854564
291221	1595.0821071854564
291799	1595.0821071854564
292373	1595.0821071854564
292945	1595.0821071854564
293512	1595.0821071854564
294082	1595.0821071854564
294653	1595.0821071854564
295227	1595.0821071854564
295794	1595.0821071854564
296365	1595.0821071854564
296932	1595.0821071854564
297496	1595.0821071854564
298072	1595.0821071854564
298642	1595.0821071854564
299207	1595.0821071854564
299776	1595.0821071854564
300349	1595.0821071854564
300918	1595.0821071854564
301488	1595.0821071854564
302058	1595.0821071854564
302632	1595.0821071854564
303209	1595.0821071854564
303784	1595.0821071854564
304353	1595.0821071854564
304922	1595.0821071854564
305492	1595.0821071854564
306058	1595.0821071854564
308561	1595.0821071854564
309128	1595.0821071854564
309698	1595.0821071854564
310268	1595.0821071854564
310831	1595.0821071854564
311399	1595.0821071854564
311966	1595.0821071854564
312530	1595.0821071854564
313093	1595.0821071854564
313654	1595.0821071854564
316311	1595.0821071854564
316875	1595.0821071854564
317436	1595.0821071854564
317998	1595.0821071854564
318558	1595.0821071854564
319119	1595.0821071854564
319679	1595.0821071854564
320242	1595.0821071854564
320801	1595.0821071854564
321357	1595.0821071854564
321916	1595.0821071854564
322473	1595.0821071854564
323030	1595.0821071854564
323585	1595.0821071854564
324146	1595.0821071854564
324703	1595.0821071854564
325260	1595.0821071854564
325818	1595.0821071854564
326379	1595.0821071854564
326938	1595.0821071854564
329488	1595.0821071854564
330046	1595.0821071854564
330604	1595.0821071854564
331159	1595.0821071854564
331720	1595.0821071854564
332276	1595.0821071854564
332834	1595.0821071854564
333393	1595.0821071854564
333950	1595.0821071854564
334508	1595.0821071854564
335062	1595.0821071854564
335620	1595.0821071854564
336174	1595.0821071854564
336728	1595.0821071854564
337284	1595.0821071854564
337846	1595.0821071854564
338405	1595.0821071854564
338962	1595.0821071854564
339520	1595.0821071854564
340079	1595.0821071854564
343503	1595.0821071854564
344058	1595.0821071854564
344614	1595.0821071854564
345171	1595.0821071854564
345728	1595.0821071854564
346290	1595.0821071854564
346850	1595.0821071854564
347407	1595.0821071854564
347963	1595.0821071854564
348521	1595.0821071854564
349082	1595.0821071854564
349644	1595.0821071854564
350204	1595.0821071854564
350769	1595.0821071854564
351329	1595.0821071854564
351891	1595.0821071854564
352452	1595.0821071854564
353012	1595.0821071854564
353571	1595.0821071854564
354129	1595.0821071854564
356786	1595.0821071854564
357350	1595.0821071854564
357914	1595.0821071854564
358478	1595.0821071854564
359043	1595.0821071854564
359604	1595.0821071854564
360166	1595.0821071854564
360727	1595.0821071854564
361287	1595.0821071854564
361846	1595.0821071854564
362405	1595.0821071854564
362968	1595.0821071854564
363530	1595.0821071854564
364089	1595.0821071854564
364651	1595.0821071854564
365210	1595.0821071854564
365767	1595.0821071854564
366324	1595.0821071854564
366883	1595.0821071854564
367448	1595.0821071854564
370119	1595.0821071854564
370683	1595.0821071854564
371243	1595.0821071854564
371803	1595.0821071854564
372364	1595.0821071854564
372926	1595.0821071854564
373487	1595.0821071854564
374052	1595.0821071854564
374615	1595.0821071854564
375173	1595.0821071854564
377724	1595.0821071854564
378285	1595.0821071854564
378841	1595.0821071854564
379400	1595.0821071854564
379958	1595.0821071854564
380514	1595.0821071854564
381070	1595.0821071854564
381629	1595.0821071854564
382185	1595.0821071854564
382743	1595.0821071854564
383299	1595.0821071854564
383857	1595.0821071854564
384418	1595.0821071854564
384980	1595.0821071854564
385536	1595.0821071854564
386099	1595.0821071854564
386663	1595.0821071854564
387223	1595.0821071854564
387778	1595.0821071854564
388335	1595.0821071854564
390991	1595.0821071854564
391553	1595.0821071854564
392112	1595.0821071854564
392671	1595.0821071854564
393231	1595.0821071854564
393787	1595.0821071854564
394344	1595.0821071854564
394898	1595.0821071854564
395454	1595.0821071854564
396008	1595.0821071854564
396566	1595.0821071854564
397126	1595.0821071854564
397685	1595.0821071854564
398241	1595.0821071854564
398802	1595.0821071854564
399359	1595.0821071854564
399916	1595.0821071854564
400475	1595.0821071854564
401033	1595.0821071854564
401589	1595.0821071854564
404102	1595.0821071854564
404661	1595.0821071854564
405220	1595.0821071854564
405776	1595.0821071854564
406331	1595.0821071854564
406887	1595.0821071854564
407442	1595.0821071854564
407995	1595.0821071854564
408550	1595.0821071854564
409104	1595.0821071854564
409662	1595.0821071854564
410219	1595.0821071854564
410774	1595.0821071854564
411331	1595.0821071854564
411892	1595.0821071854564
412452	1595.0821071854564
413012	1595.0821071854564
413569	1595.0821071854564
414125	1595.0821071854564
414685	1595.0821071854564
416625	1594.7035997322655
419376	1594.7035995864144
419935	1594.7035995864144
420494	1594.7035995864144
421052	1594.7035995864144
421612	1594.7035995864144
422173	1594.7035995864144
422730	1594.7035995864144
423290	1594.7035995864144
423849	1594.7035995864144
424407	1594.7035995864144
424965	1594.7035995864144
425523	1594.7035995864144
426086	1594.7035995864144
426648	1594.7035995864144
427211	1594.7035995864144
427770	1594.7035995864144
428331	1594.7035995864144
428893	1594.7035995864144
429458	1594.7035995864144
432123	1594.7035995864144
432686	1594.7035995864144
433250	1594.7035995864144
433811	1594.7035995864144
434374	1594.7035995864144
434937	1594.7035995864144
435497	1594.7035995864144
436060	1594.7035995864144
436627	1594.7035995864144
437198	1594.7035995864144
437759	1594.7035995864144
438323	1594.7035995864144
438885	1594.7035995864144
439450	1594.7035995864144
440012	1594.7035995864144
440571	1594.7035995864144
441132	1594.7035995864144
441697	1594.7035995864144
442262	1594.7035995864144
442822	1594.7035995864144
445329	1594.7035995864144
445888	1594.7035995864144
446444	1594.7035995864144
447004	1594.7035995864144
447561	1594.7035995864144
448121	1594.7035995864144
448681	1594.7035995864144
449240	1594.7035995864144
449799	1594.7035995864144
450360	1594.7035995864144
450922	1594.7035995864144
451483	1594.7035995864144
452042	1594.7035995864144
452604	1594.7035995864144
453161	1594.7035995864144
453720	1594.7035995864144
454280	1594.7035995864144
454839	1594.7035995864144
455396	1594.7035995864144
455958	1594.7035995864144
459530	1594.7035995864144
460092	1594.7035995864144
460650	1594.7035995864144
461210	1594.7035995864144
461768	1594.7035995864144
462328	1594.7035995864144
462888	1594.7035995864144
463446	1594.7035995864144
464003	1594.7035995864144
464557	1594.7035995864144
465114	1594.7035995864144
465673	1594.7035995864144
466234	1594.7035995864144
466796	1594.7035995864144
467354	1594.7035995864144
467913	1594.7035995864144
468476	1594.7035995864144
469036	1594.7035995864144
469597	1594.7035995864144
470150	1594.7035995864144
472694	1594.7035995864144
473252	1594.7035995864144
473811	1594.7035995864144
474371	1594.7035995864144
474926	1594.7035995864144
475482	1594.7035995864144
476037	1594.7035995864144
476590	1594.7035995864144
477148	1594.7035995864144
477701	1594.7035995864144
478257	1594.7035995864144
478815	1594.7035995864144
479373	1594.7035995864144
479928	1594.7035995864144
480486	1594.7035995864144
481046	1594.7035995864144
481602	1594.7035995864144
482159	1594.7035995864144
482715	1594.7035995864144
483272	1594.7035995864144
485359	1593.3186289819337
488214	1593.31862767956
488775	1593.31862767956
489329	1593.31862767956
489884	1593.31862767956
490445	1593.31862767956
491003	1593.31862767956
491562	1593.31862767956
492120	1593.31862767956
492678	1593.31862767956
493237	1593.31862767956
493799	1593.31862767956
494360	1593.31862767956
494923	1593.31862767956
495490	1593.31862767956
496056	1593.31862767956
496622	1593.31862767956
497190	1593.31862767956
497755	1593.31862767956
498316	1593.31862767956
501853	1593.31862767956
