500	19977081420.05558
1088	3833580706.683297
1671	3833580706.683297
2251	1466281400.5944777
2829	623780882.4808015
3406	414817564.5027805
3982	111480234.20753245
4558	111480234.20753245
5132	75705500.6010692
5707	23295413.7185857
6280	22015610.806347135
6854	10387869.671863377
7427	8613059.69477429
7999	4135695.9834974194
8571	2643135.4504570477
9137	1616734.2704845343
9706	898244.3929953575
10274	641110.6163488836
10844	265944.7685267624
11412	219613.18852415332
11980	173749.9270174547
12550	157763.8186705545
13113	120244.96682831983
13680	120244.96682831983
14245	101107.1806394514
14809	83625.64505045733
15378	81280.74353494012
15942	70182.59070999165
16507	52053.783825799306
17075	52053.783825799306
17643	49856.68571224496
18209	34246.552807238855
18775	34246.552807238855
19338	34246.552807238855
19904	30182.680941306608
20470	25447.471178866177
21036	24476.04347888293
21598	20535.306088247096
22160	18557.025261579245
22722	18557.025261579245
23287	17634.280657940006
54242	1769.8642627613
54810	1769.8642627613
55377	1769.8642627613
55939	1769.8642627613
56507	1769.8642627613
57072	1769.8642627613
57636	1769.8642627613
58200	1769.8642627613
58767	1769.8642627613
59332	1769.8642627613
59895	1769.8642627613
60458	1769.8642627613
61020	1769.8642627613
61590	1769.8642627613
62154	1769.8642627613
62716	1769.8642627613
63284	1769.8642627613
63847	1769.8642627613
64413	1769.8642627613
64978	1769.8642627613
83555	1769.8642627613
84119	1769.8642627613
84688	1769.8642627613
85252	1769.8642627613
85816	1769.8642627613
86382	1769.8642627613
86950	1769.8642627613
87519	1769.8642627613
88086	1769.8642627613
88646	1769.8642627613
89209	1769.8642627613
89774	1769.8642627613
90335	1769.8642627613
90900	1769.8642627613
91468	1769.8642627613
92030	1769.8642627613
92595	1769.8642627613
93158	1769.8642627613
93719	1769.8642627613
94282	1769.8642627613
114310	1769.8642627613
114875	1769.8642627613
115437	1769.8642627613
116000	1769.8642627613
116562	1769.8642627613
117125	1769.8642627613
117688	1769.8642627613
118251	1769.8642627613
118815	1769.8642627613
119379	1769.8642627613
119942	1769.8642627613
120506	1769.8642627613
121070	1769.8642627613
121636	1769.8642627613
122197	1769.8642627613
122762	1769.8642627613
123329	1769.8642627613
123893	1769.8642627613
124458	1769.8642627613
125021	1769.8642627613
142302	1769.8642627613
142863	1769.8642627613
143420	1769.8642627613
143979	1769.8642627613
144539	1769.8642627613
145097	1769.8642627613
145657	1769.8642627613
146218	1769.8642627613
146778	1769.8642627613
147343	1769.8642627613
147907	1769.8642627613
148471	1769.8642627613
149037	1769.8642627613
149599	1769.8642627613
150164	1769.8642627613
150724	1769.8642627613
151284	1769.8642627613
151844	1769.8642627613
152407	1769.8642627613
152966	1769.8642627613
170899	1769.8642627613
171456	1769.8642627613
172020	1769.8642627613
172578	1769.8642627613
173137	1769.8642627613
173694	1769.8642627613
174251	1769.8642627613
174813	1769.8642627613
175374	1769.8642627613
175937	1769.8642627613
176495	1769.8642627613
177053	1769.8642627613
177618	1769.8642627613
178178	1769.8642627613
178736	1769.8642627613
179294	1769.8642627613
179854	1769.8642627613
180413	1769.8642627613
180972	1769.8642627613
181531	1769.8642627613
199457	1769.8642627613
200014	1769.8642627613
200569	1769.8642627613
201126	1769.8642627613
201686	1769.8642627613
202242	1769.8642627613
202799	1769.8642627613
203358	1769.8642627613
203918	1769.8642627613
204474	1769.8642627613
210612	1756.8869856965134
239855	1704.3005288204185
240415	1704.3005288204185
240975	1704.3005288204185
241536	1704.3005288204185
242099	1704.3005288204185
242660	1704.3005288204185
243219	1704.3005288204185
243776	1704.3005288204185
244336	1704.3005288204185
244893	1704.3005288204185
245455	1704.3005288204185
246016	1704.3005288204185
246581	1704.3005288204185
247142	1704.3005288204185
247703	1704.3005288204185
248263	1704.3005288204185
248825	1704.3005288204185
249383	1704.3005288204185
249940	1704.3005288204185
267890	1704.3005288204185
268454	1704.3005288204185
269019	1704.3005288204185
269586	1704.3005288204185
270149	1704.3005288204185
270713	1704.3005288204185
271272	1704.3005288204185
271834	1704.3005288204185
272396	1704.3005288204185
272962	1704.3005288204185
273526	1704.3005288204185
274088	1704.3005288204185
274649	1704.3005288204185
275212	1704.3005288204185
275777	1704.3005288204185
276342	1704.3005288204185
276907	1704.3005288204185
277473	1704.3005288204185
278037	1704.3005288204185
278604	1704.3005288204185
296649	1704.3005288204185
297213	1704.3005288204185
297779	1704.3005288204185
298345	1704.3005288204185
298912	1704.3005288204185
299480	1704.3005288204185
300046	1704.3005288204185
300614	1704.3005288204185
301176	1704.3005288204185
301743	1704.3005288204185
302313	1704.3005288204185
302879	1704.3005288204185
303447	1704.3005288204185
304014	1704.3005288204185
304582	1704.3005288204185
305151	1704.3005288204185
305721	1704.3005288204185
306287	1704.3005288204185
306855	1704.3005288204185
307424	1704.3005288204185
325410	1704.3005288204185
325975	1704.3005288204185
326539	1704.3005288204185
327104	1704.3005288204185
327671	1704.3005288204185
328238	1704.3005288204185
328807	1704.3005288204185
329374	1704.3005288204185
329943	1704.3005288204185
330506	1704.3005288204185
331073	1704.3005288204185
331640	1704.3005288204185
332205	1704.3005288204185
332771	1704.3005288204185
333337	1704.3005288204185
333901	1704.3005288204185
334467	1704.3005288204185
335032	1704.3005288204185
335599	1704.3005288204185
336164	1704.3005288204185
356095	1704.3005288204185
356656	1704.3005288204185
357215	1704.3005288204185
357778	1704.3005288204185
358341	1704.3005288204185
358903	1704.3005288204185
359468	1704.3005288204185
360027	1704.3005288204185
360589	1704.3005288204185
361149	1704.3005288204185
361711	1704.3005288204185
362274	1704.3005288204185
362833	1704.3005288204185
363394	1704.3005288204185
363957	1704.3005288204185
364522	1704.3005288204185
365083	1704.3005288204185
365646	1704.3005288204185
366208	1704.3005288204185
366771	1704.3005288204185
384151	1704.3005288204185
384712	1704.3005288204185
385272	1704.3005288204185
385838	1704.3005288204185
386399	1704.3005288204185
386965	1704.3005288204185
387529	1704.3005288204185
388093	1704.3005288204185
388655	1704.3005288204185
389217	1704.3005288204185
391783	1704.2469100311703
397093	1681.1644457486623
399338	1680.5355580730084
401641	1680.0397037701432
406335	1680.0397029581952
406899	1680.0397029581952
411755	1678.5672440832802
412319	1678.5672440832802
412881	1678.5672440832802
413442	1678.5672440832802
414005	1678.5672440832802
414563	1678.5672440832802
415123	1678.5672440832802
415680	1678.5672440832802
416238	1678.5672440832802
416798	1678.5672440832802
417360	1678.5672440832802
417917	1678.5672440832802
418475	1678.5672440832802
419031	1678.5672440832802
419588	1678.5672440832802
420145	1678.5672440832802
420705	1678.5672440832802
421261	1678.5672440832802
421815	1678.5672440832802
422370	1678.5672440832802
422928	1678.5672440832802
423487	1678.5672440832802
424048	1678.5672440832802
424608	1678.5672440832802
428222	1678.5672440832802
428781	1678.5672440832802
429339	1678.5672440832802
429896	1678.5672440832802
430457	1678.5672440832802
431016	1678.5672440832802
431575	1678.5672440832802
432135	1678.5672440832802
432695	1678.5672440832802
433253	1678.5672440832802
433811	1678.5672440832802
434369	1678.5672440832802
434928	1678.5672440832802
435488	1678.5672440832802
436049	1678.5672440832802
436610	1678.5672440832802
437169	1678.5672440832802
437730	1678.5672440832802
438293	1678.5672440832802
438853	1678.5672440832802
443741	1678.5672440832802
444303	1678.5672440832802
444866	1678.5672440832802
445432	1678.5672440832802
445994	1678.5672440832802
446556	1678.5672440832802
447119	1678.5672440832802
447684	1678.5672440832802
448250	1678.5672440832802
448816	1678.5672440832802
449380	1678.5672440832802
449945	1678.5672440832802
450510	1678.5672440832802
451076	1678.5672440832802
451643	1678.5672440832802
452211	1678.5672440832802
452778	1678.5672440832802
453343	1678.5672440832802
453909	1678.5672440832802
454476	1678.5672440832802
458057	1678.5672440832802
458622	1678.5672440832802
459187	1678.5672440832802
459751	1678.5672440832802
460316	1678.5672440832802
460880	1678.5672440832802
461442	1678.5672440832802
462005	1678.5672440832802
462567	1678.5672440832802
463127	1678.5672440832802
466798	1678.5672440832802
467356	1678.5672440832802
467916	1678.5672440832802
468473	1678.5672440832802
469032	1678.5672440832802
469591	1678.5672440832802
470149	1678.5672440832802
470708	1678.5672440832802
471266	1678.5672440832802
471824	1678.5672440832802
472381	1678.5672440832802
472943	1678.5672440832802
473506	1678.5672440832802
474064	1678.5672440832802
474624	1678.5672440832802
475181	1678.5672440832802
475740	1678.5672440832802
476299	1678.5672440832802
476857	1678.5672440832802
477418	1678.5672440832802
482317	1678.5672440832802
482879	1678.5672440832802
483439	1678.5672440832802
484001	1678.5672440832802
484561	1678.5672440832802
485123	1678.5672440832802
485683	1678.5672440832802
486245	1678.5672440832802
486808	1678.5672440832802
487371	1678.5672440832802
487936	1678.5672440832802
488498	1678.5672440832802
489061	1678.5672440832802
489625	1678.5672440832802
490190	1678.5672440832802
490754	1678.5672440832802
491316	1678.5672440832802
491880	1678.5672440832802
492445	1678.5672440832802
493014	1678.5672440832802
497405	1678.5672440832802
497972	1678.5672440832802
498541	1678.5672440832802
499107	1678.5672440832802
499674	1678.5672440832802
500242	1678.5672440832802
