500	21090205991.60483
1098	9083454841.430822
1696	4902731481.102296
2294	2813776811.883953
2886	1481751321.8565924
3476	900796796.0551413
4064	294337250.01187223
4665	118065084.72520481
5265	76076470.1444373
5872	41230350.75680846
6460	32351864.636402756
7042	18670764.169352178
7633	9351833.751082424
8219	8555337.604567194
8804	4029541.3936641403
9386	3803156.119386878
9983	2340823.1788890082
10572	762040.5560067667
11173	473100.4135620336
11760	460530.21764937544
12354	398589.7167374462
12951	307584.02852173545
13543	179267.83989603104
14127	125487.84973242208
14710	107622.90643351254
15302	62331.40790888097
15885	54546.188571982886
16468	49041.68465406388
17058	30909.272254261312
17646	27417.85350136452
18231	27417.85350136452
18819	25089.404151629817
19404	21043.320919117814
19984	19237.523400717037
20565	18756.96071952159
21142	18756.96071952159
21721	17297.916354744822
22296	16410.906007656242
22876	13965.708494262284
23452	13965.708494262284
24028	13011.785954117253
45840	2821.163768390388
76507	2434.1201782221106
109495	2225.41064252239
110073	2225.41064252239
110644	2225.41064252239
111223	2225.41064252239
111797	2225.41064252239
112370	2225.41064252239
112944	2225.41064252239
113516	2225.41064252239
114097	2225.41064252239
114672	2225.41064252239
115243	2225.41064252239
115810	2225.41064252239
116380	2225.41064252239
116952	2225.41064252239
117521	2225.41064252239
118088	2225.41064252239
118656	2225.41064252239
119231	2225.41064252239
119800	2225.41064252239
120373	2225.41064252239
120945	2225.41064252239
121525	2225.41064252239
122097	2225.41064252239
122675	2225.41064252239
123252	2225.41064252239
123832	2225.41064252239
124409	2225.41064252239
124992	2225.41064252239
140617	2028.4358259961364
166686	1983.3300175873312
167260	1983.3300175873312
167826	1983.3300175873312
168389	1983.3300175873312
168955	1983.3300175873312
169521	1983.3300175873312
170085	1983.3300175873312
170648	1983.3300175873312
171217	1983.3300175873312
171780	1983.3300175873312
172347	1983.3300175873312
172913	1983.3300175873312
173477	1983.3300175873312
174039	1983.3300175873312
174601	1983.3300175873312
175162	1983.3300175873312
175722	1983.3300175873312
176281	1983.3300175873312
176845	1983.3300175873312
192450	1813.6898972219656
214172	1708.6400234596456
245925	1680.439438291733
246481	1680.439438291733
247036	1680.439438291733
247592	1680.439438291733
248151	1680.439438291733
248709	1680.439438291733
249267	1680.439438291733
249823	1680.439438291733
250376	1680.439438291733
250936	1680.439438291733
251492	1680.439438291733
252050	1680.439438291733
252603	1680.439438291733
253156	1680.439438291733
253713	1680.439438291733
254269	1680.439438291733
254825	1680.439438291733
255381	1680.439438291733
255935	1680.439438291733
256491	1680.439438291733
257052	1680.439438291733
257614	1680.439438291733
258181	1680.439438291733
258744	1680.439438291733
259304	1680.439438291733
259871	1680.439438291733
260441	1680.439438291733
261008	1680.439438291733
279059	1680.439438291733
279628	1680.439438291733
280198	1680.439438291733
280770	1680.439438291733
281338	1680.439438291733
281905	1680.439438291733
282473	1680.439438291733
283048	1680.439438291733
283610	1680.439438291733
284177	1680.439438291733
300967	1680.439438291733
301533	1680.439438291733
302101	1680.439438291733
302671	1680.439438291733
303236	1680.439438291733
303801	1680.439438291733
304367	1680.439438291733
304930	1680.439438291733
305490	1680.439438291733
306050	1680.439438291733
306611	1680.439438291733
307172	1680.439438291733
307733	1680.439438291733
308292	1680.439438291733
308855	1680.439438291733
309416	1680.439438291733
309979	1680.439438291733
310534	1680.439438291733
311097	1680.439438291733
311660	1680.439438291733
322833	1656.7599072962932
342044	1654.692313166843
342610	1654.692313166843
343173	1654.692313166843
343739	1654.692313166843
344301	1654.692313166843
344857	1654.692313166843
345418	1654.692313166843
345977	1654.692313166843
346540	1654.692313166843
347100	1654.692313166843
347662	1654.692313166843
348226	1654.692313166843
348787	1654.692313166843
349345	1654.692313166843
349903	1654.692313166843
350476	1654.692313166843
351038	1654.692313166843
351613	1654.692313166843
352174	1654.692313166843
367787	1646.3981052605616
375553	1643.2238971256888
376115	1643.2238971256888
376674	1643.2238971256888
377236	1643.2238971256888
377802	1643.2238971256888
378363	1643.2238971256888
378925	1643.2238971256888
379492	1643.2238971256888
380060	1643.2238971256888
380624	1643.2238971256888
381191	1643.2238971256888
381760	1643.2238971256888
382331	1643.2238971256888
382897	1643.2238971256888
383465	1643.2238971256888
384022	1643.2238971256888
384579	1643.2238971256888
385144	1643.2238971256888
385707	1643.2238971256888
392266	1643.2238971256888
392831	1643.2238971256888
393405	1643.2238971256888
393971	1643.2238971256888
394539	1643.2238971256888
395100	1643.2238971256888
395662	1643.2238971256888
396227	1643.2238971256888
396799	1643.2238971256888
397368	1643.2238971256888
397942	1643.2238971256888
398521	1643.2238971256888
399092	1643.2238971256888
399674	1643.2238971256888
400252	1643.2238971256888
400835	1643.2238971256888
401416	1643.2238971256888
401989	1643.2238971256888
402564	1643.2238971256888
403141	1643.2238971256888
421292	1643.2238971256888
421863	1643.2238971256888
422443	1643.2238971256888
423017	1643.2238971256888
423591	1643.2238971256888
424156	1643.2238971256888
424726	1643.2238971256888
425292	1643.2238971256888
425860	1643.2238971256888
426427	1643.2238971256888
426989	1643.2238971256888
427551	1643.2238971256888
428113	1643.2238971256888
428676	1643.2238971256888
429239	1643.2238971256888
429800	1643.2238971256888
430359	1643.2238971256888
430925	1643.2238971256888
431481	1643.2238971256888
432044	1643.2238971256888
445874	1643.2238971256888
446441	1643.2238971256888
447005	1643.2238971256888
447567	1643.2238971256888
448135	1643.2238971256888
448695	1643.2238971256888
449259	1643.2238971256888
449819	1643.2238971256888
450381	1643.2238971256888
450939	1643.2238971256888
451498	1643.2238971256888
452053	1643.2238971256888
452613	1643.2238971256888
453179	1643.2238971256888
453744	1643.2238971256888
454306	1643.2238971256888
454865	1643.2238971256888
455425	1643.2238971256888
455983	1643.2238971256888
456546	1643.2238971256888
462833	1643.2238971256888
463399	1643.2238971256888
463964	1643.2238971256888
464522	1643.2238971256888
465080	1643.2238971256888
465642	1643.2238971256888
466197	1643.2238971256888
466755	1643.2238971256888
467322	1643.2238971256888
467882	1643.2238971256888
468454	1643.2238971256888
469019	1643.2238971256888
469585	1643.2238971256888
470147	1643.2238971256888
470709	1643.2238971256888
471271	1643.2238971256888
471834	1643.2238971256888
472405	1643.2238971256888
472975	1643.2238971256888
473535	1643.2238971256888
480605	1643.2238971256888
481175	1643.2238971256888
481743	1643.2238971256888
482309	1643.2238971256888
482872	1643.2238971256888
483436	1643.2238971256888
484010	1643.2238971256888
484582	1643.2238971256888
485145	1643.2238971256888
485714	1643.2238971256888
492551	1643.2238971256888
493130	1643.2238971256888
493704	1643.2238971256888
494275	1643.2238971256888
494853	1643.2238971256888
495424	1643.2238971256888
495998	1643.2238971256888
496580	1643.2238971256888
497166	1643.2238971256888
497746	1643.2238971256888
498327	1643.2238971256888
498909	1643.2238971256888
499491	1643.2238971256888
500067	1643.2238971256888
