500	16870802667.106869
1078	10190439701.308613
1648	9143116108.86082
2218	7702219552.840418
2785	7702219552.840418
3348	7252101043.956477
3910	3056200915.0790997
4471	1422036612.7458222
5027	1422036612.7458222
5582	1422036612.7458222
6138	1422036612.7458222
6693	1422036612.7458222
7250	1422036612.7458222
7806	1422036612.7458222
8361	1422036612.7458222
8915	1422036612.7458222
9472	1422036612.7458222
10026	1422036612.7458222
10580	1422036612.7458222
11135	1422036612.7458222
11689	1422036612.7458222
12242	1422036612.7458222
12796	1422036612.7458222
13349	1422036612.7458222
13905	1422036612.7458222
14460	1422036612.7458222
15012	1422036612.7458222
15567	1422036612.7458222
52981	2897.718732193588
91153	2604.270757692547
91705	2604.270757692547
92258	2604.270757692547
92812	2604.270757692547
93365	2604.270757692547
93919	2604.270757692547
94475	2604.270757692547
95033	2604.270757692547
95591	2604.270757692547
96146	2604.270757692547
96703	2604.270757692547
97265	2604.270757692547
97821	2604.270757692547
98376	2604.270757692547
98933	2604.270757692547
99489	2604.270757692547
100047	2604.270757692547
100604	2604.270757692547
101160	2604.270757692547
101715	2604.270757692547
102270	2604.270757692547
102826	2604.270757692547
124915	2604.270757692547
125473	2604.270757692547
126032	2604.270757692547
126590	2604.270757692547
127147	2604.270757692547
127703	2604.270757692547
128260	2604.270757692547
128816	2604.270757692547
129372	2604.270757692547
129928	2604.270757692547
130487	2604.270757692547
131045	2604.270757692547
131601	2604.270757692547
132156	2604.270757692547
132712	2604.270757692547
133270	2604.270757692547
133832	2604.270757692547
134391	2604.270757692547
134949	2604.270757692547
135505	2604.270757692547
158549	2604.270757692547
159107	2604.270757692547
159661	2604.270757692547
160216	2604.270757692547
160776	2604.270757692547
161332	2604.270757692547
161889	2604.270757692547
162445	2604.270757692547
163003	2604.270757692547
163558	2604.270757692547
164115	2604.270757692547
164671	2604.270757692547
165226	2604.270757692547
165781	2604.270757692547
166334	2604.270757692547
166890	2604.270757692547
167446	2604.270757692547
168001	2604.270757692547
168555	2604.270757692547
169112	2604.270757692547
192254	2604.270757692547
192809	2604.270757692547
193367	2604.270757692547
193924	2604.270757692547
194480	2604.270757692547
195035	2604.270757692547
195592	2604.270757692547
196152	2604.270757692547
196710	2604.270757692547
197270	2604.270757692547
197829	2604.270757692547
198385	2604.270757692547
198943	2604.270757692547
199499	2604.270757692547
200056	2604.270757692547
200615	2604.270757692547
201174	2604.270757692547
201733	2604.270757692547
202291	2604.270757692547
202847	2604.270757692547
225330	2604.270757692547
225888	2604.270757692547
226445	2604.270757692547
227001	2604.270757692547
227556	2604.270757692547
228113	2604.270757692547
228668	2604.270757692547
229223	2604.270757692547
229780	2604.270757692547
230336	2604.270757692547
257847	2604.270757692547
258404	2604.270757692547
258959	2604.270757692547
259516	2604.270757692547
260072	2604.270757692547
260629	2604.270757692547
261188	2604.270757692547
261743	2604.270757692547
262300	2604.270757692547
262855	2604.270757692547
263411	2604.270757692547
263968	2604.270757692547
264525	2604.270757692547
265084	2604.270757692547
265639	2604.270757692547
266197	2604.270757692547
266755	2604.270757692547
267315	2604.270757692547
267872	2604.270757692547
268428	2604.270757692547
290267	2604.270757692547
290827	2604.270757692547
291387	2604.270757692547
291944	2604.270757692547
292500	2604.270757692547
293059	2604.270757692547
293616	2604.270757692547
294172	2604.270757692547
294727	2604.270757692547
295283	2604.270757692547
295841	2604.270757692547
296396	2604.270757692547
296952	2604.270757692547
297509	2604.270757692547
298065	2604.270757692547
298621	2604.270757692547
299176	2604.270757692547
299735	2604.270757692547
300291	2604.270757692547
300846	2604.270757692547
325402	2604.270757692547
325958	2604.270757692547
326514	2604.270757692547
327071	2604.270757692547
327626	2604.270757692547
328182	2604.270757692547
328738	2604.270757692547
329295	2604.270757692547
329849	2604.270757692547
330405	2604.270757692547
330960	2604.270757692547
331515	2604.270757692547
332071	2604.270757692547
332628	2604.270757692547
333188	2604.270757692547
333746	2604.270757692547
334303	2604.270757692547
334858	2604.270757692547
335416	2604.270757692547
335971	2604.270757692547
351623	2533.4028920897445
391373	2296.3794593707407
391930	2296.3794593707407
392488	2296.3794593707407
393044	2296.3794593707407
393600	2296.3794593707407
394156	2296.3794593707407
394711	2296.3794593707407
395266	2296.3794593707407
395821	2296.3794593707407
396376	2296.3794593707407
396933	2296.3794593707407
397487	2296.3794593707407
398043	2296.3794593707407
398598	2296.3794593707407
399152	2296.3794593707407
399708	2296.3794593707407
400266	2296.3794593707407
400822	2296.3794593707407
401377	2296.3794593707407
426818	2296.3794593707407
427373	2296.3794593707407
427932	2296.3794593707407
428491	2296.3794593707407
429049	2296.3794593707407
429606	2296.3794593707407
430160	2296.3794593707407
430720	2296.3794593707407
431277	2296.3794593707407
431832	2296.3794593707407
432387	2296.3794593707407
432942	2296.3794593707407
433496	2296.3794593707407
434051	2296.3794593707407
434605	2296.3794593707407
435160	2296.3794593707407
435715	2296.3794593707407
436270	2296.3794593707407
436825	2296.3794593707407
437380	2296.3794593707407
466065	2296.3794593707407
466622	2296.3794593707407
467178	2296.3794593707407
467734	2296.3794593707407
468292	2296.3794593707407
468849	2296.3794593707407
469406	2296.3794593707407
469961	2296.3794593707407
470516	2296.3794593707407
471074	2296.3794593707407
471633	2296.3794593707407
472192	2296.3794593707407
472749	2296.3794593707407
473310	2296.3794593707407
473869	2296.3794593707407
474426	2296.3794593707407
474981	2296.3794593707407
475535	2296.3794593707407
476090	2296.3794593707407
476645	2296.3794593707407
509634	2296.3794593707407
