500	15736293602.982718
1072	13900678212.09192
1644	7133798418.420655
2213	4118832358.19709
2780	4118832358.19709
3343	1986980022.2260625
3902	1986980022.2260625
4462	1986980022.2260625
5015	1986980022.2260625
5569	1986980022.2260625
6125	1986980022.2260625
6680	1986980022.2260625
7232	1986980022.2260625
7786	1986980022.2260625
8344	1986980022.2260625
8897	1986980022.2260625
9452	1986980022.2260625
10006	1986980022.2260625
10559	1986980022.2260625
11114	1986980022.2260625
11667	1986980022.2260625
12221	1986980022.2260625
12774	1986980022.2260625
13329	1986980022.2260625
13884	1986980022.2260625
14438	1986980022.2260625
46375	2975.4024890510686
83887	2553.2172124282542
84441	2553.2172124282542
84995	2553.2172124282542
85551	2553.2172124282542
86106	2553.2172124282542
86660	2553.2172124282542
87214	2553.2172124282542
87768	2553.2172124282542
88324	2553.2172124282542
88880	2553.2172124282542
89439	2553.2172124282542
89996	2553.2172124282542
90549	2553.2172124282542
91104	2553.2172124282542
91660	2553.2172124282542
92218	2553.2172124282542
92774	2553.2172124282542
93330	2553.2172124282542
93887	2553.2172124282542
94443	2553.2172124282542
95000	2553.2172124282542
95562	2553.2172124282542
96121	2553.2172124282542
96682	2553.2172124282542
121033	2553.2172124282542
121592	2553.2172124282542
122149	2553.2172124282542
122705	2553.2172124282542
123262	2553.2172124282542
123820	2553.2172124282542
124379	2553.2172124282542
124931	2553.2172124282542
125486	2553.2172124282542
126041	2553.2172124282542
126594	2553.2172124282542
127148	2553.2172124282542
127704	2553.2172124282542
128261	2553.2172124282542
128819	2553.2172124282542
129378	2553.2172124282542
129933	2553.2172124282542
130487	2553.2172124282542
131041	2553.2172124282542
131596	2553.2172124282542
155616	2553.2172124282542
156173	2553.2172124282542
156732	2553.2172124282542
157287	2553.2172124282542
157843	2553.2172124282542
158397	2553.2172124282542
158950	2553.2172124282542
159506	2553.2172124282542
160064	2553.2172124282542
160618	2553.2172124282542
161174	2553.2172124282542
161733	2553.2172124282542
162293	2553.2172124282542
162854	2553.2172124282542
163415	2553.2172124282542
163972	2553.2172124282542
164530	2553.2172124282542
165092	2553.2172124282542
165651	2553.2172124282542
166209	2553.2172124282542
193625	2553.2172124282542
194181	2553.2172124282542
194733	2553.2172124282542
195288	2553.2172124282542
195845	2553.2172124282542
196400	2553.2172124282542
196958	2553.2172124282542
197512	2553.2172124282542
198067	2553.2172124282542
198622	2553.2172124282542
220666	2553.2172124282542
221222	2553.2172124282542
221778	2553.2172124282542
222334	2553.2172124282542
222889	2553.2172124282542
223445	2553.2172124282542
224000	2553.2172124282542
224558	2553.2172124282542
225112	2553.2172124282542
225669	2553.2172124282542
226226	2553.2172124282542
226782	2553.2172124282542
227337	2553.2172124282542
227892	2553.2172124282542
228447	2553.2172124282542
229004	2553.2172124282542
229560	2553.2172124282542
230117	2553.2172124282542
230674	2553.2172124282542
231232	2553.2172124282542
252640	2553.2172124282542
253197	2553.2172124282542
253757	2553.2172124282542
254318	2553.2172124282542
254873	2553.2172124282542
255429	2553.2172124282542
255989	2553.2172124282542
256548	2553.2172124282542
257107	2553.2172124282542
257664	2553.2172124282542
258226	2553.2172124282542
258785	2553.2172124282542
259341	2553.2172124282542
259898	2553.2172124282542
260455	2553.2172124282542
261008	2553.2172124282542
261564	2553.2172124282542
262119	2553.2172124282542
262673	2553.2172124282542
263227	2553.2172124282542
288091	2553.2172124282542
288646	2553.2172124282542
289202	2553.2172124282542
289757	2553.2172124282542
290311	2553.2172124282542
290867	2553.2172124282542
291422	2553.2172124282542
291975	2553.2172124282542
292529	2553.2172124282542
293085	2553.2172124282542
293641	2553.2172124282542
294198	2553.2172124282542
294756	2553.2172124282542
295315	2553.2172124282542
295873	2553.2172124282542
296434	2553.2172124282542
296994	2553.2172124282542
297554	2553.2172124282542
298113	2553.2172124282542
298670	2553.2172124282542
322909	2553.2172124282542
323465	2553.2172124282542
324022	2553.2172124282542
324582	2553.2172124282542
325139	2553.2172124282542
325696	2553.2172124282542
326255	2553.2172124282542
326813	2553.2172124282542
327371	2553.2172124282542
327927	2553.2172124282542
328481	2553.2172124282542
329038	2553.2172124282542
329595	2553.2172124282542
330152	2553.2172124282542
330707	2553.2172124282542
331262	2553.2172124282542
331820	2553.2172124282542
332374	2553.2172124282542
332929	2553.2172124282542
333485	2553.2172124282542
355644	2553.2172124282542
356201	2553.2172124282542
356757	2553.2172124282542
357314	2553.2172124282542
357870	2553.2172124282542
358428	2553.2172124282542
358983	2553.2172124282542
359542	2553.2172124282542
360101	2553.2172124282542
360659	2553.2172124282542
388950	2553.2172124282542
389506	2553.2172124282542
390065	2553.2172124282542
390623	2553.2172124282542
391181	2553.2172124282542
391741	2553.2172124282542
392299	2553.2172124282542
392858	2553.2172124282542
393417	2553.2172124282542
393976	2553.2172124282542
394533	2553.2172124282542
395089	2553.2172124282542
395646	2553.2172124282542
396203	2553.2172124282542
396759	2553.2172124282542
397315	2553.2172124282542
397871	2553.2172124282542
398428	2553.2172124282542
398985	2553.2172124282542
399541	2553.2172124282542
422545	2553.2172124282542
423099	2553.2172124282542
423654	2553.2172124282542
424209	2553.2172124282542
424765	2553.2172124282542
425324	2553.2172124282542
425881	2553.2172124282542
426438	2553.2172124282542
426995	2553.2172124282542
427550	2553.2172124282542
428104	2553.2172124282542
428657	2553.2172124282542
429210	2553.2172124282542
429766	2553.2172124282542
430321	2553.2172124282542
430878	2553.2172124282542
431434	2553.2172124282542
431990	2553.2172124282542
432547	2553.2172124282542
433103	2553.2172124282542
456056	2553.2172124282542
456615	2553.2172124282542
457174	2553.2172124282542
457732	2553.2172124282542
458290	2553.2172124282542
458849	2553.2172124282542
459412	2553.2172124282542
459971	2553.2172124282542
460529	2553.2172124282542
461088	2553.2172124282542
461645	2553.2172124282542
462202	2553.2172124282542
462760	2553.2172124282542
463316	2553.2172124282542
463869	2553.2172124282542
464424	2553.2172124282542
464980	2553.2172124282542
465535	2553.2172124282542
466093	2553.2172124282542
466646	2553.2172124282542
491301	2553.2172124282542
491859	2553.2172124282542
492418	2553.2172124282542
492974	2553.2172124282542
493531	2553.2172124282542
494090	2553.2172124282542
494645	2553.2172124282542
495202	2553.2172124282542
495758	2553.2172124282542
496316	2553.2172124282542
496871	2553.2172124282542
497426	2553.2172124282542
497979	2553.2172124282542
498537	2553.2172124282542
499099	2553.2172124282542
499658	2553.2172124282542
500219	2553.2172124282542
