300	2879.2744640855826
2557	2513.682753281673
3258	2513.682753281673
6249	2513.682753281673
8562	2489.2333229734018
9662	2478.7742620554136
10765	2478.7742620554136
12247	2478.7742620554136
12962	2478.7742620554136
13688	2478.7742620554136
15163	2478.7742620554136
15877	2478.7742620554136
16589	2478.7742620554136
17303	2478.7742620554136
18006	2478.7742620554136
18719	2478.7742620554136
19859	2478.7742620554136
20953	2478.7742620554136
21669	2478.7742620554136
22372	2478.7742620554136
23078	2478.7742620554136
24166	2478.7742620554136
24863	2478.7742620554136
25557	2478.7742620554136
26270	2478.7742620554136
26975	2478.7742620554136
27674	2478.7742620554136
28373	2478.7742620554136
29857	2478.7742620554136
30950	2478.7742620554136
31653	2478.7742620554136
33488	2478.7742620554136
34189	2478.7742620554136
35281	2478.7742620554136
36360	2478.7742620554136
37055	2478.7742620554136
38545	2478.7742620554136
39249	2478.7742620554136
39939	2478.7742620554136
40640	2478.7742620554136
41352	2478.7742620554136
42061	2478.7742620554136
43528	2478.7742620554136
44222	2478.7742620554136
44928	2478.7742620554136
45644	2478.7742620554136
46348	2478.7742620554136
47803	2478.7742620554136
48494	2478.7742620554136
49983	2478.7742620554136
50689	2478.7742620554136
51396	2478.7742620554136
52121	2478.7742620554136
52836	2458.1717541740127
53524	2458.1717541740127
54240	2458.1717541740127
54940	2458.1717541740127
55639	2458.1717541740127
56358	2455.296844497164
57056	2454.0562420940287
57770	2454.0562420940287
58473	2454.0562420940287
59192	2454.0562420940287
59896	2454.0562420940287
60602	2454.0562420940287
61305	2454.0562420940287
62020	2454.0562420940287
62731	2454.0562420940287
63431	2454.0562420940287
64140	2454.0562420940287
64859	2454.0562420940287
65577	2445.3713386012064
66305	2436.502676258352
67011	2436.502676258352
67734	2429.6589941897205
68440	2429.6589941897205
69145	2429.6589941897205
69872	2429.6589941897205
70581	2429.6589941897205
71300	2429.6589941897205
72018	2424.842784270689
72730	2423.9535492935547
73435	2423.9535492935547
74139	2423.9535492935547
74844	2423.9535492935547
75567	2423.9535492935547
76657	2423.9535492935547
77375	2423.9535492935547
78100	2423.9535492935547
78811	2423.9535492935547
79539	2423.9535492935547
80243	2423.9535492935547
80955	2422.2500656335233
81656	2422.2500656335233
82357	2418.9970939479344
83075	2418.9970939479344
83769	2418.9970939479344
84475	2418.9970939479344
85182	2418.9970939479344
85888	2418.9970939479344
86595	2416.728856808025
87305	2414.2823397931547
88009	2414.2823397931547
88728	2413.612236295395
89440	2410.609160949051
90157	2404.5288994337448
90865	2397.2200929448613
91584	2397.2200929448613
92283	2397.2200929448613
93015	2397.2200929448613
93733	2397.2200929448613
94445	2397.2200929448613
95166	2397.2200929448613
95859	2397.2200929448613
96572	2396.7026070855836
97283	2395.0170504566504
97995	2394.4313414946114
98703	2394.4313414946114
99409	2394.131278183357
100115	2394.131278183357
100831	2394.131278183357
101541	2393.983710968368
102250	2393.6741009078833
102957	2392.3257873246785
103657	2392.3257873246785
104367	2390.534496749563
105073	2390.534496749563
105769	2390.534496749563
106466	2390.534496749563
107178	2390.534496749563
107883	2390.534496749563
108597	2390.0313220663684
109310	2390.0313220663684
110030	2390.0313220663684
110746	2384.7740720437673
111458	2384.7740720437673
112179	2384.7740720437673
112892	2383.180484158292
113597	2383.115080928187
114316	2382.937732935068
115026	2382.7701463369194
115735	2382.7701463369194
116458	2382.7238038480614
117171	2382.7238038480614
117891	2379.2411408027133
118604	2379.2411408027133
119323	2375.8148110023467
120026	2375.376012190618
120751	2375.376012190618
121472	2375.376012190618
122182	2375.376012190618
122896	2375.376012190618
123601	2375.376012190618
124313	2372.168606362658
125027	2367.3676009243654
125731	2367.3676009243654
126447	2366.810014085301
127154	2365.6212796806763
127866	2363.827131041185
128575	2363.827131041185
129288	2363.4526277616214
130002	2362.0017768604494
130717	2360.284141279923
131437	2358.0717407002558
132154	2358.0717407002558
132863	2357.466816465322
133566	2357.2297980455614
134286	2355.7745099299163
134991	2355.6300607010344
135691	2354.255318407288
136404	2352.974115241234
137123	2352.5190562423136
137824	2352.5190562423136
138538	2351.91102021562
139248	2351.343533017693
139952	2351.0545169666193
140664	2351.0343555794398
141366	2350.9294445986916
142076	2350.4410053632955
142786	2350.27756807115
143490	2350.14081983978
144197	2350.060305361877
144906	2349.89926571937
145616	2349.647823084619
146315	2349.647823084619
147014	2349.5899756299705
147726	2349.4816340155953
148432	2349.4501874510543
149136	2349.303827357557
149838	2349.0574130128116
150538	2349.0072157985605
151245	2348.9343864885677
151949	2348.9271854161934
152647	2348.8825137373556
153358	2348.7968305366608
154070	2348.724044631212
154776	2348.670925623517
155477	2348.6426242818934
156180	2348.577253425619
156883	2348.501083106432
157581	2348.485923740457
158302	2348.4453494423637
159015	2348.401532453739
159719	2348.231020800494
160433	2348.1450754774637
161140	2347.9693366820493
161854	2347.6685374364774
162565	2347.5695883616895
163283	2347.4254816015905
163992	2347.4043185098817
164693	2347.294418693858
165401	2347.2341383943008
166115	2347.1546484295313
166825	2347.023450245515
167539	2347.023450245515
168258	2346.9106794206546
168964	2346.8413279752467
169674	2346.826421518801
170385	2346.796341470788
171090	2346.7860967631127
171795	2346.756175939659
172508	2346.7447827418273
173228	2346.7246922657787
173943	2346.722528072501
174658	2346.7143443294917
175372	2346.7127648110913
176092	2346.703904711087
176801	2346.6945090870563
177506	2346.687441663662
178224	2346.6837152414323
178938	2346.6791281308624
179657	2346.6787400961207
180372	2346.6728771207495
181097	2346.6710713533253
181809	2346.6698990110726
182530	2346.6673754632716
183246	2346.664844700464
183961	2346.662719560286
184673	2346.6612791388798
185385	2346.6597780626244
186103	2346.6595053265382
186819	2346.65708167668
187528	2346.656009084522
188242	2346.6548270105554
188945	2346.6537643566053
189665	2346.653683331464
190388	2346.652669512624
191113	2346.652062305357
191824	2346.6518774890324
192532	2346.6514055419175
193255	2346.6508025059798
193974	2346.650281963208
194682	2346.650114836472
195401	2346.6495863424097
196120	2346.649546257368
196830	2346.649471917154
197555	2346.64930965347
198276	2346.64915173439
198996	2346.649082749014
199703	2346.649082749014
200416	2346.6489845599704
201133	2346.6489295102515
201846	2346.648837761334
202555	2346.648746520296
203280	2346.648746520296
203993	2346.648690857228
204713	2346.6486748846255
205435	2346.6486496789475
206146	2346.6486496789475
206874	2346.6486496789475
207582	2346.6486285828864
208290	2346.648598173704
209003	2346.6485704235724
209707	2346.6485703665635
210429	2346.6485703665635
211135	2346.6485703665635
211846	2346.6485703665635
212551	2346.648553605232
213266	2346.6485475834866
213980	2346.6485400472716
214697	2346.6485400472716
215422	2346.6485400472716
216146	2346.6485400472716
216865	2346.6485400472716
217580	2346.6485400472716
218310	2346.6485400472716
219025	2346.6485296800442
219743	2346.648483249412
220451	2346.6484728525584
221165	2346.6484728525584
221875	2346.6484711613125
222602	2346.6484711613125
223313	2346.6484711613125
224030	2346.6484711613125
224748	2346.6484634001035
225463	2346.648454441927
226186	2346.648451832096
226904	2346.6484368556958
227624	2346.648429126549
228336	2346.648426413723
229051	2346.648418495725
229763	2346.648399694235
230479	2346.648388744853
231203	2346.648384611372
231924	2346.6483795595714
232646	2346.6483795595714
233354	2346.6483793932175
234073	2346.6483793932175
234807	2346.6483793932175
235528	2346.6483793932175
236239	2346.6483793932175
236949	2346.6483793932175
237656	2346.6483793932175
238371	2346.6483793932175
239092	2346.6483793932175
239807	2346.6483793932175
240526	2346.6483793932175
241248	2346.6483793932175
241970	2346.6483793932175
242700	2346.6483793932175
243422	2346.6483793932175
244131	2346.6483793932175
244848	2346.648377959428
245560	2346.648377959428
246277	2346.648377959428
246992	2346.648377959428
247709	2346.648377959428
248427	2346.648377959428
249143	2346.648377959428
249870	2346.648377959428
250575	2346.648374227548
251280	2346.6483697977046
251988	2346.6483697977046
252693	2346.6483697977046
253397	2346.648369194363
254119	2346.648369194363
254822	2346.6483586886793
255528	2346.6483586886793
256243	2346.6483586886793
256965	2346.6483586886793
257682	2346.6483586886793
258395	2346.6483586886793
259093	2346.6483586886793
259802	2346.6483586886793
260514	2346.6483586886793
261234	2346.6483586886793
261946	2346.6483586886793
262671	2346.6483586886793
263375	2346.6483586886793
264065	2346.6483586886793
264776	2346.6483586886793
265494	2346.6483586886793
266211	2346.6483586886793
266918	2346.6483586886793
267624	2346.6483586886793
268328	2346.6483586886793
269039	2346.6483586886793
269758	2346.6483586886793
270468	2346.6483586886793
271201	2346.6483586886793
271907	2346.6483586886793
272612	2346.6483586886793
273335	2346.6483586886793
274051	2346.6483586886793
274752	2346.6483586886793
275462	2346.6483586886793
276172	2346.6483586886793
276890	2346.6483586886793
277593	2346.6483586886793
278301	2346.6483586886793
279021	2346.6483586886793
279735	2346.6483586886793
280448	2346.6483586886793
281155	2346.6483586886793
281869	2346.6483586886793
282574	2346.6483586886793
283287	2346.6483586886793
284007	2346.6483586886793
284716	2346.6483586886793
285435	2346.6483586886793
286148	2346.6483586886793
286868	2346.6483586886793
287583	2346.6483586886793
288308	2346.6483586886793
289020	2346.6483586886793
289741	2346.6483586886793
290451	2346.6483586886793
291156	2346.6483586886793
291879	2346.6483586886793
292592	2346.6483586886793
293301	2346.6483586886793
294017	2346.6483586886793
294741	2346.6483586886793
295466	2346.6483586886793
296192	2346.6483586886793
296923	2346.6483586886793
297640	2346.6483586886793
298350	2346.6483586886793
299065	2346.6483586886793
299779	2346.6483586886793
300499	2346.6483586886793
