300	2899.8419581521803
631	2757.344702243232
960	2743.3520353142685
1283	2695.4138141096223
1602	2640.3210086843983
1922	2584.3798709282064
2238	2584.3798709282064
2556	2584.3798709282064
2867	2573.736911883022
3179	2556.003398033248
3495	2554.23118678928
3806	2547.1416161537727
4116	2547.1416161537727
4425	2547.1416161537727
4737	2547.1416161537727
5046	2547.1416161537727
5357	2535.7952805543955
5665	2535.7952805543955
5975	2524.3754530083647
6284	2502.7680761364095
6591	2502.7680761364095
6900	2502.7680761364095
7208	2502.7680761364095
7517	2502.7680761364095
7825	2502.7680761364095
8133	2502.7680761364095
8442	2502.7680761364095
8750	2502.7680761364095
9059	2501.7807000342195
9367	2501.7807000342195
9676	2499.2976810955365
9986	2499.2976810955365
10295	2499.2976810955365
10605	2494.1894655628557
10913	2494.1894655628557
11220	2494.1894655628557
11529	2494.1894655628557
11835	2494.1894655628557
12143	2494.1894655628557
12453	2494.1894655628557
12765	2494.1894655628557
13074	2494.1894655628557
13383	2494.1894655628557
16703	2365.20538781293
17011	2365.20538781293
17320	2365.20538781293
17630	2365.20538781293
17939	2365.20538781293
18249	2365.20538781293
18561	2365.20538781293
18874	2365.20538781293
19188	2365.20538781293
19500	2365.20538781293
19810	2365.20538781293
20122	2365.20538781293
20435	2365.20538781293
20749	2365.20538781293
21061	2365.20538781293
21373	2365.20538781293
21684	2365.20538781293
21995	2365.20538781293
22307	2365.20538781293
22624	2365.20538781293
22939	2365.20538781293
23251	2365.20538781293
23561	2365.20538781293
23872	2365.20538781293
24187	2365.20538781293
24501	2365.20538781293
24815	2365.20538781293
25129	2365.20538781293
26734	2365.20538781293
27044	2365.20538781293
27358	2365.20538781293
27667	2365.20538781293
27981	2365.20538781293
28294	2365.20538781293
28608	2365.20538781293
28922	2365.20538781293
29240	2365.20538781293
29552	2365.20538781293
31237	2365.20538781293
31545	2365.20538781293
31857	2365.20538781293
32167	2365.20538781293
32477	2365.20538781293
32785	2365.20538781293
33098	2365.20538781293
33409	2365.20538781293
33722	2365.20538781293
34032	2365.20538781293
34342	2365.20538781293
34652	2365.20538781293
34966	2365.20538781293
35281	2365.20538781293
35595	2365.20538781293
35906	2365.20538781293
36220	2365.20538781293
36536	2365.20538781293
36854	2365.20538781293
37170	2365.20538781293
38509	2351.996957310053
40308	2351.9969572844443
40622	2351.9969572844443
40936	2351.9969572844443
41249	2351.9969572844443
41567	2351.9969572844443
41881	2351.9969572844443
42195	2351.9969572844443
42508	2351.9969572844443
42828	2351.9969572844443
43142	2351.9969572844443
43460	2351.9969572844443
43777	2351.9969572844443
44100	2351.9969572844443
44420	2351.9969572844443
44734	2351.9969572844443
45050	2351.9969572844443
45365	2351.9969572844443
45684	2351.9969572844443
45999	2351.9969572844443
47649	2351.9969572844443
47968	2351.9969572844443
48285	2351.9969572844443
48603	2351.9969572844443
48921	2351.9969572844443
49239	2351.9969572844443
49556	2351.9969572844443
49872	2351.9969572844443
50189	2351.9969572844443
50508	2351.9969572844443
50831	2351.9969572844443
51151	2351.9969572844443
51467	2351.9969572844443
51785	2351.9969572844443
52104	2351.9969572844443
52416	2351.9969572844443
52735	2351.9969572844443
53052	2351.9969572844443
53372	2351.9969572844443
53692	2351.9969572844443
55375	2351.9969572844443
55694	2351.9969572844443
56016	2351.9969572844443
56338	2351.9969572844443
56660	2351.9969572844443
56977	2351.9969572844443
57294	2351.9969572844443
57617	2351.9969572844443
57937	2351.9969572844443
58259	2351.9969572844443
58579	2351.9969572844443
58900	2351.9969572844443
59228	2351.9969572844443
59552	2351.9969572844443
59876	2351.9969572844443
60201	2351.9969572844443
60524	2351.9969572844443
60847	2351.9969572844443
61168	2351.9969572844443
61489	2351.9969572844443
63022	2351.9969572844443
63344	2351.9969572844443
63667	2351.9969572844443
63995	2351.9969572844443
64318	2351.9969572844443
64645	2351.9969572844443
64968	2351.9969572844443
65293	2351.9969572844443
65618	2351.9969572844443
65942	2351.9969572844443
66263	2351.9969572844443
66590	2351.9969572844443
66909	2351.9969572844443
67231	2351.9969572844443
67554	2351.9969572844443
67876	2351.9969572844443
68197	2351.9969572844443
68520	2351.9969572844443
68845	2351.9969572844443
69167	2351.9969572844443
70878	2351.9969572844443
71199	2351.9969572844443
71521	2351.9969572844443
71841	2351.9969572844443
72163	2351.9969572844443
72483	2351.9969572844443
72806	2351.9969572844443
73125	2351.9969572844443
73446	2351.9969572844443
73766	2351.9969572844443
74087	2351.9969572844443
74409	2351.9969572844443
74733	2351.9969572844443
75060	2351.9969572844443
75383	2351.9969572844443
75701	2351.9969572844443
76024	2351.9969572844443
76346	2351.9969572844443
76669	2351.9969572844443
76990	2351.9969572844443
78693	2351.9969572844443
79020	2351.9969572844443
79352	2351.9969572844443
79678	2351.9969572844443
80001	2351.9969572844443
80318	2351.9969572844443
80645	2351.9969572844443
80960	2351.9969572844443
81281	2351.9969572844443
81599	2351.9969572844443
82974	2346.82757932935
84797	2346.8275793213943
85117	2346.8275793213943
85433	2346.8275793213943
85750	2346.8275793213943
86068	2346.8275793213943
86384	2346.8275793213943
86704	2346.8275793213943
87019	2346.8275793213943
87338	2346.8275793213943
87657	2346.8275793213943
87974	2346.8275793213943
88294	2346.8275793213943
88613	2346.8275793213943
88934	2346.8275793213943
89250	2346.8275793213943
89567	2346.8275793213943
89887	2346.8275793213943
90207	2346.8275793213943
90526	2346.8275793213943
91866	2346.275760806936
93538	2346.2757607830104
93861	2346.2757607830104
94180	2346.2757607830104
94500	2346.2757607830104
94823	2346.2757607830104
95146	2346.2757607830104
95463	2346.2757607830104
95785	2346.2757607830104
96102	2346.2757607830104
96419	2346.2757607830104
96735	2346.2757607830104
97053	2346.2757607830104
97370	2346.2757607830104
97690	2346.2757607830104
98000	2346.2757607830104
98317	2346.2757607830104
98637	2346.2757607830104
98950	2346.2757607830104
99267	2346.2757607830104
100389	2345.133244314807
101727	2342.945876531171
103004	2342.945876118935
104735	2342.945876114155
105055	2342.945876114155
105370	2342.945876114155
105686	2342.945876114155
106006	2342.945876114155
106319	2342.945876114155
106638	2342.945876114155
106953	2342.945876114155
107269	2342.945876114155
107585	2342.945876114155
107902	2342.945876114155
108220	2342.945876114155
108539	2342.945876114155
108857	2342.945876114155
109173	2342.945876114155
109491	2342.945876114155
109813	2342.945876114155
110132	2342.945876114155
110453	2342.945876114155
110773	2342.945876114155
111095	2342.945876114155
111415	2342.945876114155
111733	2342.945876114155
112051	2342.945876114155
112374	2342.945876114155
112694	2342.945876114155
113015	2342.945876114155
115955	2342.945876114155
116276	2342.945876114155
116603	2342.945876114155
116934	2342.945876114155
117256	2342.945876114155
117577	2342.945876114155
117899	2342.945876114155
118220	2342.945876114155
118542	2342.945876114155
118866	2342.945876114155
120443	2342.945876114155
120764	2342.945876114155
121084	2342.945876114155
121411	2342.945876114155
121733	2342.945876114155
122059	2342.945876114155
122392	2342.945876114155
122727	2342.945876114155
123053	2342.945876114155
123383	2342.945876114155
123707	2342.945876114155
124032	2342.945876114155
124358	2342.945876114155
124680	2342.945876114155
125010	2342.945876114155
125336	2342.945876114155
125659	2342.945876114155
125982	2342.945876114155
126305	2342.945876114155
126632	2342.945876114155
128176	2342.945876114155
128498	2342.945876114155
128820	2342.945876114155
129142	2342.945876114155
129467	2342.945876114155
129787	2342.945876114155
130107	2342.945876114155
130427	2342.945876114155
130752	2342.945876114155
131072	2342.945876114155
131390	2342.945876114155
131705	2342.945876114155
132024	2342.945876114155
132341	2342.945876114155
132656	2342.945876114155
132979	2342.945876114155
133301	2342.945876114155
133627	2342.945876114155
133949	2342.945876114155
134273	2342.945876114155
135813	2342.945876114155
136139	2342.945876114155
136460	2342.945876114155
136781	2342.945876114155
137104	2342.945876114155
137426	2342.945876114155
137749	2342.945876114155
138077	2342.945876114155
138397	2342.945876114155
138717	2342.945876114155
139035	2342.945876114155
139359	2342.945876114155
139684	2342.945876114155
140008	2342.945876114155
140328	2342.945876114155
140646	2342.945876114155
140968	2342.945876114155
141288	2342.945876114155
141611	2342.945876114155
141932	2342.945876114155
143158	2340.9857124134305
144523	2340.985712236915
144846	2340.985712236915
145170	2340.985712236915
145487	2340.985712236915
145808	2340.985712236915
146127	2340.985712236915
146446	2340.985712236915
146762	2340.985712236915
147084	2340.985712236915
147400	2340.985712236915
147719	2340.985712236915
148037	2340.985712236915
148358	2340.985712236915
148672	2340.985712236915
148991	2340.985712236915
149302	2340.985712236915
149614	2340.985712236915
149928	2340.985712236915
150246	2340.985712236915
151637	2340.985712236915
151956	2340.985712236915
152277	2340.985712236915
152593	2340.985712236915
152907	2340.985712236915
153224	2340.985712236915
153542	2340.985712236915
153851	2340.985712236915
154165	2340.985712236915
154487	2340.985712236915
154808	2340.985712236915
155126	2340.985712236915
155445	2340.985712236915
155766	2340.985712236915
156088	2340.985712236915
156403	2340.985712236915
156719	2340.985712236915
157039	2340.985712236915
157357	2340.985712236915
157674	2340.985712236915
159150	2340.985712236915
159468	2340.985712236915
159791	2340.985712236915
160111	2340.985712236915
160434	2340.985712236915
160752	2340.985712236915
161072	2340.985712236915
161391	2340.985712236915
161715	2340.985712236915
162038	2340.985712236915
162357	2340.985712236915
162683	2340.985712236915
163012	2340.985712236915
163337	2340.985712236915
163658	2340.985712236915
163978	2340.985712236915
164299	2340.985712236915
164624	2340.985712236915
164945	2340.985712236915
165274	2340.985712236915
166467	2339.16656999655
167697	2339.1665699412474
168023	2339.1665699412474
168352	2339.1665699412474
168676	2339.1665699412474
168996	2339.1665699412474
169323	2339.1665699412474
169649	2339.1665699412474
169971	2339.1665699412474
170292	2339.1665699412474
170615	2339.1665699412474
170940	2339.1665699412474
171263	2339.1665699412474
171586	2339.1665699412474
171910	2339.1665699412474
172235	2339.1665699412474
172555	2339.1665699412474
172877	2339.1665699412474
173198	2339.1665699412474
173519	2339.1665699412474
175030	2339.1665699412474
175353	2339.1665699412474
175675	2339.1665699412474
176001	2339.1665699412474
176320	2339.1665699412474
176638	2339.1665699412474
176957	2339.1665699412474
177274	2339.1665699412474
177594	2339.1665699412474
177915	2339.1665699412474
178235	2339.1665699412474
178557	2339.1665699412474
178875	2339.1665699412474
179196	2339.1665699412474
179517	2339.1665699412474
179838	2339.1665699412474
180155	2339.1665699412474
180477	2339.1665699412474
180795	2339.1665699412474
181109	2339.1665699412474
182669	2339.1665699412474
182991	2339.1665699412474
183310	2339.1665699412474
183636	2339.1665699412474
183957	2339.1665699412474
184277	2339.1665699412474
184597	2339.1665699412474
184918	2339.1665699412474
185238	2339.1665699412474
185560	2339.1665699412474
185878	2339.1665699412474
186196	2339.1665699412474
186518	2339.1665699412474
186842	2339.1665699412474
187159	2339.1665699412474
187478	2339.1665699412474
187799	2339.1665699412474
188120	2339.1665699412474
188441	2339.1665699412474
188763	2339.1665699412474
189641	2338.593049757205
190753	2338.5930475743703
191077	2338.5930475743703
191400	2338.5930475743703
191721	2338.5930475743703
192045	2338.5930475743703
192368	2338.5930475743703
192694	2338.5930475743703
193017	2338.5930475743703
193342	2338.5930475743703
193664	2338.5930475743703
193992	2338.5930475743703
194312	2338.5930475743703
194633	2338.5930475743703
194962	2338.5930475743703
195286	2338.5930475743703
195610	2338.5930475743703
195936	2338.5930475743703
196261	2338.5930475743703
196586	2338.5930475743703
198178	2338.5930475743703
198499	2338.5930475743703
198827	2338.5930475743703
199153	2338.5930475743703
199479	2338.5930475743703
199803	2338.5930475743703
200126	2338.5930475743703
200451	2338.5930475743703
200774	2338.5930475743703
201099	2338.5930475743703
201427	2338.5930475743703
201752	2338.5930475743703
202076	2338.5930475743703
202400	2338.5930475743703
202723	2338.5930475743703
203041	2338.5930475743703
203371	2338.5930475743703
203696	2338.5930475743703
204021	2338.5930475743703
204347	2338.5930475743703
205420	2338.5918734383804
206527	2338.5918731666384
206857	2338.5918731666384
207179	2338.5918731666384
207506	2338.5918731666384
207830	2338.5918731666384
208157	2338.5918731666384
208482	2338.5918731666384
208803	2338.5918731666384
209121	2338.5918731666384
209440	2338.5918731666384
209762	2338.5918731666384
210083	2338.5918731666384
210404	2338.5918731666384
210724	2338.5918731666384
211044	2338.5918731666384
211366	2338.5918731666384
211685	2338.5918731666384
212006	2338.5918731666384
212330	2338.5918731666384
213786	2338.5918731666384
214107	2338.5918731666384
214433	2338.5918731666384
214757	2338.5918731666384
215080	2338.5918731666384
215401	2338.5918731666384
215725	2338.5918731666384
216044	2338.5918731666384
216367	2338.5918731666384
216687	2338.5918731666384
217009	2338.5918731666384
217331	2338.5918731666384
217657	2338.5918731666384
217975	2338.5918731666384
218296	2338.5918731666384
218620	2338.5918731666384
218942	2338.5918731666384
219263	2338.5918731666384
219584	2338.5918731666384
219905	2338.5918731666384
221099	2334.9597215254666
222641	2334.959721497971
222967	2334.959721497971
223296	2334.959721497971
223622	2334.959721497971
223946	2334.959721497971
224270	2334.959721497971
224592	2334.959721497971
224909	2334.959721497971
225228	2334.959721497971
225555	2334.959721497971
225882	2334.959721497971
226208	2334.959721497971
226530	2334.959721497971
226850	2334.959721497971
227169	2334.959721497971
227496	2334.959721497971
227816	2334.959721497971
228132	2334.959721497971
228449	2334.959721497971
230112	2334.959721497971
230426	2334.959721497971
230740	2334.959721497971
231059	2334.959721497971
231373	2334.959721497971
231691	2334.959721497971
232008	2334.959721497971
232326	2334.959721497971
232647	2334.959721497971
232969	2334.959721497971
233290	2334.959721497971
233608	2334.959721497971
233928	2334.959721497971
234247	2334.959721497971
234568	2334.959721497971
234885	2334.959721497971
235208	2334.959721497971
235527	2334.959721497971
235845	2334.959721497971
236163	2334.959721497971
237229	2326.703601200575
238496	2326.7036011878645
238822	2326.7036011878645
239152	2326.7036011878645
239473	2326.7036011878645
239795	2326.7036011878645
240115	2326.7036011878645
240439	2326.7036011878645
240760	2326.7036011878645
241084	2326.7036011878645
241407	2326.7036011878645
241731	2326.7036011878645
242056	2326.7036011878645
242378	2326.7036011878645
242699	2326.7036011878645
243026	2326.7036011878645
243349	2326.7036011878645
243671	2326.7036011878645
243995	2326.7036011878645
244313	2326.7036011878645
245166	2324.8529485067734
246967	2324.8505297758206
247295	2324.8505297758206
247618	2324.8505297758206
247943	2324.8505297758206
248264	2324.8505297758206
248586	2324.8505297758206
248909	2324.8505297758206
249231	2324.8505297758206
249561	2324.8505297758206
249884	2324.8505297758206
250209	2324.8505297758206
250535	2324.8505297758206
250861	2324.8505297758206
251181	2324.8505297758206
251505	2324.8505297758206
251829	2324.8505297758206
252150	2324.8505297758206
252474	2324.8505297758206
252797	2324.8505297758206
254186	2324.8505297758206
254509	2324.8505297758206
254835	2324.8505297758206
255158	2324.8505297758206
255482	2324.8505297758206
255808	2324.8505297758206
256139	2324.8505297758206
256461	2324.8505297758206
256786	2324.8505297758206
257112	2324.8505297758206
257438	2324.8505297758206
257761	2324.8505297758206
258088	2324.8505297758206
258411	2324.8505297758206
258737	2324.8505297758206
259059	2324.8505297758206
259387	2324.8505297758206
259713	2324.8505297758206
260043	2324.8505297758206
260373	2324.8505297758206
261244	2324.8505297758206
261570	2324.8505297758206
261895	2324.8505297758206
262220	2324.8505297758206
262548	2324.8505297758206
262873	2324.8505297758206
263202	2324.8505297758206
263530	2324.8505297758206
263860	2324.8505297758206
264185	2324.8505297758206
264509	2324.8505297758206
264828	2324.8505297758206
265150	2324.8505297758206
265469	2324.8505297758206
265788	2324.8505297758206
266103	2324.8505297758206
266422	2324.8505297758206
266744	2324.8505297758206
267065	2324.8505297758206
267386	2324.8505297758206
269150	2324.8505297758206
269470	2324.8505297758206
269787	2324.8505297758206
270104	2324.8505297758206
270418	2324.8505297758206
270735	2324.8505297758206
271050	2324.8505297758206
271363	2324.8505297758206
271676	2324.8505297758206
271993	2324.8505297758206
272308	2324.8505297758206
272625	2324.8505297758206
272944	2324.8505297758206
273264	2324.8505297758206
273582	2324.8505297758206
273897	2324.8505297758206
274214	2324.8505297758206
274532	2324.8505297758206
274852	2324.8505297758206
275173	2324.8505297758206
276959	2324.8505297758206
277276	2324.8505297758206
277596	2324.8505297758206
277916	2324.8505297758206
278237	2324.8505297758206
278552	2324.8505297758206
278874	2324.8505297758206
279196	2324.8505297758206
279517	2324.8505297758206
279842	2324.8505297758206
280169	2324.8505297758206
280491	2324.8505297758206
280812	2324.8505297758206
281136	2324.8505297758206
281457	2324.8505297758206
281778	2324.8505297758206
282101	2324.8505297758206
282425	2324.8505297758206
282747	2324.8505297758206
283070	2324.8505297758206
284648	2324.8505297758206
284975	2324.8505297758206
285296	2324.8505297758206
285626	2324.8505297758206
285949	2324.8505297758206
286271	2324.8505297758206
286597	2324.8505297758206
286918	2324.8505297758206
287242	2324.8505297758206
287567	2324.8505297758206
288471	2324.8505297758206
288806	2324.8505297758206
289136	2324.8505297758206
289456	2324.8505297758206
289779	2324.8505297758206
290101	2324.8505297758206
290425	2324.8505297758206
290747	2324.8505297758206
291069	2324.8505297758206
291386	2324.8505297758206
291703	2324.8505297758206
292025	2324.8505297758206
292346	2324.8505297758206
292669	2324.8505297758206
292990	2324.8505297758206
293309	2324.8505297758206
293627	2324.8505297758206
293943	2324.8505297758206
294256	2324.8505297758206
294570	2324.8505297758206
296178	2324.8505297758206
296496	2324.8505297758206
296814	2324.8505297758206
297134	2324.8505297758206
297452	2324.8505297758206
297772	2324.8505297758206
298086	2324.8505297758206
298404	2324.8505297758206
298726	2324.8505297758206
299045	2324.8505297758206
299364	2324.8505297758206
299684	2324.8505297758206
300004	2324.8505297758206
