300	2859.510349359853
630	2815.5597268702395
945	2763.245761424677
1265	2676.822554835557
1582	2676.822554835557
1900	2676.822554835557
2217	2676.822554835557
2533	2657.2271333782855
2848	2636.6646186149833
3162	2636.6646186149833
3475	2595.190034165854
3785	2563.31408867731
4096	2563.31408867731
4405	2563.31408867731
4717	2563.31408867731
5028	2563.31408867731
5337	2563.31408867731
5645	2563.31408867731
5956	2563.31408867731
6262	2563.31408867731
6572	2563.31408867731
6881	2563.31408867731
7188	2563.31408867731
7495	2563.31408867731
7804	2561.769514175477
8112	2561.769514175477
8420	2561.769514175477
8726	2561.769514175477
9034	2561.769514175477
9342	2561.769514175477
9651	2561.769514175477
9962	2549.3099337423546
10273	2549.3099337423546
10582	2549.3099337423546
10892	2542.6327880724825
11201	2542.6327880724825
11513	2542.6327880724825
11824	2542.6327880724825
12134	2542.6327880724825
12446	2542.6327880724825
12758	2542.6327880724825
13065	2542.6327880724825
13376	2542.6327880724825
13686	2542.6327880724825
13997	2542.6327880724825
17080	2367.6394684304487
17387	2367.6394684304487
17693	2367.6394684304487
18001	2367.6394684304487
18308	2367.6394684304487
18615	2367.6394684304487
18921	2367.6394684304487
19231	2367.6394684304487
19538	2367.6394684304487
19845	2367.6394684304487
20153	2367.6394684304487
20464	2367.6394684304487
20774	2367.6394684304487
21084	2367.6394684304487
21393	2367.6394684304487
21703	2367.6394684304487
22015	2367.6394684304487
22326	2367.6394684304487
22637	2367.6394684304487
22949	2367.6394684304487
23260	2367.6394684304487
23573	2367.6394684304487
23887	2367.6394684304487
24202	2367.6394684304487
24514	2367.6394684304487
24827	2367.6394684304487
27047	2367.6394684304487
27360	2367.6394684304487
27671	2367.6394684304487
27985	2367.6394684304487
28295	2367.6394684304487
28604	2367.6394684304487
28913	2367.6394684304487
29227	2367.6394684304487
29538	2367.6394684304487
29849	2367.6394684304487
30160	2367.6394684304487
30469	2367.6394684304487
30780	2367.6394684304487
31089	2367.6394684304487
31401	2367.6394684304487
31713	2367.6394684304487
32023	2367.6394684304487
32331	2367.6394684304487
32639	2367.6394684304487
32949	2367.6394684304487
34901	2367.6394684304487
35210	2367.6394684304487
35520	2367.6394684304487
35827	2367.6394684304487
36136	2367.6394684304487
36444	2367.6394684304487
36751	2367.6394684304487
37059	2367.6394684304487
37370	2367.6394684304487
37679	2367.6394684304487
39228	2367.095753934446
41133	2367.0957446207453
41440	2367.0957446207453
41748	2367.0957446207453
42058	2367.0957446207453
42367	2367.0957446207453
42679	2367.0957446207453
42993	2367.0957446207453
43308	2367.0957446207453
43619	2367.0957446207453
43932	2367.0957446207453
44245	2367.0957446207453
44555	2367.0957446207453
44869	2367.0957446207453
45181	2367.0957446207453
45492	2367.0957446207453
45802	2367.0957446207453
46111	2367.0957446207453
46421	2367.0957446207453
46731	2367.0957446207453
48403	2367.0957446207453
48711	2367.0957446207453
49022	2367.0957446207453
49336	2367.0957446207453
49646	2367.0957446207453
49957	2367.0957446207453
50270	2367.0957446207453
50578	2367.0957446207453
50886	2367.0957446207453
51194	2367.0957446207453
51501	2367.0957446207453
51808	2367.0957446207453
52116	2367.0957446207453
52423	2367.0957446207453
52732	2367.0957446207453
53040	2367.0957446207453
53350	2367.0957446207453
53660	2367.0957446207453
53971	2367.0957446207453
54280	2367.0957446207453
57670	2367.0957446207453
57979	2367.0957446207453
58287	2367.0957446207453
58595	2367.0957446207453
58906	2367.0957446207453
59217	2367.0957446207453
59525	2367.0957446207453
59833	2367.0957446207453
60142	2367.0957446207453
60453	2367.0957446207453
60765	2367.0957446207453
61079	2367.0957446207453
61388	2367.0957446207453
61699	2367.0957446207453
62011	2367.0957446207453
62322	2367.0957446207453
62633	2367.0957446207453
62943	2367.0957446207453
63254	2367.0957446207453
63566	2367.0957446207453
65238	2367.0957446207453
65549	2367.0957446207453
65860	2367.0957446207453
66171	2367.0957446207453
66483	2367.0957446207453
66793	2367.0957446207453
67106	2367.0957446207453
67416	2367.0957446207453
67725	2367.0957446207453
68035	2367.0957446207453
68346	2367.0957446207453
68654	2367.0957446207453
68962	2367.0957446207453
69271	2367.0957446207453
69580	2367.0957446207453
69890	2367.0957446207453
70197	2367.0957446207453
70504	2367.0957446207453
70812	2367.0957446207453
71122	2367.0957446207453
75590	2367.0957446207453
75900	2367.0957446207453
76208	2367.0957446207453
76517	2367.0957446207453
76831	2367.0957446207453
77143	2367.0957446207453
77455	2367.0957446207453
77766	2367.0957446207453
78077	2367.0957446207453
78386	2367.0957446207453
78695	2367.0957446207453
79003	2367.0957446207453
79312	2367.0957446207453
79621	2367.0957446207453
79930	2367.0957446207453
80236	2367.0957446207453
80545	2367.0957446207453
80856	2367.0957446207453
81166	2367.0957446207453
81478	2367.0957446207453
82719	2366.990868729078
86438	2366.990868660245
86751	2366.990868660245
87059	2366.990868660245
87370	2366.990868660245
87681	2366.990868660245
87990	2366.990868660245
88300	2366.990868660245
88612	2366.990868660245
88921	2366.990868660245
89232	2366.990868660245
89542	2366.990868660245
89849	2366.990868660245
90159	2366.990868660245
90470	2366.990868660245
90779	2366.990868660245
91089	2366.990868660245
91397	2366.990868660245
91706	2366.990868660245
92015	2366.990868660245
93981	2366.990868660245
94288	2366.990868660245
94597	2366.990868660245
94906	2366.990868660245
95216	2366.990868660245
95527	2366.990868660245
95840	2366.990868660245
96152	2366.990868660245
96461	2366.990868660245
96769	2366.990868660245
97079	2366.990868660245
97388	2366.990868660245
97696	2366.990868660245
98003	2366.990868660245
98312	2366.990868660245
98621	2366.990868660245
98933	2366.990868660245
99246	2366.990868660245
99558	2366.990868660245
99869	2366.990868660245
103359	2366.990868660245
103673	2366.990868660245
103982	2366.990868660245
104293	2366.990868660245
104602	2366.990868660245
104911	2366.990868660245
105219	2366.990868660245
105528	2366.990868660245
105839	2366.990868660245
106151	2366.990868660245
106460	2366.990868660245
106772	2366.990868660245
107083	2366.990868660245
107393	2366.990868660245
107703	2366.990868660245
108015	2366.990868660245
108325	2366.990868660245
108635	2366.990868660245
108943	2366.990868660245
109251	2366.990868660245
113107	2366.990868660245
113420	2366.990868660245
113730	2366.990868660245
114039	2366.990868660245
114349	2366.990868660245
114657	2366.990868660245
114965	2366.990868660245
115275	2366.990868660245
115582	2366.990868660245
115890	2366.990868660245
116197	2366.990868660245
116506	2366.990868660245
116814	2366.990868660245
117123	2366.990868660245
117432	2366.990868660245
117740	2366.990868660245
118048	2366.990868660245
118359	2366.990868660245
118670	2366.990868660245
118981	2366.990868660245
120547	2366.990868660245
120856	2366.990868660245
121167	2366.990868660245
121476	2366.990868660245
121786	2366.990868660245
122096	2366.990868660245
122406	2366.990868660245
122713	2366.990868660245
123024	2366.990868660245
123333	2366.990868660245
123643	2366.990868660245
123954	2366.990868660245
124270	2366.990868660245
124583	2366.990868660245
124895	2366.990868660245
125204	2366.990868660245
125514	2366.990868660245
125824	2366.990868660245
126134	2366.990868660245
126444	2366.990868660245
128230	2366.990868660245
128540	2366.990868660245
128848	2366.990868660245
129156	2366.990868660245
129466	2366.990868660245
129775	2366.990868660245
130083	2366.990868660245
130392	2366.990868660245
130700	2366.990868660245
131009	2366.990868660245
134554	2366.990868660245
134864	2366.990868660245
135172	2366.990868660245
135483	2366.990868660245
135793	2366.990868660245
136105	2366.990868660245
136413	2366.990868660245
136725	2366.990868660245
137036	2366.990868660245
137346	2366.990868660245
137658	2366.990868660245
137968	2366.990868660245
138283	2366.990868660245
138596	2366.990868660245
138906	2366.990868660245
139220	2366.990868660245
139533	2366.990868660245
139842	2366.990868660245
140153	2366.990868660245
140461	2366.990868660245
144155	2366.990868660245
144465	2366.990868660245
144773	2366.990868660245
145081	2366.990868660245
145387	2366.990868660245
145694	2366.990868660245
146002	2366.990868660245
146311	2366.990868660245
146621	2366.990868660245
146930	2366.990868660245
147238	2366.990868660245
147548	2366.990868660245
147856	2366.990868660245
148165	2366.990868660245
148476	2366.990868660245
148785	2366.990868660245
149094	2366.990868660245
149406	2366.990868660245
149721	2366.990868660245
150034	2366.990868660245
152300	2366.990868660245
152611	2366.990868660245
152922	2366.990868660245
153234	2366.990868660245
153543	2366.990868660245
153852	2366.990868660245
154160	2366.990868660245
154468	2366.990868660245
154778	2366.990868660245
155090	2366.990868660245
155401	2366.990868660245
155713	2366.990868660245
156024	2366.990868660245
156335	2366.990868660245
156645	2366.990868660245
156957	2366.990868660245
157267	2366.990868660245
157575	2366.990868660245
157884	2366.990868660245
158192	2366.990868660245
160288	2366.990868660245
160597	2366.990868660245
160906	2366.990868660245
161217	2366.990868660245
161527	2366.990868660245
161838	2366.990868660245
162146	2366.990868660245
162456	2366.990868660245
162766	2366.990868660245
163075	2366.990868660245
163384	2366.990868660245
163695	2366.990868660245
164004	2366.990868660245
164314	2366.990868660245
164625	2366.990868660245
164936	2366.990868660245
165247	2366.990868660245
165558	2366.990868660245
165869	2366.990868660245
166177	2366.990868660245
168385	2366.990868660245
168692	2366.990868660245
168999	2366.990868660245
169307	2366.990868660245
169615	2366.990868660245
169923	2366.990868660245
170232	2366.990868660245
170543	2366.990868660245
170851	2366.990868660245
171165	2366.990868660245
173026	2366.990868660245
173336	2366.990868660245
173645	2366.990868660245
173952	2366.990868660245
174263	2366.990868660245
174574	2366.990868660245
174883	2366.990868660245
175194	2366.990868660245
175506	2366.990868660245
175814	2366.990868660245
176124	2366.990868660245
176433	2366.990868660245
176742	2366.990868660245
177051	2366.990868660245
177360	2366.990868660245
177668	2366.990868660245
177977	2366.990868660245
178284	2366.990868660245
178593	2366.990868660245
178901	2366.990868660245
181085	2366.990868660245
181394	2366.990868660245
181706	2366.990868660245
182017	2366.990868660245
182328	2366.990868660245
182637	2366.990868660245
182945	2366.990868660245
183253	2366.990868660245
183563	2366.990868660245
183874	2366.990868660245
184187	2366.990868660245
184497	2366.990868660245
184805	2366.990868660245
185114	2366.990868660245
185423	2366.990868660245
185734	2366.990868660245
186044	2366.990868660245
186354	2366.990868660245
186665	2366.990868660245
186977	2366.990868660245
189584	2366.990868660245
189896	2366.990868660245
190208	2366.990868660245
190518	2366.990868660245
190828	2366.990868660245
191136	2366.990868660245
191444	2366.990868660245
191754	2366.990868660245
192062	2366.990868660245
192368	2366.990868660245
192675	2366.990868660245
192983	2366.990868660245
193293	2366.990868660245
193605	2366.990868660245
193916	2366.990868660245
194225	2366.990868660245
194534	2366.990868660245
194845	2366.990868660245
195154	2366.990868660245
195464	2366.990868660245
198623	2366.990868660245
198933	2366.990868660245
199245	2366.990868660245
199556	2366.990868660245
199868	2366.990868660245
200179	2366.990868660245
200490	2366.990868660245
200802	2366.990868660245
201113	2366.990868660245
201424	2366.990868660245
201739	2366.990868660245
202048	2366.990868660245
202358	2366.990868660245
202669	2366.990868660245
202977	2366.990868660245
203284	2366.990868660245
203592	2366.990868660245
203901	2366.990868660245
204208	2366.990868660245
204514	2366.990868660245
206180	2366.990868660245
206489	2366.990868660245
206798	2366.990868660245
207105	2366.990868660245
207411	2366.990868660245
207719	2366.990868660245
208027	2366.990868660245
208336	2366.990868660245
208647	2366.990868660245
208959	2366.990868660245
211235	2366.990868660245
211544	2366.990868660245
211854	2366.990868660245
212162	2366.990868660245
212471	2366.990868660245
212780	2366.990868660245
213088	2366.990868660245
213399	2366.990868660245
213710	2366.990868660245
214022	2366.990868660245
214333	2366.990868660245
214647	2366.990868660245
214960	2366.990868660245
215269	2366.990868660245
215577	2366.990868660245
215885	2366.990868660245
216193	2366.990868660245
216499	2366.990868660245
216808	2366.990868660245
217115	2366.990868660245
218899	2366.990868660245
219207	2366.990868660245
219518	2366.990868660245
219827	2366.990868660245
220137	2366.990868660245
220448	2366.990868660245
220758	2366.990868660245
221068	2366.990868660245
221377	2366.990868660245
221685	2366.990868660245
221995	2366.990868660245
222302	2366.990868660245
222613	2366.990868660245
222922	2366.990868660245
223232	2366.990868660245
223541	2366.990868660245
223851	2366.990868660245
224161	2366.990868660245
224471	2366.990868660245
224780	2366.990868660245
227207	2366.990868660245
227518	2366.990868660245
227826	2366.990868660245
228138	2366.990868660245
228449	2366.990868660245
228760	2366.990868660245
229069	2366.990868660245
229379	2366.990868660245
229692	2366.990868660245
230001	2366.990868660245
230312	2366.990868660245
230621	2366.990868660245
230931	2366.990868660245
231244	2366.990868660245
231558	2366.990868660245
231867	2366.990868660245
232176	2366.990868660245
232487	2366.990868660245
232798	2366.990868660245
233109	2366.990868660245
236271	2366.990868660245
236580	2366.990868660245
236890	2366.990868660245
237197	2366.990868660245
237504	2366.990868660245
237813	2366.990868660245
238121	2366.990868660245
238429	2366.990868660245
238737	2366.990868660245
239046	2366.990868660245
239356	2366.990868660245
239667	2366.990868660245
239978	2366.990868660245
240287	2366.990868660245
240596	2366.990868660245
240903	2366.990868660245
241211	2366.990868660245
241518	2366.990868660245
241826	2366.990868660245
242133	2366.990868660245
246199	2366.990868660245
246507	2366.990868660245
246818	2366.990868660245
247128	2366.990868660245
247439	2366.990868660245
247747	2366.990868660245
248057	2366.990868660245
248366	2366.990868660245
248676	2366.990868660245
248986	2366.990868660245
251927	2366.990868660245
252237	2366.990868660245
252546	2366.990868660245
252856	2366.990868660245
253168	2366.990868660245
253480	2366.990868660245
253791	2366.990868660245
254103	2366.990868660245
254414	2366.990868660245
254722	2366.990868660245
255031	2366.990868660245
255343	2366.990868660245
255654	2366.990868660245
255966	2366.990868660245
256279	2366.990868660245
256592	2366.990868660245
256903	2366.990868660245
257215	2366.990868660245
257525	2366.990868660245
257836	2366.990868660245
261647	2366.990868660245
261956	2366.990868660245
262267	2366.990868660245
262575	2366.990868660245
262882	2366.990868660245
263190	2366.990868660245
263499	2366.990868660245
263809	2366.990868660245
264120	2366.990868660245
264427	2366.990868660245
264736	2366.990868660245
265044	2366.990868660245
265352	2366.990868660245
265663	2366.990868660245
265973	2366.990868660245
266282	2366.990868660245
266594	2366.990868660245
266907	2366.990868660245
267216	2366.990868660245
267526	2366.990868660245
269584	2366.990868660245
269895	2366.990868660245
270206	2366.990868660245
270517	2366.990868660245
270828	2366.990868660245
271138	2366.990868660245
271448	2366.990868660245
271758	2366.990868660245
272070	2366.990868660245
272381	2366.990868660245
272691	2366.990868660245
273005	2366.990868660245
273318	2366.990868660245
273627	2366.990868660245
273937	2366.990868660245
274249	2366.990868660245
274557	2366.990868660245
274864	2366.990868660245
275172	2366.990868660245
275483	2366.990868660245
277606	2366.990868660245
277916	2366.990868660245
278225	2366.990868660245
278534	2366.990868660245
278843	2366.990868660245
279153	2366.990868660245
279463	2366.990868660245
279773	2366.990868660245
280086	2366.990868660245
280396	2366.990868660245
280707	2366.990868660245
281015	2366.990868660245
281324	2366.990868660245
281632	2366.990868660245
281942	2366.990868660245
282253	2366.990868660245
282564	2366.990868660245
282876	2366.990868660245
283192	2366.990868660245
283503	2366.990868660245
285869	2366.990868660245
286178	2366.990868660245
286488	2366.990868660245
286796	2366.990868660245
287104	2366.990868660245
287410	2366.990868660245
287718	2366.990868660245
288026	2366.990868660245
288333	2366.990868660245
288642	2366.990868660245
292175	2366.990868660245
292484	2366.990868660245
292794	2366.990868660245
293105	2366.990868660245
293416	2366.990868660245
293726	2366.990868660245
294036	2366.990868660245
294345	2366.990868660245
294653	2366.990868660245
294963	2366.990868660245
295274	2366.990868660245
295588	2366.990868660245
295901	2366.990868660245
296213	2366.990868660245
296526	2366.990868660245
296838	2366.990868660245
297152	2366.990868660245
297464	2366.990868660245
297776	2366.990868660245
298086	2366.990868660245
299873	2366.990868660245
300181	2366.990868660245
