300	2901.425055691033
631	2761.2362222746942
955	2661.407718368495
1277	2661.407718368495
1596	2661.407718368495
1914	2638.9309731314224
2230	2638.9309731314224
2548	2620.4746641349157
2863	2600.5882107388456
3174	2600.5882107388456
3488	2600.5882107388456
3804	2583.242495967938
4114	2583.242495967938
4425	2583.242495967938
4737	2568.7985777403132
5048	2558.7205442294708
5362	2548.9684271671417
5671	2548.9684271671417
5983	2540.810812771778
6292	2540.810812771778
6603	2515.6498864074433
6913	2515.6498864074433
7222	2515.6498864074433
7528	2515.6498864074433
7839	2515.14699319012
8148	2515.14699319012
8457	2505.648107006969
8766	2505.648107006969
9073	2505.648107006969
9383	2505.648107006969
9689	2505.648107006969
9996	2505.648107006969
10305	2505.648107006969
10616	2505.648107006969
10923	2505.648107006969
11232	2505.648107006969
11540	2505.648107006969
11848	2505.648107006969
12156	2505.648107006969
12463	2505.648107006969
12774	2505.648107006969
13085	2505.648107006969
13393	2505.648107006969
13704	2505.648107006969
14015	2505.648107006969
14326	2505.648107006969
14635	2505.648107006969
18812	2366.978306302269
19124	2366.978306302269
19435	2366.978306302269
19748	2366.978306302269
20059	2366.978306302269
20369	2366.978306302269
20682	2366.978306302269
20995	2366.978306302269
21305	2366.978306302269
21615	2366.978306302269
21924	2366.978306302269
22236	2366.978306302269
22547	2366.978306302269
22857	2366.978306302269
23167	2366.978306302269
23475	2366.978306302269
23782	2366.978306302269
24089	2366.978306302269
24397	2366.978306302269
24705	2366.978306302269
25019	2366.978306302269
25329	2366.978306302269
25638	2366.978306302269
25947	2366.978306302269
27839	2366.978306302269
28149	2366.978306302269
28456	2366.978306302269
28767	2366.978306302269
29081	2366.978306302269
29393	2366.978306302269
29701	2366.978306302269
30012	2366.978306302269
30323	2366.978306302269
30631	2366.978306302269
30940	2366.978306302269
31248	2366.978306302269
31558	2366.978306302269
31866	2366.978306302269
32175	2366.978306302269
32485	2366.978306302269
32795	2366.978306302269
33103	2366.978306302269
33413	2366.978306302269
33720	2366.978306302269
35496	2366.978306302269
35804	2366.978306302269
36113	2366.978306302269
36422	2366.978306302269
36734	2366.978306302269
37044	2366.978306302269
37359	2366.978306302269
37670	2366.978306302269
37982	2366.978306302269
38292	2366.978306302269
38603	2366.978306302269
38915	2366.978306302269
39227	2366.978306302269
39539	2366.978306302269
39851	2366.978306302269
40160	2366.978306302269
40470	2366.978306302269
40778	2366.978306302269
41086	2366.978306302269
41396	2366.978306302269
43041	2356.068283062258
45729	2356.068283021209
46040	2356.068283021209
46350	2356.068283021209
46662	2356.068283021209
46971	2356.068283021209
47283	2356.068283021209
47593	2356.068283021209
47902	2356.068283021209
48211	2356.068283021209
48520	2356.068283021209
48827	2356.068283021209
49137	2356.068283021209
49444	2356.068283021209
49750	2356.068283021209
50057	2356.068283021209
50365	2356.068283021209
50674	2356.068283021209
50980	2356.068283021209
51288	2356.068283021209
52776	2355.591448133859
54689	2355.5914480614124
55004	2355.5914480614124
55316	2355.5914480614124
55627	2355.5914480614124
55941	2355.5914480614124
56252	2355.5914480614124
56561	2355.5914480614124
56868	2355.5914480614124
57176	2355.5914480614124
57485	2355.5914480614124
57796	2355.5914480614124
58103	2355.5914480614124
58414	2355.5914480614124
58723	2355.5914480614124
59032	2355.5914480614124
59341	2355.5914480614124
59652	2355.5914480614124
59963	2355.5914480614124
60273	2355.5914480614124
61731	2351.6285836076518
63741	2351.6285835841704
64058	2351.6285835841704
64373	2351.6285835841704
64689	2351.6285835841704
65001	2351.6285835841704
65313	2351.6285835841704
65625	2351.6285835841704
65938	2351.6285835841704
66247	2351.6285835841704
66558	2351.6285835841704
66870	2351.6285835841704
67177	2351.6285835841704
67487	2351.6285835841704
67799	2351.6285835841704
68108	2351.6285835841704
68416	2351.6285835841704
68726	2351.6285835841704
69035	2351.6285835841704
69344	2351.6285835841704
71419	2351.6285835841704
71731	2351.6285835841704
72042	2351.6285835841704
72356	2351.6285835841704
72666	2351.6285835841704
72979	2351.6285835841704
73290	2351.6285835841704
73598	2351.6285835841704
73910	2351.6285835841704
74223	2351.6285835841704
74538	2351.6285835841704
74849	2351.6285835841704
75159	2351.6285835841704
75468	2351.6285835841704
75779	2351.6285835841704
76092	2351.6285835841704
76406	2351.6285835841704
76717	2351.6285835841704
77029	2351.6285835841704
77342	2351.6285835841704
78711	2346.426771490562
80331	2340.7446924800824
82269	2340.7446924318856
82583	2340.7446924318856
82898	2340.7446924318856
83212	2340.7446924318856
83523	2340.7446924318856
83841	2340.7446924318856
84159	2340.7446924318856
84479	2340.7446924318856
84799	2340.7446924318856
85113	2340.7446924318856
85423	2340.7446924318856
85738	2340.7446924318856
86052	2340.7446924318856
86366	2340.7446924318856
86683	2340.7446924318856
87000	2340.7446924318856
87317	2340.7446924318856
87636	2340.7446924318856
87956	2340.7446924318856
88268	2340.7446924318856
88588	2340.7446924318856
88913	2340.7446924318856
89232	2340.7446924318856
89550	2340.7446924318856
89863	2340.7446924318856
90182	2340.7446924318856
90495	2340.7446924318856
90814	2340.7446924318856
92600	2340.7446924318856
92918	2340.7446924318856
93239	2340.7446924318856
93553	2340.7446924318856
93872	2340.7446924318856
94192	2340.7446924318856
94512	2340.7446924318856
94831	2340.7446924318856
95149	2340.7446924318856
95472	2340.7446924318856
97167	2340.7446924318856
97484	2340.7446924318856
97810	2340.7446924318856
98125	2340.7446924318856
98446	2340.7446924318856
98768	2340.7446924318856
99089	2340.7446924318856
99407	2340.7446924318856
99731	2340.7446924318856
100052	2340.7446924318856
100377	2340.7446924318856
100697	2340.7446924318856
101017	2340.7446924318856
101342	2340.7446924318856
101665	2340.7446924318856
101986	2340.7446924318856
102312	2340.7446924318856
102634	2340.7446924318856
102956	2340.7446924318856
103284	2340.7446924318856
104974	2340.7446924318856
105295	2340.7446924318856
105616	2340.7446924318856
105939	2340.7446924318856
106265	2340.7446924318856
106592	2340.7446924318856
106917	2340.7446924318856
107247	2340.7446924318856
107570	2340.7446924318856
107894	2340.7446924318856
108221	2340.7446924318856
108545	2340.7446924318856
108873	2340.7446924318856
109197	2340.7446924318856
109522	2340.7446924318856
109846	2340.7446924318856
110172	2340.7446924318856
110493	2340.7446924318856
110822	2340.7446924318856
111148	2340.7446924318856
113188	2340.7446924318856
113518	2340.7446924318856
113845	2340.7446924318856
114169	2340.7446924318856
114491	2340.7446924318856
114817	2340.7446924318856
115146	2340.7446924318856
115474	2340.7446924318856
115802	2340.7446924318856
116126	2340.7446924318856
116450	2340.7446924318856
116779	2340.7446924318856
117104	2340.7446924318856
117431	2340.7446924318856
117766	2340.7446924318856
118098	2340.7446924318856
118428	2340.7446924318856
118761	2340.7446924318856
119087	2340.7446924318856
119419	2340.7446924318856
121483	2340.7446924318856
121810	2340.7446924318856
122132	2340.7446924318856
122454	2340.7446924318856
122780	2340.7446924318856
123104	2340.7446924318856
123426	2340.7446924318856
123749	2340.7446924318856
124069	2340.7446924318856
124390	2340.7446924318856
124713	2340.7446924318856
125039	2340.7446924318856
125367	2340.7446924318856
125689	2340.7446924318856
126012	2340.7446924318856
126335	2340.7446924318856
126661	2340.7446924318856
126987	2340.7446924318856
127308	2340.7446924318856
127633	2340.7446924318856
129329	2340.7446924318856
129647	2340.7446924318856
129963	2340.7446924318856
130285	2340.7446924318856
130607	2340.7446924318856
130930	2340.7446924318856
131250	2340.7446924318856
131576	2340.7446924318856
131896	2340.7446924318856
132223	2340.7446924318856
133168	2338.29469923883
135711	2338.294698064439
136042	2338.294698064439
136369	2338.294698064439
136690	2338.294698064439
137011	2338.294698064439
137335	2338.294698064439
137659	2338.294698064439
137980	2338.294698064439
138304	2338.294698064439
138624	2338.294698064439
138946	2338.294698064439
139269	2338.294698064439
139589	2338.294698064439
139910	2338.294698064439
140235	2338.294698064439
140555	2338.294698064439
140878	2338.294698064439
141202	2338.294698064439
141524	2338.294698064439
142990	2338.294698064439
143318	2338.294698064439
143641	2338.294698064439
143964	2338.294698064439
144294	2338.294698064439
144625	2338.294698064439
144946	2338.294698064439
145260	2338.294698064439
145577	2338.294698064439
145895	2338.294698064439
146215	2338.294698064439
146539	2338.294698064439
146857	2338.294698064439
147180	2338.294698064439
147504	2338.294698064439
147826	2338.294698064439
148146	2338.294698064439
148468	2338.294698064439
148792	2338.294698064439
149113	2338.294698064439
150919	2338.294698064439
151241	2338.294698064439
151561	2338.294698064439
151880	2338.294698064439
152204	2338.294698064439
152523	2338.294698064439
152840	2338.294698064439
153158	2338.294698064439
153481	2338.294698064439
153804	2338.294698064439
154129	2338.294698064439
154454	2338.294698064439
154782	2338.294698064439
155102	2338.294698064439
155422	2338.294698064439
155742	2338.294698064439
156066	2338.294698064439
156397	2338.294698064439
156721	2338.294698064439
157042	2338.294698064439
157586	2338.294202710442
158219	2338.294154892569
159392	2338.2941546791126
159718	2338.2941546791126
160038	2338.2941546791126
160359	2338.2941546791126
160678	2338.2941546791126
161563	2338.2941199784254
161885	2338.2941199784254
162207	2338.2941199784254
162532	2338.2941199784254
162854	2338.2941199784254
163176	2338.2941199784254
163501	2338.2941199784254
165332	2338.2941145434393
165654	2338.2941145434393
165982	2338.2941145434393
166310	2338.2941145434393
166629	2338.2941145434393
166947	2338.2941145434393
167270	2338.2941145434393
167592	2338.2941145434393
167915	2338.2941145434393
168237	2338.2941145434393
168553	2338.2941145434393
168873	2338.2941145434393
169189	2338.2941145434393
170958	2338.294103122661
171279	2338.294103122661
171602	2338.294103122661
171926	2338.294103122661
172248	2338.294103122661
172570	2338.294103122661
172893	2338.294103122661
173212	2338.294103122661
173534	2338.294103122661
173857	2338.294103122661
174179	2338.294103122661
174507	2338.294103122661
174829	2338.294103122661
175152	2338.294103122661
175474	2338.294103122661
175795	2338.294103122661
176117	2338.294103122661
176443	2338.294103122661
176768	2338.294103122661
177092	2338.294103122661
177424	2338.294103122661
177750	2338.294103122661
178078	2338.294103122661
178745	2338.2941001858603
180495	2338.2941001275567
180824	2338.2941001275567
181156	2338.2941001275567
181486	2338.2941001275567
181812	2338.2941001275567
182137	2338.2941001275567
182462	2338.2941001275567
182783	2338.2941001275567
183109	2338.2941001275567
183438	2338.2941001275567
183756	2338.2941001275567
184076	2338.2941001275567
184399	2338.2941001275567
184716	2338.2941001275567
185035	2338.2941001275567
185351	2338.2941001275567
185671	2338.2941001275567
185992	2338.2941001275567
186315	2338.2941001275567
188014	2338.2941001275567
188336	2338.2941001275567
188661	2338.2941001275567
188987	2338.2941001275567
189312	2338.2941001275567
189642	2338.2941001275567
189968	2338.2941001275567
190293	2338.2941001275567
190619	2338.2941001275567
190948	2338.2941001275567
191271	2338.2941001275567
191596	2338.2941001275567
191925	2338.2941001275567
192248	2338.2941001275567
192571	2338.2941001275567
192895	2338.2941001275567
193221	2338.2941001275567
193541	2338.2941001275567
193870	2338.2941001275567
194201	2338.2941001275567
196621	2338.2941001275567
196946	2338.2941001275567
197265	2338.2941001275567
197589	2338.2941001275567
197912	2338.2941001275567
198234	2338.2941001275567
198559	2338.2941001275567
198880	2338.2941001275567
199197	2338.2941001275567
199514	2338.2941001275567
199829	2338.2941001275567
200143	2338.2941001275567
200462	2338.2941001275567
200782	2338.2941001275567
201103	2338.2941001275567
201425	2338.2941001275567
201744	2338.2941001275567
202066	2338.2941001275567
202392	2338.2941001275567
202717	2338.2941001275567
203848	2332.804853119507
205098	2330.632721995552
206513	2330.632720159313
206842	2330.632720159313
207164	2330.632720159313
207480	2330.632720159313
207802	2330.632720159313
208122	2330.632720159313
208439	2330.632720159313
208758	2330.632720159313
209078	2330.632720159313
209398	2330.632720159313
209721	2330.632720159313
210042	2330.632720159313
210369	2330.632720159313
210690	2330.632720159313
211007	2330.632720159313
211325	2330.632720159313
211648	2330.632720159313
211966	2330.632720159313
212286	2330.632720159313
212607	2330.632720159313
212928	2330.632720159313
213249	2330.632720159313
213569	2330.632720159313
213886	2330.632720159313
214201	2330.632720159313
214518	2330.632720159313
214840	2330.632720159313
215165	2330.632720159313
216403	2330.632720159313
216724	2330.632720159313
217045	2330.632720159313
217367	2330.632720159313
217694	2330.632720159313
218016	2330.632720159313
218343	2330.632720159313
218668	2330.632720159313
218986	2330.632720159313
219311	2330.632720159313
220425	2330.632720159313
220743	2330.632720159313
221060	2330.632720159313
221382	2330.632720159313
221703	2330.632720159313
222028	2330.632720159313
222350	2330.632720159313
222671	2330.632720159313
222993	2330.632720159313
223316	2330.632720159313
223644	2330.632720159313
223969	2330.632720159313
224300	2330.632720159313
224624	2330.632720159313
224949	2330.632720159313
225270	2330.632720159313
225596	2330.632720159313
225922	2330.632720159313
226240	2330.632720159313
226562	2330.632720159313
228362	2330.632720159313
228685	2330.632720159313
229008	2330.632720159313
229332	2330.632720159313
229656	2330.632720159313
229981	2330.632720159313
230307	2330.632720159313
230631	2330.632720159313
230950	2330.632720159313
231276	2330.632720159313
231597	2330.632720159313
231919	2330.632720159313
232244	2330.632720159313
232565	2330.632720159313
232888	2330.632720159313
233208	2330.632720159313
233529	2330.632720159313
233849	2330.632720159313
234170	2330.632720159313
234494	2330.632720159313
235357	2330.632720159313
235687	2330.632720159313
236019	2330.632720159313
236336	2330.632720159313
236656	2330.632720159313
236971	2330.632720159313
237286	2330.632720159313
237602	2330.632720159313
237921	2330.632720159313
238239	2330.632720159313
238556	2330.632720159313
238872	2330.632720159313
239183	2330.632720159313
239499	2330.632720159313
239812	2330.632720159313
240127	2330.632720159313
240439	2330.632720159313
240754	2330.632720159313
241070	2330.632720159313
241387	2330.632720159313
243175	2330.632720159313
243486	2330.632720159313
243797	2330.632720159313
244108	2330.632720159313
244418	2330.632720159313
244734	2330.632720159313
245055	2330.632720159313
245370	2330.632720159313
245683	2330.632720159313
246002	2330.632720159313
246319	2330.632720159313
246635	2330.632720159313
246954	2330.632720159313
247273	2330.632720159313
247592	2330.632720159313
247911	2330.632720159313
248230	2330.632720159313
248550	2330.632720159313
248868	2330.632720159313
249188	2330.632720159313
250951	2330.632720159313
251274	2330.632720159313
251598	2330.632720159313
251920	2330.632720159313
252243	2330.632720159313
252565	2330.632720159313
252883	2330.632720159313
253209	2330.632720159313
253530	2330.632720159313
253853	2330.632720159313
254994	2330.632720159313
255316	2330.632720159313
255637	2330.632720159313
255961	2330.632720159313
256284	2330.632720159313
256608	2330.632720159313
256936	2330.632720159313
257260	2330.632720159313
257585	2330.632720159313
257911	2330.632720159313
258237	2330.632720159313
258567	2330.632720159313
258893	2330.632720159313
259214	2330.632720159313
259526	2330.632720159313
259841	2330.632720159313
260153	2330.632720159313
260469	2330.632720159313
260785	2330.632720159313
261098	2330.632720159313
262672	2330.632720159313
262986	2330.632720159313
263302	2330.632720159313
263616	2330.632720159313
263930	2330.632720159313
264245	2330.632720159313
264564	2330.632720159313
264879	2330.632720159313
265196	2330.632720159313
265511	2330.632720159313
265825	2330.632720159313
266140	2330.632720159313
266453	2330.632720159313
266771	2330.632720159313
267088	2330.632720159313
267404	2330.632720159313
267723	2330.632720159313
268040	2330.632720159313
268359	2330.632720159313
268676	2330.632720159313
270706	2330.632720159313
271028	2330.632720159313
271343	2330.632720159313
271662	2330.632720159313
271983	2330.632720159313
272303	2330.632720159313
272623	2330.632720159313
272947	2330.632720159313
273269	2330.632720159313
273592	2330.632720159313
273917	2330.632720159313
274237	2330.632720159313
274563	2330.632720159313
274890	2330.632720159313
275212	2330.632720159313
275538	2330.632720159313
275862	2330.632720159313
276186	2330.632720159313
276511	2330.632720159313
276835	2330.632720159313
277913	2330.632720159313
278237	2330.632720159313
278565	2330.632720159313
278893	2330.632720159313
279214	2330.632720159313
279537	2330.632720159313
279860	2330.632720159313
280182	2330.632720159313
280506	2330.632720159313
280835	2330.632720159313
281155	2330.632720159313
281482	2330.632720159313
281811	2330.632720159313
282134	2330.632720159313
282457	2330.632720159313
282790	2330.632720159313
283119	2330.632720159313
283446	2330.632720159313
283769	2330.632720159313
284094	2330.632720159313
284985	2330.632720159313
285313	2330.632720159313
285639	2330.632720159313
285965	2330.632720159313
286294	2330.632720159313
286614	2330.632720159313
286937	2330.632720159313
287255	2330.632720159313
287579	2330.632720159313
287901	2330.632720159313
289386	2330.632720159313
289711	2330.632720159313
290039	2330.632720159313
290360	2330.632720159313
290681	2330.632720159313
291002	2330.632720159313
291322	2330.632720159313
291644	2330.632720159313
291965	2330.632720159313
292284	2330.632720159313
292604	2330.632720159313
292924	2330.632720159313
293249	2330.632720159313
293577	2330.632720159313
293901	2330.632720159313
294225	2330.632720159313
294546	2330.632720159313
294873	2330.632720159313
295198	2330.632720159313
295521	2330.632720159313
297169	2330.632720159313
297490	2330.632720159313
297815	2330.632720159313
298143	2330.632720159313
298469	2330.632720159313
298794	2330.632720159313
299119	2330.632720159313
299447	2330.632720159313
299769	2330.632720159313
300096	2330.632720159313
