1000	69182366163.18225
8958	7296.096482742382
12268	7293.532046011674
16615	7116.1104733853645
18856	7116.1104733853645
27771	5931.72113521909
32218	5907.68477601938
36633	5907.68477601938
44570	2588.839907037319
47794	2588.839907037319
57574	2491.6488966546503
60755	2491.6488966546503
67514	2491.6488966546503
75286	2491.6488966546503
84081	2491.6488966546503
91951	2491.6488966546503
99771	2491.6488966546503
108564	2491.6488966546503
116319	2491.6488966546503
122905	2491.6488966546503
129531	2491.6488966546503
136146	2333.3986438566685
138389	2333.3986438566685
145959	2333.3986438566685
152453	2333.3986438566685
157856	2333.3986438566685
164355	2333.3986438566685
169737	2333.3986438566685
177359	2333.3986438566685
183826	2333.3986438566685
190297	2333.3986438566685
198816	2333.3986438566685
207195	2333.3986438566685
216675	2333.3986438566685
222057	2333.3986438566685
229635	2333.3986438566685
235123	2333.3986438566685
242431	2333.3986438566685
248868	2333.3986438566685
254340	2333.3986438566685
260863	2333.3986438566685
269562	2333.3986438566685
278208	2333.3986438566685
283633	2333.3986438566685
288997	2333.3986438566685
295342	2333.3986438566685
301807	2333.3986438566685
309367	2333.3986438566685
313781	2333.3986438566685
319161	2333.3986438566685
323491	2333.3986438566685
329854	2333.3986438566685
334189	2333.3986438566685
340506	2333.3986438566685
346822	2333.3986438566685
353225	2333.3986438566685
360580	2333.3986438566685
367921	2333.3986438566685
376296	2333.3986438566685
381626	2333.3986438566685
388952	2333.3986438566685
393234	2333.3986438566685
399468	2333.3986438566685
405773	2333.3986438566685
412120	2333.3986438566685
419463	2333.3986438566685
423714	2333.3986438566685
431064	2333.3986438566685
437495	2333.3986438566685
441755	2333.3986438566685
447059	2333.3986438566685
454402	2333.3986438566685
458649	2333.3986438566685
466031	2333.3986438566685
470321	2333.3986438566685
476621	2333.3986438566685
480943	2333.3986438566685
485206	2333.3986438566685
490514	2333.3986438566685
496816	2333.3986438566685
502079	2333.3986438566685
506310	2333.3986438566685
512530	2333.3986438566685
515729	2333.3986438566685
518927	2333.3986438566685
522150	2333.3986438566685
525350	2333.3986438566685
529570	2333.3986438566685
535842	2333.3986438566685
541076	2333.3986438566685
544324	2333.3986438566685
548554	2333.3986438566685
552832	2333.3986438566685
557032	2333.3986438566685
561262	2333.3986438566685
566478	2333.3986438566685
573748	2333.3986438566685
577950	2333.3986438566685
581132	2333.3986438566685
587382	2333.3986438566685
592633	2333.3986438566685
595848	2333.3986438566685
603144	2333.3986438566685
606317	2333.3986438566685
609525	2333.3986438566685
616778	2333.3986438566685
619976	2333.3986438566685
625225	2333.3986438566685
630506	2333.3986438566685
636756	2333.3986438566685
644039	2333.3986438566685
647236	2333.3986438566685
651423	2333.3986438566685
655614	2333.3986438566685
658821	2333.3986438566685
663019	2333.3986438566685
667200	2333.3986438566685
672398	2333.3986438566685
675605	2333.3986438566685
681888	2333.3986438566685
687087	2333.3986438566685
691295	2333.3986438566685
695526	2333.3986438566685
698710	2333.3986438566685
702892	2333.3986438566685
708117	2333.3986438566685
714362	2333.3986438566685
719623	2333.3986438566685
724881	2333.3986438566685
729075	2333.3986438566685
735426	2333.3986438566685
739656	2333.3986438566685
743856	2333.3986438566685
748078	2333.3986438566685
756442	2333.3986438566685
760659	2333.3986438566685
765911	2333.3986438566685
772182	2333.3986438566685
778455	2333.3986438566685
783710	2333.3986438566685
787946	2333.3986438566685
792194	2333.3986438566685
796445	2333.3986438566685
800683	2333.3986438566685
806865	2333.3986438566685
811107	2333.3986438566685
815299	2333.3986438566685
821535	2333.3986438566685
826807	2333.3986438566685
831020	2333.3986438566685
842022	2333.3986438566685
848279	2333.3986438566685
852502	2333.3986438566685
857754	2333.3986438566685
864003	2333.3986438566685
871339	2333.3986438566685
873519	2333.3986438566685
877737	2333.3986438566685
881953	2333.3986438566685
886188	2333.3986438566685
891446	2333.3986438566685
893632	2333.3986438566685
899938	2333.3986438566685
902142	2333.3986438566685
907391	2333.3986438566685
914698	2333.3986438566685
918920	2333.3986438566685
924197	2333.3986438566685
928418	2333.3986438566685
930626	2333.3986438566685
935876	2333.3986438566685
941118	2333.3986438566685
945329	2333.3986438566685
947499	2333.3986438566685
951752	2333.3986438566685
959084	2333.3986438566685
961289	2333.3986438566685
965533	2333.3986438566685
969765	2333.3986438566685
974053	2333.3986438566685
978302	2333.3986438566685
980483	2333.3986438566685
985767	2333.3986438566685
987975	2333.3986438566685
990177	2333.3986438566685
992396	2333.3986438566685
994604	2333.3986438566685
996803	2333.3986438566685
998996	2333.3986438566685
1003251	2333.3986438566685
