1000	68384778574.344246
2177	45211835086.39016
3338	30472542123.697807
4499	18951331312.1039
5660	13593748557.163067
6820	9780233629.20496
7979	6914175149.132879
9134	5434625184.81946
10292	4263938619.254363
11450	3324811836.7456226
12608	2456172043.9650626
13766	1883439225.4638164
14922	1532634803.1936555
16081	1186380432.9179256
17238	1012574885.9016479
18395	750934201.3507781
19554	669725218.009724
20713	553738320.3569502
21870	414014930.61541885
23027	334183447.1168844
24184	269447219.4795114
25341	210354962.63994136
26498	151961290.81060997
27654	145377572.128074
28811	97346722.91702573
29969	87797400.52665298
31126	76295253.41532668
32281	65519957.17649691
33437	54928052.627895646
34593	48075550.486751184
35748	38431583.37891658
36904	33914152.718018286
38060	29618848.40018878
39216	25935715.690923065
40372	24135501.99994402
41528	20347445.23622673
42684	19077511.4039602
43841	17027249.672473498
44997	15317391.917829294
46153	12016570.55430547
47309	11095676.934560139
72907	4477.668639781974
109304	3921.8701082544258
110457	3921.8701082544258
111610	3921.8701082544258
112763	3921.8701082544258
113916	3921.8701082544258
115069	3921.8701082544258
116222	3921.8701082544258
117375	3921.8701082544258
118528	3921.8701082544258
119681	3921.8701082544258
120834	3921.8701082544258
121987	3921.8701082544258
123140	3921.8701082544258
124293	3921.8701082544258
125446	3921.8701082544258
126599	3921.8701082544258
127752	3921.8701082544258
128905	3921.8701082544258
130058	3921.8701082544258
146261	1934.4403703694284
177513	1776.7922537729683
210840	1755.0038387411498
211992	1755.0038387411498
213144	1755.0038387411498
214296	1755.0038387411498
215448	1755.0038387411498
216600	1755.0038387411498
217751	1755.0038387411498
218903	1755.0038387411498
220054	1755.0038387411498
221206	1755.0038387411498
222358	1755.0038387411498
223509	1755.0038387411498
224661	1755.0038387411498
225813	1755.0038387411498
226964	1755.0038387411498
228115	1755.0038387411498
229267	1755.0038387411498
230417	1755.0038387411498
231568	1755.0038387411498
232720	1755.0038387411498
233874	1755.0038387411498
235030	1755.0038387411498
236186	1755.0038387411498
237340	1755.0038387411498
238495	1755.0038387411498
239648	1755.0038387411498
240802	1755.0038387411498
241956	1755.0038387411498
259283	1755.0038387411498
260438	1755.0038387411498
261592	1755.0038387411498
262748	1755.0038387411498
263902	1755.0038387411498
265057	1755.0038387411498
266212	1755.0038387411498
267367	1755.0038387411498
268519	1755.0038387411498
269674	1755.0038387411498
286911	1755.0038387411498
288065	1755.0038387411498
289219	1755.0038387411498
290373	1755.0038387411498
291526	1755.0038387411498
292678	1755.0038387411498
293832	1755.0038387411498
294986	1755.0038387411498
296141	1755.0038387411498
297295	1755.0038387411498
298450	1755.0038387411498
299604	1755.0038387411498
300758	1755.0038387411498
301913	1755.0038387411498
303066	1755.0038387411498
304221	1755.0038387411498
305377	1755.0038387411498
306533	1755.0038387411498
307688	1755.0038387411498
308841	1755.0038387411498
326082	1755.0038387411498
327236	1755.0038387411498
328392	1755.0038387411498
329547	1755.0038387411498
330701	1755.0038387411498
331856	1755.0038387411498
333010	1755.0038387411498
334165	1755.0038387411498
335321	1755.0038387411498
336477	1755.0038387411498
337633	1755.0038387411498
338789	1755.0038387411498
339944	1755.0038387411498
341098	1755.0038387411498
342254	1755.0038387411498
343409	1755.0038387411498
344564	1755.0038387411498
345719	1755.0038387411498
346873	1755.0038387411498
348029	1755.0038387411498
363030	1755.0038387411498
364186	1755.0038387411498
365341	1755.0038387411498
366496	1755.0038387411498
367649	1755.0038387411498
368804	1755.0038387411498
369957	1755.0038387411498
371112	1755.0038387411498
372267	1755.0038387411498
373423	1755.0038387411498
374578	1755.0038387411498
375734	1755.0038387411498
376889	1755.0038387411498
378044	1755.0038387411498
379200	1755.0038387411498
380354	1755.0038387411498
381509	1755.0038387411498
382664	1755.0038387411498
383820	1755.0038387411498
384975	1755.0038387411498
395041	1755.0038387411498
396195	1755.0038387411498
397349	1755.0038387411498
398504	1755.0038387411498
399660	1755.0038387411498
400813	1755.0038387411498
401967	1755.0038387411498
403123	1755.0038387411498
404279	1755.0038387411498
405434	1755.0038387411498
406590	1755.0038387411498
407745	1755.0038387411498
408900	1755.0038387411498
410056	1755.0038387411498
411211	1755.0038387411498
412366	1755.0038387411498
413520	1755.0038387411498
414674	1755.0038387411498
415829	1755.0038387411498
416984	1755.0038387411498
434208	1755.0038387411498
435363	1755.0038387411498
436519	1755.0038387411498
437672	1755.0038387411498
438827	1755.0038387411498
439983	1755.0038387411498
441138	1755.0038387411498
442293	1755.0038387411498
443447	1755.0038387411498
444598	1755.0038387411498
461814	1755.0038387411498
462966	1755.0038387411498
464121	1755.0038387411498
465277	1755.0038387411498
466431	1755.0038387411498
467584	1755.0038387411498
468738	1755.0038387411498
469891	1755.0038387411498
471047	1755.0038387411498
472201	1755.0038387411498
473357	1755.0038387411498
474511	1755.0038387411498
475666	1755.0038387411498
476820	1755.0038387411498
477974	1755.0038387411498
479129	1755.0038387411498
480283	1755.0038387411498
481436	1755.0038387411498
482590	1755.0038387411498
483745	1755.0038387411498
500964	1755.0038387411498
502119	1755.0038387411498
503273	1755.0038387411498
504429	1755.0038387411498
505584	1755.0038387411498
506739	1755.0038387411498
507893	1755.0038387411498
509048	1755.0038387411498
510203	1755.0038387411498
511355	1755.0038387411498
512508	1755.0038387411498
513663	1755.0038387411498
514817	1755.0038387411498
515971	1755.0038387411498
517127	1755.0038387411498
518280	1755.0038387411498
519434	1755.0038387411498
520589	1755.0038387411498
521745	1755.0038387411498
522901	1755.0038387411498
529030	1755.0038387411498
530185	1755.0038387411498
531340	1755.0038387411498
532495	1755.0038387411498
533649	1755.0038387411498
534804	1755.0038387411498
535955	1755.0038387411498
537109	1755.0038387411498
538264	1755.0038387411498
539419	1755.0038387411498
540575	1755.0038387411498
541730	1755.0038387411498
542885	1755.0038387411498
544039	1755.0038387411498
545195	1755.0038387411498
546350	1755.0038387411498
547506	1755.0038387411498
548659	1755.0038387411498
549813	1755.0038387411498
550967	1755.0038387411498
561923	1755.0038387411498
563076	1755.0038387411498
564231	1755.0038387411498
565386	1755.0038387411498
566539	1755.0038387411498
567695	1755.0038387411498
568850	1755.0038387411498
570005	1755.0038387411498
571161	1755.0038387411498
572316	1755.0038387411498
573470	1755.0038387411498
574624	1755.0038387411498
575780	1755.0038387411498
576934	1755.0038387411498
578090	1755.0038387411498
579244	1755.0038387411498
580398	1755.0038387411498
581553	1755.0038387411498
582709	1755.0038387411498
583864	1755.0038387411498
591699	1755.0038387411498
592855	1755.0038387411498
594009	1755.0038387411498
595165	1755.0038387411498
596321	1755.0038387411498
597476	1755.0038387411498
598629	1755.0038387411498
599784	1755.0038387411498
600939	1755.0038387411498
602094	1755.0038387411498
618299	1751.7363417912557
638065	1746.0795534424867
639216	1746.0795534424867
640369	1746.0795534424867
641521	1746.0795534424867
642674	1746.0795534424867
643828	1746.0795534424867
644977	1746.0795534424867
646129	1746.0795534424867
647281	1746.0795534424867
648434	1746.0795534424867
649586	1746.0795534424867
650737	1746.0795534424867
651890	1746.0795534424867
653044	1746.0795534424867
654197	1746.0795534424867
655348	1746.0795534424867
656501	1746.0795534424867
657654	1746.0795534424867
658808	1746.0795534424867
664730	1746.0795534424867
665884	1746.0795534424867
667039	1746.0795534424867
668196	1746.0795534424867
669352	1746.0795534424867
670506	1746.0795534424867
671662	1746.0795534424867
672817	1746.0795534424867
673971	1746.0795534424867
675126	1746.0795534424867
676280	1746.0795534424867
677434	1746.0795534424867
678589	1746.0795534424867
679743	1746.0795534424867
680898	1746.0795534424867
682051	1746.0795534424867
683207	1746.0795534424867
684363	1746.0795534424867
685519	1746.0795534424867
686673	1746.0795534424867
702878	1741.1571716506332
735161	1736.9299101963538
736313	1736.9299101963538
737467	1736.9299101963538
738621	1736.9299101963538
739774	1736.9299101963538
740926	1736.9299101963538
742080	1736.9299101963538
743232	1736.9299101963538
744385	1736.9299101963538
745537	1736.9299101963538
746689	1736.9299101963538
747843	1736.9299101963538
748997	1736.9299101963538
750150	1736.9299101963538
751304	1736.9299101963538
752456	1736.9299101963538
753610	1736.9299101963538
754764	1736.9299101963538
755915	1736.9299101963538
773135	1736.9299101963538
774288	1736.9299101963538
775445	1736.9299101963538
776602	1736.9299101963538
777758	1736.9299101963538
778912	1736.9299101963538
780066	1736.9299101963538
781221	1736.9299101963538
782377	1736.9299101963538
783533	1736.9299101963538
784689	1736.9299101963538
785843	1736.9299101963538
786998	1736.9299101963538
788153	1736.9299101963538
789307	1736.9299101963538
790463	1736.9299101963538
791618	1736.9299101963538
792773	1736.9299101963538
793928	1736.9299101963538
795082	1736.9299101963538
801398	1736.9299101963538
802553	1736.9299101963538
803706	1736.9299101963538
804862	1736.9299101963538
806018	1736.9299101963538
807174	1736.9299101963538
808330	1736.9299101963538
809484	1736.9299101963538
810640	1736.9299101963538
811795	1736.9299101963538
812951	1736.9299101963538
814107	1736.9299101963538
815263	1736.9299101963538
816418	1736.9299101963538
817574	1736.9299101963538
818729	1736.9299101963538
819885	1736.9299101963538
821041	1736.9299101963538
822195	1736.9299101963538
823350	1736.9299101963538
840579	1736.9299101963538
841733	1736.9299101963538
842889	1736.9299101963538
844044	1736.9299101963538
845199	1736.9299101963538
846354	1736.9299101963538
847507	1736.9299101963538
848663	1736.9299101963538
849819	1736.9299101963538
850974	1736.9299101963538
852128	1736.9299101963538
853283	1736.9299101963538
854439	1736.9299101963538
855595	1736.9299101963538
856751	1736.9299101963538
857905	1736.9299101963538
859060	1736.9299101963538
860215	1736.9299101963538
861371	1736.9299101963538
862526	1736.9299101963538
869259	1736.9299101963538
870413	1736.9299101963538
871569	1736.9299101963538
872723	1736.9299101963538
873879	1736.9299101963538
875031	1736.9299101963538
876187	1736.9299101963538
877343	1736.9299101963538
878499	1736.9299101963538
879655	1736.9299101963538
880811	1736.9299101963538
881966	1736.9299101963538
883121	1736.9299101963538
884277	1736.9299101963538
885433	1736.9299101963538
886588	1736.9299101963538
887744	1736.9299101963538
888900	1736.9299101963538
890055	1736.9299101963538
891211	1736.9299101963538
897736	1736.9299101963538
898891	1736.9299101963538
900046	1736.9299101963538
901202	1736.9299101963538
902357	1736.9299101963538
903512	1736.9299101963538
904667	1736.9299101963538
905823	1736.9299101963538
906978	1736.9299101963538
908131	1736.9299101963538
914553	1736.9299101963538
915709	1736.9299101963538
916865	1736.9299101963538
918017	1736.9299101963538
919171	1736.9299101963538
920326	1736.9299101963538
921481	1736.9299101963538
922636	1736.9299101963538
923790	1736.9299101963538
924945	1736.9299101963538
926100	1736.9299101963538
927256	1736.9299101963538
928411	1736.9299101963538
929567	1736.9299101963538
930723	1736.9299101963538
931878	1736.9299101963538
933032	1736.9299101963538
934188	1736.9299101963538
935344	1736.9299101963538
936498	1736.9299101963538
942097	1736.6888176371317
951161	1735.311323500327
952314	1735.311323500327
953467	1735.311323500327
954621	1735.311323500327
955775	1735.311323500327
956929	1735.311323500327
958083	1735.311323500327
959237	1735.311323500327
960390	1735.311323500327
961544	1735.311323500327
962697	1735.311323500327
963851	1735.311323500327
965004	1735.311323500327
966157	1735.311323500327
967311	1735.311323500327
968465	1735.311323500327
969619	1735.311323500327
970773	1735.311323500327
971927	1735.311323500327
978648	1735.311323500327
979803	1735.311323500327
980959	1735.311323500327
982115	1735.311323500327
983271	1735.311323500327
984426	1735.311323500327
985582	1735.311323500327
986737	1735.311323500327
987893	1735.311323500327
989048	1735.311323500327
990203	1735.311323500327
991358	1735.311323500327
992514	1735.311323500327
993670	1735.311323500327
994825	1735.311323500327
995981	1735.311323500327
997135	1735.311323500327
998290	1735.311323500327
999446	1735.311323500327
1000600	1735.311323500327
