1000	70042959695.36494
2175	46621854459.47185
3337	24066924330.035446
4502	17907903133.71005
5666	11979605509.804358
6830	8213323185.115289
7991	6406073860.981582
9146	4829366456.577677
10308	3519641858.705576
11466	2359389925.12201
12624	1569426464.9728103
13782	1360122234.7581599
14942	1021679933.3856589
16097	745308503.5609798
17253	555111691.716811
18408	418444467.7729378
19564	392818826.38030946
20720	307004127.6199593
21875	247426349.2821776
23030	190573853.5905629
24187	142573187.92268097
25343	108672769.45375481
26498	94769907.14069197
27654	80259633.54074486
28811	61956751.9351819
29967	55868858.49134652
31123	46037874.116619684
32279	42613118.61204539
33435	35987187.07773533
34591	29334301.757607464
35747	24743372.897059817
36903	23273147.748255722
38059	18888532.248900644
39215	16765465.55638869
40371	14224599.398032585
41527	11580635.827169647
42683	9696744.516260114
43839	8225919.529562011
44995	7726354.18076245
46151	6858009.242965408
47307	6121513.918631854
56694	4738.64980993335
94205	2002.387283428964
95358	2002.387283428964
96511	2002.387283428964
97664	2002.387283428964
98817	2002.387283428964
99970	2002.387283428964
101123	2002.387283428964
102275	2002.387283428964
103428	2002.387283428964
104581	2002.387283428964
105734	2002.387283428964
106887	2002.387283428964
108040	2002.387283428964
109190	2002.387283428964
110341	2002.387283428964
111490	2002.387283428964
112641	2002.387283428964
113790	2002.387283428964
114937	2002.387283428964
133176	1817.8828120481116
166473	1794.9646504943457
167616	1794.9646504943457
168754	1794.9646504943457
169892	1794.9646504943457
171027	1794.9646504943457
172165	1794.9646504943457
173302	1794.9646504943457
174434	1794.9646504943457
175563	1794.9646504943457
176693	1794.9646504943457
177828	1794.9646504943457
178967	1794.9646504943457
180101	1794.9646504943457
181233	1794.9646504943457
182368	1794.9646504943457
183498	1794.9646504943457
184633	1794.9646504943457
185762	1794.9646504943457
186891	1794.9646504943457
203064	1757.2868343632713
237371	1742.6166408228944
238497	1742.6166408228944
239626	1742.6166408228944
240757	1742.6166408228944
241885	1742.6166408228944
243013	1742.6166408228944
244139	1742.6166408228944
245269	1742.6166408228944
246398	1742.6166408228944
247524	1742.6166408228944
248651	1742.6166408228944
249778	1742.6166408228944
250905	1742.6166408228944
252032	1742.6166408228944
253160	1742.6166408228944
254285	1742.6166408228944
255415	1742.6166408228944
256544	1742.6166408228944
257675	1742.6166408228944
273857	1735.0461057899802
307162	1708.7001245356757
308293	1708.7001245356757
309424	1708.7001245356757
310556	1708.7001245356757
311689	1708.7001245356757
312822	1708.7001245356757
313956	1708.7001245356757
315088	1708.7001245356757
316221	1708.7001245356757
317354	1708.7001245356757
318490	1708.7001245356757
319623	1708.7001245356757
320756	1708.7001245356757
321889	1708.7001245356757
323025	1708.7001245356757
324157	1708.7001245356757
325289	1708.7001245356757
326420	1708.7001245356757
327553	1708.7001245356757
345775	1708.7001245356757
346911	1708.7001245356757
348045	1708.7001245356757
349181	1708.7001245356757
350316	1708.7001245356757
351452	1708.7001245356757
352587	1708.7001245356757
353724	1708.7001245356757
354861	1708.7001245356757
355997	1708.7001245356757
357129	1708.7001245356757
358266	1708.7001245356757
359401	1708.7001245356757
360536	1708.7001245356757
361674	1708.7001245356757
362807	1708.7001245356757
363945	1708.7001245356757
365088	1708.7001245356757
366232	1708.7001245356757
367374	1708.7001245356757
384598	1708.7001245356757
385746	1708.7001245356757
386890	1708.7001245356757
388034	1708.7001245356757
389177	1708.7001245356757
390317	1708.7001245356757
391457	1708.7001245356757
392596	1708.7001245356757
393739	1708.7001245356757
394886	1708.7001245356757
396027	1708.7001245356757
397170	1708.7001245356757
398309	1708.7001245356757
399450	1708.7001245356757
400593	1708.7001245356757
401737	1708.7001245356757
402879	1708.7001245356757
404025	1708.7001245356757
405170	1708.7001245356757
406318	1708.7001245356757
423545	1708.7001245356757
424689	1708.7001245356757
425835	1708.7001245356757
426983	1708.7001245356757
428129	1708.7001245356757
429280	1708.7001245356757
430429	1708.7001245356757
431575	1708.7001245356757
432721	1708.7001245356757
433866	1708.7001245356757
435015	1708.7001245356757
436163	1708.7001245356757
437309	1708.7001245356757
438455	1708.7001245356757
439605	1708.7001245356757
440754	1708.7001245356757
441903	1708.7001245356757
443052	1708.7001245356757
444200	1708.7001245356757
445351	1708.7001245356757
462564	1708.7001245356757
463714	1708.7001245356757
464861	1708.7001245356757
466011	1708.7001245356757
467158	1708.7001245356757
468308	1708.7001245356757
469456	1708.7001245356757
470607	1708.7001245356757
471754	1708.7001245356757
472902	1708.7001245356757
474047	1708.7001245356757
475196	1708.7001245356757
476346	1708.7001245356757
477500	1708.7001245356757
478649	1708.7001245356757
479798	1708.7001245356757
480948	1708.7001245356757
513213	1684.2413922356777
514361	1684.2413922356777
515511	1684.2413922356777
516657	1684.2413922356777
517807	1684.2413922356777
518957	1684.2413922356777
520106	1684.2413922356777
521252	1684.2413922356777
522399	1684.2413922356777
523550	1684.2413922356777
524701	1684.2413922356777
525854	1684.2413922356777
527005	1684.2413922356777
528153	1684.2413922356777
529303	1684.2413922356777
530449	1684.2413922356777
531596	1684.2413922356777
532746	1684.2413922356777
533895	1684.2413922356777
535044	1684.2413922356777
536194	1684.2413922356777
537345	1684.2413922356777
538494	1684.2413922356777
555716	1684.2413922356777
556864	1684.2413922356777
558018	1684.2413922356777
559173	1684.2413922356777
560322	1684.2413922356777
561474	1684.2413922356777
562623	1684.2413922356777
563774	1684.2413922356777
564923	1684.2413922356777
566073	1684.2413922356777
567222	1684.2413922356777
568374	1684.2413922356777
569525	1684.2413922356777
570675	1684.2413922356777
571828	1684.2413922356777
572980	1684.2413922356777
574132	1684.2413922356777
575283	1684.2413922356777
576432	1684.2413922356777
577583	1684.2413922356777
594783	1684.2413922356777
595934	1684.2413922356777
597084	1684.2413922356777
598235	1684.2413922356777
599388	1684.2413922356777
600540	1684.2413922356777
601692	1684.2413922356777
602842	1684.2413922356777
603993	1684.2413922356777
605145	1684.2413922356777
606296	1684.2413922356777
607448	1684.2413922356777
608598	1684.2413922356777
609748	1684.2413922356777
610901	1684.2413922356777
612052	1684.2413922356777
613203	1684.2413922356777
614354	1684.2413922356777
615507	1684.2413922356777
616656	1684.2413922356777
633872	1684.2413922356777
635025	1684.2413922356777
636176	1684.2413922356777
637325	1684.2413922356777
638477	1684.2413922356777
639628	1684.2413922356777
640783	1684.2413922356777
641932	1684.2413922356777
643082	1684.2413922356777
644235	1684.2413922356777
661462	1684.2413922356777
662616	1684.2413922356777
663765	1684.2413922356777
664916	1684.2413922356777
666068	1684.2413922356777
667219	1684.2413922356777
668369	1684.2413922356777
669523	1684.2413922356777
670672	1684.2413922356777
671823	1684.2413922356777
672973	1684.2413922356777
674125	1684.2413922356777
675275	1684.2413922356777
676429	1684.2413922356777
677582	1684.2413922356777
678735	1684.2413922356777
679886	1684.2413922356777
681038	1684.2413922356777
682193	1684.2413922356777
683344	1684.2413922356777
700581	1684.2413922356777
701728	1684.2413922356777
702880	1684.2413922356777
704033	1684.2413922356777
705183	1684.2413922356777
706337	1684.2413922356777
707488	1684.2413922356777
708641	1684.2413922356777
709791	1684.2413922356777
710945	1684.2413922356777
712100	1684.2413922356777
713251	1684.2413922356777
714403	1684.2413922356777
715558	1684.2413922356777
716709	1684.2413922356777
717861	1684.2413922356777
719013	1684.2413922356777
720165	1684.2413922356777
721317	1684.2413922356777
722470	1684.2413922356777
739693	1684.2413922356777
740845	1684.2413922356777
741998	1684.2413922356777
743150	1684.2413922356777
744299	1684.2413922356777
745451	1684.2413922356777
746602	1684.2413922356777
747756	1684.2413922356777
748907	1684.2413922356777
750061	1684.2413922356777
751211	1684.2413922356777
752362	1684.2413922356777
753513	1684.2413922356777
754663	1684.2413922356777
755815	1684.2413922356777
756970	1684.2413922356777
758120	1684.2413922356777
759273	1684.2413922356777
760425	1684.2413922356777
761577	1684.2413922356777
779785	1684.2413922356777
780935	1684.2413922356777
782089	1684.2413922356777
783240	1684.2413922356777
815511	1679.8050268828538
816662	1679.8050268828538
817815	1679.8050268828538
818967	1679.8050268828538
820120	1679.8050268828538
821270	1679.8050268828538
822422	1679.8050268828538
823574	1679.8050268828538
824724	1679.8050268828538
825875	1679.8050268828538
827025	1679.8050268828538
828177	1679.8050268828538
829329	1679.8050268828538
830481	1679.8050268828538
831630	1679.8050268828538
832782	1679.8050268828538
833933	1679.8050268828538
835085	1679.8050268828538
836235	1679.8050268828538
837386	1679.8050268828538
838535	1679.8050268828538
839686	1679.8050268828538
840838	1679.8050268828538
841990	1679.8050268828538
843142	1679.8050268828538
844291	1679.8050268828538
861515	1679.8050268828538
862669	1679.8050268828538
863822	1679.8050268828538
864976	1679.8050268828538
866128	1679.8050268828538
867279	1679.8050268828538
868431	1679.8050268828538
869581	1679.8050268828538
870733	1679.8050268828538
871884	1679.8050268828538
873036	1679.8050268828538
874188	1679.8050268828538
875338	1679.8050268828538
876490	1679.8050268828538
877641	1679.8050268828538
878791	1679.8050268828538
879942	1679.8050268828538
881095	1679.8050268828538
882248	1679.8050268828538
883400	1679.8050268828538
900640	1679.8050268828538
901791	1679.8050268828538
902943	1679.8050268828538
904097	1679.8050268828538
905248	1679.8050268828538
906400	1679.8050268828538
907553	1679.8050268828538
908702	1679.8050268828538
909852	1679.8050268828538
911005	1679.8050268828538
916097	1679.2112072528712
930178	1678.4161925142348
936287	1678.4161919553942
937440	1678.4161919553942
938591	1678.4161919553942
939742	1678.4161919553942
940894	1678.4161919553942
942045	1678.4161919553942
943199	1678.4161919553942
944352	1678.4161919553942
945503	1678.4161919553942
946656	1678.4161919553942
947808	1678.4161919553942
948960	1678.4161919553942
950112	1678.4161919553942
951264	1678.4161919553942
952417	1678.4161919553942
953568	1678.4161919553942
954721	1678.4161919553942
955874	1678.4161919553942
957025	1678.4161919553942
958178	1678.4161919553942
959334	1678.4161919553942
960490	1678.4161919553942
961643	1678.4161919553942
962797	1678.4161919553942
963951	1678.4161919553942
965106	1678.4161919553942
966261	1678.4161919553942
967415	1678.4161919553942
972912	1678.3296628209032
990434	1678.3296625969758
991589	1678.3296625969758
992741	1678.3296625969758
993892	1678.3296625969758
995048	1678.3296625969758
996199	1678.3296625969758
997353	1678.3296625969758
998504	1678.3296625969758
999658	1678.3296625969758
1000809	1678.3296625969758
