1000	69182366163.18225
2175	41796960439.764824
3338	26691039464.74228
4498	17585977206.13809
5660	9524929241.952925
6818	8434512554.935947
7980	6190879450.010241
9139	4205783756.504291
10296	3053579613.379282
11453	2566016893.364239
12610	1851508636.7574806
13766	1437763577.4079783
14924	1112554559.6135967
16083	883149340.2367901
17240	656440919.1905863
18397	410627268.3925749
19556	354956995.5861285
20713	276979018.92801076
21868	241336368.41568586
23024	190167161.5140735
24183	149387762.43629643
25339	104503905.14936003
26496	94930601.70719723
27652	75835987.95835607
28807	61149652.31465369
29963	56910086.06843671
31119	48388761.49659671
32276	39904703.260178015
33432	32850914.773977
34588	29962400.72813034
35744	24671992.448162522
36900	20673748.980802923
38056	18398445.06065289
39212	15659701.524362456
40368	14117791.8196363
41524	11104358.41792642
42680	10624127.384954993
43836	9496931.248125812
44992	8681706.039879737
46148	7500720.5912478035
47304	6803912.189056742
76999	5339.650790404033
78154	5339.650790404033
79309	5339.650790404033
80464	5339.650790404033
81619	5339.650790404033
82774	5339.650790404033
83929	5339.650790404033
85084	5339.650790404033
86238	5339.650790404033
87393	5339.650790404033
88548	5339.650790404033
89703	5339.650790404033
90858	5339.650790404033
92013	5339.650790404033
93168	5339.650790404033
94323	5339.650790404033
95478	5339.650790404033
96633	5339.650790404033
130974	1744.7254754326286
132128	1744.7254754326286
133283	1744.7254754326286
134437	1744.7254754326286
135589	1744.7254754326286
136741	1744.7254754326286
137894	1744.7254754326286
139046	1744.7254754326286
140198	1744.7254754326286
141348	1744.7254754326286
142496	1744.7254754326286
143647	1744.7254754326286
144799	1744.7254754326286
145950	1744.7254754326286
147101	1744.7254754326286
148252	1744.7254754326286
149401	1744.7254754326286
150553	1744.7254754326286
151705	1744.7254754326286
152857	1744.7254754326286
154008	1744.7254754326286
155160	1744.7254754326286
172365	1744.7254754326286
173518	1744.7254754326286
174669	1744.7254754326286
175822	1744.7254754326286
176976	1744.7254754326286
178129	1744.7254754326286
179282	1744.7254754326286
180436	1744.7254754326286
181590	1744.7254754326286
182744	1744.7254754326286
183898	1744.7254754326286
185052	1744.7254754326286
186207	1744.7254754326286
187361	1744.7254754326286
188515	1744.7254754326286
189669	1744.7254754326286
190823	1744.7254754326286
191977	1744.7254754326286
193132	1744.7254754326286
194288	1744.7254754326286
211526	1744.7254754326286
212681	1744.7254754326286
213838	1744.7254754326286
214993	1744.7254754326286
216148	1744.7254754326286
217303	1744.7254754326286
218458	1744.7254754326286
219613	1744.7254754326286
220768	1744.7254754326286
221923	1744.7254754326286
223078	1744.7254754326286
224233	1744.7254754326286
225388	1744.7254754326286
226543	1744.7254754326286
227697	1744.7254754326286
228852	1744.7254754326286
230007	1744.7254754326286
231162	1744.7254754326286
232317	1744.7254754326286
233473	1744.7254754326286
250712	1744.7254754326286
251868	1744.7254754326286
253024	1744.7254754326286
254180	1744.7254754326286
255336	1744.7254754326286
256492	1744.7254754326286
257648	1744.7254754326286
258804	1744.7254754326286
259960	1744.7254754326286
261116	1744.7254754326286
262272	1744.7254754326286
263428	1744.7254754326286
264584	1744.7254754326286
265740	1744.7254754326286
266896	1744.7254754326286
268052	1744.7254754326286
269208	1744.7254754326286
270364	1744.7254754326286
271520	1744.7254754326286
272676	1744.7254754326286
282630	1744.7254754326286
283786	1744.7254754326286
284942	1744.7254754326286
286098	1744.7254754326286
287254	1744.7254754326286
288410	1744.7254754326286
289566	1744.7254754326286
290722	1744.7254754326286
291878	1744.7254754326286
293034	1744.7254754326286
310254	1744.7254754326286
311410	1744.7254754326286
312566	1744.7254754326286
313722	1744.7254754326286
314878	1744.7254754326286
316034	1744.7254754326286
317190	1744.7254754326286
318346	1744.7254754326286
319502	1744.7254754326286
320658	1744.7254754326286
321814	1744.7254754326286
322970	1744.7254754326286
324126	1744.7254754326286
325282	1744.7254754326286
326438	1744.7254754326286
327594	1744.7254754326286
328750	1744.7254754326286
329906	1744.7254754326286
331062	1744.7254754326286
332218	1744.7254754326286
342575	1744.7254754326286
343731	1744.7254754326286
344887	1744.7254754326286
346043	1744.7254754326286
347199	1744.7254754326286
348355	1744.7254754326286
349511	1744.7254754326286
350667	1744.7254754326286
351823	1744.7254754326286
352979	1744.7254754326286
354135	1744.7254754326286
355291	1744.7254754326286
356447	1744.7254754326286
357603	1744.7254754326286
358759	1744.7254754326286
359915	1744.7254754326286
361071	1744.7254754326286
362227	1744.7254754326286
363383	1744.7254754326286
364539	1744.7254754326286
373290	1744.7254754326286
374446	1744.7254754326286
375602	1744.7254754326286
376758	1744.7254754326286
377914	1744.7254754326286
379070	1744.7254754326286
380226	1744.7254754326286
381382	1744.7254754326286
382538	1744.7254754326286
383694	1744.7254754326286
384850	1744.7254754326286
386006	1744.7254754326286
387162	1744.7254754326286
388318	1744.7254754326286
389474	1744.7254754326286
390630	1744.7254754326286
391786	1744.7254754326286
392942	1744.7254754326286
394098	1744.7254754326286
395254	1744.7254754326286
403788	1744.7254754326286
404944	1744.7254754326286
406100	1744.7254754326286
407256	1744.7254754326286
408412	1744.7254754326286
409568	1744.7254754326286
410724	1744.7254754326286
411880	1744.7254754326286
413036	1744.7254754326286
414192	1744.7254754326286
415348	1744.7254754326286
416504	1744.7254754326286
417660	1744.7254754326286
418816	1744.7254754326286
419972	1744.7254754326286
421128	1744.7254754326286
422284	1744.7254754326286
423440	1744.7254754326286
424596	1744.7254754326286
425752	1744.7254754326286
434790	1744.7254754326286
435946	1744.7254754326286
437102	1744.7254754326286
438258	1744.7254754326286
439414	1744.7254754326286
440570	1744.7254754326286
441726	1744.7254754326286
442882	1744.7254754326286
444038	1744.7254754326286
445194	1744.7254754326286
453726	1744.7254754326286
454882	1744.7254754326286
456038	1744.7254754326286
457194	1744.7254754326286
458350	1744.7254754326286
459506	1744.7254754326286
460663	1744.7254754326286
461820	1744.7254754326286
462976	1744.7254754326286
464132	1744.7254754326286
465288	1744.7254754326286
466444	1744.7254754326286
467600	1744.7254754326286
468756	1744.7254754326286
469912	1744.7254754326286
471068	1744.7254754326286
472224	1744.7254754326286
473380	1744.7254754326286
474536	1744.7254754326286
475691	1744.7254754326286
483515	1744.7254754326286
484671	1744.7254754326286
485827	1744.7254754326286
486983	1744.7254754326286
488139	1744.7254754326286
489295	1744.7254754326286
490451	1744.7254754326286
491607	1744.7254754326286
492763	1744.7254754326286
493919	1744.7254754326286
495075	1744.7254754326286
496231	1744.7254754326286
497387	1744.7254754326286
498543	1744.7254754326286
499699	1744.7254754326286
500855	1744.7254754326286
502011	1744.7254754326286
503167	1744.7254754326286
504323	1744.7254754326286
505479	1744.7254754326286
513518	1744.7254754326286
514674	1744.7254754326286
515830	1744.7254754326286
516986	1744.7254754326286
518142	1744.7254754326286
519298	1744.7254754326286
520454	1744.7254754326286
521610	1744.7254754326286
522766	1744.7254754326286
523922	1744.7254754326286
525078	1744.7254754326286
526234	1744.7254754326286
527390	1744.7254754326286
528546	1744.7254754326286
529702	1744.7254754326286
530858	1744.7254754326286
532014	1744.7254754326286
533170	1744.7254754326286
534326	1744.7254754326286
535482	1744.7254754326286
541606	1744.7254754326286
542762	1744.7254754326286
543918	1744.7254754326286
545076	1744.7254754326286
546232	1744.7254754326286
547388	1744.7254754326286
548544	1744.7254754326286
549700	1744.7254754326286
550856	1744.7254754326286
552012	1744.7254754326286
553168	1744.7254754326286
554324	1744.7254754326286
555479	1744.7254754326286
556635	1744.7254754326286
557791	1744.7254754326286
558947	1744.7254754326286
560103	1744.7254754326286
561259	1744.7254754326286
562415	1744.7254754326286
563571	1744.7254754326286
569898	1744.7254754326286
571054	1744.7254754326286
572210	1744.7254754326286
573366	1744.7254754326286
574522	1744.7254754326286
575678	1744.7254754326286
576834	1744.7254754326286
577990	1744.7254754326286
579146	1744.7254754326286
580302	1744.7254754326286
586731	1744.7254754326286
587887	1744.7254754326286
589043	1744.7254754326286
590199	1744.7254754326286
591355	1744.7254754326286
592511	1744.7254754326286
593667	1744.7254754326286
594823	1744.7254754326286
595979	1744.7254754326286
597135	1744.7254754326286
598291	1744.7254754326286
599447	1744.7254754326286
600603	1744.7254754326286
601759	1744.7254754326286
602915	1744.7254754326286
604071	1744.7254754326286
605229	1744.7254754326286
606386	1744.7254754326286
607542	1744.7254754326286
608698	1744.7254754326286
615119	1744.7254754326286
616275	1744.7254754326286
617431	1744.7254754326286
618587	1744.7254754326286
619743	1744.7254754326286
620899	1744.7254754326286
622055	1744.7254754326286
623211	1744.7254754326286
624367	1744.7254754326286
625523	1744.7254754326286
626679	1744.7254754326286
627835	1744.7254754326286
628991	1744.7254754326286
630147	1744.7254754326286
631303	1744.7254754326286
632459	1744.7254754326286
633615	1744.7254754326286
634771	1744.7254754326286
635927	1744.7254754326286
637083	1744.7254754326286
643611	1744.7254754326286
644767	1744.7254754326286
645923	1744.7254754326286
647079	1744.7254754326286
648235	1744.7254754326286
649391	1744.7254754326286
650547	1744.7254754326286
651703	1744.7254754326286
652859	1744.7254754326286
654015	1744.7254754326286
655171	1744.7254754326286
656327	1744.7254754326286
657483	1744.7254754326286
658639	1744.7254754326286
659797	1744.7254754326286
660953	1744.7254754326286
662109	1744.7254754326286
663265	1744.7254754326286
664421	1744.7254754326286
665577	1744.7254754326286
671996	1744.7254754326286
673152	1744.7254754326286
674308	1744.7254754326286
675464	1744.7254754326286
676620	1744.7254754326286
677776	1744.7254754326286
678932	1744.7254754326286
680088	1744.7254754326286
681244	1744.7254754326286
682400	1744.7254754326286
683556	1744.7254754326286
684712	1744.7254754326286
685868	1744.7254754326286
687024	1744.7254754326286
688180	1744.7254754326286
689336	1744.7254754326286
690492	1744.7254754326286
691648	1744.7254754326286
692804	1744.7254754326286
693960	1744.7254754326286
700304	1744.7254754326286
701460	1744.7254754326286
702616	1744.7254754326286
703772	1744.7254754326286
704928	1744.7254754326286
706084	1744.7254754326286
707240	1744.7254754326286
708396	1744.7254754326286
709551	1744.7254754326286
710707	1744.7254754326286
717153	1744.7254754326286
718309	1744.7254754326286
719465	1744.7254754326286
720621	1744.7254754326286
721777	1744.7254754326286
722933	1744.7254754326286
724089	1744.7254754326286
725245	1744.7254754326286
726401	1744.7254754326286
727557	1744.7254754326286
728713	1744.7254754326286
729869	1744.7254754326286
731025	1744.7254754326286
732181	1744.7254754326286
733337	1744.7254754326286
734493	1744.7254754326286
735649	1744.7254754326286
736805	1744.7254754326286
737961	1744.7254754326286
739117	1744.7254754326286
745750	1744.7254754326286
746906	1744.7254754326286
748062	1744.7254754326286
749218	1744.7254754326286
750374	1744.7254754326286
751530	1744.7254754326286
752686	1744.7254754326286
753842	1744.7254754326286
754998	1744.7254754326286
756154	1744.7254754326286
757310	1744.7254754326286
758466	1744.7254754326286
759622	1744.7254754326286
760778	1744.7254754326286
761934	1744.7254754326286
763090	1744.7254754326286
764246	1744.7254754326286
765402	1744.7254754326286
766558	1744.7254754326286
767714	1744.7254754326286
774142	1744.7254754326286
775298	1744.7254754326286
776454	1744.7254754326286
777609	1744.7254754326286
778765	1744.7254754326286
779921	1744.7254754326286
781077	1744.7254754326286
782233	1744.7254754326286
783389	1744.7254754326286
784545	1744.7254754326286
785701	1744.7254754326286
786857	1744.7254754326286
788013	1744.7254754326286
789169	1744.7254754326286
790325	1744.7254754326286
791481	1744.7254754326286
792637	1744.7254754326286
793793	1744.7254754326286
794949	1744.7254754326286
796105	1744.7254754326286
802532	1744.7254754326286
803688	1744.7254754326286
804844	1744.7254754326286
806000	1744.7254754326286
807156	1744.7254754326286
808312	1744.7254754326286
809468	1744.7254754326286
810624	1744.7254754326286
811780	1744.7254754326286
812936	1744.7254754326286
814092	1744.7254754326286
815248	1744.7254754326286
816404	1744.7254754326286
817560	1744.7254754326286
818716	1744.7254754326286
819872	1744.7254754326286
821028	1744.7254754326286
822183	1744.7254754326286
823339	1744.7254754326286
824495	1744.7254754326286
830825	1744.7254754326286
831981	1744.7254754326286
833137	1744.7254754326286
834293	1744.7254754326286
835449	1744.7254754326286
836605	1744.7254754326286
837761	1744.7254754326286
838917	1744.7254754326286
840073	1744.7254754326286
841229	1744.7254754326286
849172	1744.7254754326286
850328	1744.7254754326286
851484	1744.7254754326286
852640	1744.7254754326286
853796	1744.7254754326286
854952	1744.7254754326286
856108	1744.7254754326286
857264	1744.7254754326286
858420	1744.7254754326286
859576	1744.7254754326286
860732	1744.7254754326286
861888	1744.7254754326286
863044	1744.7254754326286
864200	1744.7254754326286
865356	1744.7254754326286
866512	1744.7254754326286
867668	1744.7254754326286
868824	1744.7254754326286
869980	1744.7254754326286
871136	1744.7254754326286
877265	1744.7254754326286
878422	1744.7254754326286
879579	1744.7254754326286
880735	1744.7254754326286
881891	1744.7254754326286
883047	1744.7254754326286
884203	1744.7254754326286
885359	1744.7254754326286
886515	1744.7254754326286
887671	1744.7254754326286
888827	1744.7254754326286
889983	1744.7254754326286
891139	1744.7254754326286
892295	1744.7254754326286
893451	1744.7254754326286
894607	1744.7254754326286
895763	1744.7254754326286
896921	1744.7254754326286
898078	1744.7254754326286
899237	1744.7254754326286
905367	1744.7254754326286
906525	1744.7254754326286
907683	1744.7254754326286
908845	1744.7254754326286
910005	1744.7254754326286
911162	1744.7254754326286
912318	1744.7254754326286
913475	1744.7254754326286
914631	1744.7254754326286
915787	1744.7254754326286
916943	1744.7254754326286
918102	1744.7254754326286
919261	1744.7254754326286
920418	1744.7254754326286
921574	1744.7254754326286
922732	1744.7254754326286
923888	1744.7254754326286
925044	1744.7254754326286
926203	1744.7254754326286
927359	1744.7254754326286
933484	1744.7254754326286
934640	1744.7254754326286
935796	1744.7254754326286
936952	1744.7254754326286
938110	1744.7254754326286
939266	1744.7254754326286
940422	1744.7254754326286
941578	1744.7254754326286
942734	1744.7254754326286
943890	1744.7254754326286
945046	1744.7254754326286
946202	1744.7254754326286
947358	1744.7254754326286
948514	1744.7254754326286
949670	1744.7254754326286
950826	1744.7254754326286
951982	1744.7254754326286
953138	1744.7254754326286
954294	1744.7254754326286
955450	1744.7254754326286
961575	1744.7254754326286
962731	1744.7254754326286
963887	1744.7254754326286
965043	1744.7254754326286
966199	1744.7254754326286
967355	1744.7254754326286
968511	1744.7254754326286
969667	1744.7254754326286
970823	1744.7254754326286
971979	1744.7254754326286
977399	1744.7254754326286
978555	1744.7254754326286
979711	1744.7254754326286
980867	1744.7254754326286
982023	1744.7254754326286
983179	1744.7254754326286
984335	1744.7254754326286
985491	1744.7254754326286
986647	1744.7254754326286
987803	1744.7254754326286
988959	1744.7254754326286
990115	1744.7254754326286
991271	1744.7254754326286
992427	1744.7254754326286
993585	1744.7254754326286
994742	1744.7254754326286
995898	1744.7254754326286
997054	1744.7254754326286
998210	1744.7254754326286
999366	1744.7254754326286
1003676	1744.7254754326286
