1000	246456.61994307264
2152	186188.46374670888
3304	169683.18784905184
4454	129461.17268323051
5603	101478.75822937494
6747	93341.35623035574
7890	67555.9896762256
9034	67555.9896762256
10173	54354.30085563036
11317	52681.56044160705
12460	46057.94152365274
13600	34795.791128527984
14743	28750.205773753576
15884	28390.033465921635
17027	25770.0838425221
18166	21652.608755496552
19308	18747.034680442273
20449	18747.034680442273
21588	14568.364786433041
22728	14210.290254666941
23866	12108.335080747927
25008	12108.335080747927
26144	11275.529432128067
27281	10311.907674254462
28416	8675.802731519632
29559	7698.921492175009
30699	7698.921492175009
31837	7172.73382850278
32976	6492.061934824223
34114	6492.061934824223
35255	6492.061934824223
36392	6150.665405039108
37531	5927.996328637502
38670	5436.219278792647
39813	3912.3428186404235
40955	3912.3428186404235
42094	3912.3428186404235
43232	3290.474625086952
44371	3290.474625086952
45512	3290.474625086952
46648	3290.474625086952
72841	597.7001447572597
159107	559.557845233938
226111	443.89395341902383
227250	443.89395341902383
228387	443.89395341902383
229520	443.89395341902383
230655	443.89395341902383
231788	443.89395341902383
232922	443.89395341902383
234058	443.89395341902383
235198	443.89395341902383
236339	443.89395341902383
237478	443.89395341902383
238619	443.89395341902383
239761	443.89395341902383
240905	443.89395341902383
242051	443.89395341902383
243194	443.89395341902383
244338	443.89395341902383
245484	443.89395341902383
246631	443.89395341902383
247775	443.89395341902383
248919	443.89395341902383
250056	443.89395341902383
251199	443.89395341902383
252339	443.89395341902383
253480	443.89395341902383
254621	443.89395341902383
255760	443.89395341902383
256897	443.89395341902383
274581	443.89395341902383
275715	443.89395341902383
276852	443.89395341902383
277986	443.89395341902383
279122	443.89395341902383
280253	443.89395341902383
281385	443.89395341902383
282518	443.89395341902383
283650	443.89395341902383
284785	443.89395341902383
304925	443.89395341902383
306059	443.89395341902383
307198	443.89395341902383
308334	443.89395341902383
309472	443.89395341902383
310606	443.89395341902383
311741	443.89395341902383
312878	443.89395341902383
314011	443.89395341902383
315146	443.89395341902383
316281	443.89395341902383
317416	443.89395341902383
318549	443.89395341902383
319683	443.89395341902383
320818	443.89395341902383
321951	443.89395341902383
323086	443.89395341902383
324218	443.89395341902383
325352	443.89395341902383
326485	443.89395341902383
342126	443.89395341902383
343260	443.89395341902383
344394	443.89395341902383
345527	443.89395341902383
346664	443.89395341902383
347797	443.89395341902383
348930	443.89395341902383
350066	443.89395341902383
351200	443.89395341902383
352335	443.89395341902383
353470	443.89395341902383
354606	443.89395341902383
355743	443.89395341902383
356878	443.89395341902383
358014	443.89395341902383
359147	443.89395341902383
360281	443.89395341902383
361417	443.89395341902383
362550	443.89395341902383
363681	443.89395341902383
378080	443.89395341902383
379219	443.89395341902383
380357	443.89395341902383
381492	443.89395341902383
382625	443.89395341902383
383761	443.89395341902383
384893	443.89395341902383
386027	443.89395341902383
387161	443.89395341902383
388296	443.89395341902383
389429	443.89395341902383
390563	443.89395341902383
391695	443.89395341902383
392827	443.89395341902383
393957	443.89395341902383
395090	443.89395341902383
396224	443.89395341902383
397359	443.89395341902383
398492	443.89395341902383
399626	443.89395341902383
414113	443.89395341902383
415250	443.89395341902383
416382	443.89395341902383
417513	443.89395341902383
418645	443.89395341902383
419778	443.89395341902383
420911	443.89395341902383
422046	443.89395341902383
423180	443.89395341902383
424314	443.89395341902383
425449	443.89395341902383
426582	443.89395341902383
427717	443.89395341902383
428850	443.89395341902383
429983	443.89395341902383
431115	443.89395341902383
432248	443.89395341902383
433380	443.89395341902383
434513	443.89395341902383
435647	443.89395341902383
447927	443.89395341902383
449060	443.89395341902383
450190	443.89395341902383
451317	443.89395341902383
452450	443.89395341902383
453581	443.89395341902383
454711	443.89395341902383
455836	443.89395341902383
456969	443.89395341902383
458099	443.89395341902383
470196	443.89395341902383
471325	443.89395341902383
472459	443.89395341902383
473590	443.89395341902383
474720	443.89395341902383
475850	443.89395341902383
476981	443.89395341902383
478114	443.89395341902383
479248	443.89395341902383
480381	443.89395341902383
481514	443.89395341902383
482652	443.89395341902383
483784	443.89395341902383
484916	443.89395341902383
486046	443.89395341902383
487176	443.89395341902383
488306	443.89395341902383
489438	443.89395341902383
490567	443.89395341902383
491698	443.89395341902383
502406	443.89395341902383
503541	443.89395341902383
504675	443.89395341902383
505804	443.89395341902383
506936	443.89395341902383
508065	443.89395341902383
509198	443.89395341902383
510330	443.89395341902383
511464	443.89395341902383
512596	443.89395341902383
513728	443.89395341902383
514860	443.89395341902383
515993	443.89395341902383
517123	443.89395341902383
518254	443.89395341902383
519383	443.89395341902383
520513	443.89395341902383
521646	443.89395341902383
522777	443.89395341902383
523908	443.89395341902383
534527	443.89395341902383
535654	443.89395341902383
536786	443.89395341902383
537916	443.89395341902383
539042	443.89395341902383
540167	443.89395341902383
541295	443.89395341902383
542427	443.89395341902383
543557	443.89395341902383
544687	443.89395341902383
545817	443.89395341902383
546946	443.89395341902383
548077	443.89395341902383
549211	443.89395341902383
550342	443.89395341902383
551471	443.89395341902383
552601	443.89395341902383
553730	443.89395341902383
554861	443.89395341902383
555990	443.89395341902383
566329	443.89395341902383
567456	443.89395341902383
568585	443.89395341902383
569712	443.89395341902383
570840	443.89395341902383
571971	443.89395341902383
573098	443.89395341902383
574228	443.89395341902383
575354	443.89395341902383
576486	443.89395341902383
577610	443.89395341902383
578734	443.89395341902383
579862	443.89395341902383
580988	443.89395341902383
582117	443.89395341902383
583244	443.89395341902383
584370	443.89395341902383
585500	443.89395341902383
586627	443.89395341902383
587753	443.89395341902383
596708	443.89395341902383
597836	443.89395341902383
598965	443.89395341902383
600094	443.89395341902383
601223	443.89395341902383
602351	443.89395341902383
603478	443.89395341902383
604604	443.89395341902383
605730	443.89395341902383
606860	443.89395341902383
615603	443.89395341902383
616730	443.89395341902383
617855	443.89395341902383
618986	443.89395341902383
620117	443.89395341902383
621247	443.89395341902383
622376	443.89395341902383
623505	443.89395341902383
624635	443.89395341902383
625764	443.89395341902383
626892	443.89395341902383
628026	443.89395341902383
629159	443.89395341902383
630292	443.89395341902383
631423	443.89395341902383
632554	443.89395341902383
633686	443.89395341902383
634820	443.89395341902383
635952	443.89395341902383
637085	443.89395341902383
647509	443.89395341902383
648642	443.89395341902383
649775	443.89395341902383
650908	443.89395341902383
652043	443.89395341902383
653181	443.89395341902383
654317	443.89395341902383
655452	443.89395341902383
656587	443.89395341902383
657725	443.89395341902383
658861	443.89395341902383
659997	443.89395341902383
661130	443.89395341902383
662269	443.89395341902383
663409	443.89395341902383
664548	443.89395341902383
665688	443.89395341902383
666824	443.89395341902383
667964	443.89395341902383
669103	443.89395341902383
677463	443.89395341902383
678605	443.89395341902383
679745	443.89395341902383
680884	443.89395341902383
682024	443.89395341902383
683166	443.89395341902383
684307	443.89395341902383
685445	443.89395341902383
686584	443.89395341902383
687723	443.89395341902383
688864	443.89395341902383
690003	443.89395341902383
691143	443.89395341902383
692285	443.89395341902383
693427	443.89395341902383
694569	443.89395341902383
695710	443.89395341902383
696850	443.89395341902383
697990	443.89395341902383
699132	443.89395341902383
709686	443.89395341902383
710823	443.89395341902383
711959	443.89395341902383
713094	443.89395341902383
714231	443.89395341902383
715368	443.89395341902383
716503	443.89395341902383
717640	443.89395341902383
718776	443.89395341902383
719912	443.89395341902383
721045	443.89395341902383
722181	443.89395341902383
723316	443.89395341902383
724451	443.89395341902383
725588	443.89395341902383
726723	443.89395341902383
727859	443.89395341902383
728993	443.89395341902383
730131	443.89395341902383
731265	443.89395341902383
740430	443.89395341902383
741566	443.89395341902383
742701	443.89395341902383
743837	443.89395341902383
744971	443.89395341902383
746107	443.89395341902383
747245	443.89395341902383
748381	443.89395341902383
749520	443.89395341902383
750657	443.89395341902383
761407	443.89395341902383
762545	443.89395341902383
763683	443.89395341902383
764823	443.89395341902383
765960	443.89395341902383
767097	443.89395341902383
768236	443.89395341902383
769373	443.89395341902383
770510	443.89395341902383
771648	443.89395341902383
772785	443.89395341902383
773924	443.89395341902383
775062	443.89395341902383
776205	443.89395341902383
777344	443.89395341902383
778483	443.89395341902383
779622	443.89395341902383
780760	443.89395341902383
781901	443.89395341902383
783042	443.89395341902383
793045	443.89395341902383
794188	443.89395341902383
795328	443.89395341902383
796468	443.89395341902383
797610	443.89395341902383
798751	443.89395341902383
799892	443.89395341902383
801030	443.89395341902383
802170	443.89395341902383
803311	443.89395341902383
804455	443.89395341902383
805597	443.89395341902383
806739	443.89395341902383
807879	443.89395341902383
809019	443.89395341902383
810159	443.89395341902383
811301	443.89395341902383
812440	443.89395341902383
813581	443.89395341902383
814719	443.89395341902383
825567	443.89395341902383
826705	443.89395341902383
827842	443.89395341902383
828979	443.89395341902383
830116	443.89395341902383
831256	443.89395341902383
832395	443.89395341902383
833537	443.89395341902383
834676	443.89395341902383
835813	443.89395341902383
836949	443.89395341902383
838087	443.89395341902383
839224	443.89395341902383
840360	443.89395341902383
841496	443.89395341902383
842632	443.89395341902383
843765	443.89395341902383
844900	443.89395341902383
846036	443.89395341902383
847173	443.89395341902383
859062	443.89395341902383
860195	443.89395341902383
861328	443.89395341902383
862468	443.89395341902383
863597	443.89395341902383
864731	443.89395341902383
865861	443.89395341902383
866992	443.89395341902383
868121	443.89395341902383
869251	443.89395341902383
870384	443.89395341902383
871518	443.89395341902383
872648	443.89395341902383
873778	443.89395341902383
874909	443.89395341902383
876042	443.89395341902383
877175	443.89395341902383
878307	443.89395341902383
879437	443.89395341902383
880567	443.89395341902383
890475	443.89395341902383
891606	443.89395341902383
892737	443.89395341902383
893869	443.89395341902383
895001	443.89395341902383
896132	443.89395341902383
897265	443.89395341902383
898398	443.89395341902383
899528	443.89395341902383
900662	443.89395341902383
910766	443.89395341902383
911900	443.89395341902383
913037	443.89395341902383
914172	443.89395341902383
915306	443.89395341902383
916444	443.89395341902383
917577	443.89395341902383
918713	443.89395341902383
919847	443.89395341902383
920982	443.89395341902383
922117	443.89395341902383
923252	443.89395341902383
924387	443.89395341902383
925522	443.89395341902383
926656	443.89395341902383
927792	443.89395341902383
928926	443.89395341902383
930063	443.89395341902383
931201	443.89395341902383
932337	443.89395341902383
942642	443.89395341902383
943777	443.89395341902383
944914	443.89395341902383
946048	443.89395341902383
947183	443.89395341902383
948317	443.89395341902383
949452	443.89395341902383
950586	443.89395341902383
951720	443.89395341902383
952853	443.89395341902383
953987	443.89395341902383
955122	443.89395341902383
956256	443.89395341902383
957390	443.89395341902383
958530	443.89395341902383
959666	443.89395341902383
960801	443.89395341902383
961938	443.89395341902383
963075	443.89395341902383
964213	443.89395341902383
974847	443.89395341902383
975984	443.89395341902383
977123	443.89395341902383
978260	443.89395341902383
979399	443.89395341902383
980540	443.89395341902383
981678	443.89395341902383
982818	443.89395341902383
983957	443.89395341902383
985099	443.89395341902383
986240	443.89395341902383
987378	443.89395341902383
988518	443.89395341902383
989659	443.89395341902383
990798	443.89395341902383
991940	443.89395341902383
993080	443.89395341902383
994220	443.89395341902383
995360	443.89395341902383
996498	443.89395341902383
1006546	443.89395341902383
