1000	210877.01290072547
2151	179122.32756187266
3302	119396.00440000452
4449	93782.13393900993
5595	83658.18673503018
6738	83658.18673503018
7884	67022.05481547509
9026	62098.96318590851
10169	55013.90697306011
11311	47714.67376032614
12457	40519.92130243421
13597	40519.92130243421
14735	26398.024503566503
15875	26398.024503566503
17016	24738.72658846408
18159	24738.72658846408
19302	19554.172129612736
20443	18274.206304631076
21584	15967.377761236881
22723	13232.531602681194
23869	12232.273053722252
25010	11710.405489136137
26147	10516.48823434956
27288	10403.526516395696
28426	8473.249152259912
29564	8043.989406544771
30703	7347.166874811503
31841	6635.156951764351
32982	6427.207555834521
34126	6116.533169668201
35265	5696.655298317817
36403	4457.03701319924
37542	4457.03701319924
38678	4325.599543245677
39818	4325.599543245677
40956	4009.885550638699
42090	4009.885550638699
43226	3742.0226549947815
44362	3623.8966587545924
45499	3515.557501782468
46640	3093.3367771551016
142465	597.3567869958977
158858	475.92666541742346
243364	403.98662431683044
244499	403.98662431683044
245631	403.98662431683044
246763	403.98662431683044
247898	403.98662431683044
249031	403.98662431683044
250168	403.98662431683044
251303	403.98662431683044
252442	403.98662431683044
253580	403.98662431683044
254723	403.98662431683044
255866	403.98662431683044
257007	403.98662431683044
258148	403.98662431683044
259290	403.98662431683044
260432	403.98662431683044
261574	403.98662431683044
262717	403.98662431683044
263862	403.98662431683044
265006	403.98662431683044
266150	403.98662431683044
267284	403.98662431683044
268421	403.98662431683044
269552	403.98662431683044
270681	403.98662431683044
271814	403.98662431683044
272947	403.98662431683044
274075	403.98662431683044
304423	403.98662431683044
305551	403.98662431683044
306684	403.98662431683044
307814	403.98662431683044
308944	403.98662431683044
310072	403.98662431683044
311200	403.98662431683044
312329	403.98662431683044
313460	403.98662431683044
314587	403.98662431683044
341387	403.98662431683044
342518	403.98662431683044
343654	403.98662431683044
344787	403.98662431683044
345919	403.98662431683044
347052	403.98662431683044
348185	403.98662431683044
349319	403.98662431683044
350451	403.98662431683044
351583	403.98662431683044
352717	403.98662431683044
353851	403.98662431683044
354984	403.98662431683044
356119	403.98662431683044
357255	403.98662431683044
358388	403.98662431683044
359526	403.98662431683044
360661	403.98662431683044
361796	403.98662431683044
362934	403.98662431683044
381795	403.98662431683044
382934	403.98662431683044
384072	403.98662431683044
385210	403.98662431683044
386348	403.98662431683044
387487	403.98662431683044
388623	403.98662431683044
389755	403.98662431683044
390887	403.98662431683044
392025	403.98662431683044
393159	403.98662431683044
394295	403.98662431683044
395431	403.98662431683044
396566	403.98662431683044
397704	403.98662431683044
398841	403.98662431683044
399979	403.98662431683044
401116	403.98662431683044
402252	403.98662431683044
403384	403.98662431683044
418287	403.98662431683044
419423	403.98662431683044
420556	403.98662431683044
421690	403.98662431683044
422824	403.98662431683044
423959	403.98662431683044
425094	403.98662431683044
426231	403.98662431683044
427366	403.98662431683044
428501	403.98662431683044
429637	403.98662431683044
430771	403.98662431683044
431903	403.98662431683044
433038	403.98662431683044
434173	403.98662431683044
435309	403.98662431683044
436445	403.98662431683044
437580	403.98662431683044
438715	403.98662431683044
439851	403.98662431683044
455193	403.98662431683044
456330	403.98662431683044
457458	403.98662431683044
458593	403.98662431683044
459727	403.98662431683044
460862	403.98662431683044
461998	403.98662431683044
463133	403.98662431683044
464270	403.98662431683044
465402	403.98662431683044
466537	403.98662431683044
467670	403.98662431683044
468803	403.98662431683044
469939	403.98662431683044
471070	403.98662431683044
472200	403.98662431683044
473335	403.98662431683044
474468	403.98662431683044
475601	403.98662431683044
476734	403.98662431683044
490132	403.98662431683044
491267	403.98662431683044
492399	403.98662431683044
493533	403.98662431683044
494667	403.98662431683044
495798	403.98662431683044
496931	403.98662431683044
498063	403.98662431683044
499195	403.98662431683044
500323	403.98662431683044
513320	403.98662431683044
514449	403.98662431683044
515580	403.98662431683044
516710	403.98662431683044
517843	403.98662431683044
518975	403.98662431683044
520106	403.98662431683044
521239	403.98662431683044
522371	403.98662431683044
523500	403.98662431683044
524628	403.98662431683044
525757	403.98662431683044
526888	403.98662431683044
528020	403.98662431683044
529152	403.98662431683044
530282	403.98662431683044
531415	403.98662431683044
532544	403.98662431683044
533675	403.98662431683044
534805	403.98662431683044
546914	403.98662431683044
548046	403.98662431683044
549174	403.98662431683044
550301	403.98662431683044
551432	403.98662431683044
552559	403.98662431683044
553685	403.98662431683044
554815	403.98662431683044
555947	403.98662431683044
557078	403.98662431683044
558207	403.98662431683044
559338	403.98662431683044
560470	403.98662431683044
561598	403.98662431683044
562726	403.98662431683044
563856	403.98662431683044
564987	403.98662431683044
566116	403.98662431683044
567244	403.98662431683044
568372	403.98662431683044
580392	403.98662431683044
581519	403.98662431683044
582649	403.98662431683044
583787	403.98662431683044
584917	403.98662431683044
586045	403.98662431683044
587178	403.98662431683044
588313	403.98662431683044
589443	403.98662431683044
590573	403.98662431683044
591702	403.98662431683044
592834	403.98662431683044
593964	403.98662431683044
595092	403.98662431683044
596225	403.98662431683044
597351	403.98662431683044
598483	403.98662431683044
599613	403.98662431683044
600744	403.98662431683044
601870	403.98662431683044
613752	403.98662431683044
614876	403.98662431683044
616006	403.98662431683044
617131	403.98662431683044
618261	403.98662431683044
619392	403.98662431683044
620523	403.98662431683044
621654	403.98662431683044
622785	403.98662431683044
623917	403.98662431683044
625046	403.98662431683044
626178	403.98662431683044
627308	403.98662431683044
628441	403.98662431683044
629570	403.98662431683044
630701	403.98662431683044
631832	403.98662431683044
632962	403.98662431683044
634089	403.98662431683044
635217	403.98662431683044
645777	403.98662431683044
646906	403.98662431683044
648034	403.98662431683044
649162	403.98662431683044
650290	403.98662431683044
651418	403.98662431683044
652543	403.98662431683044
653676	403.98662431683044
654805	403.98662431683044
655935	403.98662431683044
666727	403.98662431683044
667857	403.98662431683044
668986	403.98662431683044
670115	403.98662431683044
671240	403.98662431683044
672366	403.98662431683044
673493	403.98662431683044
674621	403.98662431683044
675748	403.98662431683044
676876	403.98662431683044
678008	403.98662431683044
679137	403.98662431683044
680264	403.98662431683044
681392	403.98662431683044
682522	403.98662431683044
683654	403.98662431683044
684783	403.98662431683044
685913	403.98662431683044
687043	403.98662431683044
688175	403.98662431683044
698740	403.98662431683044
699869	403.98662431683044
700996	403.98662431683044
702129	403.98662431683044
703257	403.98662431683044
704387	403.98662431683044
705518	403.98662431683044
706646	403.98662431683044
707774	403.98662431683044
708902	403.98662431683044
710033	403.98662431683044
711164	403.98662431683044
712296	403.98662431683044
713429	403.98662431683044
714558	403.98662431683044
715687	403.98662431683044
716814	403.98662431683044
717941	403.98662431683044
719070	403.98662431683044
720199	403.98662431683044
730892	403.98662431683044
732024	403.98662431683044
733151	403.98662431683044
734282	403.98662431683044
735411	403.98662431683044
736541	403.98662431683044
737668	403.98662431683044
738798	403.98662431683044
739929	403.98662431683044
741061	403.98662431683044
742190	403.98662431683044
743323	403.98662431683044
744456	403.98662431683044
745588	403.98662431683044
746724	403.98662431683044
747858	403.98662431683044
748992	403.98662431683044
750126	403.98662431683044
751260	403.98662431683044
752396	403.98662431683044
762768	403.98662431683044
763903	403.98662431683044
765037	403.98662431683044
766172	403.98662431683044
767307	403.98662431683044
768441	403.98662431683044
769576	403.98662431683044
770711	403.98662431683044
771846	403.98662431683044
772984	403.98662431683044
774123	403.98662431683044
775260	403.98662431683044
776396	403.98662431683044
777533	403.98662431683044
778667	403.98662431683044
779802	403.98662431683044
780935	403.98662431683044
782068	403.98662431683044
783204	403.98662431683044
784339	403.98662431683044
795026	403.98662431683044
796164	403.98662431683044
797302	403.98662431683044
798442	403.98662431683044
799581	403.98662431683044
800723	403.98662431683044
801864	403.98662431683044
803005	403.98662431683044
804147	403.98662431683044
805288	403.98662431683044
849185	403.98662431683044
850327	403.98662431683044
851469	403.98662431683044
852608	403.98662431683044
853747	403.98662431683044
854889	403.98662431683044
856030	403.98662431683044
857172	403.98662431683044
858313	403.98662431683044
859454	403.98662431683044
860595	403.98662431683044
861738	403.98662431683044
862883	403.98662431683044
864028	403.98662431683044
865171	403.98662431683044
866313	403.98662431683044
867456	403.98662431683044
868595	403.98662431683044
869734	403.98662431683044
870873	403.98662431683044
882905	403.98662431683044
884046	403.98662431683044
885184	403.98662431683044
886319	403.98662431683044
887454	403.98662431683044
888588	403.98662431683044
889723	403.98662431683044
890857	403.98662431683044
891991	403.98662431683044
893126	403.98662431683044
894263	403.98662431683044
895397	403.98662431683044
896530	403.98662431683044
897664	403.98662431683044
898795	403.98662431683044
899927	403.98662431683044
901059	403.98662431683044
902190	403.98662431683044
903319	403.98662431683044
904450	403.98662431683044
916584	403.98662431683044
917717	403.98662431683044
918848	403.98662431683044
919981	403.98662431683044
921114	403.98662431683044
922248	403.98662431683044
923382	403.98662431683044
924515	403.98662431683044
925650	403.98662431683044
926786	403.98662431683044
927919	403.98662431683044
929052	403.98662431683044
930187	403.98662431683044
931320	403.98662431683044
932454	403.98662431683044
933591	403.98662431683044
934726	403.98662431683044
935859	403.98662431683044
936995	403.98662431683044
938131	403.98662431683044
948826	403.98662431683044
949960	403.98662431683044
951096	403.98662431683044
952231	403.98662431683044
953367	403.98662431683044
954503	403.98662431683044
955640	403.98662431683044
956775	403.98662431683044
957909	403.98662431683044
959042	403.98662431683044
960173	403.98662431683044
961307	403.98662431683044
962440	403.98662431683044
963574	403.98662431683044
964706	403.98662431683044
965839	403.98662431683044
966973	403.98662431683044
968108	403.98662431683044
969243	403.98662431683044
970378	403.98662431683044
981157	403.98662431683044
982296	403.98662431683044
983433	403.98662431683044
984571	403.98662431683044
985708	403.98662431683044
986848	403.98662431683044
987985	403.98662431683044
989123	403.98662431683044
990262	403.98662431683044
991403	403.98662431683044
1003302	403.98662431683044
