1000	210248.27285530168
2162	146439.2180980765
3320	96341.24719992501
4478	65991.97337177586
5639	42484.48359959422
6795	36202.0692468817
7955	29844.67552624247
9113	21036.437344132955
10271	17843.630237537094
11429	15664.11076211225
12591	14589.201458594775
13757	12936.0258904114
14914	11234.680712971222
16075	10177.298304119578
17236	8323.374488198067
18396	8242.272793780758
19558	7769.757142545142
20717	7128.568503961623
21883	6581.621608830601
23052	6235.413393224878
24219	5692.115813663461
25384	5321.4920102111455
26554	5016.691728438362
27716	4786.451602113783
28884	4421.357963320941
30051	4244.565195796694
31221	4035.791380488529
32392	3835.434694915015
33561	3618.496330331949
34728	3491.0089384707057
35902	3323.6441454773185
37069	3128.091686220132
38229	3011.110095254108
39399	2928.546691118259
40561	2860.131282018735
41732	2707.8707067375326
42895	2634.203588669824
44063	2583.328608295759
45232	2448.881512693681
46396	2431.5500880302975
47562	2367.8220875144375
164785	546.878339516977
165952	546.878339516977
167111	546.878339516977
168262	546.878339516977
169415	546.878339516977
170569	546.878339516977
171722	546.878339516977
172879	546.878339516977
174035	546.878339516977
175188	546.878339516977
176347	546.878339516977
177505	546.878339516977
178665	546.878339516977
179824	546.878339516977
180980	546.878339516977
182142	546.878339516977
183301	546.878339516977
184460	546.878339516977
185623	546.878339516977
186780	546.878339516977
200968	403.9866244217485
240593	403.9866242414612
241752	403.9866242414612
242911	403.9866242414612
244063	403.9866242414612
245215	403.9866242414612
246369	403.9866242414612
247526	403.9866242414612
248682	403.9866242414612
249838	403.9866242414612
250995	403.9866242414612
252156	403.9866242414612
253314	403.9866242414612
254476	403.9866242414612
255634	403.9866242414612
256796	403.9866242414612
257962	403.9866242414612
259129	403.9866242414612
260293	403.9866242414612
261469	403.9866242414612
351773	403.9866242414612
352943	403.9866242414612
354118	403.9866242414612
355295	403.9866242414612
356463	403.9866242414612
357638	403.9866242414612
358808	403.9866242414612
359974	403.9866242414612
361150	403.9866242414612
362324	403.9866242414612
363500	403.9866242414612
364673	403.9866242414612
365842	403.9866242414612
367013	403.9866242414612
368182	403.9866242414612
369351	403.9866242414612
370522	403.9866242414612
371693	403.9866242414612
372864	403.9866242414612
374027	403.9866242414612
391827	403.9866242414612
392995	403.9866242414612
394169	403.9866242414612
395340	403.9866242414612
396506	403.9866242414612
397681	403.9866242414612
398854	403.9866242414612
400031	403.9866242414612
401198	403.9866242414612
402361	403.9866242414612
403529	403.9866242414612
404698	403.9866242414612
405865	403.9866242414612
407031	403.9866242414612
408204	403.9866242414612
409376	403.9866242414612
410551	403.9866242414612
411727	403.9866242414612
412900	403.9866242414612
414071	403.9866242414612
432683	403.9866242414612
433856	403.9866242414612
435022	403.9866242414612
436213	403.9866242414612
437389	403.9866242414612
438564	403.9866242414612
439733	403.9866242414612
440896	403.9866242414612
442069	403.9866242414612
443235	403.9866242414612
444401	403.9866242414612
445566	403.9866242414612
446736	403.9866242414612
447903	403.9866242414612
449076	403.9866242414612
450250	403.9866242414612
451422	403.9866242414612
452587	403.9866242414612
453753	403.9866242414612
454925	403.9866242414612
471859	403.9866242414612
473034	403.9866242414612
474204	403.9866242414612
475377	403.9866242414612
476552	403.9866242414612
477723	403.9866242414612
478904	403.9866242414612
480069	403.9866242414612
481242	403.9866242414612
482413	403.9866242414612
483586	403.9866242414612
484757	403.9866242414612
485929	403.9866242414612
487103	403.9866242414612
488280	403.9866242414612
489454	403.9866242414612
490626	403.9866242414612
491797	403.9866242414612
492966	403.9866242414612
494132	403.9866242414612
510701	403.9866242414612
511872	403.9866242414612
513045	403.9866242414612
514213	403.9866242414612
515383	403.9866242414612
516547	403.9866242414612
517723	403.9866242414612
518894	403.9866242414612
520065	403.9866242414612
521236	403.9866242414612
537108	403.9866242414612
538277	403.9866242414612
539449	403.9866242414612
540625	403.9866242414612
541797	403.9866242414612
542972	403.9866242414612
544140	403.9866242414612
545312	403.9866242414612
546482	403.9866242414612
547654	403.9866242414612
548827	403.9866242414612
549991	403.9866242414612
551169	403.9866242414612
552343	403.9866242414612
553510	403.9866242414612
554678	403.9866242414612
555843	403.9866242414612
557008	403.9866242414612
558180	403.9866242414612
559355	403.9866242414612
574357	403.98662422751914
590128	403.9866241087822
591302	403.9866241087822
592472	403.9866241087822
593652	403.9866241087822
594820	403.9866241087822
595989	403.9866241087822
597159	403.9866241087822
598324	403.9866241087822
599492	403.9866241087822
600664	403.9866241087822
601828	403.9866241087822
602999	403.9866241087822
604172	403.9866241087822
605348	403.9866241087822
606519	403.9866241087822
607694	403.9866241087822
608859	403.9866241087822
610034	403.9866241087822
611205	403.9866241087822
626671	403.9866241087822
627836	403.9866241087822
629003	403.9866241087822
630178	403.9866241087822
631351	403.9866241087822
632516	403.9866241087822
633683	403.9866241087822
634858	403.9866241087822
636034	403.9866241087822
637206	403.9866241087822
638376	403.9866241087822
639545	403.9866241087822
640720	403.9866241087822
641893	403.9866241087822
643063	403.9866241087822
644234	403.9866241087822
645404	403.9866241087822
646581	403.9866241087822
647744	403.9866241087822
648914	403.9866241087822
663373	403.9866241087822
664541	403.9866241087822
665714	403.9866241087822
666884	403.9866241087822
668056	403.9866241087822
669225	403.9866241087822
670394	403.9866241087822
671560	403.9866241087822
672728	403.9866241087822
673898	403.9866241087822
675068	403.9866241087822
676242	403.9866241087822
677412	403.9866241087822
678583	403.9866241087822
679755	403.9866241087822
680927	403.9866241087822
682092	403.9866241087822
683266	403.9866241087822
684435	403.9866241087822
685612	403.9866241087822
701074	403.9866241087822
702240	403.9866241087822
703408	403.9866241087822
704576	403.9866241087822
705746	403.9866241087822
706919	403.9866241087822
708089	403.9866241087822
709257	403.9866241087822
710426	403.9866241087822
711601	403.9866241087822
712774	403.9866241087822
713946	403.9866241087822
715124	403.9866241087822
716299	403.9866241087822
717469	403.9866241087822
718639	403.9866241087822
719809	403.9866241087822
720986	403.9866241087822
722150	403.9866241087822
723320	403.9866241087822
737975	403.9866241087822
739149	403.9866241087822
740323	403.9866241087822
741488	403.9866241087822
742660	403.9866241087822
743835	403.9866241087822
745006	403.9866241087822
746180	403.9866241087822
747350	403.9866241087822
748525	403.9866241087822
749698	403.9866241087822
750870	403.9866241087822
752046	403.9866241087822
753221	403.9866241087822
754390	403.9866241087822
755564	403.9866241087822
756732	403.9866241087822
757903	403.9866241087822
759071	403.9866241087822
760244	403.9866241087822
774905	403.9866241087822
776079	403.9866241087822
777246	403.9866241087822
778416	403.9866241087822
779586	403.9866241087822
780764	403.9866241087822
781932	403.9866241087822
783097	403.9866241087822
784273	403.9866241087822
785439	403.9866241087822
800501	403.9866241087822
801667	403.9866241087822
802838	403.9866241087822
804011	403.9866241087822
805182	403.9866241087822
806350	403.9866241087822
807513	403.9866241087822
808682	403.9866241087822
809853	403.9866241087822
811019	403.9866241087822
812187	403.9866241087822
813360	403.9866241087822
814536	403.9866241087822
815702	403.9866241087822
816881	403.9866241087822
818049	403.9866241087822
819220	403.9866241087822
820392	403.9866241087822
821554	403.9866241087822
822720	403.9866241087822
837586	403.9866241087822
838763	403.9866241087822
839936	403.9866241087822
841105	403.9866241087822
842279	403.9866241087822
843454	403.9866241087822
844625	403.9866241087822
845800	403.9866241087822
846977	403.9866241087822
848147	403.9866241087822
849319	403.9866241087822
850489	403.9866241087822
851659	403.9866241087822
852833	403.9866241087822
854004	403.9866241087822
855182	403.9866241087822
856349	403.9866241087822
857530	403.9866241087822
858706	403.9866241087822
859881	403.9866241087822
874747	403.9866241087822
875918	403.9866241087822
877091	403.9866241087822
878268	403.9866241087822
879433	403.9866241087822
880607	403.9866241087822
881784	403.9866241087822
882965	403.9866241087822
884137	403.9866241087822
885312	403.9866241087822
886484	403.9866241087822
887650	403.9866241087822
888812	403.9866241087822
889985	403.9866241087822
891161	403.9866241087822
892333	403.9866241087822
893506	403.9866241087822
894676	403.9866241087822
895851	403.9866241087822
897024	403.9866241087822
911988	403.9866241087822
913163	403.9866241087822
914337	403.9866241087822
915507	403.9866241087822
916679	403.9866241087822
917861	403.9866241087822
919030	403.9866241087822
920203	403.9866241087822
921374	403.9866241087822
922542	403.9866241087822
923710	403.9866241087822
924877	403.9866241087822
926049	403.9866241087822
927222	403.9866241087822
928392	403.9866241087822
929564	403.9866241087822
930745	403.9866241087822
931923	403.9866241087822
933093	403.9866241087822
934261	403.9866241087822
948616	403.9866241087822
949784	403.9866241087822
950952	403.9866241087822
952124	403.9866241087822
953291	403.9866241087822
954464	403.9866241087822
955637	403.9866241087822
956805	403.9866241087822
957981	403.9866241087822
959154	403.9866241087822
974219	403.9866241087822
975385	403.9866241087822
976549	403.9866241087822
977722	403.9866241087822
978894	403.9866241087822
980067	403.9866241087822
981238	403.9866241087822
982411	403.9866241087822
983583	403.9866241087822
984752	403.9866241087822
985924	403.9866241087822
987089	403.9866241087822
988262	403.9866241087822
989430	403.9866241087822
990591	403.9866241087822
991758	403.9866241087822
992926	403.9866241087822
994097	403.9866241087822
995269	403.9866241087822
996436	403.9866241087822
1011704	403.9866241087822
