300	13741.570698546317
4110	5026.857759583684
4801	5026.856501369484
5493	5026.856395011595
6186	5026.8563856816945
6875	5026.85638486652
7556	5026.856384802275
8236	5026.856384799643
8915	5026.856384799643
10840	4822.0271656290915
11561	4822.0271656290915
12276	4822.0271656290915
13395	4822.0271656290915
16058	4822.0271656290915
18740	4822.0271656290915
19852	4822.0271656290915
20974	4822.0271656290915
22469	4822.0271656290915
23169	4822.0271656290915
24682	4822.0271656290915
26932	4822.0271656290915
27641	4822.0271656290915
28347	4822.0271656290915
29438	4822.0271656290915
32403	4822.0271656290915
33110	4822.0271656290915
34218	4822.0271656290915
35683	4822.0271656290915
36383	4822.0271656290915
37483	4822.0271656290915
38987	4822.0271656290915
39700	4822.0271656290915
41528	4822.0271656290915
43383	4822.0271656290915
44098	4822.0271656290915
44804	4822.0271656290915
45523	4822.0271656290915
48195	4822.0271656290915
48901	4822.0271656290915
49611	4822.0271656290915
50695	4822.0271656290915
51836	4822.0271656290915
53690	4822.0271656290915
54779	4822.0271656290915
55478	4822.0271656290915
56187	4822.0271656290915
56889	4822.0271656290915
57607	4822.0271656290915
58318	4822.0271656290915
59015	4822.0271656290915
59716	4822.0271656290915
60414	4822.0271656290915
61124	4822.0271656290915
61832	4822.0271656290915
62538	4822.0271656290915
63252	4822.0271656290915
63968	4822.0271656290915
64667	4822.0271656290915
65369	4822.0271656290915
66079	4822.0271656290915
66796	4822.0271656290915
67493	4822.0271656290915
68201	4822.0271656290915
69311	4822.0271656290915
70014	4822.0271656290915
70718	4822.0271656290915
71413	4822.0271656290915
72113	4822.0271656290915
72828	4822.0271656290915
73553	4822.0271656290915
74261	4822.0271656290915
74965	4822.0271656290915
75674	4822.0271656290915
76382	4822.0271656290915
77078	4822.0271656290915
77792	4822.0271656290915
78506	4822.0271656290915
79210	4822.0271656290915
79903	4822.0271656290915
80626	4797.860332550736
81332	4797.860332550736
82042	4771.0252685517435
82760	4766.53658686769
83475	4753.331219265168
84180	4678.349607608244
84887	4678.349607608244
85591	4678.349607608244
86277	4672.194008127874
86973	4671.948550924944
87676	4646.001435507129
88377	4607.14119750223
89082	4589.910000129392
89788	4589.910000129392
90488	4569.663705859554
91196	4545.652947454444
91905	4543.824661177186
92628	4509.4689723560705
93365	4509.4689723560705
94061	4492.740678649833
94763	4479.058563829263
95468	4478.852814113772
96166	4472.865827485153
96865	4450.526342422461
97571	4434.018514439316
98284	4431.414675247486
99000	4431.414675247486
99703	4412.228600396906
100411	4412.228600396906
101122	4403.418736035062
101821	4395.406739809441
102540	4376.987781184363
103246	4364.916285839282
103946	4363.281169606769
104657	4359.729933376165
105380	4351.693308373769
106097	4350.126165309197
106793	4343.425008157001
107496	4338.879393315599
108215	4335.812817658379
108922	4333.374115939054
109630	4330.949086653403
110337	4330.704335575914
111050	4327.399693816533
111763	4326.360474858536
112477	4325.329932227399
113186	4324.574544848046
113891	4322.9735904803365
114601	4322.798479979357
115303	4322.0303323611915
116015	4321.58498103987
116727	4320.4815933715345
117439	4319.851135666273
118143	4319.720835375028
118852	4319.067396581623
119557	4318.57518046028
120264	4318.554954176227
120972	4318.085340807714
121681	4317.890799553681
122389	4317.589744734394
123098	4317.426730933892
123808	4317.312586223451
124510	4317.296593908162
125217	4317.102467966398
125926	4316.905201103617
126633	4316.888716274052
127345	4316.872753158934
128053	4316.854807799567
128770	4316.7819868877295
129480	4316.748173941718
130193	4316.71300279574
130901	4316.644031837943
131611	4316.644031837943
132324	4316.618752187264
133033	4316.589060434668
133740	4316.570076102411
134461	4316.564075142274
135174	4316.548937317097
135880	4316.537863813748
136594	4316.5252666872675
137309	4316.514624800138
138030	4316.504621184606
138741	4316.4959518061805
139452	4316.485621151132
140169	4316.474998261609
140894	4316.464328942683
141613	4316.4637489148645
142321	4316.460319688364
143026	4316.459052403375
143741	4316.455600401388
144453	4316.453268160786
145167	4316.451947158243
145893	4316.450142982613
146610	4316.448953678904
147329	4316.4470279624275
148048	4316.445344163501
148775	4316.4437752326985
149489	4316.443657126712
150206	4316.442920326896
150925	4316.442418248647
151643	4316.442370551293
152362	4316.441999549561
153076	4316.44169219821
153797	4316.441298237637
154522	4316.441286250756
155239	4316.441237759618
155949	4316.440923536573
156664	4316.440878927217
157381	4316.440685238438
158094	4316.440448744629
158812	4316.440448744629
159525	4316.440323163604
160237	4316.440323163604
160954	4316.440107498415
161674	4316.44010396611
162395	4316.439675059399
163119	4316.439619360851
163843	4316.439619360851
164556	4316.439549797242
165279	4316.439359547314
165998	4316.439265474687
166708	4316.439265474687
167424	4316.438982550479
168143	4316.438927643144
168861	4316.438750174944
169578	4316.438625848364
170298	4316.438488392498
171015	4316.438488392498
171728	4316.438453568835
172441	4316.438425528422
173163	4316.438335793477
173876	4316.438188667732
174597	4316.438188667732
175301	4316.438141871589
176019	4316.438098264667
176738	4316.438098264667
177456	4316.438098264667
178165	4316.4380607364
178893	4316.4380607364
179608	4316.4380607364
180334	4316.4380607364
181069	4316.4380607364
181778	4316.4380607364
182480	4316.4380607364
183181	4316.4380607364
183890	4316.4380607364
184606	4316.4380607364
185312	4316.4380607364
186019	4316.4380607364
186729	4316.4380607364
187442	4316.4380607364
188146	4316.4380607364
188857	4316.4380607364
189568	4316.4380607364
190276	4316.4380607364
190985	4316.4380607364
191693	4316.4380607364
192400	4316.4380607364
193106	4316.438060277182
193822	4316.438035334768
194538	4316.438015289532
195244	4316.43797688308
195948	4316.4379494601235
196653	4316.437938522049
197372	4316.437938522049
198076	4316.437893051165
198780	4316.437893051165
199497	4316.437893051165
200203	4316.437893051165
200918	4316.437893051165
201628	4316.437893051165
202345	4316.437893051165
203063	4316.437893051165
203773	4316.437893051165
204487	4316.437893051165
205191	4316.437893051165
205900	4316.437893051165
206605	4316.437893051165
207311	4316.437893051165
208013	4316.437893051165
208725	4316.437893051165
209443	4316.437893051165
210148	4316.437893051165
210856	4312.528538891873
211550	4274.050003866446
212252	4274.050003866446
212957	4272.087340666906
213670	4268.037994449883
214376	4264.551468197272
215091	4264.551468197272
215807	4264.551468197272
216511	4264.551468197272
217226	4262.566637653811
217937	4258.422043577432
218652	4258.422043577432
219356	4258.422043577432
220061	4257.652176079879
220771	4257.652176079879
221488	4255.330040021574
222192	4255.330040021574
222904	4253.642181447113
223615	4251.563754011973
224333	4251.563754011973
225056	4251.132368684193
225762	4250.886094415306
226471	4249.84250318468
227177	4248.389112063776
227876	4247.878636468384
228578	4247.243878212395
229285	4245.4862081560805
229992	4245.306236000901
230698	4244.962974562999
231418	4244.962974562999
232132	4244.1858572834135
232836	4243.6695773206275
233546	4243.15899042967
234274	4241.8471168760425
234990	4240.898144164751
235705	4240.832504735484
236417	4240.832504735484
237125	4240.818988754067
237834	4240.604725114952
238545	4240.523564632898
239256	4240.507585941807
239963	4240.417550929547
240675	4240.39961995478
241382	4240.371617117968
242096	4240.333923621196
242807	4240.302814415708
243522	4240.299611832163
244238	4240.279377444926
244957	4240.272679861915
245669	4240.2616071210105
246383	4240.254282929704
247093	4240.251334364649
247801	4240.249828731317
248517	4240.246225200852
249227	4240.243962958481
249939	4240.240322845978
250653	4240.2385137492165
251367	4240.236169388856
252078	4240.23567799073
252789	4240.23494634143
253502	4240.234455797861
254219	4240.233912486876
254929	4240.233511342495
255645	4240.23265746521
256367	4240.231862640437
257074	4240.231850301766
257781	4240.231789533378
258507	4240.231789533378
259212	4240.231593213407
259926	4240.231380217543
260637	4240.231314971121
261343	4240.231223693632
262052	4240.231021008836
262768	4240.230895802415
263484	4240.230824241764
264199	4240.230749718201
264916	4240.230728452305
265636	4240.230726342386
266354	4240.2306628307115
267073	4240.230659170282
267786	4240.230620842249
268499	4240.230529893203
269216	4240.230389181127
269945	4240.230389181127
270661	4240.230198805293
271378	4240.23000129055
272099	4240.23000129055
272818	4240.23000129055
273523	4240.229969596917
274252	4240.229969596917
274978	4240.229969596917
275699	4240.229969596917
276421	4240.229969596917
277163	4240.229969596917
277873	4240.229969596917
278583	4240.229969596917
279302	4240.229969596917
280004	4240.22996355934
280725	4240.22996355934
281442	4240.22996355934
282155	4240.22996355934
282862	4240.22996355934
283580	4240.22996355934
284282	4240.229939675068
284984	4240.229935043516
285699	4240.229935043516
286430	4240.229935043516
287134	4240.229888686615
287850	4240.229888686615
288550	4240.229888365158
289255	4240.229888365158
289967	4240.229888365158
290669	4240.22988735983
291385	4240.229882369969
292105	4240.229840480072
292810	4240.229805215125
293530	4240.229805215125
294256	4240.229805215125
294964	4240.229805215125
295666	4240.229805215125
296371	4240.229805215125
297067	4240.229805215125
297780	4240.229805215125
298500	4240.229805215125
299202	4240.229805215125
299917	4240.229805215125
300619	4240.229805215125
