300	12647.784285492016
3364	6755.190939149084
4080	6755.190939149084
5976	5695.2507058508345
8181	4730.390216823838
8872	4730.383689042949
9562	4730.383243386534
10249	4730.383202152159
10933	4730.383198143563
11616	4730.383197732275
12297	4730.383197682962
12980	4730.383197675021
13662	4730.383197673262
14339	4730.383197672785
15023	4730.383197672645
15704	4730.383197672602
16386	4730.383197672591
17066	4730.383197672587
17744	4730.383197672587
20711	4730.383197672587
22558	4730.383197672587
24429	4730.383197672587
25140	4730.383197672587
25848	4730.383197672587
26948	4730.383197672587
27664	4730.383197672587
28371	4730.383197672587
30953	4730.383197672587
33594	4730.383197672587
34708	4730.383197672587
36161	4730.383197672587
38006	4730.383197672587
39090	4730.383197672587
39794	4730.383197672587
40500	4730.383197672587
41607	4730.383197672587
42302	4730.383197672587
43000	4730.383197672587
43705	4730.383197672587
44809	4730.383197672587
45906	4730.383197672587
46613	4730.383197672587
48130	4730.383197672587
48829	4730.383197672587
49539	4730.383197672587
50248	4730.383197672587
50963	4730.383197672587
51671	4730.383197672587
52377	4730.383197672587
53071	4730.383197672587
53777	4730.383197672587
54480	4730.383197672587
55178	4730.383197672587
55878	4730.383197672587
56586	4730.383197672587
57285	4730.383197672587
57991	4730.383197672587
58693	4730.383197672587
59420	4730.383197672587
60128	4730.383197672587
60832	4730.383197672587
61536	4730.383197672587
62245	4730.383197672587
62955	4730.383197672587
63661	4730.383197672587
64382	4730.383197672587
65105	4730.383197672587
65813	4730.383197672587
66538	4730.383197672587
67232	4730.383197672587
67945	4730.383197672587
68651	4730.383197672587
69353	4730.383197672587
70064	4730.383197672587
70798	4730.383197672587
71522	4730.383197672587
72243	4730.383197672587
72954	4730.383197672587
73674	4730.383197672587
74393	4730.383197672587
75102	4730.383197672587
75817	4701.626971160757
76522	4695.505096365647
77230	4678.79704206074
77945	4663.55989491402
78660	4636.493420626744
79367	4616.024136448862
80079	4586.941106700564
80799	4578.103025619472
81504	4562.342940739365
82214	4545.619050200345
82930	4535.988977008874
83640	4528.53510582238
84352	4514.511020611088
85076	4508.635727562594
85777	4497.379311396562
86497	4488.400888361625
87201	4480.438276001525
87914	4473.136500149603
88626	4471.945107893234
89330	4470.004108602951
90039	4468.215784997505
90744	4467.362170403039
91453	4463.016634966243
92173	4462.962603257716
92889	4458.944654169371
93607	4458.8932372682775
94320	4458.20656734058
95032	4456.112569163424
95751	4455.609613583607
96453	4454.574212341424
97159	4453.520641619631
97865	4453.03798434421
98606	4453.03798434421
99308	4452.400365890382
100023	4451.185887242144
100738	4451.062565786389
101456	4451.050136612073
102172	4450.773738648513
102886	4450.230057336301
103605	4450.103565009196
104314	4450.029901649093
105020	4449.980080239769
105734	4449.799772944416
106437	4449.755787756095
107142	4449.632551879839
107850	4449.447454825069
108554	4449.384829348901
109263	4449.343266687547
109967	4449.291068691752
110684	4449.2842896836755
111395	4449.2435727431
112114	4449.183948239459
112827	4449.176838723326
113539	4449.125614402037
114247	4449.118069421182
114957	4449.098857470825
115672	4449.073324621134
116385	4449.055475952406
117104	4449.050104254209
117819	4449.015869019804
118530	4448.992903354205
119240	4448.972804165229
119953	4448.972804165229
120665	4448.969979977766
121372	4448.96579495611
122084	4448.962285055022
122797	4448.945688447946
123508	4448.943914302247
124217	4448.943914302247
124931	4448.942708995411
125659	4448.93719984553
126370	4448.930870544253
127086	4448.929657769076
127804	4448.924553168785
128520	4448.920364645656
129240	4448.9192238588075
129953	4448.917960575709
130670	4448.917124468302
131381	4448.915408808016
132094	4448.915200410405
132815	4448.914234511995
133532	4448.913596447493
134265	4448.913596447493
134982	4448.913092841127
135689	4448.912322546664
136412	4448.912322546664
137127	4448.912046833682
137840	4448.911877120378
138560	4448.911775004779
139278	4448.911506588933
139993	4448.911187180674
140730	4448.911187180674
141457	4448.911187180674
142175	4448.911124606598
142888	4448.911031434983
143600	4448.911031434983
144312	4448.91099316524
145023	4448.910950593435
145742	4448.910820425524
146474	4448.910820425524
147197	4448.910820425524
147912	4448.910820425524
148632	4448.910820425524
149351	4448.910820425524
150068	4448.910820425524
150796	4448.910820425524
151517	4448.910820425524
152253	4448.910820425524
152979	4448.910820425524
153700	4448.910820425524
154418	4448.910820425524
155138	4448.910820425524
155855	4448.910772542586
156572	4448.910762313475
157285	4448.91070153078
158003	4448.910649304422
158719	4448.910649304422
159434	4448.910637395167
160146	4448.910607488393
160865	4448.910523957212
161587	4448.910523957212
162307	4448.910365142703
163028	4448.910345384623
163742	4448.91027632947
164468	4448.91027632947
165183	4448.910261708841
165914	4448.910190809878
166638	4448.910190809878
167356	4448.910184132757
168068	4448.910184132757
168794	4448.910184132757
169510	4448.9101333690805
170236	4448.91013335458
170955	4448.91013335458
171679	4448.91013335458
172394	4448.910127845259
173119	4448.910057394333
173853	4448.910057394333
174573	4448.910057394333
175294	4448.910057394333
176012	4448.910057394333
176738	4448.910057394333
177460	4448.910055042184
178184	4448.910055042184
178910	4448.91005309159
179656	4448.91005309159
180402	4448.91005309159
181141	4448.91005309159
181871	4448.91005309159
182605	4448.91005309159
183334	4448.91005309159
184068	4448.91005309159
184808	4448.91005309159
185538	4448.91005309159
186272	4448.91005309159
186988	4448.910028594359
187720	4448.910028594359
188465	4448.910028594359
189179	4448.9100146381115
189920	4448.9100146381115
190641	4448.9100146381115
191388	4448.9100146381115
192109	4448.9100146381115
192836	4448.9100146381115
193554	4448.9100146381115
194272	4448.9100146381115
194990	4448.9100146381115
195711	4448.9100146381115
196430	4448.9100146381115
197147	4448.9100146381115
197869	4448.9100146381115
198592	4448.9100146381115
199326	4448.9100146381115
200047	4448.909977960168
200783	4448.909977960168
201521	4448.909977960168
202251	4448.909917752204
202987	4448.909917752204
203722	4448.909917752204
204446	4448.909903792744
205183	4448.909903792744
205928	4448.909903792744
206641	4448.9098905946275
207358	4448.909876866756
208093	4448.909876866756
208808	4448.9098556802655
209533	4448.909844886696
210278	4448.909844886696
211000	4448.909841275072
211741	4448.909841275072
212458	4448.909823726223
213199	4448.909823726223
213929	4448.909823425531
214662	4448.909823425531
215376	4448.909823425531
216102	4448.909805357824
216824	4448.909775291405
217551	4448.909775291405
218266	4448.909775291405
218987	4448.909775291405
219720	4448.909775291405
220441	4448.909768445228
221172	4448.909768445228
221889	4448.909716350682
222607	4448.909708460937
223333	4448.909708460937
224054	4448.909708460937
224790	4448.909708460937
225509	4448.909693155616
226232	4448.909693155616
226963	4448.909693155616
227700	4448.909693155616
228427	4448.909693155616
229155	4448.909693155616
229879	4448.909693155616
230605	4448.909693155616
231335	4448.909693155616
232064	4448.909693155616
232795	4448.909693155616
233528	4448.909693155616
234258	4448.909693155616
234988	4448.909693155616
235704	4448.909693155616
236418	4448.909693155616
237126	4448.909693155616
237846	4448.909693155616
238565	4448.909693155616
239286	4448.909693155616
240001	4448.909693155616
240717	4448.909693155616
241434	4448.909693155616
242149	4448.909693155616
242862	4448.909693155616
243582	4448.909693155616
244313	4448.909693155616
245046	4448.909693155616
245769	4448.909693155616
246495	4448.909693155616
247228	4448.909693155616
247956	4448.909693155616
248686	4448.909693155616
249429	4448.909693155616
250163	4448.909693155616
250883	4448.909693155616
251598	4448.909693155616
252321	4448.909693155616
253046	4448.909693155616
253766	4448.909693155616
254483	4448.909693155616
255203	4448.909693155616
255927	4448.909693155616
256656	4448.909693155616
257392	4448.909693155616
258136	4448.909693155616
258873	4448.909693155616
259986	4448.909693155616
260725	4448.909693155616
261472	4448.909693155616
262205	4448.909693155616
262938	4448.909693155616
263650	4448.909693155616
264373	4448.909693155616
265092	4448.909693155616
265815	4448.909693155616
266553	4448.909693155616
267267	4448.909693155616
267974	4448.909693155616
268689	4448.909693155616
269401	4448.909693155616
270117	4448.909693155616
270829	4448.909693155616
271543	4448.909693155616
272261	4448.909693155616
272974	4448.909693155616
273690	4448.909693155616
274406	4448.909693155616
275124	4448.909693155616
275841	4448.909693155616
276552	4448.909693155616
277265	4448.909693155616
277989	4448.909693155616
278708	4448.909693155616
279433	4448.909693155616
280180	4448.909693155616
280891	4448.909693155616
281629	4448.909693155616
282366	4448.909693155616
283110	4448.909693155616
283868	4448.909693155616
284616	4448.909693155616
285331	4448.909693155616
286067	4448.909693155616
286780	4448.909693155616
287497	4448.909693155616
288212	4448.909693155616
288931	4448.909693155616
289646	4448.909693155616
290365	4448.909693155616
291086	4448.909693155616
291806	4448.909693155616
292524	4448.909693155616
293234	4448.909693155616
293950	4448.909693155616
294659	4448.909693155616
295376	4448.909693155616
296095	4448.909693155616
296811	4448.909693155616
297531	4448.909693155616
298247	4448.909693155616
300498	4448.909693155616
