300	12645.068156790672
645	11666.711439100549
975	10113.154940274537
1303	9699.164635878224
1634	9250.009197000141
1957	8686.660714358433
2278	7994.485501613831
2599	7795.26662387909
2916	7551.926017885684
3235	7551.926017885684
3552	7498.994381351284
3871	7321.929117948764
4188	7211.386145361281
4499	7211.386145361281
4815	6886.6227787406915
5129	6729.9559615806165
5444	6729.9559615806165
5760	6729.9559615806165
6078	6729.9559615806165
6386	6729.9559615806165
6699	6448.517324359578
7011	6448.517324359578
7322	6296.577206298745
7634	6296.577206298745
7944	6089.789886935107
8256	6046.60695497509
8566	6046.60695497509
8876	6046.60695497509
9187	6046.60695497509
9498	6046.60695497509
9810	6046.60695497509
10123	6046.60695497509
10437	6043.869612144448
10747	6043.869612144448
11058	6043.869612144448
11368	6006.6489103032845
11676	5767.008260903854
11989	5767.008260903854
12297	5767.008260903854
12606	5767.008260903854
12916	5767.008260903854
15194	4958.030078888923
16555	4708.117302805049
17961	4391.849927154739
21163	4391.849927105505
21486	4391.849927105505
21797	4391.849927105505
22110	4391.849927105505
22423	4391.849927105505
22735	4391.849927105505
23052	4391.849927105505
23365	4391.849927105505
23681	4391.849927105505
23996	4391.849927105505
24311	4391.849927105505
24624	4391.849927105505
24938	4391.849927105505
25253	4391.849927105505
25563	4391.849927105505
25875	4391.849927105505
26193	4391.849927105505
26504	4391.849927105505
26818	4391.849927105505
27139	4391.849927105505
27455	4391.849927105505
27771	4391.849927105505
28087	4391.849927105505
28399	4391.849927105505
28717	4391.849927105505
29029	4391.849927105505
29344	4391.849927105505
30887	4391.849927105505
31203	4391.849927105505
31523	4391.849927105505
31838	4391.849927105505
32156	4391.849927105505
32478	4391.849927105505
32801	4391.849927105505
33117	4391.849927105505
33440	4391.849927105505
33761	4391.849927105505
35283	4391.849927105505
35605	4391.849927105505
35933	4391.849927105505
36261	4391.849927105505
36588	4391.849927105505
36917	4391.849927105505
37245	4391.849927105505
37567	4391.849927105505
37898	4391.849927105505
38227	4391.849927105505
38558	4391.849927105505
38889	4391.849927105505
39219	4391.849927105505
39554	4391.849927105505
39880	4391.849927105505
40208	4391.849927105505
40534	4391.849927105505
40854	4391.849927105505
41186	4391.849927105505
41522	4391.849927105505
42807	4391.849927105505
43131	4391.849927105505
43457	4391.849927105505
43788	4391.849927105505
44123	4391.849927105505
44458	4391.849927105505
44792	4391.849927105505
45125	4391.849927105505
45469	4391.849927105505
45801	4391.849927105505
46135	4391.849927105505
46469	4391.849927105505
46801	4391.849927105505
47136	4391.849927105505
47471	4391.849927105505
47805	4391.849927105505
48145	4391.849927105505
48479	4391.849927105505
48812	4391.849927105505
49153	4391.849927105505
50314	4391.849927105505
50648	4391.849927105505
50982	4391.849927105505
51323	4391.849927105505
51665	4391.849927105505
52000	4391.849927105505
52347	4391.849927105505
52692	4391.849927105505
53023	4391.849927105505
53362	4391.849927105505
53691	4391.849927105505
54018	4391.849927105505
54349	4391.849927105505
54681	4391.849927105505
55012	4391.849927105505
55344	4391.849927105505
55679	4391.849927105505
56008	4391.849927105505
56345	4391.849927105505
56679	4391.849927105505
57703	4347.602597383823
59171	4347.602597159798
59513	4347.602597159798
59851	4347.602597159798
60192	4347.602597159798
60532	4347.602597159798
60871	4347.602597159798
61209	4347.602597159798
61537	4347.602597159798
61859	4347.602597159798
62181	4347.602597159798
62500	4347.602597159798
62828	4347.602597159798
63158	4347.602597159798
63482	4347.602597159798
63809	4347.602597159798
64131	4347.602597159798
64456	4347.602597159798
64788	4347.602597159798
65115	4347.602597159798
66186	4252.55828379718
67509	4176.948342441945
68794	4176.948342014069
69130	4176.948342014069
69455	4176.948342014069
69783	4176.948342014069
70108	4176.948342014069
70442	4176.948342014069
70776	4176.948342014069
71106	4176.948342014069
71435	4176.948342014069
71762	4176.948342014069
72089	4176.948342014069
72416	4176.948342014069
72744	4176.948342014069
73065	4176.948342014069
73389	4176.948342014069
73709	4176.948342014069
74038	4176.948342014069
74352	4176.948342014069
74680	4176.948342014069
75014	4176.948342014069
75343	4176.948342014069
75669	4176.948342014069
75999	4176.948342014069
76324	4176.948342014069
76653	4176.948342014069
76987	4176.948342014069
77315	4176.948342014069
77642	4176.948342014069
79070	4176.948342014069
79401	4176.948342014069
79729	4176.948342014069
80064	4176.948342014069
80397	4176.948342014069
80725	4176.948342014069
81053	4176.948342014069
81376	4176.948342014069
81705	4176.948342014069
82037	4176.948342014069
83488	4176.948342014069
83812	4176.948342014069
84141	4176.948342014069
84470	4176.948342014069
84794	4176.948342014069
85123	4176.948342014069
85450	4176.948342014069
85786	4176.948342014069
86116	4176.948342014069
86451	4176.948342014069
86788	4176.948342014069
87118	4176.948342014069
87451	4176.948342014069
87784	4176.948342014069
88122	4176.948342014069
88459	4176.948342014069
88795	4176.948342014069
89131	4176.948342014069
89461	4176.948342014069
89789	4176.948342014069
91794	4176.948342014069
92133	4176.948342014069
92461	4176.948342014069
92791	4176.948342014069
93121	4176.948342014069
93453	4176.948342014069
93792	4176.948342014069
94120	4176.948342014069
94457	4176.948342014069
94796	4176.948342014069
95134	4176.948342014069
95470	4176.948342014069
95802	4176.948342014069
96133	4176.948342014069
96458	4176.948342014069
96792	4176.948342014069
97124	4176.948342014069
97456	4176.948342014069
97788	4176.948342014069
98123	4176.948342014069
99592	4176.948342014069
99930	4176.948342014069
100260	4176.948342014069
100591	4176.948342014069
100924	4176.948342014069
101254	4176.948342014069
101590	4176.948342014069
101933	4176.948342014069
102258	4176.948342014069
102599	4176.948342014069
102931	4176.948342014069
103270	4176.948342014069
103610	4176.948342014069
103948	4176.948342014069
104288	4176.948342014069
104617	4176.948342014069
104940	4176.948342014069
105270	4176.948342014069
105604	4176.948342014069
105938	4176.948342014069
107310	4176.948342014069
107641	4176.948342014069
107973	4176.948342014069
108308	4176.948342014069
108642	4176.948342014069
108970	4176.948342014069
109304	4176.948342014069
109643	4176.948342014069
109980	4176.948342014069
110323	4176.948342014069
110660	4176.948342014069
110997	4176.948342014069
111319	4176.948342014069
111644	4176.948342014069
111977	4176.948342014069
112304	4176.948342014069
112628	4176.948342014069
112955	4176.948342014069
113286	4176.948342014069
113622	4176.948342014069
114998	4176.948342014069
115326	4176.948342014069
115660	4176.948342014069
115994	4176.948342014069
116334	4176.948342014069
116669	4176.948342014069
117002	4176.948342014069
117335	4176.948342014069
117668	4176.948342014069
117995	4176.948342014069
119212	4176.948342014069
119560	4176.948342014069
119901	4176.948342014069
120238	4176.948342014069
120577	4176.948342014069
120909	4176.948342014069
121237	4176.948342014069
121564	4176.948342014069
121884	4176.948342014069
122206	4176.948342014069
122530	4176.948342014069
122858	4176.948342014069
123189	4176.948342014069
123512	4176.948342014069
123835	4176.948342014069
124157	4176.948342014069
124481	4176.948342014069
124803	4176.948342014069
125128	4176.948342014069
125459	4176.948342014069
126987	4176.948342014069
127314	4176.948342014069
127645	4176.948342014069
127975	4176.948342014069
128315	4176.948342014069
128644	4176.948342014069
128972	4176.948342014069
129303	4176.948342014069
129639	4176.948342014069
129971	4176.948342014069
130304	4176.948342014069
130635	4176.948342014069
130967	4176.948342014069
131298	4176.948342014069
131625	4176.948342014069
131955	4176.948342014069
132284	4176.948342014069
132610	4176.948342014069
132938	4176.948342014069
133281	4176.948342014069
134524	4176.948342014069
134855	4176.948342014069
135187	4176.948342014069
135526	4176.948342014069
135867	4176.948342014069
136209	4176.948342014069
136537	4176.948342014069
136863	4176.948342014069
137200	4176.948342014069
137533	4176.948342014069
137860	4176.948342014069
138189	4176.948342014069
138521	4176.948342014069
138842	4176.948342014069
140469	4005.455904178299
142019	4005.4559038513
142353	4005.4559038513
142675	4005.4559038513
143000	4005.4559038513
143330	4005.4559038513
143648	4005.4559038513
143973	4005.4559038513
144301	4005.4559038513
144640	4005.4559038513
144967	4005.4559038513
145289	4005.4559038513
145612	4005.4559038513
145939	4005.4559038513
146266	4005.4559038513
146590	4005.4559038513
146913	4005.4559038513
147235	4005.4559038513
147559	4005.4559038513
147883	4005.4559038513
148211	4005.4559038513
148541	4005.4559038513
148867	4005.4559038513
149189	4005.4559038513
149515	4005.4559038513
149844	4005.4559038513
151287	4005.4559038513
151612	4005.4559038513
151941	4005.4559038513
152260	4005.4559038513
152582	4005.4559038513
152911	4005.4559038513
153246	4005.4559038513
153571	4005.4559038513
153895	4005.4559038513
154217	4005.4559038513
154542	4005.4559038513
154867	4005.4559038513
155208	4005.4559038513
155544	4005.4559038513
155867	4005.4559038513
156195	4005.4559038513
156523	4005.4559038513
156858	4005.4559038513
157192	4005.4559038513
157520	4005.4559038513
158906	4005.4559038513
159235	4005.4559038513
159566	4005.4559038513
159898	4005.4559038513
160234	4005.4559038513
160564	4005.4559038513
160898	4005.4559038513
161236	4005.4559038513
161571	4005.4559038513
161904	4005.4559038513
163341	4005.4559038513
163675	4005.4559038513
164019	4005.4559038513
164356	4005.4559038513
164697	4005.4559038513
165039	4005.4559038513
165371	4005.4559038513
165696	4005.4559038513
166017	4005.4559038513
166343	4005.4559038513
166668	4005.4559038513
166994	4005.4559038513
167317	4005.4559038513
167641	4005.4559038513
167965	4005.4559038513
168287	4005.4559038513
168622	4005.4559038513
168950	4005.4559038513
169275	4005.4559038513
169598	4005.4559038513
170960	4005.4559038513
171284	4005.4559038513
171608	4005.4559038513
171935	4005.4559038513
172267	4005.4559038513
172598	4005.4559038513
172925	4005.4559038513
173259	4005.4559038513
173587	4005.4559038513
173917	4005.4559038513
174251	4005.4559038513
174586	4005.4559038513
174915	4005.4559038513
175248	4005.4559038513
175577	4005.4559038513
175916	4005.4559038513
176257	4005.4559038513
176601	4005.4559038513
176931	4005.4559038513
177266	4005.4559038513
179293	4005.4559038513
179620	4005.4559038513
179946	4005.4559038513
180270	4005.4559038513
180596	4005.4559038513
180919	4005.4559038513
181245	4005.4559038513
181570	4005.4559038513
181896	4005.4559038513
182232	4005.4559038513
182564	4005.4559038513
182902	4005.4559038513
183233	4005.4559038513
183562	4005.4559038513
183894	4005.4559038513
184230	4005.4559038513
184564	4005.4559038513
184891	4005.4559038513
185218	4005.4559038513
185539	4005.4559038513
186559	3952.8111399339173
188072	3952.811139814017
188407	3952.811139814017
188736	3952.811139814017
189068	3952.811139814017
189402	3952.811139814017
189733	3952.811139814017
190060	3952.811139814017
190388	3952.811139814017
190717	3952.811139814017
191049	3952.811139814017
191373	3952.811139814017
191694	3952.811139814017
192016	3952.811139814017
192345	3952.811139814017
192672	3952.811139814017
192993	3952.811139814017
193324	3952.811139814017
193654	3952.811139814017
193978	3952.811139814017
195363	3952.811139814017
195689	3952.811139814017
196022	3952.811139814017
196354	3952.811139814017
196684	3952.811139814017
197008	3952.811139814017
197332	3952.811139814017
197658	3952.811139814017
197981	3952.811139814017
198306	3952.811139814017
198637	3952.811139814017
198961	3952.811139814017
199290	3952.811139814017
199618	3952.811139814017
199945	3952.811139814017
200273	3952.811139814017
200609	3952.811139814017
200937	3952.811139814017
201270	3952.811139814017
201596	3952.811139814017
203291	3952.811139814017
203621	3952.811139814017
203959	3952.811139814017
204291	3952.811139814017
204622	3952.811139814017
204956	3952.811139814017
205282	3952.811139814017
205617	3952.811139814017
205949	3952.811139814017
206285	3952.811139814017
206615	3952.811139814017
206948	3952.811139814017
207285	3952.811139814017
207616	3952.811139814017
207961	3952.811139814017
208304	3952.811139814017
208636	3952.811139814017
208968	3952.811139814017
209302	3952.811139814017
209631	3952.811139814017
210910	3952.811139814017
211246	3952.811139814017
211584	3952.811139814017
211932	3952.811139814017
212272	3952.811139814017
212606	3952.811139814017
212938	3952.811139814017
213268	3952.811139814017
213604	3952.811139814017
213938	3952.811139814017
214277	3952.811139814017
214610	3952.811139814017
214939	3952.811139814017
215275	3952.811139814017
215604	3952.811139814017
215933	3952.811139814017
216264	3952.811139814017
216604	3952.811139814017
216941	3952.811139814017
217278	3952.811139814017
218653	3952.811139814017
218994	3952.811139814017
219333	3952.811139814017
219671	3952.811139814017
220007	3952.811139814017
220344	3952.811139814017
220681	3952.811139814017
221021	3952.811139814017
221356	3952.811139814017
221697	3952.811139814017
222047	3952.811139814017
222390	3952.811139814017
222732	3952.811139814017
223067	3952.811139814017
223394	3952.811139814017
223730	3952.811139814017
224059	3952.811139814017
224382	3952.811139814017
224712	3952.811139814017
225040	3952.811139814017
226469	3952.811139814017
226790	3952.811139814017
227115	3952.811139814017
227439	3952.811139814017
227774	3952.811139814017
228102	3952.811139814017
228428	3952.811139814017
228760	3952.811139814017
229096	3952.811139814017
229436	3952.811139814017
230715	3952.811139814017
231048	3952.811139814017
231382	3952.811139814017
231716	3952.811139814017
232047	3952.811139814017
232383	3952.811139814017
232715	3952.811139814017
233053	3952.811139814017
233384	3952.811139814017
233711	3952.811139814017
234040	3952.811139814017
234374	3952.811139814017
234707	3952.811139814017
235042	3952.811139814017
235379	3952.811139814017
235722	3952.811139814017
236062	3952.811139814017
236402	3952.811139814017
236732	3952.811139814017
237056	3952.811139814017
238484	3952.811139814017
238819	3952.811139814017
239150	3952.811139814017
239486	3952.811139814017
239818	3952.811139814017
240152	3952.811139814017
240483	3952.811139814017
240819	3952.811139814017
241152	3952.811139814017
241488	3952.811139814017
241825	3952.811139814017
242162	3952.811139814017
242495	3952.811139814017
242830	3952.811139814017
243165	3952.811139814017
243503	3952.811139814017
243850	3952.811139814017
244187	3952.811139814017
244528	3952.811139814017
244864	3952.811139814017
247286	3952.811139814017
247622	3952.811139814017
247960	3952.811139814017
248296	3952.811139814017
248636	3952.811139814017
248975	3952.811139814017
249320	3952.811139814017
249651	3952.811139814017
249979	3952.811139814017
250308	3952.811139814017
250643	3952.811139814017
250971	3952.811139814017
251304	3952.811139814017
251638	3952.811139814017
251974	3952.811139814017
252310	3952.811139814017
252648	3952.811139814017
252979	3952.811139814017
253317	3952.811139814017
253652	3952.811139814017
254806	3952.811139814017
255137	3952.811139814017
255468	3952.811139814017
255794	3952.811139814017
256129	3952.811139814017
256471	3952.811139814017
256804	3952.811139814017
257135	3952.811139814017
257462	3952.811139814017
257792	3952.811139814017
258123	3952.811139814017
258454	3952.811139814017
258786	3952.811139814017
259120	3952.811139814017
259453	3952.811139814017
259782	3952.811139814017
260115	3952.811139814017
260449	3952.811139814017
260783	3952.811139814017
261122	3952.811139814017
262552	3952.811139814017
262887	3952.811139814017
263225	3952.811139814017
263558	3952.811139814017
263887	3952.811139814017
264232	3952.811139814017
264568	3952.811139814017
264910	3952.811139814017
265237	3952.811139814017
265568	3952.811139814017
266893	3952.811139814017
267228	3952.811139814017
267567	3952.811139814017
267902	3952.811139814017
268231	3952.811139814017
268562	3952.811139814017
268896	3952.811139814017
269236	3952.811139814017
269575	3952.811139814017
269909	3952.811139814017
270240	3952.811139814017
270565	3952.811139814017
270899	3952.811139814017
271231	3952.811139814017
271564	3952.811139814017
271900	3952.811139814017
272239	3952.811139814017
272576	3952.811139814017
272911	3952.811139814017
273248	3952.811139814017
274485	3952.811139814017
274814	3952.811139814017
275142	3952.811139814017
275476	3952.811139814017
275814	3952.811139814017
276156	3952.811139814017
276497	3952.811139814017
276835	3952.811139814017
277166	3952.811139814017
277500	3952.811139814017
277833	3952.811139814017
278166	3952.811139814017
278491	3952.811139814017
278828	3952.811139814017
279155	3952.811139814017
279486	3952.811139814017
279817	3952.811139814017
280155	3952.811139814017
280494	3952.811139814017
280825	3952.811139814017
282320	3952.811139814017
282649	3952.811139814017
282986	3952.811139814017
283314	3952.811139814017
283647	3952.811139814017
283979	3952.811139814017
284311	3952.811139814017
284643	3952.811139814017
284973	3952.811139814017
285308	3952.811139814017
285641	3952.811139814017
285975	3952.811139814017
286327	3952.811139814017
286668	3952.811139814017
287007	3952.811139814017
287332	3952.811139814017
287655	3952.811139814017
287974	3952.811139814017
288295	3952.811139814017
288622	3952.811139814017
290197	3952.811139814017
290515	3952.811139814017
290832	3952.811139814017
291152	3952.811139814017
291469	3952.811139814017
291788	3952.811139814017
292105	3952.811139814017
292430	3952.811139814017
292747	3952.811139814017
293073	3952.811139814017
293404	3952.811139814017
293729	3952.811139814017
294055	3952.811139814017
294385	3952.811139814017
294724	3952.811139814017
295056	3952.811139814017
295384	3952.811139814017
295712	3952.811139814017
296044	3952.811139814017
296372	3952.811139814017
297747	3952.811139814017
298086	3952.811139814017
298422	3952.811139814017
298759	3952.811139814017
299092	3952.811139814017
299420	3952.811139814017
299750	3952.811139814017
300098	3952.811139814017
