300	4056.766650476282
680	3557.4407152474214
1020	3469.9894596674517
1353	3312.0811002224646
1683	3265.139660097336
2005	3227.502122469441
2332	3167.7760635406166
2652	3159.0193954092497
2971	3159.0193954092497
3296	3121.041622542146
3611	3103.870737805914
3928	3103.870737805914
4240	3072.4598886600775
4555	3072.4598886600775
4865	3072.4598886600775
5178	3072.4598886600775
5488	3072.4598886600775
5798	3072.0339061754567
6111	3051.7169767997516
6421	3051.7169767997516
6733	3051.7169767997516
7046	3034.8253915192545
7354	3034.8253915192545
7660	3034.8253915192545
7967	3004.2644720721623
8276	3004.2644720721623
8585	3004.2644720721623
8894	3004.2644720721623
9201	3004.2644720721623
9509	3004.2644720721623
9818	3004.2644720721623
10129	3004.2644720721623
10441	3004.2644720721623
10749	2998.968541878783
11057	2998.968541878783
11365	2984.397399102061
11676	2984.397399102061
11984	2984.397399102061
12293	2984.397399102061
12605	2978.085367364066
12915	2977.6177249017023
14482	2876.6370758195085
14797	2876.6370758195085
15109	2876.6370758195085
15418	2876.6370758195085
15729	2876.6370758195085
16039	2876.6370758195085
16348	2876.6370758195085
16663	2876.6370758195085
16980	2876.6370758195085
17296	2876.6370758195085
17609	2876.6370758195085
17924	2876.6370758195085
18235	2876.6370758195085
18548	2876.6370758195085
18860	2876.6370758195085
19173	2876.6370758195085
19485	2876.6370758195085
19799	2876.6370758195085
20113	2876.6370758195085
20427	2876.6370758195085
21465	2876.6370758195085
21781	2876.6370758195085
22104	2876.6370758195085
22420	2876.6370758195085
22734	2876.6370758195085
23047	2876.6370758195085
23360	2876.6370758195085
23675	2876.6370758195085
23996	2876.6370758195085
24313	2876.6370758195085
24632	2876.6370758195085
24952	2876.6370758195085
25270	2876.6370758195085
25590	2876.6370758195085
25911	2876.6370758195085
26237	2876.6370758195085
26558	2876.6370758195085
26880	2876.6370758195085
27206	2876.6370758195085
27529	2876.6370758195085
28479	2876.6370758195085
28807	2876.6370758195085
29137	2876.6370758195085
29465	2876.6370758195085
29789	2876.6370758195085
30110	2876.6370758195085
30437	2876.6370758195085
30758	2876.6370758195085
31093	2876.6370758195085
31423	2876.6370758195085
31744	2876.6370758195085
32074	2876.6370758195085
32397	2876.6370758195085
32723	2876.6370758195085
33047	2876.6370758195085
33382	2876.6370758195085
33710	2876.6370758195085
34036	2876.6370758195085
34364	2876.6370758195085
34696	2876.6370758195085
35338	2869.3280075331404
36354	2869.3280071713375
36689	2869.3280071713375
37020	2869.3280071713375
37360	2869.3280071713375
37700	2869.3280071713375
38032	2869.3280071713375
38370	2869.3280071713375
38702	2869.3280071713375
39035	2869.3280071713375
39365	2869.3280071713375
39690	2869.3280071713375
40019	2869.3280071713375
40352	2869.3280071713375
40689	2869.3280071713375
41023	2869.3280071713375
41368	2869.3280071713375
41702	2869.3280071713375
42032	2869.3280071713375
42370	2869.3280071713375
42821	2869.3280071674344
43724	2869.3280071661657
44059	2869.3280071661657
44400	2869.3280071661657
44750	2869.3280071661657
45078	2869.3280071661657
45413	2869.3280071661657
45742	2869.3280071661657
46068	2869.3280071661657
46408	2869.3280071661657
46751	2869.3280071661657
47074	2869.3280071661657
47399	2869.3280071661657
47724	2869.3280071661657
48050	2869.3280071661657
48372	2869.3280071661657
48701	2869.3280071661657
49025	2869.3280071661657
49348	2869.3280071661657
49674	2869.3280071661657
50371	2863.48543533241
51842	2863.4854353281244
52186	2863.4854353281244
52526	2863.4854353281244
52860	2863.4854353281244
53192	2863.4854353281244
53517	2863.4854353281244
53843	2863.4854353281244
54169	2863.4854353281244
54496	2863.4854353281244
54830	2863.4854353281244
55164	2863.4854353281244
55491	2863.4854353281244
55827	2863.4854353281244
56162	2863.4854353281244
56505	2863.4854353281244
56831	2863.4854353281244
57147	2863.4854353281244
57465	2863.4854353281244
57790	2863.4854353281244
58899	2863.4854353281244
59227	2863.4854353281244
59553	2863.4854353281244
59875	2863.4854353281244
60202	2863.4854353281244
60529	2863.4854353281244
60858	2863.4854353281244
61183	2863.4854353281244
61511	2863.4854353281244
61841	2863.4854353281244
62166	2863.4854353281244
62492	2863.4854353281244
62817	2863.4854353281244
63142	2863.4854353281244
63463	2863.4854353281244
63788	2863.4854353281244
64114	2863.4854353281244
64444	2863.4854353281244
64772	2863.4854353281244
65106	2863.4854353281244
65813	2842.5121880770894
67249	2842.5121880483584
67598	2842.5121880483584
67931	2842.5121880483584
68260	2842.5121880483584
68596	2842.5121880483584
68936	2842.5121880483584
69263	2842.5121880483584
69595	2842.5121880483584
69930	2842.5121880483584
70255	2842.5121880483584
70584	2842.5121880483584
70921	2842.5121880483584
71256	2842.5121880483584
71587	2842.5121880483584
71916	2842.5121880483584
72245	2842.5121880483584
72586	2842.5121880483584
72923	2842.5121880483584
73256	2842.5121880483584
74493	2842.5121880483584
74824	2842.5121880483584
75156	2842.5121880483584
75488	2842.5121880483584
75818	2842.5121880483584
76145	2842.5121880483584
76466	2842.5121880483584
76795	2842.5121880483584
77124	2842.5121880483584
77456	2842.5121880483584
77785	2842.5121880483584
78115	2842.5121880483584
78442	2842.5121880483584
78770	2842.5121880483584
79098	2842.5121880483584
79426	2842.5121880483584
79759	2842.5121880483584
80083	2842.5121880483584
80410	2842.5121880483584
80738	2842.5121880483584
81704	2842.5121880483584
82033	2842.5121880483584
82364	2842.5121880483584
82696	2842.5121880483584
83027	2842.5121880483584
83350	2842.5121880483584
83677	2842.5121880483584
84012	2842.5121880483584
84338	2842.5121880483584
84662	2842.5121880483584
84992	2842.5121880483584
85314	2842.5121880483584
85646	2842.5121880483584
85979	2842.5121880483584
86311	2842.5121880483584
86641	2842.5121880483584
86966	2842.5121880483584
87306	2842.5121880483584
87641	2842.5121880483584
87986	2842.5121880483584
88950	2842.5121880483584
89287	2842.5121880483584
89631	2842.5121880483584
89964	2842.5121880483584
90294	2842.5121880483584
90624	2842.5121880483584
90951	2842.5121880483584
91291	2842.5121880483584
91626	2842.5121880483584
91961	2842.5121880483584
92302	2842.5121880483584
92626	2842.5121880483584
92964	2842.5121880483584
93302	2842.5121880483584
93635	2842.5121880483584
93966	2842.5121880483584
94302	2842.5121880483584
94632	2842.5121880483584
94960	2842.5121880483584
95286	2842.5121880483584
96253	2842.5121880483584
96582	2842.5121880483584
96916	2842.5121880483584
97246	2842.5121880483584
97580	2842.5121880483584
97912	2842.5121880483584
98237	2842.5121880483584
98566	2842.5121880483584
98893	2842.5121880483584
99213	2842.5121880483584
99527	2842.5121880483584
99843	2842.5121880483584
100165	2842.5121880483584
100483	2842.5121880483584
100794	2842.5121880483584
101107	2842.5121880483584
101420	2842.5121880483584
101732	2842.5121880483584
102057	2842.5121880483584
102371	2842.5121880483584
103645	2842.5121880483584
103962	2842.5121880483584
104282	2842.5121880483584
104599	2842.5121880483584
104919	2842.5121880483584
105235	2842.5121880483584
105553	2842.5121880483584
105867	2842.5121880483584
106182	2842.5121880483584
106497	2842.5121880483584
107570	2842.5121880483584
107888	2842.5121880483584
108204	2842.5121880483584
108520	2842.5121880483584
108833	2842.5121880483584
109148	2842.5121880483584
109464	2842.5121880483584
109783	2842.5121880483584
110097	2842.5121880483584
110418	2842.5121880483584
110736	2842.5121880483584
111052	2842.5121880483584
111370	2842.5121880483584
111693	2842.5121880483584
112011	2842.5121880483584
112338	2842.5121880483584
112663	2842.5121880483584
112994	2842.5121880483584
113327	2842.5121880483584
113654	2842.5121880483584
114722	2842.5121880483584
115046	2842.5121880483584
115378	2842.5121880483584
115707	2842.5121880483584
116039	2842.5121880483584
116370	2842.5121880483584
116703	2842.5121880483584
117030	2842.5121880483584
117357	2842.5121880483584
117691	2842.5121880483584
118028	2842.5121880483584
118357	2842.5121880483584
118697	2842.5121880483584
119039	2842.5121880483584
119379	2842.5121880483584
119706	2842.5121880483584
120038	2842.5121880483584
120364	2842.5121880483584
120685	2842.5121880483584
121004	2842.5121880483584
121988	2842.5121880483584
122306	2842.5121880483584
122621	2842.5121880483584
122950	2842.5121880483584
123272	2842.5121880483584
123586	2842.5121880483584
123905	2842.5121880483584
124224	2842.5121880483584
124543	2842.5121880483584
124860	2842.5121880483584
125175	2842.5121880483584
125488	2842.5121880483584
125804	2842.5121880483584
126117	2842.5121880483584
126434	2842.5121880483584
126752	2842.5121880483584
127066	2842.5121880483584
127380	2842.5121880483584
127696	2842.5121880483584
128013	2842.5121880483584
129092	2842.5121880483584
129417	2842.5121880483584
129743	2842.5121880483584
130074	2842.5121880483584
130406	2842.5121880483584
130744	2842.5121880483584
131066	2842.5121880483584
131394	2842.5121880483584
131724	2842.5121880483584
132045	2842.5121880483584
132368	2842.5121880483584
132694	2842.5121880483584
133022	2842.5121880483584
133347	2842.5121880483584
133676	2842.5121880483584
133994	2842.5121880483584
134315	2842.5121880483584
134637	2842.5121880483584
134963	2842.5121880483584
135294	2842.5121880483584
136368	2842.5121880483584
136686	2842.5121880483584
137012	2842.5121880483584
137341	2842.5121880483584
137667	2842.5121880483584
137991	2842.5121880483584
138319	2842.5121880483584
138657	2842.5121880483584
138983	2842.5121880483584
139321	2842.5121880483584
140303	2842.5121880483584
140636	2842.5121880483584
140959	2842.5121880483584
141285	2842.5121880483584
141611	2842.5121880483584
141931	2842.5121880483584
142258	2842.5121880483584
142588	2842.5121880483584
142918	2842.5121880483584
143246	2842.5121880483584
143565	2842.5121880483584
143884	2842.5121880483584
144207	2842.5121880483584
144523	2842.5121880483584
144836	2842.5121880483584
145154	2842.5121880483584
145473	2842.5121880483584
145795	2842.5121880483584
146112	2842.5121880483584
146427	2842.5121880483584
147516	2842.5121880483584
147838	2842.5121880483584
148160	2842.5121880483584
148487	2842.5121880483584
148812	2842.5121880483584
149141	2842.5121880483584
149470	2842.5121880483584
149795	2842.5121880483584
150123	2842.5121880483584
150450	2842.5121880483584
150773	2842.5121880483584
151099	2842.5121880483584
151430	2842.5121880483584
151763	2842.5121880483584
152096	2842.5121880483584
152424	2842.5121880483584
152755	2842.5121880483584
153078	2842.5121880483584
153406	2842.5121880483584
153733	2842.5121880483584
154630	2842.5121880483584
154978	2842.5121880483584
155301	2842.5121880483584
155620	2842.5121880483584
155947	2842.5121880483584
156271	2842.5121880483584
156598	2842.5121880483584
156923	2842.5121880483584
157244	2842.5121880483584
157564	2842.5121880483584
157886	2842.5121880483584
158218	2842.5121880483584
158546	2842.5121880483584
158871	2842.5121880483584
159196	2842.5121880483584
159520	2842.5121880483584
159847	2842.5121880483584
160180	2842.5121880483584
160508	2842.5121880483584
160855	2842.5121880483584
161865	2842.5121880483584
162189	2842.5121880483584
162515	2842.5121880483584
162842	2842.5121880483584
163172	2842.5121880483584
163505	2842.5121880483584
163830	2842.5121880483584
164159	2842.5121880483584
164484	2842.5121880483584
164823	2842.5121880483584
165172	2842.5121880483584
165504	2842.5121880483584
165831	2842.5121880483584
166156	2842.5121880483584
166479	2842.5121880483584
166810	2842.5121880483584
167141	2842.5121880483584
167477	2842.5121880483584
167807	2842.5121880483584
168125	2842.5121880483584
169254	2842.5121880483584
169585	2842.5121880483584
169906	2842.5121880483584
170229	2842.5121880483584
170558	2842.5121880483584
170883	2842.5121880483584
171203	2842.5121880483584
171530	2842.5121880483584
171859	2842.5121880483584
172200	2842.5121880483584
172811	2840.7143601602147
174020	2840.714360152845
174362	2840.714360152845
174699	2840.714360152845
175029	2840.714360152845
175353	2840.714360152845
175687	2840.714360152845
176014	2840.714360152845
176339	2840.714360152845
176661	2840.714360152845
176980	2840.714360152845
177303	2840.714360152845
177625	2840.714360152845
177957	2840.714360152845
178284	2840.714360152845
178608	2840.714360152845
178942	2840.714360152845
179278	2840.714360152845
179595	2840.714360152845
179922	2840.714360152845
180812	2840.714360152845
181134	2840.714360152845
181457	2840.714360152845
181784	2840.714360152845
182108	2840.714360152845
182430	2840.714360152845
182748	2840.714360152845
183066	2840.714360152845
183396	2840.714360152845
183716	2840.714360152845
184034	2840.714360152845
184354	2840.714360152845
184676	2840.714360152845
185000	2840.714360152845
185327	2840.714360152845
185648	2840.714360152845
185973	2840.714360152845
186295	2840.714360152845
186620	2840.714360152845
186945	2840.714360152845
187987	2840.714360152845
188310	2840.714360152845
188630	2840.714360152845
188950	2840.714360152845
189270	2840.714360152845
189598	2840.714360152845
189927	2840.714360152845
190249	2840.714360152845
190574	2840.714360152845
190902	2840.714360152845
191232	2840.714360152845
191553	2840.714360152845
191878	2840.714360152845
192205	2840.714360152845
192529	2840.714360152845
192864	2840.714360152845
193183	2840.714360152845
193519	2840.714360152845
193842	2840.714360152845
194159	2840.714360152845
195238	2840.714360152845
195559	2840.714360152845
195887	2840.714360152845
196203	2840.714360152845
196524	2840.714360152845
196853	2840.714360152845
197174	2840.714360152845
197490	2840.714360152845
197814	2840.714360152845
198127	2840.714360152845
198443	2840.714360152845
198765	2840.714360152845
199084	2840.714360152845
199405	2840.714360152845
199724	2840.714360152845
200047	2840.714360152845
200367	2840.714360152845
200691	2840.714360152845
201021	2840.714360152845
201345	2840.714360152845
202366	2840.714360152845
202693	2840.714360152845
203022	2840.714360152845
203343	2840.714360152845
203673	2840.714360152845
204002	2840.714360152845
204330	2840.714360152845
204658	2840.714360152845
204994	2840.714360152845
205319	2840.714360152845
205638	2840.714360152845
205975	2840.714360152845
206316	2840.714360152845
206643	2840.714360152845
206963	2840.714360152845
207282	2840.714360152845
207607	2840.714360152845
207928	2840.714360152845
208256	2840.714360152845
208573	2840.714360152845
209612	2840.714360152845
209937	2840.714360152845
210262	2840.714360152845
210585	2840.714360152845
210907	2840.714360152845
211230	2840.714360152845
211551	2840.714360152845
211874	2840.714360152845
212207	2840.714360152845
212540	2840.714360152845
213602	2840.714360152845
213926	2840.714360152845
214247	2840.714360152845
214569	2840.714360152845
214893	2840.714360152845
215218	2840.714360152845
215544	2840.714360152845
215879	2840.714360152845
216220	2840.714360152845
216559	2840.714360152845
216884	2840.714360152845
217218	2840.714360152845
217536	2840.714360152845
217859	2840.714360152845
218182	2840.714360152845
218503	2840.714360152845
218818	2840.714360152845
219133	2840.714360152845
219455	2840.714360152845
219774	2840.714360152845
220902	2840.714360152845
221221	2840.714360152845
221543	2840.714360152845
221862	2840.714360152845
222176	2840.714360152845
222494	2840.714360152845
222814	2840.714360152845
223130	2840.714360152845
223443	2840.714360152845
223763	2840.714360152845
224082	2840.714360152845
224400	2840.714360152845
224719	2840.714360152845
225041	2840.714360152845
225360	2840.714360152845
225679	2840.714360152845
225994	2840.714360152845
226320	2840.714360152845
226642	2840.714360152845
226965	2840.714360152845
228478	2840.714360152845
228801	2840.714360152845
229125	2840.714360152845
229454	2840.714360152845
229783	2840.714360152845
230108	2840.714360152845
230432	2840.714360152845
230763	2840.714360152845
231091	2840.714360152845
231419	2840.714360152845
231743	2840.714360152845
232069	2840.714360152845
232399	2840.714360152845
232729	2840.714360152845
233066	2840.714360152845
233391	2840.714360152845
233710	2840.714360152845
234033	2840.714360152845
234359	2840.714360152845
234697	2840.714360152845
235673	2840.714360152845
235995	2840.714360152845
236315	2840.714360152845
236634	2840.714360152845
236950	2840.714360152845
237264	2840.714360152845
237587	2840.714360152845
237907	2840.714360152845
238227	2840.714360152845
238541	2840.714360152845
238855	2840.714360152845
239177	2840.714360152845
239495	2840.714360152845
239816	2840.714360152845
240135	2840.714360152845
240446	2840.714360152845
240760	2840.714360152845
241073	2840.714360152845
241388	2840.714360152845
241707	2840.714360152845
242845	2840.714360152845
243163	2840.714360152845
243481	2840.714360152845
243798	2840.714360152845
244112	2840.714360152845
244431	2840.714360152845
244747	2840.714360152845
245064	2840.714360152845
245391	2840.714360152845
245714	2840.714360152845
246704	2840.714360152845
247023	2840.714360152845
247342	2840.714360152845
247668	2840.714360152845
247997	2840.714360152845
248323	2840.714360152845
248654	2840.714360152845
248979	2840.714360152845
249300	2840.714360152845
249623	2840.714360152845
249953	2840.714360152845
250289	2840.714360152845
250619	2840.714360152845
250955	2840.714360152845
251288	2840.714360152845
251623	2840.714360152845
251954	2840.714360152845
252285	2840.714360152845
252617	2840.714360152845
252957	2840.714360152845
253628	2837.265159175515
254663	2837.2651591737913
255006	2837.2651591737913
255335	2837.2651591737913
255677	2837.2651591737913
256015	2837.2651591737913
256359	2837.2651591737913
256689	2837.2651591737913
257027	2837.2651591737913
257373	2837.2651591737913
257725	2837.2651591737913
258064	2837.2651591737913
258385	2837.2651591737913
258708	2837.2651591737913
259031	2837.2651591737913
259359	2837.2651591737913
259692	2837.2651591737913
260028	2837.2651591737913
260350	2837.2651591737913
260670	2837.2651591737913
261867	2837.2651591737913
262186	2837.2651591737913
262507	2837.2651591737913
262835	2837.2651591737913
263159	2837.2651591737913
263482	2837.2651591737913
263799	2837.2651591737913
264113	2837.2651591737913
264431	2837.2651591737913
264750	2837.2651591737913
265067	2837.2651591737913
265388	2837.2651591737913
265702	2837.2651591737913
266025	2837.2651591737913
266345	2837.2651591737913
266660	2837.2651591737913
266979	2837.2651591737913
267299	2837.2651591737913
267620	2837.2651591737913
267937	2837.2651591737913
268983	2837.2651591737913
269306	2837.2651591737913
269626	2837.2651591737913
269945	2837.2651591737913
270270	2837.2651591737913
270597	2837.2651591737913
270922	2837.2651591737913
271242	2837.2651591737913
271567	2837.2651591737913
271890	2837.2651591737913
272216	2837.2651591737913
272545	2837.2651591737913
272870	2837.2651591737913
273199	2837.2651591737913
273528	2837.2651591737913
273848	2837.2651591737913
274184	2837.2651591737913
274512	2837.2651591737913
274834	2837.2651591737913
275155	2837.2651591737913
276114	2837.2651591737913
276441	2837.2651591737913
276768	2837.2651591737913
277095	2837.2651591737913
277422	2837.2651591737913
277750	2837.2651591737913
278077	2837.2651591737913
278403	2837.2651591737913
278731	2837.2651591737913
279060	2837.2651591737913
279390	2837.2651591737913
279712	2837.2651591737913
280040	2837.2651591737913
280401	2837.2651591737913
280737	2837.2651591737913
281071	2837.2651591737913
281408	2837.2651591737913
281746	2837.2651591737913
282083	2837.2651591737913
282415	2837.2651591737913
283479	2837.2651591737913
283794	2837.2651591737913
284119	2837.2651591737913
284443	2837.2651591737913
284767	2837.2651591737913
285095	2837.2651591737913
285423	2837.2651591737913
285753	2837.2651591737913
286078	2837.2651591737913
286402	2837.2651591737913
286723	2837.2651591737913
287045	2837.2651591737913
287371	2837.2651591737913
287702	2837.2651591737913
288024	2837.2651591737913
288340	2837.2651591737913
288666	2837.2651591737913
288986	2837.2651591737913
289314	2837.2651591737913
289638	2837.2651591737913
290673	2837.2651591737913
290996	2837.2651591737913
291317	2837.2651591737913
291639	2837.2651591737913
291973	2837.2651591737913
292320	2837.2651591737913
292650	2837.2651591737913
292989	2837.2651591737913
293319	2837.2651591737913
293645	2837.2651591737913
295042	2837.2651591737913
295366	2837.2651591737913
295683	2837.2651591737913
296011	2837.2651591737913
296331	2837.2651591737913
296653	2837.2651591737913
296980	2837.2651591737913
297304	2837.2651591737913
297634	2837.2651591737913
297962	2837.2651591737913
298296	2837.2651591737913
298623	2837.2651591737913
298947	2837.2651591737913
299281	2837.2651591737913
299615	2837.2651591737913
299951	2837.2651591737913
300284	2837.2651591737913
