300	4304.801839782634
656	3643.968914007326
995	3562.7609270515977
1328	3414.543363118851
1661	3313.3184450084427
1988	3264.7808044573994
2311	3171.6873557910135
2638	3136.1796491665204
2954	3136.1796491665204
3267	3122.3506631442715
3582	3111.9888823186548
3897	3080.662074001578
4209	3073.030999303009
4522	3073.030999303009
4836	3073.030999303009
5148	3073.030999303009
5463	3045.501068134651
5777	3045.501068134651
6085	3045.501068134651
6396	3045.501068134651
6705	3038.21164942515
7014	3038.21164942515
7323	3038.21164942515
7632	3038.21164942515
7942	3038.21164942515
8250	3038.21164942515
8560	3038.21164942515
8869	3038.21164942515
9177	3036.6293715492493
9484	3036.6293715492493
9793	3036.6293715492493
10099	3036.6293715492493
10405	3036.6293715492493
10713	3036.6293715492493
11025	3036.6293715492493
11334	3027.1755220730147
11641	3027.1755220730147
11950	3027.1755220730147
12264	3025.422297353376
12578	3025.422297353376
12889	3025.422297353376
14738	2882.9920304335906
15049	2882.9920304335906
15357	2882.9920304335906
15667	2882.9920304335906
15978	2882.9920304335906
16288	2882.9920304335906
16599	2882.9920304335906
16909	2882.9920304335906
17222	2882.9920304335906
17535	2882.9920304335906
17846	2882.9920304335906
18154	2882.9920304335906
18464	2882.9920304335906
18771	2882.9920304335906
19080	2882.9920304335906
19392	2882.9920304335906
19706	2882.9920304335906
20018	2882.9920304335906
20331	2882.9920304335906
20643	2882.9920304335906
21793	2882.9920304335906
22102	2882.9920304335906
22414	2882.9920304335906
22725	2882.9920304335906
23034	2882.9920304335906
23345	2882.9920304335906
23654	2882.9920304335906
23961	2882.9920304335906
24273	2882.9920304335906
24582	2882.9920304335906
24892	2882.9920304335906
25204	2882.9920304335906
25517	2882.9920304335906
25830	2882.9920304335906
26140	2882.9920304335906
26451	2882.9920304335906
26760	2882.9920304335906
27073	2882.9920304335906
27384	2882.9920304335906
27696	2882.9920304335906
28644	2882.9920304335906
28953	2882.9920304335906
29262	2882.9920304335906
29568	2882.9920304335906
29880	2882.9920304335906
30192	2882.9920304335906
30501	2882.9920304335906
30811	2882.9920304335906
31120	2882.9920304335906
31427	2882.9920304335906
31735	2882.9920304335906
32045	2882.9920304335906
32351	2882.9920304335906
32659	2882.9920304335906
32968	2882.9920304335906
33280	2882.9920304335906
33591	2882.9920304335906
33902	2882.9920304335906
34213	2882.9920304335906
34524	2882.9920304335906
35116	2864.53917713985
36281	2864.5391771379727
36601	2864.5391771379727
36914	2864.5391771379727
37225	2864.5391771379727
37537	2864.5391771379727
37850	2864.5391771379727
38163	2864.5391771379727
38474	2864.5391771379727
38783	2864.5391771379727
39096	2864.5391771379727
39409	2864.5391771379727
39725	2864.5391771379727
40040	2864.5391771379727
40352	2864.5391771379727
40665	2864.5391771379727
40976	2864.5391771379727
41290	2864.5391771379727
41604	2864.5391771379727
41920	2864.5391771379727
42829	2864.5391771379727
43146	2864.5391771379727
43466	2864.5391771379727
43784	2864.5391771379727
44104	2864.5391771379727
44416	2864.5391771379727
44729	2864.5391771379727
45042	2864.5391771379727
45353	2864.5391771379727
45667	2864.5391771379727
45983	2864.5391771379727
46295	2864.5391771379727
46608	2864.5391771379727
46924	2864.5391771379727
47239	2864.5391771379727
47554	2864.5391771379727
47869	2864.5391771379727
48183	2864.5391771379727
48495	2864.5391771379727
48807	2864.5391771379727
49790	2864.5391771379727
50104	2864.5391771379727
50417	2864.5391771379727
50731	2864.5391771379727
51051	2864.5391771379727
51373	2864.5391771379727
51695	2864.5391771379727
52013	2864.5391771379727
52333	2864.5391771379727
52654	2864.5391771379727
52971	2864.5391771379727
53287	2864.5391771379727
53604	2864.5391771379727
53924	2864.5391771379727
54244	2864.5391771379727
54566	2864.5391771379727
54884	2864.5391771379727
55208	2864.5391771379727
55528	2864.5391771379727
55848	2864.5391771379727
56953	2864.5391771379727
57274	2864.5391771379727
57600	2864.5391771379727
57923	2864.5391771379727
58247	2864.5391771379727
58573	2864.5391771379727
58897	2864.5391771379727
59225	2864.5391771379727
59550	2864.5391771379727
59872	2864.5391771379727
60196	2864.5391771379727
60522	2864.5391771379727
60846	2864.5391771379727
61176	2864.5391771379727
61502	2864.5391771379727
61832	2864.5391771379727
62157	2864.5391771379727
62477	2864.5391771379727
62800	2864.5391771379727
63127	2864.5391771379727
64305	2864.5391771379727
64631	2864.5391771379727
64953	2864.5391771379727
65272	2864.5391771379727
65595	2864.5391771379727
65923	2864.5391771379727
66256	2864.5391771379727
66590	2864.5391771379727
66918	2864.5391771379727
67249	2864.5391771379727
67585	2864.5391771379727
67916	2864.5391771379727
68244	2864.5391771379727
68573	2864.5391771379727
68896	2864.5391771379727
69225	2864.5391771379727
69552	2864.5391771379727
69881	2864.5391771379727
70215	2864.5391771379727
70542	2864.5391771379727
71557	2864.5391771379727
71891	2864.5391771379727
72217	2864.5391771379727
72540	2864.5391771379727
72863	2864.5391771379727
73191	2864.5391771379727
73520	2864.5391771379727
73847	2864.5391771379727
74178	2864.5391771379727
74514	2864.5391771379727
75543	2864.5391771379727
75867	2864.5391771379727
76191	2864.5391771379727
76517	2864.5391771379727
76850	2864.5391771379727
77179	2864.5391771379727
77507	2864.5391771379727
77836	2864.5391771379727
78163	2864.5391771379727
78491	2864.5391771379727
78815	2864.5391771379727
79148	2864.5391771379727
79473	2864.5391771379727
79798	2864.5391771379727
80120	2864.5391771379727
80447	2864.5391771379727
80773	2864.5391771379727
81095	2864.5391771379727
81411	2864.5391771379727
81730	2864.5391771379727
82394	2860.3449202492156
83410	2860.3449202233915
83741	2860.3449202233915
84064	2860.3449202233915
84387	2860.3449202233915
84710	2860.3449202233915
85031	2860.3449202233915
85354	2860.3449202233915
85673	2860.3449202233915
85995	2860.3449202233915
86325	2860.3449202233915
86646	2860.3449202233915
86970	2860.3449202233915
87291	2860.3449202233915
87612	2860.3449202233915
87938	2860.3449202233915
88261	2860.3449202233915
88584	2860.3449202233915
88914	2860.3449202233915
89238	2860.3449202233915
90344	2860.3449202233915
90667	2860.3449202233915
90994	2860.3449202233915
91321	2860.3449202233915
91650	2860.3449202233915
91975	2860.3449202233915
92303	2860.3449202233915
92629	2860.3449202233915
92952	2860.3449202233915
93285	2860.3449202233915
93604	2860.3449202233915
93925	2860.3449202233915
94243	2860.3449202233915
94558	2860.3449202233915
94877	2860.3449202233915
95196	2860.3449202233915
95514	2860.3449202233915
95826	2860.3449202233915
96139	2860.3449202233915
96453	2860.3449202233915
97413	2860.3449202233915
97731	2860.3449202233915
98052	2860.3449202233915
98370	2860.3449202233915
98685	2860.3449202233915
99003	2860.3449202233915
99320	2860.3449202233915
99641	2860.3449202233915
99963	2860.3449202233915
100281	2860.3449202233915
100595	2860.3449202233915
100913	2860.3449202233915
101231	2860.3449202233915
101550	2860.3449202233915
101863	2860.3449202233915
102177	2860.3449202233915
102493	2860.3449202233915
102814	2860.3449202233915
103129	2860.3449202233915
103446	2860.3449202233915
104074	2855.8305340260868
105066	2855.830534025048
105395	2855.830534025048
105720	2855.830534025048
106043	2855.830534025048
106365	2855.830534025048
106685	2855.830534025048
107006	2855.830534025048
107323	2855.830534025048
107642	2855.830534025048
107960	2855.830534025048
108282	2855.830534025048
108602	2855.830534025048
108921	2855.830534025048
109237	2855.830534025048
109557	2855.830534025048
109881	2855.830534025048
110202	2855.830534025048
110526	2855.830534025048
110846	2855.830534025048
111775	2855.830534025048
112096	2855.830534025048
112414	2855.830534025048
112735	2855.830534025048
113055	2855.830534025048
113374	2855.830534025048
113695	2855.830534025048
114017	2855.830534025048
114330	2855.830534025048
114653	2855.830534025048
114975	2855.830534025048
115298	2855.830534025048
115626	2855.830534025048
115946	2855.830534025048
116265	2855.830534025048
116584	2855.830534025048
116903	2855.830534025048
117220	2855.830534025048
117536	2855.830534025048
117858	2855.830534025048
118967	2855.830534025048
119287	2855.830534025048
119607	2855.830534025048
119923	2855.830534025048
120243	2855.830534025048
120564	2855.830534025048
120878	2855.830534025048
121189	2855.830534025048
121500	2855.830534025048
121809	2855.830534025048
122124	2855.830534025048
122436	2855.830534025048
122751	2855.830534025048
123063	2855.830534025048
123377	2855.830534025048
123691	2855.830534025048
124003	2855.830534025048
124322	2855.830534025048
124636	2855.830534025048
124952	2855.830534025048
125615	2855.582919031139
126685	2855.5829190061836
127012	2855.5829190061836
127335	2855.5829190061836
127658	2855.5829190061836
127979	2855.5829190061836
128304	2855.5829190061836
128629	2855.5829190061836
128950	2855.5829190061836
129271	2855.5829190061836
129592	2855.5829190061836
129914	2855.5829190061836
130235	2855.5829190061836
130554	2855.5829190061836
130873	2855.5829190061836
131191	2855.5829190061836
131507	2855.5829190061836
131825	2855.5829190061836
132145	2855.5829190061836
132460	2855.5829190061836
133519	2855.5829190061836
133838	2855.5829190061836
134161	2855.5829190061836
134481	2855.5829190061836
134799	2855.5829190061836
135120	2855.5829190061836
135439	2855.5829190061836
135762	2855.5829190061836
136087	2855.5829190061836
136409	2855.5829190061836
136732	2855.5829190061836
137051	2855.5829190061836
137370	2855.5829190061836
137696	2855.5829190061836
138022	2855.5829190061836
138344	2855.5829190061836
138667	2855.5829190061836
138987	2855.5829190061836
139306	2855.5829190061836
139621	2855.5829190061836
140891	2855.5829190061836
141210	2855.5829190061836
141532	2855.5829190061836
141854	2855.5829190061836
142176	2855.5829190061836
142497	2855.5829190061836
142818	2855.5829190061836
143143	2855.5829190061836
143468	2855.5829190061836
143793	2855.5829190061836
144113	2855.5829190061836
144435	2855.5829190061836
144759	2855.5829190061836
145081	2855.5829190061836
145401	2855.5829190061836
145722	2855.5829190061836
146044	2855.5829190061836
146361	2855.5829190061836
146691	2855.5829190061836
147013	2855.5829190061836
148332	2855.5829190061836
148655	2855.5829190061836
148981	2855.5829190061836
149310	2855.5829190061836
149639	2855.5829190061836
149966	2855.5829190061836
150290	2855.5829190061836
150612	2855.5829190061836
150934	2855.5829190061836
151259	2855.5829190061836
151578	2855.5829190061836
151903	2855.5829190061836
152226	2855.5829190061836
152545	2855.5829190061836
152868	2855.5829190061836
153185	2855.5829190061836
153507	2855.5829190061836
153826	2855.5829190061836
154147	2855.5829190061836
154469	2855.5829190061836
155518	2855.5829190061836
155833	2855.5829190061836
156149	2855.5829190061836
156465	2855.5829190061836
156782	2855.5829190061836
157097	2855.5829190061836
157413	2855.5829190061836
157731	2855.5829190061836
158047	2855.5829190061836
158365	2855.5829190061836
158691	2855.5829190061836
159012	2855.5829190061836
159333	2855.5829190061836
159656	2855.5829190061836
159976	2855.5829190061836
160298	2855.5829190061836
160623	2855.5829190061836
160948	2855.5829190061836
161272	2855.5829190061836
161597	2855.5829190061836
162774	2855.5829190061836
163090	2855.5829190061836
163410	2855.5829190061836
163730	2855.5829190061836
164047	2855.5829190061836
164367	2855.5829190061836
164687	2855.5829190061836
165008	2855.5829190061836
165330	2855.5829190061836
165652	2855.5829190061836
166627	2855.5829190061836
166955	2855.5829190061836
167280	2855.5829190061836
167608	2855.5829190061836
167931	2855.5829190061836
168255	2855.5829190061836
168578	2855.5829190061836
168905	2855.5829190061836
169232	2855.5829190061836
169556	2855.5829190061836
169882	2855.5829190061836
170211	2855.5829190061836
170544	2855.5829190061836
170872	2855.5829190061836
171202	2855.5829190061836
171533	2855.5829190061836
171857	2855.5829190061836
172177	2855.5829190061836
172499	2855.5829190061836
172820	2855.5829190061836
173825	2855.5829190061836
174150	2855.5829190061836
174476	2855.5829190061836
174800	2855.5829190061836
175127	2855.5829190061836
175452	2855.5829190061836
175781	2855.5829190061836
176108	2855.5829190061836
176443	2855.5829190061836
176778	2855.5829190061836
177111	2855.5829190061836
177435	2855.5829190061836
177767	2855.5829190061836
178088	2855.5829190061836
178407	2855.5829190061836
178728	2855.5829190061836
179047	2855.5829190061836
179375	2855.5829190061836
179697	2855.5829190061836
180023	2855.5829190061836
181020	2855.5829190061836
181343	2855.5829190061836
181671	2855.5829190061836
182002	2855.5829190061836
182328	2855.5829190061836
182657	2855.5829190061836
182980	2855.5829190061836
183313	2855.5829190061836
183639	2855.5829190061836
183962	2855.5829190061836
184288	2855.5829190061836
184615	2855.5829190061836
184939	2855.5829190061836
185265	2855.5829190061836
185596	2855.5829190061836
185926	2855.5829190061836
186256	2855.5829190061836
186583	2855.5829190061836
186916	2855.5829190061836
187245	2855.5829190061836
188402	2855.5829190061836
188739	2855.5829190061836
189071	2855.5829190061836
189401	2855.5829190061836
189721	2855.5829190061836
190042	2855.5829190061836
190361	2855.5829190061836
190676	2855.5829190061836
190988	2855.5829190061836
191301	2855.5829190061836
191614	2855.5829190061836
191926	2855.5829190061836
192238	2855.5829190061836
192550	2855.5829190061836
192866	2855.5829190061836
193181	2855.5829190061836
193492	2855.5829190061836
193804	2855.5829190061836
194122	2855.5829190061836
194439	2855.5829190061836
195444	2855.5829190061836
195758	2855.5829190061836
196074	2855.5829190061836
196389	2855.5829190061836
196711	2855.5829190061836
197030	2855.5829190061836
197356	2855.5829190061836
197677	2855.5829190061836
197998	2855.5829190061836
198320	2855.5829190061836
199276	2855.5829190061836
199596	2855.5829190061836
199918	2855.5829190061836
200244	2855.5829190061836
200563	2855.5829190061836
200885	2855.5829190061836
201207	2855.5829190061836
201532	2855.5829190061836
201853	2855.5829190061836
202176	2855.5829190061836
202501	2855.5829190061836
202820	2855.5829190061836
203140	2855.5829190061836
203464	2855.5829190061836
203791	2855.5829190061836
204118	2855.5829190061836
204443	2855.5829190061836
204767	2855.5829190061836
205094	2855.5829190061836
205422	2855.5829190061836
206408	2855.5829190061836
206736	2855.5829190061836
207065	2855.5829190061836
207394	2855.5829190061836
207727	2855.5829190061836
208056	2855.5829190061836
208382	2855.5829190061836
208713	2855.5829190061836
209041	2855.5829190061836
209370	2855.5829190061836
209698	2855.5829190061836
210035	2855.5829190061836
210363	2855.5829190061836
210694	2855.5829190061836
211024	2855.5829190061836
211346	2855.5829190061836
211672	2855.5829190061836
212002	2855.5829190061836
212329	2855.5829190061836
212659	2855.5829190061836
213628	2855.5829190061836
213949	2855.5829190061836
214268	2855.5829190061836
214589	2855.5829190061836
214906	2855.5829190061836
215224	2855.5829190061836
215542	2855.5829190061836
215860	2855.5829190061836
216180	2855.5829190061836
216498	2855.5829190061836
216816	2855.5829190061836
217135	2855.5829190061836
217453	2855.5829190061836
217773	2855.5829190061836
218090	2855.5829190061836
218407	2855.5829190061836
218722	2855.5829190061836
219040	2855.5829190061836
219358	2855.5829190061836
219673	2855.5829190061836
220393	2848.407778942949
221530	2848.4077789410208
221850	2848.4077789410208
222169	2848.4077789410208
222490	2848.4077789410208
222808	2848.4077789410208
223126	2848.4077789410208
223449	2848.4077789410208
223768	2848.4077789410208
224085	2848.4077789410208
224405	2848.4077789410208
224726	2848.4077789410208
225045	2848.4077789410208
225370	2848.4077789410208
225692	2848.4077789410208
226014	2848.4077789410208
226337	2848.4077789410208
226658	2848.4077789410208
226978	2848.4077789410208
227303	2848.4077789410208
228412	2848.4077789410208
228733	2848.4077789410208
229052	2848.4077789410208
229371	2848.4077789410208
229688	2848.4077789410208
230007	2848.4077789410208
230337	2848.4077789410208
230658	2848.4077789410208
230986	2848.4077789410208
231305	2848.4077789410208
231623	2848.4077789410208
231939	2848.4077789410208
232255	2848.4077789410208
232575	2848.4077789410208
232892	2848.4077789410208
233215	2848.4077789410208
233535	2848.4077789410208
233854	2848.4077789410208
234171	2848.4077789410208
234488	2848.4077789410208
235438	2848.4077789410208
235750	2848.4077789410208
236064	2848.4077789410208
236375	2848.4077789410208
236692	2848.4077789410208
237011	2848.4077789410208
237330	2848.4077789410208
237648	2848.4077789410208
237965	2848.4077789410208
238281	2848.4077789410208
238604	2848.4077789410208
238920	2848.4077789410208
239241	2848.4077789410208
239562	2848.4077789410208
239891	2848.4077789410208
240206	2848.4077789410208
240526	2848.4077789410208
240850	2848.4077789410208
241170	2848.4077789410208
241491	2848.4077789410208
242511	2848.4077789410208
242840	2848.4077789410208
243160	2848.4077789410208
243485	2848.4077789410208
243807	2848.4077789410208
244137	2848.4077789410208
244462	2848.4077789410208
244790	2848.4077789410208
245119	2848.4077789410208
245441	2848.4077789410208
245771	2848.4077789410208
246097	2848.4077789410208
246426	2848.4077789410208
246754	2848.4077789410208
247081	2848.4077789410208
247410	2848.4077789410208
247738	2848.4077789410208
248066	2848.4077789410208
248397	2848.4077789410208
248727	2848.4077789410208
249304	2848.381954161347
250419	2848.381954159568
250759	2848.381954159568
251090	2848.381954159568
251417	2848.381954159568
251751	2848.381954159568
252078	2848.381954159568
252406	2848.381954159568
252735	2848.381954159568
253054	2848.381954159568
253370	2848.381954159568
253691	2848.381954159568
254009	2848.381954159568
254327	2848.381954159568
254642	2848.381954159568
254958	2848.381954159568
255273	2848.381954159568
255587	2848.381954159568
255901	2848.381954159568
256219	2848.381954159568
257163	2848.381954159568
257482	2848.381954159568
257796	2848.381954159568
258114	2848.381954159568
258427	2848.381954159568
258738	2848.381954159568
259053	2848.381954159568
259366	2848.381954159568
259687	2848.381954159568
260001	2848.381954159568
260313	2848.381954159568
260632	2848.381954159568
260952	2848.381954159568
261266	2848.381954159568
261580	2848.381954159568
261898	2848.381954159568
262221	2848.381954159568
262543	2848.381954159568
262861	2848.381954159568
263183	2848.381954159568
264277	2848.381954159568
264597	2848.381954159568
264917	2848.381954159568
265235	2848.381954159568
265554	2848.381954159568
265872	2848.381954159568
266192	2848.381954159568
266509	2848.381954159568
266825	2848.381954159568
267144	2848.381954159568
267456	2848.381954159568
267774	2848.381954159568
268094	2848.381954159568
268413	2848.381954159568
268730	2848.381954159568
269050	2848.381954159568
269363	2848.381954159568
269682	2848.381954159568
269996	2848.381954159568
270313	2848.381954159568
271329	2848.381954159568
271646	2848.381954159568
271961	2848.381954159568
272278	2848.381954159568
272598	2848.381954159568
272917	2848.381954159568
273236	2848.381954159568
273557	2848.381954159568
273880	2848.381954159568
274208	2848.381954159568
274530	2848.381954159568
274858	2848.381954159568
275182	2848.381954159568
275507	2848.381954159568
275836	2848.381954159568
276164	2848.381954159568
276491	2848.381954159568
276818	2848.381954159568
277143	2848.381954159568
277466	2848.381954159568
278499	2848.381954159568
278823	2848.381954159568
279145	2848.381954159568
279467	2848.381954159568
279785	2848.381954159568
280108	2848.381954159568
280437	2848.381954159568
280761	2848.381954159568
281080	2848.381954159568
281400	2848.381954159568
281722	2848.381954159568
282050	2848.381954159568
282375	2848.381954159568
282697	2848.381954159568
283022	2848.381954159568
283341	2848.381954159568
283658	2848.381954159568
283974	2848.381954159568
284297	2848.381954159568
284614	2848.381954159568
285660	2848.381954159568
285975	2848.381954159568
286291	2848.381954159568
286610	2848.381954159568
286930	2848.381954159568
287249	2848.381954159568
287571	2848.381954159568
287897	2848.381954159568
288219	2848.381954159568
288539	2848.381954159568
289594	2848.381954159568
289920	2848.381954159568
290239	2848.381954159568
290564	2848.381954159568
290889	2848.381954159568
291208	2848.381954159568
291530	2848.381954159568
291853	2848.381954159568
292174	2848.381954159568
292499	2848.381954159568
292823	2848.381954159568
293146	2848.381954159568
293468	2848.381954159568
293789	2848.381954159568
294107	2848.381954159568
294433	2848.381954159568
294758	2848.381954159568
295079	2848.381954159568
295398	2848.381954159568
295721	2848.381954159568
296776	2848.381954159568
297098	2848.381954159568
297420	2848.381954159568
297737	2848.381954159568
298052	2848.381954159568
298368	2848.381954159568
298682	2848.381954159568
299000	2848.381954159568
299315	2848.381954159568
299629	2848.381954159568
299946	2848.381954159568
300266	2848.381954159568
