500	209068871676.53952
4699	20555.410622759886
5581	20555.305441873683
6466	20555.21428012947
7348	20555.124389901397
8235	20555.034654587103
9118	20554.944938663168
10009	20554.85522512247
10897	20554.765512142694
11780	20554.675799566885
12665	20554.586087384654
13551	20554.496375595758
14441	20554.40666420036
15333	20554.316953198366
16224	20554.22724258987
17117	20554.137532374843
18013	20554.047822553286
18912	20553.95811312513
19801	20553.86840409052
20687	20553.778695449306
21587	20553.688987201513
22486	20553.5992793472
23372	20553.50957188634
24265	20553.41986481893
25159	20553.330158144927
26056	20553.2404518644
26944	20553.15074597732
27836	20553.06104048365
28731	20552.971335383467
29621	20552.881630676675
30514	20552.791926363345
31410	20552.70222244341
32306	20552.612518916925
33195	20552.522815783876
34090	20552.433113044288
34983	20552.343410698126
35872	20552.25370874533
36765	20552.16400718595
37655	20552.074306020022
38543	20551.98460524753
39434	20551.894904868455
40327	20551.805204882818
41224	20551.715505290522
42115	20551.625806091728
43015	20551.536107286323
43913	20551.446408874304
44806	20551.35671085569
45692	20551.267013230496
46588	20551.177315998746
47483	20551.08761916039
48373	20550.997922715414
49267	20550.90822666384
50161	20550.81853100562
51055	20550.728835740832
51951	20550.63914086946
52844	20550.549446391407
53745	20550.459752306757
54634	20550.37005861552
55529	20550.280365317685
56422	20550.19067241327
57318	20550.100979902218
58208	20550.01128778453
59110	20549.921596060256
60000	20549.831904729355
60894	20549.742213791793
61785	20549.652523247634
62680	20549.56283309686
63573	20549.47314333937
64476	20549.38345397533
65371	20549.293765004648
66275	20549.20407642731
67170	20549.11438824338
68059	20549.02470045275
68948	20548.935013055536
69846	20548.845326051625
70744	20548.755639441137
71633	20548.665953223997
72524	20548.57626740018
73419	20548.48658196972
74312	20548.39689693267
75209	20548.30721228898
76110	20548.217528038538
77005	20548.127844181497
77903	20548.038160717806
78794	20547.948477647424
79684	20547.85879497043
80576	20547.769112686718
81463	20547.679430796383
82355	20547.58974929933
83262	20547.50006819569
84170	20547.410387485368
85073	20547.320707168372
85970	20547.23102724468
86868	20547.14134771434
87765	20547.051668577376
88659	20546.961989833664
89554	20546.872311483286
90453	20546.782633526243
91353	20546.69295596249
92253	20546.603278792063
93160	20546.51360201502
94065	20546.42392563119
94966	20546.334249640713
95861	20546.244574043525
96760	20546.154898839686
97648	20546.06522402913
98537	20545.975549611838
99427	20545.88587558788
100325	20545.79620195725
101216	20545.706528719882
102113	20545.61685587585
103018	20545.52718342514
103916	20545.43751136766
104816	20545.347839703543
105712	20545.258168432658
106604	20545.168497554998
107493	20545.07882707067
108392	20544.989156979645
109287	20544.89948728195
110181	20544.809817977515
111083	20544.720149066317
111989	20544.630480548447
112893	20544.54081242384
113791	20544.45114469249
114691	20544.3614773544
115598	20544.271810409628
116487	20544.18214385811
117384	20544.092477699825
118287	20544.00281193484
119186	20543.91314656312
120081	20543.82348158468
120976	20543.73381699952
121871	20543.644152807512
122771	20543.554489008842
123667	20543.464825603445
124568	20543.375162591277
125458	20543.285499972408
126355	20543.1958377467
127249	20543.1061759143
128136	20543.016514475148
129031	20542.926853429286
129916	20542.837192776573
130810	20542.74753251715
131700	20542.657872650903
132595	20542.568213178005
133490	20542.47855409828
135887	2451.1093593503415
136790	2451.0935666441283
137689	2451.082696919304
138589	2451.072319227402
139487	2451.0619998096295
140387	2451.0516874057716
141286	2451.0413758318605
142183	2451.031064387376
143080	2451.0207529970253
143974	2451.010441652789
144876	2451.000130353835
145773	2450.9898191000934
146678	2450.9795078915727
147580	2450.9691967282733
148490	2450.9588856101996
149388	2450.948574537345
150287	2450.9382635097163
151176	2450.9279525273096
152065	2450.917641590124
152966	2450.9073306981645
153867	2450.8970198514257
154759	2450.8867090499093
155656	2450.8763982936184
156551	2450.8660875825453
157456	2450.8557769166964
158354	2450.8454662960667
159256	2450.8351557206606
160155	2450.8248451904733
161058	2450.8145347055092
161968	2450.8042242657634
162869	2450.7939138712395
163772	2450.783603521936
164672	2450.7732932178533
165577	2450.762982958992
166481	2450.752672745347
167383	2450.7423625769243
168288	2450.732052453725
169189	2450.7217423757406
170093	2450.711432342971
170986	2450.7011223554246
171893	2450.690812413098
172797	2450.6805025159856
173703	2450.670192664094
174599	2450.659882857421
175493	2450.649573095964
176394	2450.6392633797273
177302	2450.628953708703
178197	2450.618644082899
179095	2450.6083345023103
179993	2450.598024966941
180893	2450.5877154767873
181791	2450.57740603185
182689	2450.5670966321322
183588	2450.5567872776237
184487	2450.546477968336
185401	2450.5361687042646
186308	2450.525859485403
187212	2450.51555031176
188112	2450.5052411833312
189012	2450.494932100117
189907	2450.4846230621174
190812	2450.474314069334
191711	2450.4640051217602
192620	2450.4536962194047
193517	2450.4433873622656
194415	2450.4330785503375
195314	2450.4227697836236
196218	2450.4124610621243
197122	2450.4021523858332
198025	2450.3918437547586
198928	2450.381535168894
199829	2450.3712266282423
200729	2450.3609181328025
201636	2450.3506096825754
202540	2450.3403012775593
203440	2450.329992917756
204343	2450.3196846031647
205253	2450.3093763337865
206151	2450.299068109619
207050	2450.2887599306605
207951	2450.27845179691
208853	2450.268143708373
209753	2450.2578356650442
210650	2450.247527666926
211542	2450.237219714018
212439	2450.226911806323
213333	2450.216603943835
214233	2450.2062961265556
215129	2450.195988354485
216030	2450.185680627625
216937	2450.1753729459733
217835	2450.165065309528
218734	2450.1547577182887
219632	2450.144450172263
220530	2450.134142671444
221430	2450.1238352158293
222329	2450.1135278054244
223229	2450.1032204402286
224132	2450.0929131202356
225042	2450.082605845452
225941	2450.0722986158744
226839	2450.0619914315002
227736	2450.0516842923357
228634	2450.0413771983776
229526	2450.031070149627
230434	2450.0207631460808
231326	2450.0104561877383
232227	2450.0001492746023
233135	2449.989842406673
234039	2449.9795355839447
234937	2449.969228806426
235842	2449.9589220741086
236748	2449.948615386995
237649	2449.938308745088
238548	2449.9280021483814
239457	2449.9176955968837
240360	2449.907389090588
241259	2449.8970826294953
242150	2449.886776213602
243053	2449.876469842915
243954	2449.8661635174344
244853	2449.85585723715
245750	2449.84555100207
246645	2449.835244812194
247545	2449.8249386675166
248444	2449.8146325680445
249345	2449.8043265137717
250238	2449.7940205047
251143	2449.783714540829
252045	2449.773408622163
252948	2449.7631027486973
253844	2449.752796920429
254743	2449.742491137362
255653	2449.732185399492
256557	2449.7218797068276
257461	2449.711574059358
258362	2449.7012684570923
259260	2449.6909629000243
260166	2449.680657388154
261064	2449.6703519214825
261967	2449.66004650001
262869	2449.649741123737
263774	2449.6394357926606
264674	2449.629130506783
265577	2449.618825266101
266478	2449.6085200706234
267382	2449.598214920341
268280	2449.5879098152554
269187	2449.577604755367
270095	2449.5672997406714
271007	2449.556994771178
271917	2449.546689846881
272823	2449.53638496778
273727	2449.526080133875
274631	2449.5157753451645
275530	2449.505470601651
276436	2449.495165903332
277343	2449.4848612502074
278245	2449.474556642281
279144	2449.464252079548
280054	2449.4539475620095
280959	2449.4436430896662
281863	2449.4333386625176
282763	2449.4230342805613
283664	2449.4127299438023
284563	2449.4024256522375
285460	2449.3921214058632
286359	2449.381817204684
287268	2449.371513048695
288176	2449.3612089379003
289079	2449.350904872301
289981	2449.3406008518914
290892	2449.330296876673
291804	2449.319992946649
292705	2449.3096890618167
293604	2449.2993852221744
294510	2449.2890814277266
295408	2449.278777678467
296304	2449.2684739744004
297198	2449.2581703155265
298092	2449.24786670184
298991	2449.2375631333434
299890	2449.2272596100397
300787	2449.2169561319283
301685	2449.2066526990075
302585	2449.1963493112758
303485	2449.1860459687314
304387	2449.1757426713743
305285	2449.165439419206
306179	2449.155136212232
307077	2449.144833050443
308000	2449.1345299338473
308908	2449.1242268624355
309817	2449.1139238362152
310719	2449.103620855182
311621	2449.0933179193357
312520	2449.0830150286783
313425	2449.0727121832047
314331	2449.0624093829256
315227	2449.05210662783
316114	2449.041803917921
317010	2449.031501253197
317907	2449.0211986336617
318803	2449.0108960593075
319698	2449.0005935301447
320595	2448.9902910461665
321492	2448.9799886073733
322380	2448.9696862137694
323272	2448.959383865349
324170	2448.9490815621107
325057	2448.93877930406
325950	2448.9284770911922
326857	2448.9181749235086
327755	2448.9078728010104
328659	2448.897570723695
329558	2448.8872686915615
330467	2448.876966704616
331376	2448.8666647628547
332279	2448.856362866276
333174	2448.8460610148786
334081	2448.835759208663
334985	2448.825457447634
335890	2448.815155731784
336792	2448.8048540611203
337692	2448.7945524356355
338592	2448.784250855336
339500	2448.773949320215
340400	2448.7636478302757
341296	2448.753346385516
342192	2448.7430449859407
343086	2448.7327436315445
343981	2448.722442322329
344874	2448.712141058293
345768	2448.701839839443
346663	2448.6915386657697
347569	2448.6812375372765
348467	2448.6709364539624
349372	2448.6606354158284
350279	2448.650334422874
351177	2448.6400334750933
352073	2448.629732572493
352977	2448.6194317150716
353882	2448.6091309028325
354781	2448.5988301357697
355682	2448.588529413886
356582	2448.5782287371794
357483	2448.567928105652
358385	2448.557627519301
359288	2448.5473269781264
360187	2448.5370264821318
361084	2448.526726031313
361982	2448.516425625672
362885	2448.5061252652063
363784	2448.4958249499155
364678	2448.4855246798024
365578	2448.475224454867
366476	2448.464924275107
367375	2448.454624140519
368276	2448.4443240511064
369177	2448.4340240068727
370095	2448.4237240078155
371001	2448.4134240539292
371910	2448.4031241452185
372809	2448.3928242816833
373712	2448.382524463321
374614	2448.3722246901343
375509	2448.361924962122
376408	2448.351625279279
377304	2448.3413256416125
378199	2448.3310260491166
379090	2448.320726501797
379979	2448.3104269996484
380880	2448.300127542672
381777	2448.2898281308703
382672	2448.279528764237
383562	2448.269229442777
384453	2448.258930166489
385348	2448.248630935376
386247	2448.2383317494323
387147	2448.2280326086593
388055	2448.2177335130555
388962	2448.207434462624
389857	2448.1971354573657
390759	2448.186836497272
391665	2448.176537582351
392565	2448.1662387126007
393467	2448.155939888022
394364	2448.1456411086106
395268	2448.1353423743676
396168	2448.125043685296
397075	2448.1147450413905
397976	2448.104446442655
398876	2448.09414788909
399768	2448.083849380692
400665	2448.0735509174624
401568	2448.0632524994016
402469	2448.0529541265105
403365	2448.0426557987853
404268	2448.032357516229
405174	2448.0220592788373
406076	2448.011761086614
406983	2448.001462939554
407891	2447.9911648376665
408793	2447.9808667809416
409693	2447.9705687693845
410590	2447.9602708029947
411488	2447.9499728817677
412389	2447.9396750057067
413286	2447.9293771748107
414190	2447.919079389081
415088	2447.9087816485153
415983	2447.898483953114
416885	2447.8881863028814
417782	2447.8778886978125
418678	2447.8675911379055
419570	2447.8572936231612
420465	2447.846996153587
421358	2447.836698729173
422250	2447.82640134992
423145	2447.8161040158343
424047	2447.80580672691
424946	2447.7955094831505
425849	2447.785212284552
426747	2447.7749151311136
427643	2447.76461802284
428546	2447.7543209597266
429444	2447.744023941778
430341	2447.7337269689897
431246	2447.72343004136
432143	2447.713133158895
433040	2447.7028363215913
433943	2447.692539529449
434848	2447.6822427824663
435751	2447.6719460806444
436653	2447.6616494239847
437541	2447.6513528124806
438440	2447.64105624614
439336	2447.630759724957
440233	2447.620463248937
441131	2447.6101668180745
442030	2447.5998704323706
442923	2447.5895740918268
443822	2447.579277796442
444733	2447.5689815462133
445649	2447.5586853411455
446560	2447.548389181235
447465	2447.5380930664796
448363	2447.5277969968843
449260	2447.517500972444
450157	2447.507204993163
451054	2447.49690905904
451950	2447.4866131700746
452837	2447.476317326265
453738	2447.4660215276117
454632	2447.4557257741153
455526	2447.4454300657767
456416	2447.4351344025927
457308	2447.4248387845632
458205	2447.4145432116893
459102	2447.40424768397
460000	2447.3939522014084
460895	2447.383656764001
461789	2447.373361371746
462683	2447.3630660246504
463582	2447.3527707227045
464489	2447.3424754659145
465393	2447.33218025428
466298	2447.321885087799
467199	2447.3115899664704
468099	2447.301294890291
469002	2447.2909998592695
469905	2447.2807048734003
470804	2447.2704099326843
471707	2447.2601150371165
472603	2447.249820186707
473504	2447.239525381445
474400	2447.229230621338
475295	2447.218935906384
476189	2447.2086412365775
477082	2447.1983466119245
477986	2447.1880520324275
478877	2447.1777574980747
479774	2447.1674630088783
480670	2447.1571685648287
481568	2447.146874165928
482473	2447.13657981218
483370	2447.126285503584
484267	2447.1159912401336
485174	2447.105697021834
486071	2447.0954028486835
486982	2447.085108720684
487891	2447.074814637837
488796	2447.064520600131
489706	2447.054226607579
490605	2447.0439326601754
491497	2447.0336387579187
492402	2447.023344900809
493298	2447.0130510888475
494198	2447.0027573220323
495093	2446.9924636003657
495983	2446.9821699238464
496883	2446.971876292473
497774	2446.961582706249
498664	2446.9512891651707
499553	2446.9409956692375
500445	2446.9307022184507
