500	205146683431.9134
4426	4847.8754161373345
5309	4847.831594235706
6188	4847.809227998919
7069	4847.788312492367
7950	4847.767483330509
8835	4847.746659650668
9726	4847.725836478292
10618	4847.705013424976
11503	4847.684190462008
12387	4847.663367589546
13281	4847.642544808226
14173	4847.6217221182
15061	4847.600899519496
15947	4847.580077012111
16838	4847.559254596048
17735	4847.5384322713135
18623	4847.517610037904
19518	4847.496787895824
20415	4847.475965845064
21308	4847.455143885633
22198	4847.434322017516
23084	4847.413500240719
23983	4847.392678555251
24876	4847.371856961103
25767	4847.351035458276
26657	4847.330214046771
27546	4847.309392726591
28436	4847.288571497721
29328	4847.267750360185
30226	4847.246929313961
31126	4847.226108359056
32014	4847.205287495471
32904	4847.184466723205
33803	4847.163646042257
34697	4847.142825452625
35592	4847.122004954311
36485	4847.10118454731
37371	4847.08036423163
38261	4847.059544007261
39154	4847.038723874208
40050	4847.017903832475
40949	4846.997083882048
41845	4846.976264022947
42737	4846.955444255149
43624	4846.934624578668
44514	4846.9138049935
45406	4846.89298549965
46307	4846.8721660971105
47207	4846.851346785878
48099	4846.83052756596
48995	4846.8097084373485
49891	4846.788889400051
50785	4846.7680704540635
51678	4846.747251599389
52579	4846.726432836021
53482	4846.705614163964
54396	4846.684795583213
55294	4846.663977093777
56180	4846.643158695648
57067	4846.622340388821
57959	4846.601522173298
58847	4846.580704049085
59738	4846.559886016183
60637	4846.53906807458
61524	4846.518250224284
62412	4846.497432465296
63309	4846.47661479761
64201	4846.455797221224
65097	4846.43497973615
65995	4846.41416234238
66883	4846.393345039905
67775	4846.372527828739
68670	4846.351710708871
69561	4846.330893680306
70460	4846.310076743037
71355	4846.289259897085
72252	4846.268443142427
73140	4846.247626479073
74031	4846.226809907013
74928	4846.205993426247
75830	4846.185177036783
76727	4846.164360738621
77613	4846.143544531752
78511	4846.122728416183
79408	4846.101912391912
80307	4846.081096458945
81199	4846.060280617263
82084	4846.039464866882
82982	4846.018649207804
83882	4845.99783364001
84768	4845.9770181635195
85658	4845.956202778318
86552	4845.935387484414
87443	4845.9145722817975
88334	4845.893757170476
89223	4845.872942150452
90119	4845.852127221719
91014	4845.831312384285
91903	4845.810497638134
92795	4845.7896829832725
93694	4845.768868419707
94592	4845.7480539474345
95489	4845.727239566449
96388	4845.706425276753
97284	4845.685611078346
98184	4845.664796971224
99076	4845.643982955397
99976	4845.623169030853
100867	4845.602355197592
101767	4845.581541455637
102666	4845.560727804954
103559	4845.539914245561
104452	4845.519100777454
105344	4845.498287400632
106233	4845.477474115098
107122	4845.456660920849
108015	4845.4358478178765
108908	4845.4150348061985
109806	4845.394221885797
110699	4845.373409056684
111589	4845.352596318858
112485	4845.331783672311
113372	4845.310971117046
114273	4845.290158653067
115166	4845.269346280358
116055	4845.24853399894
116952	4845.2277218087975
117857	4845.206909709934
118748	4845.18609770235
119649	4845.165285786048
120557	4845.144473961025
121453	4845.123662227281
122357	4845.102850584821
123256	4845.082039033634
124158	4845.06122757372
125053	4845.040416205089
125950	4845.019604927735
126846	4844.998793741653
127747	4844.977982646842
128650	4844.9571716433165
129543	4844.936360731062
130439	4844.915549910082
131338	4844.894739180378
132226	4844.873928541946
133120	4844.853117994791
134018	4844.832307538901
134919	4844.81149717429
135823	4844.790686900947
136725	4844.769876718885
137628	4844.749066628087
138523	4844.728256628563
139418	4844.707446720309
140314	4844.686636903331
141213	4844.665827177614
142115	4844.6450175431655
143023	4844.624207999989
143928	4844.603398548074
144827	4844.582589187442
145728	4844.5617799180645
146619	4844.540970739958
147513	4844.520161653121
148409	4844.4993526575545
149307	4844.478543753249
150201	4844.457734940209
151096	4844.436926218431
151990	4844.416117587924
154098	3075.0354319086855
154997	3075.0058520377484
155904	3074.9913003063907
156806	3074.9781260446407
157703	3074.9650671659306
158611	3074.9520181280345
159510	3074.9389701429795
160410	3074.925922338435
161310	3074.912874606434
162221	3074.89982693318
163122	3074.886779317201
164023	3074.873731758414
164919	3074.860684256835
165814	3074.847636812479
166714	3074.8345894253484
167608	3074.8215420954375
168516	3074.8084948227565
169422	3074.7954476072987
170330	3074.782400449063
171236	3074.769353348051
172143	3074.756306304266
173044	3074.743259317698
173942	3074.7302123883605
174847	3074.7171655162365
175746	3074.7041187013397
176644	3074.691071943667
177541	3074.6780252432122
178442	3074.664978599979
179343	3074.651932013972
180251	3074.6388854851784
181145	3074.625839013608
182046	3074.6127925992587
182940	3074.599746242137
183851	3074.586699942229
184750	3074.5736536995396
185652	3074.5606075140668
186550	3074.547561385818
187459	3074.5345153147878
188366	3074.5214693009734
189266	3074.5084233443813
190166	3074.4953774450078
191065	3074.4823316028546
191969	3074.4692858179146
192870	3074.4562400901946
193775	3074.4431944196904
194669	3074.430148806403
195575	3074.4171032503336
196473	3074.40405775148
197365	3074.3910123098444
198258	3074.3779669254236
199156	3074.3649215982223
200051	3074.3518763282323
200946	3074.3388311154595
201839	3074.325785959901
202735	3074.3127408615564
203631	3074.2996958204235
204535	3074.2866508365087
205439	3074.2736059098047
206344	3074.2605610403157
207243	3074.247516228043
208143	3074.2344714729825
209041	3074.221426775135
209948	3074.208382134496
210853	3074.1953375510725
211761	3074.1822930248627
212664	3074.1692485558647
213566	3074.1562041440775
214464	3074.1431597895025
215366	3074.130115492134
216264	3074.1170712519843
217155	3074.104027069041
218054	3074.090982943309
218952	3074.0779388747883
219853	3074.064894863475
220744	3074.051850909374
221633	3074.0388070124795
222522	3074.0257631727977
223417	3074.0127193903227
224310	3073.9996756650603
225198	3073.986631997001
226087	3073.9735883861517
226982	3073.960544832511
227886	3073.947501336079
228792	3073.9344578968535
229699	3073.9214145148353
230609	3073.9083711900234
231511	3073.8953279224193
232412	3073.8822847120246
233317	3073.8692415588303
234214	3073.8561984628404
235114	3073.8431554240583
236014	3073.8301124424866
236916	3073.8170695181134
237810	3073.8040266509497
238704	3073.7909838409914
239599	3073.7779410882354
240499	3073.764898392681
241395	3073.7518557543367
242291	3073.7388131731936
243186	3073.725770649253
244080	3073.712728182514
244973	3073.699685772978
245868	3073.6866434206486
246765	3073.673601125522
247668	3073.6605588875973
248579	3073.647516706872
249484	3073.6344745833476
250385	3073.6214325170254
251282	3073.608390507905
252188	3073.595348555986
253086	3073.582306661269
253986	3073.5692648237505
254894	3073.5562230434357
255798	3073.5431813203154
256690	3073.5301396543978
257596	3073.51709804568
258490	3073.5040564941573
259387	3073.491014999835
260281	3073.4779735627153
261176	3073.46493218279
262074	3073.4518908600676
262977	3073.4388495945404
263879	3073.425808386209
264781	3073.412767235079
265688	3073.3997261411428
266590	3073.386685104401
267483	3073.373644124862
268389	3073.3606032025186
269298	3073.3475623373697
270212	3073.334521529416
271109	3073.3214807786608
272010	3073.3084400850976
272914	3073.295399448737
273815	3073.282358869563
274718	3073.2693183475867
275613	3073.256277882806
276508	3073.2432374752148
277407	3073.230197124822
278307	3073.2171568316217
279200	3073.204116595616
280097	3073.1910764168006
280991	3073.1780362951836
281887	3073.1649962307515
282790	3073.1519562235176
283687	3073.138916273472
284589	3073.1258763806177
285499	3073.1128365449545
286407	3073.0997967664835
287317	3073.0867570452083
288212	3073.0737173811194
289110	3073.0606777742228
290011	3073.0476382245183
290914	3073.0345987320015
291810	3073.0215592966733
292712	3073.008519918536
293613	3072.9954805975917
294516	3072.982441333833
295414	3072.969402127263
296310	3072.9563629778854
297204	3072.9433238856927
298100	3072.9302848506936
298994	3072.91724587288
299884	3072.90420695225
300776	3072.8911680888064
301669	3072.878129282554
302566	3072.865090533482
303457	3072.8520518416076
304349	3072.8390132069158
305244	3072.825974629409
306148	3072.8129361090896
307046	3072.799897645955
307955	3072.7868592400027
308862	3072.773820891239
309763	3072.76078259966
310663	3072.7477443652665
311560	3072.734706188054
312466	3072.721668068028
313364	3072.708630005186
314260	3072.6955919995307
315158	3072.682554051059
316053	3072.6695161597686
316944	3072.6564783256567
317844	3072.6434405487275
318738	3072.6304028289815
319630	3072.6173651664176
320523	3072.60432756104
321418	3072.5912900128424
322316	3072.5782525218287
323209	3072.5652150879914
324109	3072.5521777113368
324998	3072.539140391866
325893	3072.526103129572
326794	3072.513065924459
327686	3072.500028776527
328589	3072.4869916857733
329491	3072.4739546522
330385	3072.460917675801
331286	3072.447880756589
332185	3072.4348438945476
333090	3072.4218070896914
333990	3072.4087703420078
334884	3072.3957336515045
335782	3072.3826970181785
336683	3072.369660442031
337581	3072.356623923058
338481	3072.3435874612605
339383	3072.330551056643
340278	3072.3175147092006
341172	3072.3044784189347
342077	3072.291442185843
342977	3072.2784060099266
343875	3072.265369891191
344779	3072.2523338296232
345682	3072.2392978252333
346584	3072.2262618780223
347486	3072.213225987982
348387	3072.200190155112
349298	3072.1871543794186
350203	3072.174118660903
351101	3072.1610829995575
351998	3072.1480473953866
352896	3072.135011848387
353800	3072.1219763585614
354703	3072.1089409259025
355604	3072.0959055504254
356502	3072.082870232115
357406	3072.0698349709755
358309	3072.056799767008
359210	3072.0437646202104
360103	3072.0307295305856
361003	3072.0176944981313
361911	3072.004659522848
362815	3071.9916246047337
363720	3071.9785897437914
364642	3071.9655549400177
365553	3071.9525201934116
366448	3071.939485503977
367348	3071.9264508717088
368249	3071.9134162966116
369150	3071.9003817786815
370044	3071.887347317919
370933	3071.8743129143218
371833	3071.861278567895
372731	3071.8482442786376
373627	3071.8352100465436
374523	3071.8221758716204
375418	3071.8091417538635
376313	3071.7961076932743
377202	3071.7830736898486
378090	3071.770039743588
378987	3071.757005854495
379877	3071.7439720225643
380773	3071.7309382477974
381666	3071.7179045302023
382561	3071.7048708697666
383458	3071.691837266496
384366	3071.6788037203874
385261	3071.665770231451
386164	3071.652736799672
387064	3071.639703425056
387963	3071.626670107601
388866	3071.613636847314
389761	3071.600603644183
390663	3071.587570498219
391563	3071.5745374094145
392471	3071.561504377773
393370	3071.548471403294
394267	3071.535438485974
395166	3071.522405625818
396069	3071.5093728228258
396962	3071.496340076986
397857	3071.4833073883083
398743	3071.4702747567903
399636	3071.457242182434
400531	3071.4442096652415
401426	3071.4311772052074
402316	3071.4181448023273
403216	3071.4051124566117
404115	3071.3920801680533
405014	3071.3790479366507
405918	3071.3660157624045
406818	3071.3529836453204
407720	3071.339951585394
408624	3071.326919582621
409524	3071.3138876370076
410423	3071.300855748556
411327	3071.2878239172514
412223	3071.274792143107
413122	3071.261760426119
414014	3071.248728766288
414908	3071.235697163613
415798	3071.2226656180947
416695	3071.2096341297292
417589	3071.196602698517
418490	3071.183571324457
419391	3071.170540007551
420288	3071.157508747806
421183	3071.144477545214
422079	3071.131446399772
422986	3071.1184153114823
423889	3071.1053842803453
424799	3071.092353306364
425697	3071.0793223895353
426602	3071.0662915298562
427503	3071.053260727327
428407	3071.0402299819534
429305	3071.02719929373
430209	3071.0141686626594
431111	3071.001138088741
432006	3070.988107571974
432906	3070.9750771123568
433810	3070.9620467098894
434709	3070.9490163645723
435609	3070.935986076402
436503	3070.9229558453844
437398	3070.909925671515
438291	3070.896895554796
439184	3070.8838654952265
440083	3070.8708354928044
440978	3070.8578055475323
441869	3070.844775659408
442770	3070.8317458284278
443668	3070.818716054601
444571	3070.805686337918
445481	3070.792656678381
446386	3070.779627075991
447282	3070.766597530751
448178	3070.7535680426513
449079	3070.7405386117007
449981	3070.7275092378927
450883	3070.7144799212365
451781	3070.701450661721
452686	3070.688421459353
453585	3070.6753923141287
454480	3070.662363226053
455377	3070.6493341951154
456274	3070.636305221326
457169	3070.623276304677
458064	3070.6102474451727
458963	3070.59721864281
459864	3070.5841898975946
460758	3070.571161209516
461658	3070.5581325785834
462561	3070.545104004795
463464	3070.5320754881445
464375	3070.5190470286434
465282	3070.5060186262735
466190	3070.4929902810495
467092	3070.479961992969
467989	3070.4669337620276
468886	3070.453905588224
469782	3070.44087747157
470685	3070.4278494120485
471577	3070.414821409667
472477	3070.4017934644244
473375	3070.3887655763197
474270	3070.375737745359
475168	3070.3627099715304
476063	3070.3496822548473
476958	3070.336654595302
477855	3070.323626992893
478746	3070.310599447621
479636	3070.2975719594856
480532	3070.2845445284906
481427	3070.2715171546347
482314	3070.258489837907
483219	3070.245462578322
484121	3070.2324353758713
485028	3070.219408230559
485942	3070.2063811423814
486849	3070.1933541113362
487747	3070.1803271374215
488652	3070.167300220648
489557	3070.154273361008
490453	3070.141246558507
491345	3070.128219813137
492236	3070.1151931249005
493133	3070.1021664938007
494034	3070.089139919832
494932	3070.0761134029985
495827	3070.0630869433
496722	3070.0500605407306
497620	3070.037034195294
498515	3070.024007906987
499416	3070.0109816758154
500309	3069.9979555017794
