500	4595.998063133282
3332	1239.535363259511
5385	1239.535363259511
8229	1239.535363259511
12561	1239.535363259511
16930	1239.535363259511
19791	1188.1498070292064
21114	1188.1498070292064
23214	1188.1498070292064
25294	1188.1498070292064
28882	1188.1498070292064
31002	1188.1498070292064
33832	1188.1498070292064
35919	1188.1498070292064
40218	1148.0776005578437
42245	1148.0776005578437
43569	1148.0776005578437
44909	1148.0776005578437
47753	1148.0776005578437
49824	1148.0776005578437
52656	1148.0776005578437
54752	1148.0776005578437
56815	1148.0776005578437
60379	1148.0776005578437
62431	1148.0776005578437
64515	1148.0776005578437
69558	1148.0776005578437
72358	1148.0776005578437
75163	1148.0776005578437
76487	1148.0776005578437
78568	1148.0776005578437
80611	1148.0776005578437
84189	1148.0776005578437
86254	1148.0776005578437
87572	1148.0776005578437
90382	1148.0776005578437
91702	1148.0776005578437
93027	1148.0776005578437
95118	1148.0776005578437
96431	1148.0776005578437
97752	1148.0776005578437
102044	1134.9722337743503
103336	1134.9722337743503
106150	1134.9722337743503
108187	1134.9722337743503
110250	1134.9722337743503
111590	1134.9722337743503
113662	1134.9722337743503
115709	1134.9722337743503
117776	1134.9722337743503
120578	1134.9722337743503
124080	1072.4729106920668
125372	1072.4729106920668
128226	1072.4729106920668
130292	1072.4729106920668
135247	1072.4729106920668
138103	1072.4729106920668
139414	1072.4729106920668
142970	1072.4729106920668
145032	1072.4729106920668
147117	1072.4729106920668
148433	1072.4729106920668
152732	1072.4729106920668
155545	1072.4729106920668
156877	1072.4729106920668
158973	1072.4729106920668
160288	1072.4729106920668
163817	1072.4729106920668
165139	1072.4729106920668
167171	1072.4729106920668
168484	1072.4729106920668
169789	1072.4729106920668
171860	1072.4729106920668
173917	1072.4729106920668
177448	1072.4729106920668
179530	1072.4729106920668
180853	1072.4729106920668
184433	1072.4729106920668
186517	1072.4729106920668
189327	1072.4729106920668
191408	1072.4729106920668
192707	1072.4729106920668
194797	1072.4729106920668
196124	1072.4729106920668
198185	1072.4729106920668
199502	1072.4729106920668
200818	1072.4729106920668
202888	1072.4729106920668
204197	1072.4729106920668
206256	1072.4729106920668
207548	1072.4729106920668
209604	1072.4729106920668
212428	1072.4729106920668
217466	1072.4729106920668
218792	1072.4729106920668
220111	1072.4729106920668
222166	1072.4729106920668
224235	1072.4729106920668
225557	1072.4729106920668
228375	1072.4729106920668
229694	1072.4729106920668
231005	1072.4729106920668
232314	1072.4729106920668
233618	1072.4729106920668
235699	1072.4729106920668
237028	1072.4729106920668
238347	1072.4729106920668
239660	1072.4729106920668
241746	1072.4729106920668
243789	1072.4729106920668
245875	1072.4729106920668
247181	1072.4729106920668
249245	1072.4729106920668
251313	1072.4729106920668
252606	1072.4729106920668
253915	1072.4729106920668
255974	1072.4729106920668
257285	1072.4729106920668
258603	1072.4729106920668
261414	1072.4729106920668
262736	1072.4729106920668
264049	1072.4729106920668
265365	1072.4729106920668
266689	1072.4729106920668
268016	1072.4729106920668
270073	1072.4729106920668
273593	1072.4729106920668
274912	1072.4729106920668
276230	1072.4729106920668
277564	1072.4729106920668
278883	1072.4729106920668
280179	1072.4729106920668
281479	1072.4729106920668
282816	1072.4729106920668
284139	1072.4729106920668
285470	1060.0183431988744
289029	1060.0183431988744
290333	1060.0183431988744
291643	1060.0183431988744
292969	1060.0134036874606
295023	1060.0134036874606
297069	1060.0134036874606
298392	1060.0134036874606
299712	1054.851025013876
301021	1054.5407502382532
302338	1047.1888478333135
303656	1044.7559599044653
304974	1044.7559599044653
306290	1044.7559599044653
307606	1034.1146258084973
308924	1034.1146258084973
310237	1034.1146258084973
311544	1034.1146258084973
312846	1034.1146258084973
314139	1034.1146258084973
316184	1034.1146258084973
317471	1034.1146258084973
318777	1034.1146258084973
320087	1034.1146258084973
321406	1034.1146258084973
322727	1034.1146258084973
324039	1034.1146258084973
325347	1034.1146258084973
326687	1034.1146258084973
328007	1018.5956098768487
330081	1018.5956098768487
331388	1018.5956098768487
332696	1018.5956098768487
334013	1018.5956098768487
335314	1018.5956098768487
336628	1017.5346954370207
337944	1015.7567253096454
339262	1015.7567253096454
340573	1011.5232913495315
341883	1005.2523298445461
343194	1005.2523298445461
344505	997.1734924665152
345837	994.1632292481167
347154	994.1632292481167
348467	994.1632292481167
349777	994.1632292481167
351082	987.9841529810801
352379	979.8461199294475
353695	974.4903792895532
355029	974.4903792895532
356335	971.0289711998047
357654	969.3443586215185
358962	967.1823679003078
360270	960.0631117662222
361575	960.0631117662222
362923	959.0474651519432
364234	952.8361303738109
365545	950.9114752377961
366866	950.9114752377961
368186	947.1867762011789
369485	939.8126414905514
370797	939.375727951913
372118	934.6274289772333
373424	934.6274289772333
374731	932.4202289223624
376036	928.743771562964
377346	926.5857605021504
378662	924.1630248844364
379962	919.3664419790782
381263	915.3153449439701
382568	914.2735239043618
383878	914.2735239043618
385196	912.9803691192759
386510	912.9803691192759
387826	909.8045381882193
389140	909.6900965260431
390437	909.0059151460056
391752	908.8882978384997
393054	907.5964562487856
394361	905.8016638441578
395669	901.0899567664785
396987	898.461700134053
398283	896.0695388089439
399594	896.0695388089439
400909	894.1836403214336
402236	894.1836403214336
403556	892.9365123721707
404871	890.3827248301998
406198	888.7194388289897
407519	888.5004428242305
408839	888.5004428242305
410154	887.2454789217757
411463	886.2439172366337
412775	884.2147527580771
414092	882.8931962318234
415407	880.4407914051374
416740	877.5799280534068
418072	875.935371458206
419400	875.5521181061289
420724	873.7567938762741
422047	872.3240557498445
423361	871.3562522186021
424679	869.1200395716178
425999	869.0252289514674
427327	868.2720126722598
428638	867.789756546302
429961	866.5991595122487
431274	865.8110597885063
432603	865.3591858397891
433915	864.6202807534889
435238	864.2330015158467
436559	864.0450236616769
437880	863.4376917334423
439191	863.0560744548476
440497	862.9280083254497
441818	862.0256577610612
443134	861.9833064091281
444443	861.7286305475749
445767	861.1334920097
447093	860.8839752943142
448414	860.831322350607
449734	860.6194924101966
451044	860.323809051365
452355	860.2614269552266
453666	860.0276027747115
454971	859.8620693333521
456297	859.8387258821733
457615	859.6842720987571
458923	859.5992513261338
460236	859.5236937903175
461547	859.2702187806685
462867	859.2434147888687
464188	859.2415730911728
465503	859.1559659591535
466820	859.0845257303746
468141	859.0114483088701
469455	859.0088204408945
470766	858.9436383063958
472071	858.9401862373846
473395	858.8814830211779
474691	858.8703106893977
475996	858.5630762017495
477326	858.5630762017495
478645	858.4928458890405
479959	858.4734440520956
481267	858.4626008509455
482590	858.4626008509455
483903	858.3866883195346
485213	858.2993583111534
486522	858.2690125421964
487847	858.2690125421964
489153	858.2521445885027
490461	858.2313403796395
491776	858.2169697709005
493088	858.1899891112802
494401	858.1691662571804
495710	858.1291935406144
497032	858.101578141334
498345	858.0952248293487
499660	858.0850905872569
500977	858.058043311074
