500	5234.869475740834
1070	5054.542309785016
1637	4347.461621876755
2208	3803.273202559251
2775	3563.5065410073585
3342	3126.6794674347966
3909	3013.0611833139774
4481	3013.0611833139774
5049	2491.557585549133
5616	2343.241871855652
6184	2340.0671677133205
6751	2186.0285888039116
7314	2091.401710403628
7882	2016.028749082947
8450	1905.5685737925473
9015	1830.1053688795987
9582	1742.5285643108914
10152	1703.559815925235
10717	1519.8752957454096
11283	1519.8752957454096
11845	1485.7882441693864
12410	1485.7882441693864
12976	1401.3622979720994
13539	1395.2403075869279
14102	1395.2403075869279
14669	1380.0632995898388
15233	1317.1355991186947
15795	1317.1355991186947
16353	1317.1355991186947
16909	1313.2138002353372
17468	1313.2138002353372
18027	1313.2138002353372
18586	1291.647434272997
19143	1291.647434272997
19702	1259.117442328913
20261	1259.117442328913
20820	1259.117442328913
21377	1259.117442328913
21936	1259.117442328913
22496	1259.117442328913
23053	1259.117442328913
23610	1259.117442328913
24172	1259.117442328913
30692	997.2007055436477
32521	953.3221509062487
37411	953.322150676734
37965	953.322150676734
38520	953.322150676734
39075	953.322150676734
39628	953.322150676734
40182	953.322150676734
40737	953.322150676734
41291	953.322150676734
41844	953.322150676734
42399	953.322150676734
42954	953.322150676734
43509	953.322150676734
44064	953.322150676734
44618	953.322150676734
45173	953.322150676734
45729	953.322150676734
46285	953.322150676734
46842	953.322150676734
47401	953.322150676734
47962	953.322150676734
48524	953.322150676734
49089	953.322150676734
49652	953.322150676734
50215	953.322150676734
50778	953.322150676734
51343	953.322150676734
55173	953.322150676734
55734	953.322150676734
56292	953.322150676734
56850	953.322150676734
57411	953.322150676734
57970	953.322150676734
58526	953.322150676734
59088	953.322150676734
59648	953.322150676734
60208	953.322150676734
60767	953.322150676734
61327	953.322150676734
61883	953.322150676734
62441	953.322150676734
62997	953.322150676734
63552	953.322150676734
64107	953.322150676734
64663	953.322150676734
65220	953.322150676734
65778	953.322150676734
70404	953.322150676734
70960	953.322150676734
71516	953.322150676734
72074	953.322150676734
72631	953.322150676734
73194	953.322150676734
73754	953.322150676734
74314	953.322150676734
74872	953.322150676734
75431	953.322150676734
78922	953.322150676734
79480	953.322150676734
80035	953.322150676734
80591	953.322150676734
81146	953.322150676734
81701	953.322150676734
82258	953.322150676734
82817	953.322150676734
83373	953.322150676734
83930	953.322150676734
84488	953.322150676734
85048	953.322150676734
85606	953.322150676734
86164	953.322150676734
86722	953.322150676734
87280	953.322150676734
87840	953.322150676734
88402	953.322150676734
88963	953.322150676734
89525	953.322150676734
92818	953.322150676734
93380	953.322150676734
93939	953.322150676734
94498	953.322150676734
95058	953.322150676734
95613	953.322150676734
96171	953.322150676734
96730	953.322150676734
97290	953.322150676734
97850	953.322150676734
98410	953.322150676734
98968	953.322150676734
99529	953.322150676734
100089	953.322150676734
100652	953.322150676734
101212	953.322150676734
101770	953.322150676734
102327	953.322150676734
102884	953.322150676734
103442	953.322150676734
107299	953.322150676734
107856	953.322150676734
108414	953.322150676734
108973	953.322150676734
109529	953.322150676734
110084	953.322150676734
110642	953.322150676734
111201	953.322150676734
111761	953.322150676734
112319	953.322150676734
112877	953.322150676734
113436	953.322150676734
113992	953.322150676734
114550	953.322150676734
115105	953.322150676734
115662	953.322150676734
116217	953.322150676734
116774	953.322150676734
117332	953.322150676734
117891	953.322150676734
122383	953.322150676734
122941	953.322150676734
123499	953.322150676734
124059	953.322150676734
124615	953.322150676734
125170	953.322150676734
125728	953.322150676734
126286	953.322150676734
126843	953.322150676734
127401	953.322150676734
127961	953.322150676734
128521	953.322150676734
129081	953.322150676734
129643	953.322150676734
130205	953.322150676734
130765	953.322150676734
131325	953.322150676734
131886	953.322150676734
132442	953.322150676734
133000	953.322150676734
138775	953.322150676734
139334	953.322150676734
139890	953.322150676734
140450	953.322150676734
141010	953.322150676734
141572	953.322150676734
142131	953.322150676734
142693	953.322150676734
143253	953.322150676734
143811	953.322150676734
145287	949.1375371889524
146915	927.8444119205437
150449	927.8444116875896
151004	927.8444116875896
151563	927.8444116875896
152118	927.8444116875896
152675	927.8444116875896
153233	927.8444116875896
153792	927.8444116875896
154352	927.8444116875896
154911	927.8444116875896
155467	927.8444116875896
156024	927.8444116875896
156581	927.8444116875896
157136	927.8444116875896
157693	927.8444116875896
158247	927.8444116875896
158802	927.8444116875896
159357	927.8444116875896
159912	927.8444116875896
160468	927.8444116875896
161024	927.8444116875896
161582	927.8444116875896
162141	927.8444116875896
162700	927.8444116875896
163261	927.8444116875896
163822	927.8444116875896
164384	927.8444116875896
164948	927.8444116875896
165509	927.8444116875896
169564	927.8444116875896
170125	927.8444116875896
170687	927.8444116875896
171250	927.8444116875896
171811	927.8444116875896
172374	927.8444116875896
172936	927.8444116875896
173497	927.8444116875896
174057	927.8444116875896
174617	927.8444116875896
178669	927.8444116875896
179230	927.8444116875896
179793	927.8444116875896
180350	927.8444116875896
180909	927.8444116875896
181471	927.8444116875896
182028	927.8444116875896
182586	927.8444116875896
183145	927.8444116875896
183702	927.8444116875896
184260	927.8444116875896
184816	927.8444116875896
185373	927.8444116875896
185929	927.8444116875896
186486	927.8444116875896
187041	927.8444116875896
187599	927.8444116875896
188157	927.8444116875896
188713	927.8444116875896
189269	927.8444116875896
192614	927.8444116875896
193169	927.8444116875896
193724	927.8444116875896
194282	927.8444116875896
194838	927.8444116875896
195394	927.8444116875896
195952	927.8444116875896
196509	927.8444116875896
197066	927.8444116875896
197623	927.8444116875896
198180	927.8444116875896
198739	927.8444116875896
199295	927.8444116875896
199849	927.8444116875896
200407	927.8444116875896
200963	927.8444116875896
201518	927.8444116875896
202075	927.8444116875896
202635	927.8444116875896
203196	927.8444116875896
205084	876.4742011475178
208932	876.4742010881284
209495	876.4742010881284
210061	876.4742010881284
210625	876.4742010881284
211188	876.4742010881284
211751	876.4742010881284
212316	876.4742010881284
212877	876.4742010881284
213440	876.4742010881284
213998	876.4742010881284
214557	876.4742010881284
215115	876.4742010881284
215675	876.4742010881284
216233	876.4742010881284
216789	876.4742010881284
217344	876.4742010881284
217900	876.4742010881284
218455	876.4742010881284
219010	876.4742010881284
222852	876.4742010881284
223406	876.4742010881284
223962	876.4742010881284
224521	876.4742010881284
225079	876.4742010881284
225636	876.4742010881284
226193	876.4742010881284
226750	876.4742010881284
227309	876.4742010881284
227869	876.4742010881284
228426	876.4742010881284
228981	876.4742010881284
229538	876.4742010881284
230096	876.4742010881284
230653	876.4742010881284
231212	876.4742010881284
231772	876.4742010881284
232332	876.4742010881284
232892	876.4742010881284
233450	876.4742010881284
238654	876.4742010881284
239212	876.4742010881284
239768	876.4742010881284
240325	876.4742010881284
240879	876.4742010881284
241434	876.4742010881284
241992	876.4742010881284
242548	876.4742010881284
243103	876.4742010881284
243660	876.4742010881284
244218	876.4742010881284
244777	876.4742010881284
245335	876.4742010881284
245895	876.4742010881284
246455	876.4742010881284
247014	876.4742010881284
247572	876.4742010881284
248132	876.4742010881284
248690	876.4742010881284
249249	876.4742010881284
254543	876.4742010881284
255104	876.4742010881284
255663	876.4742010881284
256222	876.4742010881284
256781	876.4742010881284
257340	876.4742010881284
257901	876.4742010881284
258462	876.4742010881284
259024	876.4742010881284
259584	876.4742010881284
260145	876.4742010881284
260704	876.4742010881284
261265	876.4742010881284
261822	876.4742010881284
262381	876.4742010881284
262938	876.4742010881284
263496	876.4742010881284
264053	876.4742010881284
264609	876.4742010881284
265169	876.4742010881284
271875	876.4742010881284
272433	876.4742010881284
272997	876.4742010881284
273557	876.4742010881284
274114	876.4742010881284
274672	876.4742010881284
275232	876.4742010881284
275790	876.4742010881284
276349	876.4742010881284
276908	876.4742010881284
277464	876.4742010881284
278020	876.4742010881284
278576	876.4742010881284
279133	876.4742010881284
279689	876.4742010881284
280244	876.4742010881284
280801	876.4742010881284
281357	876.4742010881284
281913	876.4742010881284
282471	876.4742010881284
284866	876.4742010881284
285421	876.4742010881284
285976	876.4742010881284
286533	876.4742010881284
287091	876.4742010881284
287647	876.4742010881284
288205	876.4742010881284
288761	876.4742010881284
289315	876.4742010881284
289869	876.4742010881284
293564	876.4742010881284
294121	876.4742010881284
294679	876.4742010881284
295235	876.4742010881284
295794	876.4742010881284
296353	876.4742010881284
296911	876.4742010881284
297469	876.4742010881284
298031	876.4742010881284
298589	876.4742010881284
299149	876.4742010881284
299709	876.4742010881284
300271	876.4742010881284
300829	876.4742010881284
301391	876.4742010881284
301950	876.4742010881284
302509	876.4742010881284
303068	876.4742010881284
303627	876.4742010881284
304184	876.4742010881284
308060	876.4742010881284
308619	876.4742010881284
309178	876.4742010881284
309739	876.4742010881284
310297	876.4742010881284
310857	876.4742010881284
311416	876.4742010881284
311974	876.4742010881284
312532	876.4742010881284
313089	876.4742010881284
313645	876.4742010881284
314203	876.4742010881284
314758	876.4742010881284
315316	876.4742010881284
315873	876.4742010881284
316434	876.4742010881284
316992	876.4742010881284
317548	876.4742010881284
318104	876.4742010881284
318661	876.4742010881284
321750	876.4742010881284
322305	876.4742010881284
322861	876.4742010881284
323417	876.4742010881284
323973	876.4742010881284
324528	876.4742010881284
325084	876.4742010881284
325639	876.4742010881284
326196	876.4742010881284
326752	876.4742010881284
327309	876.4742010881284
327867	876.4742010881284
328424	876.4742010881284
328982	876.4742010881284
329541	876.4742010881284
330099	876.4742010881284
330661	876.4742010881284
331221	876.4742010881284
331780	876.4742010881284
332341	876.4742010881284
335415	876.4742010881284
335974	876.4742010881284
336532	876.4742010881284
337092	876.4742010881284
337651	876.4742010881284
338208	876.4742010881284
338766	876.4742010881284
339323	876.4742010881284
339880	876.4742010881284
340438	876.4742010881284
340995	876.4742010881284
341552	876.4742010881284
342108	876.4742010881284
342665	876.4742010881284
343220	876.4742010881284
343775	876.4742010881284
344334	876.4742010881284
344894	876.4742010881284
345452	876.4742010881284
346012	876.4742010881284
349000	876.4742010881284
349559	876.4742010881284
350117	876.4742010881284
350675	876.4742010881284
351233	876.4742010881284
351790	876.4742010881284
352348	876.4742010881284
352906	876.4742010881284
353464	876.4742010881284
354024	876.4742010881284
357021	876.4742010881284
357578	876.4742010881284
358135	876.4742010881284
358694	876.4742010881284
359251	876.4742010881284
359808	876.4742010881284
360364	876.4742010881284
360926	876.4742010881284
361487	876.4742010881284
362046	876.4742010881284
362607	876.4742010881284
363169	876.4742010881284
363729	876.4742010881284
364288	876.4742010881284
364847	876.4742010881284
365406	876.4742010881284
365966	876.4742010881284
366524	876.4742010881284
367083	876.4742010881284
367640	876.4742010881284
372911	876.4742010881284
373467	876.4742010881284
374027	876.4742010881284
374584	876.4742010881284
375141	876.4742010881284
375694	876.4742010881284
376248	876.4742010881284
376803	876.4742010881284
377360	876.4742010881284
377918	876.4742010881284
378475	876.4742010881284
379033	876.4742010881284
379593	876.4742010881284
380153	876.4742010881284
380711	876.4742010881284
381270	876.4742010881284
381829	876.4742010881284
382387	876.4742010881284
382945	876.4742010881284
383503	876.4742010881284
386758	876.4742010881284
387314	876.4742010881284
387872	876.4742010881284
388430	876.4742010881284
388990	876.4742010881284
389551	876.4742010881284
390113	876.4742010881284
390675	876.4742010881284
391238	876.4742010881284
391800	876.4742010881284
392361	876.4742010881284
392919	876.4742010881284
393476	876.4742010881284
394034	876.4742010881284
394592	876.4742010881284
395150	876.4742010881284
395707	876.4742010881284
396263	876.4742010881284
396819	876.4742010881284
397375	876.4742010881284
401139	876.4742010881284
401700	876.4742010881284
402258	876.4742010881284
402818	876.4742010881284
403378	876.4742010881284
403941	876.4742010881284
404501	876.4742010881284
405061	876.4742010881284
405622	876.4742010881284
406181	876.4742010881284
406738	876.4742010881284
407298	876.4742010881284
407856	876.4742010881284
408412	876.4742010881284
408970	876.4742010881284
409528	876.4742010881284
410085	876.4742010881284
410647	876.4742010881284
411205	876.4742010881284
411765	876.4742010881284
415574	876.4742010881284
416135	876.4742010881284
416696	876.4742010881284
417257	876.4742010881284
417817	876.4742010881284
418379	876.4742010881284
418940	876.4742010881284
419502	876.4742010881284
420062	876.4742010881284
420618	876.4742010881284
423697	876.4742010881284
424253	876.4742010881284
424809	876.4742010881284
425367	876.4742010881284
425922	876.4742010881284
426477	876.4742010881284
427033	876.4742010881284
427588	876.4742010881284
428145	876.4742010881284
428704	876.4742010881284
429261	876.4742010881284
429818	876.4742010881284
430379	876.4742010881284
430938	876.4742010881284
431499	876.4742010881284
432057	876.4742010881284
432616	876.4742010881284
433174	876.4742010881284
433733	876.4742010881284
434296	876.4742010881284
437478	876.4742010881284
438036	876.4742010881284
438597	876.4742010881284
439158	876.4742010881284
439720	876.4742010881284
440282	876.4742010881284
440840	876.4742010881284
441399	876.4742010881284
441957	876.4742010881284
442513	876.4742010881284
443071	876.4742010881284
443627	876.4742010881284
444184	876.4742010881284
444741	876.4742010881284
445298	876.4742010881284
445857	876.4742010881284
446414	876.4742010881284
446975	876.4742010881284
447531	876.4742010881284
448092	876.4742010881284
454032	876.4742010881284
454590	876.4742010881284
455148	876.4742010881284
455704	876.4742010881284
456260	876.4742010881284
456820	876.4742010881284
457377	876.4742010881284
457934	876.4742010881284
458494	876.4742010881284
459052	876.4742010881284
459611	876.4742010881284
460171	876.4742010881284
460732	876.4742010881284
461294	876.4742010881284
461854	876.4742010881284
462415	876.4742010881284
462975	876.4742010881284
463533	876.4742010881284
464092	876.4742010881284
464649	876.4742010881284
468491	876.4742010881284
469050	876.4742010881284
469607	876.4742010881284
470164	876.4742010881284
470722	876.4742010881284
471278	876.4742010881284
471836	876.4742010881284
472393	876.4742010881284
472951	876.4742010881284
473508	876.4742010881284
474064	876.4742010881284
474621	876.4742010881284
475177	876.4742010881284
475734	876.4742010881284
476292	876.4742010881284
476849	876.4742010881284
477407	876.4742010881284
477964	876.4742010881284
478524	876.4742010881284
479081	876.4742010881284
482111	876.4742010881284
482669	876.4742010881284
483229	876.4742010881284
483788	876.4742010881284
484346	876.4742010881284
484906	876.4742010881284
485468	876.4742010881284
486028	876.4742010881284
486588	876.4742010881284
487147	876.4742010881284
490131	876.4742010881284
490692	876.4742010881284
491250	876.4742010881284
491810	876.4742010881284
492368	876.4742010881284
492925	876.4742010881284
493483	876.4742010881284
494041	876.4742010881284
494598	876.4742010881284
495155	876.4742010881284
495711	876.4742010881284
496268	876.4742010881284
496826	876.4742010881284
497386	876.4742010881284
497943	876.4742010881284
498500	876.4742010881284
499058	876.4742010881284
499617	876.4742010881284
500175	876.4742010881284
