500	5770.020743818923
1071	5208.46422967176
1642	4293.495179937879
2210	3994.4151028112337
2777	3657.7950151975806
3344	3224.9509035745045
3912	2922.193570403632
4478	2901.8643099841784
5046	2689.80026144469
5612	2349.520599276828
6180	2192.8724604267745
6750	2012.304726789063
7318	2012.304726789063
7885	1714.620076770806
8449	1714.620076770806
9018	1663.3338881096752
9585	1598.7142767424505
10151	1573.249142448181
10713	1573.249142448181
11278	1508.054549405751
11840	1508.054549405751
12403	1418.7473951695138
12969	1418.7473951695138
13530	1418.7473951695138
14093	1401.628692193514
14654	1365.1714732837277
15217	1365.1714732837277
15775	1295.8153584873369
16331	1295.8153584873369
16888	1295.8153584873369
17447	1295.8153584873369
18006	1295.8153584873369
18565	1295.8153584873369
19123	1272.3078727855946
19677	1272.3078727855946
20233	1272.3078727855946
20790	1272.3078727855946
21348	1272.3078727855946
21904	1272.3078727855946
22461	1272.3078727855946
23018	1272.3078727855946
23576	1272.3078727855946
24134	1272.3078727855946
30367	912.7603688254812
30923	912.7603688254812
31478	912.7603688254812
32034	912.7603688254812
32591	912.7603688254812
33146	912.7603688254812
33704	912.7603688254812
34259	912.7603688254812
34812	912.7603688254812
35367	912.7603688254812
35923	912.7603688254812
36477	912.7603688254812
37033	912.7603688254812
37588	912.7603688254812
38143	912.7603688254812
38700	912.7603688254812
39254	912.7603688254812
39809	912.7603688254812
40366	912.7603688254812
40923	912.7603688254812
41478	912.7603688254812
42037	912.7603688254812
42594	912.7603688254812
43151	912.7603688254812
43709	912.7603688254812
44268	912.7603688254812
44826	912.7603688254812
45388	912.7603688254812
47893	912.7603688254812
48449	912.7603688254812
49005	912.7603688254812
49560	912.7603688254812
50118	912.7603688254812
50673	912.7603688254812
51232	912.7603688254812
51791	912.7603688254812
52348	912.7603688254812
52907	912.7603688254812
56015	912.7603688254812
56574	912.7603688254812
57134	912.7603688254812
57694	912.7603688254812
58256	912.7603688254812
58817	912.7603688254812
59377	912.7603688254812
59937	912.7603688254812
60498	912.7603688254812
61061	912.7603688254812
61620	912.7603688254812
62180	912.7603688254812
62741	912.7603688254812
63300	912.7603688254812
63858	912.7603688254812
64419	912.7603688254812
64977	912.7603688254812
65536	912.7603688254812
66090	912.7603688254812
66648	912.7603688254812
69651	912.7603688254812
70205	912.7603688254812
70761	912.7603688254812
71320	912.7603688254812
71879	912.7603688254812
72437	912.7603688254812
72996	912.7603688254812
73554	912.7603688254812
74112	912.7603688254812
74670	912.7603688254812
75230	912.7603688254812
75791	912.7603688254812
76350	912.7603688254812
76907	912.7603688254812
77465	912.7603688254812
78023	912.7603688254812
78580	912.7603688254812
79136	912.7603688254812
79694	912.7603688254812
80250	912.7603688254812
83388	912.7603688254812
83944	912.7603688254812
84499	912.7603688254812
85054	912.7603688254812
85612	912.7603688254812
86170	912.7603688254812
86727	912.7603688254812
87286	912.7603688254812
87844	912.7603688254812
88401	912.7603688254812
88958	912.7603688254812
89518	912.7603688254812
90080	912.7603688254812
90640	912.7603688254812
91198	912.7603688254812
91760	912.7603688254812
92319	912.7603688254812
92879	912.7603688254812
93437	912.7603688254812
93995	912.7603688254812
98138	912.7603688254812
98698	912.7603688254812
99259	912.7603688254812
99819	912.7603688254812
100379	912.7603688254812
100938	912.7603688254812
101498	912.7603688254812
102058	912.7603688254812
102616	912.7603688254812
103176	912.7603688254812
103734	912.7603688254812
104290	912.7603688254812
104845	912.7603688254812
105405	912.7603688254812
105961	912.7603688254812
106521	912.7603688254812
107079	912.7603688254812
107637	912.7603688254812
108197	912.7603688254812
108759	912.7603688254812
111098	912.7603688254812
111658	912.7603688254812
112215	912.7603688254812
112774	912.7603688254812
113331	912.7603688254812
113888	912.7603688254812
114445	912.7603688254812
114999	912.7603688254812
115556	912.7603688254812
116111	912.7603688254812
119268	912.7603688254812
119828	912.7603688254812
120386	912.7603688254812
120945	912.7603688254812
121506	912.7603688254812
122067	912.7603688254812
122630	912.7603688254812
123192	912.7603688254812
123750	912.7603688254812
124310	912.7603688254812
124872	912.7603688254812
125432	912.7603688254812
125991	912.7603688254812
126549	912.7603688254812
127108	912.7603688254812
127664	912.7603688254812
128221	912.7603688254812
128779	912.7603688254812
129339	912.7603688254812
129896	912.7603688254812
133030	912.7603688254812
133588	912.7603688254812
134147	912.7603688254812
134707	912.7603688254812
135268	912.7603688254812
135825	912.7603688254812
136384	912.7603688254812
136944	912.7603688254812
137506	912.7603688254812
138067	912.7603688254812
138624	912.7603688254812
139183	912.7603688254812
139739	912.7603688254812
140297	912.7603688254812
140855	912.7603688254812
141414	912.7603688254812
141972	912.7603688254812
142532	912.7603688254812
143089	912.7603688254812
143647	912.7603688254812
146732	912.7603688254812
147291	912.7603688254812
147846	912.7603688254812
148403	912.7603688254812
148963	912.7603688254812
149523	912.7603688254812
150081	912.7603688254812
150638	912.7603688254812
151196	912.7603688254812
151754	912.7603688254812
152313	912.7603688254812
152871	912.7603688254812
153433	912.7603688254812
153990	912.7603688254812
154547	912.7603688254812
155106	912.7603688254812
155664	912.7603688254812
156221	912.7603688254812
156776	912.7603688254812
157334	912.7603688254812
163530	912.7603688254812
164089	912.7603688254812
164648	912.7603688254812
165206	912.7603688254812
165765	912.7603688254812
166324	912.7603688254812
166886	912.7603688254812
167447	912.7603688254812
168007	912.7603688254812
168567	912.7603688254812
169126	912.7603688254812
169687	912.7603688254812
170246	912.7603688254812
170804	912.7603688254812
171363	912.7603688254812
171922	912.7603688254812
172481	912.7603688254812
173038	912.7603688254812
173593	912.7603688254812
174147	912.7603688254812
177445	912.7603688254812
178002	912.7603688254812
178561	912.7603688254812
179119	912.7603688254812
179677	912.7603688254812
180235	912.7603688254812
180794	912.7603688254812
181355	912.7603688254812
181913	912.7603688254812
182471	912.7603688254812
186981	912.7603688254812
187539	912.7603688254812
188097	912.7603688254812
188655	912.7603688254812
189215	912.7603688254812
189773	912.7603688254812
190330	912.7603688254812
190891	912.7603688254812
191450	912.7603688254812
192009	912.7603688254812
192569	912.7603688254812
193129	912.7603688254812
193691	912.7603688254812
194251	912.7603688254812
194810	912.7603688254812
195371	912.7603688254812
195932	912.7603688254812
196493	912.7603688254812
197054	912.7603688254812
197617	912.7603688254812
200828	912.7603688254812
201388	912.7603688254812
201947	912.7603688254812
202505	912.7603688254812
203063	912.7603688254812
203618	912.7603688254812
204175	912.7603688254812
204729	912.7603688254812
205287	912.7603688254812
205843	912.7603688254812
206399	912.7603688254812
206957	912.7603688254812
207514	912.7603688254812
208073	912.7603688254812
208632	912.7603688254812
209190	912.7603688254812
209749	912.7603688254812
210309	912.7603688254812
210869	912.7603688254812
211426	912.7603688254812
215284	912.7603688254812
215842	912.7603688254812
216397	912.7603688254812
216954	912.7603688254812
217512	912.7603688254812
218070	912.7603688254812
218628	912.7603688254812
219187	912.7603688254812
219745	912.7603688254812
220305	912.7603688254812
220863	912.7603688254812
221422	912.7603688254812
221984	912.7603688254812
222543	912.7603688254812
223102	912.7603688254812
223662	912.7603688254812
224220	912.7603688254812
224778	912.7603688254812
225334	912.7603688254812
225889	912.7603688254812
229821	912.7603688254812
230377	912.7603688254812
230935	912.7603688254812
231489	912.7603688254812
232046	912.7603688254812
232602	912.7603688254812
233158	912.7603688254812
233716	912.7603688254812
234275	912.7603688254812
234833	912.7603688254812
235391	912.7603688254812
235953	912.7603688254812
236513	912.7603688254812
237072	912.7603688254812
237632	912.7603688254812
238192	912.7603688254812
238754	912.7603688254812
239316	912.7603688254812
239874	912.7603688254812
240432	912.7603688254812
245015	912.7603688254812
245576	912.7603688254812
246135	912.7603688254812
246695	912.7603688254812
247254	912.7603688254812
247814	912.7603688254812
248376	912.7603688254812
248933	912.7603688254812
249490	912.7603688254812
250049	912.7603688254812
253086	912.7603688254812
253644	912.7603688254812
254204	912.7603688254812
254760	912.7603688254812
255316	912.7603688254812
255873	912.7603688254812
256430	912.7603688254812
256987	912.7603688254812
257545	912.7603688254812
258103	912.7603688254812
258661	912.7603688254812
259217	912.7603688254812
259772	912.7603688254812
260329	912.7603688254812
260888	912.7603688254812
261447	912.7603688254812
262004	912.7603688254812
262562	912.7603688254812
263122	912.7603688254812
263682	912.7603688254812
267593	912.7603688254812
268152	912.7603688254812
268710	912.7603688254812
269269	912.7603688254812
269827	912.7603688254812
270387	912.7603688254812
270943	912.7603688254812
271502	912.7603688254812
272059	912.7603688254812
272616	912.7603688254812
273172	912.7603688254812
273732	912.7603688254812
274288	912.7603688254812
274846	912.7603688254812
275405	912.7603688254812
275959	912.7603688254812
276516	912.7603688254812
277072	912.7603688254812
277628	912.7603688254812
278182	912.7603688254812
283123	912.7603688254812
283682	912.7603688254812
284239	912.7603688254812
284795	912.7603688254812
285354	912.7603688254812
285909	912.7603688254812
286466	912.7603688254812
287023	912.7603688254812
287579	912.7603688254812
288140	912.7603688254812
288698	912.7603688254812
289255	912.7603688254812
289811	912.7603688254812
290368	912.7603688254812
290925	912.7603688254812
291483	912.7603688254812
292040	912.7603688254812
292597	912.7603688254812
293153	912.7603688254812
293711	912.7603688254812
296756	912.7603688254812
297315	912.7603688254812
297872	912.7603688254812
298429	912.7603688254812
298986	912.7603688254812
299547	912.7603688254812
300108	912.7603688254812
300669	912.7603688254812
301230	912.7603688254812
301794	912.7603688254812
302354	912.7603688254812
302916	912.7603688254812
303477	912.7603688254812
304035	912.7603688254812
304596	912.7603688254812
305155	912.7603688254812
305712	912.7603688254812
306272	912.7603688254812
306830	912.7603688254812
307385	912.7603688254812
311215	912.7603688254812
311771	912.7603688254812
312329	912.7603688254812
312887	912.7603688254812
313444	912.7603688254812
314004	912.7603688254812
314560	912.7603688254812
315116	912.7603688254812
315674	912.7603688254812
316230	912.7603688254812
319411	912.7603688254812
319968	912.7603688254812
320529	912.7603688254812
321088	912.7603688254812
321646	912.7603688254812
322205	912.7603688254812
322764	912.7603688254812
323322	912.7603688254812
323880	912.7603688254812
324441	912.7603688254812
325000	912.7603688254812
325559	912.7603688254812
326115	912.7603688254812
326676	912.7603688254812
327235	912.7603688254812
327794	912.7603688254812
328351	912.7603688254812
328909	912.7603688254812
329468	912.7603688254812
330026	912.7603688254812
334898	912.7603688254812
335458	912.7603688254812
336017	912.7603688254812
336577	912.7603688254812
337137	912.7603688254812
337699	912.7603688254812
338258	912.7603688254812
338816	912.7603688254812
339374	912.7603688254812
339932	912.7603688254812
340492	912.7603688254812
341048	912.7603688254812
341607	912.7603688254812
342164	912.7603688254812
342719	912.7603688254812
343276	912.7603688254812
343835	912.7603688254812
344394	912.7603688254812
344952	912.7603688254812
345510	912.7603688254812
350070	912.7603688254812
350629	912.7603688254812
351187	912.7603688254812
351746	912.7603688254812
352303	912.7603688254812
352859	912.7603688254812
353421	912.7603688254812
353980	912.7603688254812
354539	912.7603688254812
355096	912.7603688254812
355654	912.7603688254812
356211	912.7603688254812
356768	912.7603688254812
357326	912.7603688254812
357886	912.7603688254812
358444	912.7603688254812
359004	912.7603688254812
359562	912.7603688254812
360121	912.7603688254812
360681	912.7603688254812
364610	912.7603688254812
365172	912.7603688254812
365734	912.7603688254812
366294	912.7603688254812
366856	912.7603688254812
367415	912.7603688254812
367975	912.7603688254812
368534	912.7603688254812
369095	912.7603688254812
369656	912.7603688254812
370214	912.7603688254812
370774	912.7603688254812
371333	912.7603688254812
371891	912.7603688254812
372449	912.7603688254812
373007	912.7603688254812
373565	912.7603688254812
374122	912.7603688254812
374679	912.7603688254812
375239	912.7603688254812
378345	912.7603688254812
378901	912.7603688254812
379462	912.7603688254812
380021	912.7603688254812
380581	912.7603688254812
381138	912.7603688254812
381696	912.7603688254812
382252	912.7603688254812
382808	912.7603688254812
383362	912.7603688254812
388729	912.7603688254812
389285	912.7603688254812
389843	912.7603688254812
390400	912.7603688254812
390957	912.7603688254812
391513	912.7603688254812
392075	912.7603688254812
392634	912.7603688254812
393191	912.7603688254812
393751	912.7603688254812
394309	912.7603688254812
394867	912.7603688254812
395426	912.7603688254812
395985	912.7603688254812
396543	912.7603688254812
397100	912.7603688254812
397657	912.7603688254812
398220	912.7603688254812
398782	912.7603688254812
399341	912.7603688254812
402495	912.7603688254812
403053	912.7603688254812
403610	912.7603688254812
404166	912.7603688254812
404726	912.7603688254812
405283	912.7603688254812
405839	912.7603688254812
406395	912.7603688254812
406953	912.7603688254812
407513	912.7603688254812
408074	912.7603688254812
408633	912.7603688254812
409192	912.7603688254812
409751	912.7603688254812
410310	912.7603688254812
410869	912.7603688254812
411429	912.7603688254812
411988	912.7603688254812
412546	912.7603688254812
413103	912.7603688254812
417680	912.7603688254812
418239	912.7603688254812
418798	912.7603688254812
419356	912.7603688254812
419916	912.7603688254812
420477	912.7603688254812
421034	912.7603688254812
421594	912.7603688254812
422152	912.7603688254812
422709	912.7603688254812
423267	912.7603688254812
423824	912.7603688254812
424383	912.7603688254812
424938	912.7603688254812
425493	912.7603688254812
426050	912.7603688254812
426603	912.7603688254812
427162	912.7603688254812
427721	912.7603688254812
428278	912.7603688254812
431430	912.7603688254812
431988	912.7603688254812
432546	912.7603688254812
433105	912.7603688254812
433662	912.7603688254812
434223	912.7603688254812
434782	912.7603688254812
435341	912.7603688254812
435898	912.7603688254812
436455	912.7603688254812
437012	912.7603688254812
437572	912.7603688254812
438130	912.7603688254812
438689	912.7603688254812
439246	912.7603688254812
439802	912.7603688254812
440361	912.7603688254812
440919	912.7603688254812
441478	912.7603688254812
442039	912.7603688254812
447497	912.7603688254812
448057	912.7603688254812
448619	912.7603688254812
449179	912.7603688254812
449738	912.7603688254812
450297	912.7603688254812
450857	912.7603688254812
451414	912.7603688254812
451973	912.7603688254812
452529	912.7603688254812
457042	912.7603688254812
457600	912.7603688254812
458155	912.7603688254812
458713	912.7603688254812
459269	912.7603688254812
459824	912.7603688254812
460380	912.7603688254812
460936	912.7603688254812
461494	912.7603688254812
462052	912.7603688254812
462610	912.7603688254812
463168	912.7603688254812
463724	912.7603688254812
464282	912.7603688254812
464842	912.7603688254812
465399	912.7603688254812
465955	912.7603688254812
466515	912.7603688254812
467074	912.7603688254812
467633	912.7603688254812
470562	912.7603688254812
471120	912.7603688254812
471677	912.7603688254812
472238	912.7603688254812
472797	912.7603688254812
473353	912.7603688254812
473909	912.7603688254812
474468	912.7603688254812
475025	912.7603688254812
475581	912.7603688254812
476140	912.7603688254812
476698	912.7603688254812
477256	912.7603688254812
477812	912.7603688254812
478369	912.7603688254812
478928	912.7603688254812
479488	912.7603688254812
480048	912.7603688254812
480607	912.7603688254812
481166	912.7603688254812
486398	912.7603688254812
486957	912.7603688254812
487515	912.7603688254812
488073	912.7603688254812
488628	912.7603688254812
489186	912.7603688254812
489743	912.7603688254812
490301	912.7603688254812
490857	912.7603688254812
491415	912.7603688254812
491972	912.7603688254812
492529	912.7603688254812
493088	912.7603688254812
493648	912.7603688254812
494207	912.7603688254812
494764	912.7603688254812
495325	912.7603688254812
495885	912.7603688254812
496444	912.7603688254812
497004	912.7603688254812
501402	912.7603688254812
