300	10468.756505021878
2349	7252.770285934284
4243	4788.770645095836
5318	4788.770645095836
8422	4201.354792971462
9099	4201.335858976301
9777	4201.332742726687
10456	4201.332229673177
11133	4201.3321450362055
11811	4201.332131111227
12487	4201.332128842059
13163	4201.332128481221
13844	4201.332128427581
14521	4201.332128421203
15199	4201.332128421174
15878	4201.332128421174
17541	4201.332128421174
19206	4201.332128421174
20816	4201.332128421174
23729	4201.332128421174
28457	4201.332128421174
30563	4201.332128421174
32180	4201.332128421174
34225	4201.332128421174
36354	4201.332128421174
38477	4201.332128421174
40177	4201.332128421174
41333	4201.332128421174
42497	4201.332128421174
44130	4201.332128421174
45705	4201.332128421174
47315	4201.332128421174
48906	4201.332128421174
50116	4201.332128421174
53201	4201.332128421174
54397	4201.332128421174
55636	4201.332128421174
57235	4201.332128421174
60274	4201.332128421174
63485	4201.332128421174
65156	4201.332128421174
68242	4201.332128421174
69830	4201.332128421174
71502	4201.332128421174
73063	4201.332128421174
74255	4201.332128421174
77528	4201.332128421174
78775	4201.332128421174
80739	4201.332128421174
81912	4201.332128421174
83134	4201.332128421174
84808	4201.332128421174
87945	4201.332128421174
91224	4201.332128421174
92422	4201.332128421174
94568	4201.332128421174
96220	4201.332128421174
98372	4201.332128421174
99136	4201.332128421174
100345	4201.332128421174
102476	4201.332128421174
104096	4201.332128421174
106531	4201.332128421174
111939	4201.332128421174
114060	4201.332128421174
115674	4201.332128421174
116911	4201.332128421174
118881	4201.332128421174
119646	4201.332128421174
121976	4201.332128421174
123212	4201.332128421174
124852	4201.332128421174
127387	4201.332128421174
129558	4201.332128421174
131114	4201.332128421174
133137	4201.332128421174
135267	4201.332128421174
136903	4201.332128421174
139262	4201.332128421174
141249	4201.332128421174
143288	4201.332128421174
144431	4201.332128421174
146787	4201.332128421174
149246	4201.332128421174
150881	4201.332128421174
152482	4201.332128421174
155228	4201.332128421174
156365	4201.332128421174
157575	4201.332128421174
158321	4201.332128421174
160098	4201.332128421174
161842	4201.332128421174
163490	4201.332128421174
165651	4201.332128421174
168120	4201.332128421174
169734	4201.332128421174
170898	4201.332128421174
172605	4201.332128421174
174234	4201.332128421174
175854	4201.332128421174
177068	4201.332128421174
178270	4201.332128421174
179474	4201.332128421174
181627	4201.332128421174
182773	4201.332128421174
184909	4201.332128421174
186548	4201.332128421174
187784	4201.332128421174
190207	4201.332128421174
193339	4201.332128421174
195442	4201.332128421174
197092	4201.332128421174
198741	4201.332128421174
199942	4201.332128421174
202373	4201.332128421174
204419	4201.332128421174
205628	4201.332128421174
207181	4201.332128421174
209296	4201.332128421174
211599	4201.332128421174
213708	4201.332128421174
217336	4123.9754329029965
218093	4123.9754329029965
219801	4123.9754329029965
221509	4123.9754329029965
222764	4123.9754329029965
224365	4123.9754329029965
226001	4123.9754329029965
227192	4123.9754329029965
229490	4123.9754329029965
231210	4123.9754329029965
234600	4123.9754329029965
237037	4123.9754329029965
240307	4123.9754329029965
242066	4123.9754329029965
243326	4123.9754329029965
244502	4123.9754329029965
246884	4123.9754329029965
248500	4123.9754329029965
249631	4123.9754329029965
252086	4123.9754329029965
254400	4123.9754329029965
255613	4123.9754329029965
258251	4123.9754329029965
259821	4123.9754329029965
261342	4123.9754329029965
263023	4123.9754329029965
265561	4123.9754329029965
267173	4123.9754329029965
269262	4123.9754329029965
270455	4123.9754329029965
273188	4123.9754329029965
274373	4123.9754329029965
276064	4123.9754329029965
277285	4123.9754329029965
278534	4123.9754329029965
279775	4123.9754329029965
281823	4123.9754329029965
283999	4123.9754329029965
286661	4123.9754329029965
287411	4123.9754329029965
289462	4123.9754329029965
290656	4123.9754329029965
292268	4123.9754329029965
294303	4123.9754329029965
295983	4123.9754329029965
297162	4123.9754329029965
298759	4123.9754329029965
300865	4123.9754329029965
