300	10674.688194516415
621	9499.841229491038
934	9499.841229491038
1244	9499.841229491038
1554	9499.841229491038
1864	9499.841229491038
2171	9499.841229491038
2480	9499.841229491038
2789	9224.399066767452
3096	9224.399066767452
3404	9224.399066767452
3712	9224.399066767452
4019	9224.399066767452
4326	9224.399066767452
4633	9224.399066767452
4941	9224.399066767452
5249	9224.399066767452
5556	9224.399066767452
5863	9224.399066767452
6169	9224.399066767452
6475	9224.399066767452
6781	9224.399066767452
7094	9224.399066767452
7403	9224.399066767452
7710	9224.399066767452
8018	9224.399066767452
8326	9224.399066767452
8634	8452.187249425422
8942	8452.187249425422
9252	8452.187249425422
9563	8452.187249425422
9871	8452.187249425422
10182	8452.187249425422
10490	8452.187249425422
10798	8452.187249425422
11110	8452.187249425422
11421	8452.187249425422
11731	8452.187249425422
12039	8452.187249425422
12346	8452.187249425422
12653	8452.187249425422
12960	8452.187249425422
13269	8452.187249425422
13577	8452.187249425422
13886	8452.187249425422
14192	8452.187249425422
14499	8452.187249425422
14806	8452.187249425422
21768	5180.2646372324925
22076	5180.2646372324925
22384	5180.2646372324925
22691	5180.2646372324925
22997	5180.2646372324925
23303	5180.2646372324925
23609	5180.2646372324925
23916	5180.2646372324925
24226	5180.2646372324925
24542	5180.2646372324925
24856	5180.2646372324925
25166	5180.2646372324925
25475	5180.2646372324925
25783	5180.2646372324925
26089	5180.2646372324925
26396	5180.2646372324925
26704	5180.2646372324925
27010	5180.2646372324925
27319	5180.2646372324925
27629	5180.2646372324925
27936	5180.2646372324925
28247	5180.2646372324925
28557	5180.2646372324925
34380	5180.2646372324925
34692	5180.2646372324925
35003	5180.2646372324925
35310	5180.2646372324925
35618	5180.2646372324925
35927	5180.2646372324925
36234	5180.2646372324925
36543	5180.2646372324925
36850	5180.2646372324925
37158	5180.2646372324925
37466	5180.2646372324925
37772	5180.2646372324925
38081	5180.2646372324925
38387	5180.2646372324925
38695	5180.2646372324925
39003	5180.2646372324925
39313	5180.2646372324925
39624	5180.2646372324925
39934	5180.2646372324925
40241	5180.2646372324925
45118	5180.2646372324925
45426	5180.2646372324925
45733	5180.2646372324925
46042	5180.2646372324925
46349	5180.2646372324925
46658	5180.2646372324925
46969	5180.2646372324925
47277	5180.2646372324925
47585	5180.2646372324925
47893	5180.2646372324925
48201	5180.2646372324925
48511	5180.2646372324925
48818	5180.2646372324925
49127	5180.2646372324925
49437	5180.2646372324925
49746	5180.2646372324925
50055	5180.2646372324925
50363	5180.2646372324925
50669	5180.2646372324925
50979	5180.2646372324925
52034	4982.297876515453
57000	4982.2978756438115
57308	4982.2978756438115
57617	4982.2978756438115
57923	4982.2978756438115
58231	4982.2978756438115
58538	4982.2978756438115
58848	4982.2978756438115
59157	4982.2978756438115
59465	4982.2978756438115
59773	4982.2978756438115
60081	4982.2978756438115
60392	4982.2978756438115
60699	4982.2978756438115
61006	4982.2978756438115
61316	4982.2978756438115
61627	4982.2978756438115
61937	4982.2978756438115
62244	4982.2978756438115
62554	4982.2978756438115
66257	4982.2978756438115
66564	4982.2978756438115
66876	4982.2978756438115
67184	4982.2978756438115
67492	4982.2978756438115
67799	4982.2978756438115
68106	4982.2978756438115
68413	4982.2978756438115
68723	4982.2978756438115
69034	4982.2978756438115
69343	4982.2978756438115
69652	4982.2978756438115
69959	4982.2978756438115
70265	4982.2978756438115
70573	4982.2978756438115
70881	4982.2978756438115
71190	4982.2978756438115
71499	4982.2978756438115
71806	4982.2978756438115
72115	4982.2978756438115
76532	4982.2978756438115
76840	4982.2978756438115
77146	4982.2978756438115
77455	4982.2978756438115
77764	4982.2978756438115
78075	4982.2978756438115
78386	4982.2978756438115
78696	4982.2978756438115
79003	4982.2978756438115
79310	4982.2978756438115
79618	4982.2978756438115
79928	4982.2978756438115
80240	4982.2978756438115
80554	4982.2978756438115
80865	4982.2978756438115
81173	4982.2978756438115
81484	4982.2978756438115
81793	4982.2978756438115
82105	4982.2978756438115
82413	4982.2978756438115
89492	4982.2978756438115
89799	4982.2978756438115
90108	4982.2978756438115
90415	4982.2978756438115
90721	4982.2978756438115
91028	4982.2978756438115
91335	4982.2978756438115
91645	4982.2978756438115
91954	4982.2978756438115
92261	4982.2978756438115
92570	4982.2978756438115
92876	4982.2978756438115
93182	4982.2978756438115
93492	4982.2978756438115
93799	4982.2978756438115
94107	4982.2978756438115
94415	4982.2978756438115
94724	4982.2978756438115
95031	4982.2978756438115
95341	4982.2978756438115
96270	4868.229376855405
99788	4868.229376737065
100096	4868.229376737065
100403	4868.229376737065
100711	4868.229376737065
101019	4868.229376737065
101326	4868.229376737065
101636	4868.229376737065
101945	4868.229376737065
102253	4868.229376737065
102563	4868.229376737065
102871	4868.229376737065
103180	4868.229376737065
103489	4868.229376737065
103797	4868.229376737065
104106	4868.229376737065
104414	4868.229376737065
104722	4868.229376737065
105035	4868.229376737065
105345	4868.229376737065
109139	4868.229376737065
109453	4868.229376737065
109764	4868.229376737065
110074	4868.229376737065
110382	4868.229376737065
110688	4868.229376737065
110994	4868.229376737065
111303	4868.229376737065
111611	4868.229376737065
111918	4868.229376737065
112226	4868.229376737065
112533	4868.229376737065
112841	4868.229376737065
113147	4868.229376737065
113453	4868.229376737065
113761	4868.229376737065
114069	4868.229376737065
114375	4868.229376737065
114683	4868.229376737065
114991	4868.229376737065
117879	4868.229376737065
118188	4868.229376737065
118498	4868.229376737065
118809	4868.229376737065
119119	4868.229376737065
119430	4868.229376737065
119740	4868.229376737065
120047	4868.229376737065
120355	4868.229376737065
120661	4868.229376737065
120969	4868.229376737065
121278	4868.229376737065
121587	4868.229376737065
121895	4868.229376737065
122201	4868.229376737065
122507	4868.229376737065
122816	4868.229376737065
123127	4868.229376737065
123436	4868.229376737065
123745	4868.229376737065
127552	4868.229376737065
127859	4868.229376737065
128170	4868.229376737065
128478	4868.229376737065
128788	4868.229376737065
129095	4868.229376737065
129404	4868.229376737065
129713	4868.229376737065
130021	4868.229376737065
130330	4868.229376737065
130637	4868.229376737065
130949	4868.229376737065
131257	4868.229376737065
131566	4868.229376737065
131874	4868.229376737065
132182	4868.229376737065
132489	4868.229376737065
132795	4868.229376737065
133102	4868.229376737065
133413	4868.229376737065
136451	4868.229376737065
136760	4868.229376737065
137068	4868.229376737065
137378	4868.229376737065
137686	4868.229376737065
137994	4868.229376737065
138303	4868.229376737065
138611	4868.229376737065
138917	4868.229376737065
139225	4868.229376737065
139532	4868.229376737065
139838	4868.229376737065
140147	4868.229376737065
140456	4868.229376737065
140766	4868.229376737065
141074	4868.229376737065
141383	4868.229376737065
141691	4868.229376737065
141998	4868.229376737065
142305	4868.229376737065
145855	4868.229376737065
146163	4868.229376737065
146473	4868.229376737065
146783	4868.229376737065
147094	4868.229376737065
147405	4868.229376737065
147712	4868.229376737065
148020	4868.229376737065
148327	4868.229376737065
148635	4868.229376737065
150821	4868.229376737065
151131	4868.229376737065
151441	4868.229376737065
151748	4868.229376737065
152056	4868.229376737065
152363	4868.229376737065
152671	4868.229376737065
152979	4868.229376737065
153288	4868.229376737065
153595	4868.229376737065
153904	4868.229376737065
154210	4868.229376737065
154519	4868.229376737065
154825	4868.229376737065
155133	4868.229376737065
155439	4868.229376737065
155747	4868.229376737065
156054	4868.229376737065
156361	4868.229376737065
156667	4868.229376737065
161305	4868.229376737065
161613	4868.229376737065
161923	4868.229376737065
162238	4868.229376737065
162549	4868.229376737065
162858	4868.229376737065
163167	4868.229376737065
163475	4868.229376737065
163782	4868.229376737065
164092	4868.229376737065
164399	4868.229376737065
164707	4868.229376737065
165015	4868.229376737065
165325	4868.229376737065
165632	4868.229376737065
165942	4868.229376737065
166249	4868.229376737065
166556	4868.229376737065
166865	4868.229376737065
167173	4868.229376737065
171917	4868.229376737065
172224	4868.229376737065
172532	4868.229376737065
172838	4868.229376737065
173146	4868.229376737065
173455	4868.229376737065
173762	4868.229376737065
174068	4868.229376737065
174377	4868.229376737065
174686	4868.229376737065
174995	4868.229376737065
175303	4868.229376737065
175609	4868.229376737065
175917	4868.229376737065
176225	4868.229376737065
176533	4868.229376737065
176842	4868.229376737065
177155	4868.229376737065
177464	4868.229376737065
177776	4868.229376737065
180328	4868.229376737065
180636	4868.229376737065
180946	4868.229376737065
181256	4868.229376737065
181565	4868.229376737065
181871	4868.229376737065
182180	4868.229376737065
182489	4868.229376737065
182798	4868.229376737065
183106	4868.229376737065
183414	4868.229376737065
183722	4868.229376737065
184031	4868.229376737065
184340	4868.229376737065
184647	4868.229376737065
184954	4868.229376737065
185261	4868.229376737065
185570	4868.229376737065
185878	4868.229376737065
186186	4868.229376737065
189939	4868.229376737065
190250	4868.229376737065
190558	4868.229376737065
190867	4868.229376737065
191179	4868.229376737065
191488	4868.229376737065
191796	4868.229376737065
192104	4868.229376737065
192412	4868.229376737065
192719	4868.229376737065
199950	4868.229376737065
200257	4868.229376737065
200565	4868.229376737065
200874	4868.229376737065
201182	4868.229376737065
201490	4868.229376737065
201797	4868.229376737065
202105	4868.229376737065
202413	4868.229376737065
202720	4868.229376737065
203029	4868.229376737065
203338	4868.229376737065
203646	4868.229376737065
203956	4868.229376737065
204266	4868.229376737065
204576	4868.229376737065
204886	4868.229376737065
205194	4868.229376737065
205504	4868.229376737065
205812	4868.229376737065
208930	4868.229376737065
209238	4868.229376737065
209547	4868.229376737065
209854	4868.229376737065
210164	4868.229376737065
210473	4868.229376737065
210783	4868.229376737065
211095	4868.229376737065
211401	4868.229376737065
211709	4868.229376737065
212016	4868.229376737065
212323	4868.229376737065
212632	4868.229376737065
212940	4868.229376737065
213248	4868.229376737065
213557	4868.229376737065
213866	4868.229376737065
214175	4868.229376737065
214485	4868.229376737065
214793	4868.229376737065
216976	4868.229376737065
217284	4868.229376737065
217593	4868.229376737065
217904	4868.229376737065
218212	4868.229376737065
218519	4868.229376737065
218829	4868.229376737065
219137	4868.229376737065
219446	4868.229376737065
219756	4868.229376737065
220067	4868.229376737065
220375	4868.229376737065
220683	4868.229376737065
220994	4868.229376737065
221303	4868.229376737065
221611	4868.229376737065
221920	4868.229376737065
222229	4868.229376737065
222537	4868.229376737065
222845	4868.229376737065
228230	4362.787817901608
232092	4361.6103349353
232399	4361.6103349353
232705	4361.6103349353
233012	4361.6103349353
233320	4361.6103349353
233626	4361.6103349353
233933	4361.6103349353
234241	4361.6103349353
234549	4361.6103349353
234857	4361.6103349353
235167	4361.6103349353
235477	4361.6103349353
243477	4225.474145070135
243788	4225.474145070135
244098	4225.474145070135
244406	4225.474145070135
244717	4225.474145070135
245030	4225.474145070135
245340	4225.474145070135
245648	4225.474145070135
245957	4225.474145070135
246269	4225.474145070135
246577	4225.474145070135
246886	4225.474145070135
247193	4225.474145070135
247501	4225.474145070135
247809	4225.474145070135
248116	4225.474145070135
248425	4225.474145070135
248733	4225.474145070135
249041	4225.474145070135
249350	4225.474145070135
249658	4225.474145070135
249969	4225.474145070135
250277	4225.474145070135
250586	4225.474145070135
250894	4225.474145070135
251202	4225.474145070135
251508	4225.474145070135
254228	4225.474145070135
254534	4225.474145070135
254843	4225.474145070135
255153	4225.474145070135
255465	4225.474145070135
255776	4225.474145070135
256084	4225.474145070135
256393	4225.474145070135
256699	4225.474145070135
257007	4225.474145070135
260239	4225.474145070135
260546	4225.474145070135
260853	4225.474145070135
261161	4225.474145070135
261470	4225.474145070135
261779	4225.474145070135
262088	4225.474145070135
262397	4225.474145070135
262706	4225.474145070135
263015	4225.474145070135
263323	4225.474145070135
263629	4225.474145070135
263938	4225.474145070135
264245	4225.474145070135
264554	4225.474145070135
264861	4225.474145070135
265170	4225.474145070135
265479	4225.474145070135
265789	4225.474145070135
266097	4225.474145070135
268399	4225.474145070135
268710	4225.474145070135
269021	4225.474145070135
269329	4225.474145070135
269637	4225.474145070135
269943	4225.474145070135
270251	4225.474145070135
270560	4225.474145070135
270868	4225.474145070135
271178	4225.474145070135
271487	4225.474145070135
271793	4225.474145070135
272100	4225.474145070135
272410	4225.474145070135
272718	4225.474145070135
273029	4225.474145070135
273338	4225.474145070135
273645	4225.474145070135
273955	4225.474145070135
274263	4225.474145070135
276240	4225.474145070135
276549	4225.474145070135
276861	4225.474145070135
277170	4225.474145070135
277482	4225.474145070135
277791	4225.474145070135
278100	4225.474145070135
278408	4225.474145070135
278716	4225.474145070135
279024	4225.474145070135
279330	4225.474145070135
279637	4225.474145070135
279945	4225.474145070135
280251	4225.474145070135
280560	4225.474145070135
280867	4225.474145070135
281176	4225.474145070135
281486	4225.474145070135
281795	4225.474145070135
282102	4225.474145070135
287842	4225.474145070135
288150	4225.474145070135
288457	4225.474145070135
288764	4225.474145070135
289072	4225.474145070135
289379	4225.474145070135
289689	4225.474145070135
289998	4225.474145070135
290309	4225.474145070135
290619	4225.474145070135
290925	4225.474145070135
291234	4225.474145070135
291540	4225.474145070135
291848	4225.474145070135
292157	4225.474145070135
292466	4225.474145070135
292773	4225.474145070135
293082	4225.474145070135
293391	4225.474145070135
293700	4225.474145070135
296258	4225.474145070135
296566	4225.474145070135
296876	4225.474145070135
297186	4225.474145070135
297495	4225.474145070135
297804	4225.474145070135
298111	4225.474145070135
298421	4225.474145070135
298729	4225.474145070135
299038	4225.474145070135
304839	4225.474145070135
