300	10342.382380536634
620	9668.099237183758
932	9668.099237183758
1243	9668.099237183758
1552	8377.009989321125
1863	8377.009989321125
2172	8377.009989321125
2481	8377.009989321125
2790	8377.009989321125
3100	8377.009989321125
3406	8377.009989321125
3715	8377.009989321125
4022	8377.009989321125
4329	8377.009989321125
4635	8377.009989321125
4941	8377.009989321125
5250	8377.009989321125
5558	8377.009989321125
5866	8377.009989321125
6173	8377.009989321125
6481	8377.009989321125
6787	8377.009989321125
7094	8377.009989321125
7404	8377.009989321125
7713	8377.009989321125
11414	3493.1524050439493
11722	3493.1524050439493
12031	3493.1524050439493
12339	3493.1524050439493
12648	3493.1524050439493
12958	3493.1524050439493
13266	3493.1524050439493
13576	3493.1524050439493
13885	3493.1524050439493
14192	3493.1524050439493
14499	3493.1524050439493
14805	3493.1524050439493
15113	3493.1524050439493
15419	3493.1524050439493
15726	3493.1524050439493
16032	3493.1524050439493
16340	3493.1524050439493
16648	3493.1524050439493
16956	3493.1524050439493
17264	3493.1524050439493
17572	3493.1524050439493
17882	3493.1524050439493
18193	3493.1524050439493
18503	3493.1524050439493
18814	3493.1524050439493
19123	3493.1524050439493
23091	3493.1524050439493
23401	3493.1524050439493
23712	3493.1524050439493
24020	3493.1524050439493
24330	3493.1524050439493
24640	3493.1524050439493
24948	3493.1524050439493
25259	3493.1524050439493
25567	3493.1524050439493
25877	3493.1524050439493
26184	3493.1524050439493
26493	3493.1524050439493
26800	3493.1524050439493
27109	3493.1524050439493
27418	3493.1524050439493
27725	3493.1524050439493
28034	3493.1524050439493
28342	3493.1524050439493
28649	3493.1524050439493
28957	3493.1524050439493
36095	3493.1524050439493
36403	3493.1524050439493
36710	3493.1524050439493
37019	3493.1524050439493
37329	3493.1524050439493
37640	3493.1524050439493
37953	3493.1524050439493
38263	3493.1524050439493
38572	3493.1524050439493
38881	3493.1524050439493
43322	3493.1524050439493
43629	3493.1524050439493
43935	3493.1524050439493
44242	3493.1524050439493
44550	3493.1524050439493
44859	3493.1524050439493
45165	3493.1524050439493
45473	3493.1524050439493
45780	3493.1524050439493
46089	3493.1524050439493
46396	3493.1524050439493
46705	3493.1524050439493
47012	3493.1524050439493
47319	3493.1524050439493
47626	3493.1524050439493
47934	3493.1524050439493
48242	3493.1524050439493
48552	3493.1524050439493
48860	3493.1524050439493
49169	3493.1524050439493
51701	3493.1524050439493
52010	3493.1524050439493
52322	3493.1524050439493
52630	3493.1524050439493
52939	3493.1524050439493
53250	3493.1524050439493
53563	3493.1524050439493
53875	3493.1524050439493
54185	3493.1524050439493
54495	3493.1524050439493
54805	3493.1524050439493
55112	3493.1524050439493
55421	3493.1524050439493
55730	3493.1524050439493
56037	3493.1524050439493
56345	3493.1524050439493
56656	3493.1524050439493
56965	3493.1524050439493
57272	3493.1524050439493
57582	3493.1524050439493
62143	3493.1524050439493
62453	3493.1524050439493
62759	3493.1524050439493
63070	3493.1524050439493
63380	3493.1524050439493
63687	3493.1524050439493
63993	3493.1524050439493
64300	3493.1524050439493
64607	3493.1524050439493
64915	3493.1524050439493
65224	3493.1524050439493
65531	3493.1524050439493
65840	3493.1524050439493
66150	3493.1524050439493
66457	3493.1524050439493
66763	3493.1524050439493
67070	3493.1524050439493
67378	3493.1524050439493
67686	3493.1524050439493
67994	3493.1524050439493
69312	3493.1524050439493
69621	3493.1524050439493
69930	3493.1524050439493
70238	3493.1524050439493
70547	3493.1524050439493
70858	3493.1524050439493
71165	3493.1524050439493
71474	3493.1524050439493
71783	3493.1524050439493
72089	3493.1524050439493
72396	3493.1524050439493
72703	3493.1524050439493
73010	3493.1524050439493
73319	3493.1524050439493
73629	3493.1524050439493
73937	3493.1524050439493
74246	3493.1524050439493
74553	3493.1524050439493
74861	3493.1524050439493
75172	3493.1524050439493
77299	3493.1524050439493
77610	3493.1524050439493
77918	3493.1524050439493
78226	3493.1524050439493
78533	3493.1524050439493
78841	3493.1524050439493
79155	3493.1524050439493
79464	3493.1524050439493
79771	3493.1524050439493
80080	3493.1524050439493
84907	3493.1524050439493
85216	3493.1524050439493
85523	3493.1524050439493
85831	3493.1524050439493
86139	3493.1524050439493
86447	3493.1524050439493
86754	3493.1524050439493
87061	3493.1524050439493
87370	3493.1524050439493
87676	3493.1524050439493
87984	3493.1524050439493
88291	3493.1524050439493
88600	3493.1524050439493
88909	3493.1524050439493
89218	3493.1524050439493
89527	3493.1524050439493
89837	3493.1524050439493
90147	3493.1524050439493
90461	3493.1524050439493
90771	3493.1524050439493
95567	3493.1524050439493
95873	3493.1524050439493
96180	3493.1524050439493
96489	3493.1524050439493
96799	3493.1524050439493
97107	3493.1524050439493
97416	3493.1524050439493
97728	3493.1524050439493
98036	3493.1524050439493
98343	3493.1524050439493
98652	3493.1524050439493
98959	3493.1524050439493
99266	3493.1524050439493
99574	3493.1524050439493
99885	3493.1524050439493
100196	3493.1524050439493
100503	3493.1524050439493
100814	3493.1524050439493
101123	3493.1524050439493
101432	3493.1524050439493
106107	3493.1524050439493
106415	3493.1524050439493
106724	3493.1524050439493
107031	3493.1524050439493
107339	3493.1524050439493
107645	3493.1524050439493
107952	3493.1524050439493
108261	3493.1524050439493
108567	3493.1524050439493
108874	3493.1524050439493
109183	3493.1524050439493
109492	3493.1524050439493
109800	3493.1524050439493
110111	3493.1524050439493
110420	3493.1524050439493
110728	3493.1524050439493
111037	3493.1524050439493
111347	3493.1524050439493
111654	3493.1524050439493
111960	3493.1524050439493
115988	3493.1524050439493
116298	3493.1524050439493
116607	3493.1524050439493
116917	3493.1524050439493
117225	3493.1524050439493
117536	3493.1524050439493
117846	3493.1524050439493
118155	3493.1524050439493
118467	3493.1524050439493
118773	3493.1524050439493
119080	3493.1524050439493
119386	3493.1524050439493
119693	3493.1524050439493
120001	3493.1524050439493
120313	3493.1524050439493
120622	3493.1524050439493
120931	3493.1524050439493
121238	3493.1524050439493
121547	3493.1524050439493
121855	3493.1524050439493
125481	3493.1524050439493
125788	3493.1524050439493
126097	3493.1524050439493
126405	3493.1524050439493
126713	3493.1524050439493
127019	3493.1524050439493
127327	3493.1524050439493
127635	3493.1524050439493
127942	3493.1524050439493
128252	3493.1524050439493
131673	3493.1524050439493
131980	3493.1524050439493
132288	3493.1524050439493
132598	3493.1524050439493
132909	3493.1524050439493
133219	3493.1524050439493
133530	3493.1524050439493
133840	3493.1524050439493
134149	3493.1524050439493
134456	3493.1524050439493
134763	3493.1524050439493
135070	3493.1524050439493
135377	3493.1524050439493
135687	3493.1524050439493
135998	3493.1524050439493
136309	3493.1524050439493
136618	3493.1524050439493
136924	3493.1524050439493
137234	3493.1524050439493
137540	3493.1524050439493
140722	3493.1524050439493
141030	3493.1524050439493
141337	3493.1524050439493
141644	3493.1524050439493
141950	3493.1524050439493
142258	3493.1524050439493
142566	3493.1524050439493
142874	3493.1524050439493
143183	3493.1524050439493
143491	3493.1524050439493
143798	3493.1524050439493
144104	3493.1524050439493
144413	3493.1524050439493
144720	3493.1524050439493
145031	3493.1524050439493
145338	3493.1524050439493
145649	3493.1524050439493
145957	3493.1524050439493
146268	3493.1524050439493
146578	3493.1524050439493
149648	3493.1524050439493
149956	3493.1524050439493
150265	3493.1524050439493
150575	3493.1524050439493
150884	3493.1524050439493
151192	3493.1524050439493
151500	3493.1524050439493
151808	3493.1524050439493
152118	3493.1524050439493
152426	3493.1524050439493
152734	3493.1524050439493
153042	3493.1524050439493
153349	3493.1524050439493
153658	3493.1524050439493
153967	3493.1524050439493
154275	3493.1524050439493
154581	3493.1524050439493
154889	3493.1524050439493
155197	3493.1524050439493
155504	3493.1524050439493
158905	3493.1524050439493
159213	3493.1524050439493
159522	3493.1524050439493
159831	3493.1524050439493
160139	3493.1524050439493
160448	3493.1524050439493
160754	3493.1524050439493
161062	3493.1524050439493
161371	3493.1524050439493
161680	3493.1524050439493
161989	3493.1524050439493
162299	3493.1524050439493
162607	3493.1524050439493
162914	3493.1524050439493
163221	3493.1524050439493
163530	3493.1524050439493
163837	3493.1524050439493
164144	3493.1524050439493
164450	3493.1524050439493
164759	3493.1524050439493
168813	3493.1524050439493
169122	3493.1524050439493
169430	3493.1524050439493
169736	3493.1524050439493
170044	3493.1524050439493
170353	3493.1524050439493
170662	3493.1524050439493
170970	3493.1524050439493
171278	3493.1524050439493
171586	3493.1524050439493
174972	3493.1524050439493
175281	3493.1524050439493
175589	3493.1524050439493
175897	3493.1524050439493
176203	3493.1524050439493
176511	3493.1524050439493
176819	3493.1524050439493
177126	3493.1524050439493
177433	3493.1524050439493
177741	3493.1524050439493
178051	3493.1524050439493
178362	3493.1524050439493
178671	3493.1524050439493
178983	3493.1524050439493
179292	3493.1524050439493
179600	3493.1524050439493
179907	3493.1524050439493
180217	3493.1524050439493
180526	3493.1524050439493
180835	3493.1524050439493
183907	3493.1524050439493
184218	3493.1524050439493
184528	3493.1524050439493
184834	3493.1524050439493
185142	3493.1524050439493
185449	3493.1524050439493
185757	3493.1524050439493
186065	3493.1524050439493
186373	3493.1524050439493
186681	3493.1524050439493
186987	3493.1524050439493
187293	3493.1524050439493
187602	3493.1524050439493
187911	3493.1524050439493
188221	3493.1524050439493
188529	3493.1524050439493
188837	3493.1524050439493
189145	3493.1524050439493
189452	3493.1524050439493
189759	3493.1524050439493
193243	3493.1524050439493
193550	3493.1524050439493
193858	3493.1524050439493
194167	3493.1524050439493
194473	3493.1524050439493
194782	3493.1524050439493
195089	3493.1524050439493
195398	3493.1524050439493
195707	3493.1524050439493
196017	3493.1524050439493
196327	3493.1524050439493
196637	3493.1524050439493
196947	3493.1524050439493
197255	3493.1524050439493
197563	3493.1524050439493
197872	3493.1524050439493
198181	3493.1524050439493
198488	3493.1524050439493
198796	3493.1524050439493
199105	3493.1524050439493
211407	3493.1524050439493
211715	3493.1524050439493
212026	3493.1524050439493
212334	3493.1524050439493
212642	3493.1524050439493
212950	3493.1524050439493
213258	3493.1524050439493
213568	3493.1524050439493
213879	3493.1524050439493
214188	3493.1524050439493
214498	3493.1524050439493
214808	3493.1524050439493
215118	3493.1524050439493
215426	3493.1524050439493
215734	3493.1524050439493
216040	3493.1524050439493
216348	3493.1524050439493
216654	3493.1524050439493
216961	3493.1524050439493
217269	3493.1524050439493
221116	3493.1524050439493
221425	3493.1524050439493
221734	3493.1524050439493
222045	3493.1524050439493
222356	3493.1524050439493
222666	3493.1524050439493
222977	3493.1524050439493
223285	3493.1524050439493
223594	3493.1524050439493
223902	3493.1524050439493
227646	3493.1524050439493
227953	3493.1524050439493
228261	3493.1524050439493
228571	3493.1524050439493
228880	3493.1524050439493
229189	3493.1524050439493
229495	3493.1524050439493
229804	3493.1524050439493
230110	3493.1524050439493
230418	3493.1524050439493
230725	3493.1524050439493
231033	3493.1524050439493
231340	3493.1524050439493
231648	3493.1524050439493
231954	3493.1524050439493
232263	3493.1524050439493
232571	3493.1524050439493
232880	3493.1524050439493
233189	3493.1524050439493
233501	3493.1524050439493
239962	3493.1524050439493
240270	3493.1524050439493
240579	3493.1524050439493
240889	3493.1524050439493
241199	3493.1524050439493
241509	3493.1524050439493
241818	3493.1524050439493
242127	3493.1524050439493
242434	3493.1524050439493
242742	3493.1524050439493
243051	3493.1524050439493
243357	3493.1524050439493
243664	3493.1524050439493
243972	3493.1524050439493
244281	3493.1524050439493
244590	3493.1524050439493
244898	3493.1524050439493
245209	3493.1524050439493
245517	3493.1524050439493
245826	3493.1524050439493
250332	3493.1524050439493
250639	3493.1524050439493
250946	3493.1524050439493
251254	3493.1524050439493
251563	3493.1524050439493
251870	3493.1524050439493
252179	3493.1524050439493
252487	3493.1524050439493
252796	3493.1524050439493
253106	3493.1524050439493
253417	3493.1524050439493
253727	3493.1524050439493
254035	3493.1524050439493
254344	3493.1524050439493
254652	3493.1524050439493
254963	3493.1524050439493
255271	3493.1524050439493
255579	3493.1524050439493
255887	3493.1524050439493
256195	3493.1524050439493
258661	3493.1524050439493
258969	3493.1524050439493
259277	3493.1524050439493
259586	3493.1524050439493
259895	3493.1524050439493
260205	3493.1524050439493
260513	3493.1524050439493
260820	3493.1524050439493
261128	3493.1524050439493
261435	3493.1524050439493
261744	3493.1524050439493
262053	3493.1524050439493
262361	3493.1524050439493
262670	3493.1524050439493
262979	3493.1524050439493
263288	3493.1524050439493
263597	3493.1524050439493
263905	3493.1524050439493
264213	3493.1524050439493
264520	3493.1524050439493
266832	3493.1524050439493
267138	3493.1524050439493
267445	3493.1524050439493
267751	3493.1524050439493
268057	3493.1524050439493
268364	3493.1524050439493
268671	3493.1524050439493
268981	3493.1524050439493
269290	3493.1524050439493
269600	3493.1524050439493
273003	3493.1524050439493
273313	3493.1524050439493
273622	3493.1524050439493
273933	3493.1524050439493
274242	3493.1524050439493
274555	3493.1524050439493
274866	3493.1524050439493
275178	3493.1524050439493
275491	3493.1524050439493
275801	3493.1524050439493
276110	3493.1524050439493
276418	3493.1524050439493
276725	3493.1524050439493
277032	3493.1524050439493
277341	3493.1524050439493
277647	3493.1524050439493
277957	3493.1524050439493
278266	3493.1524050439493
278576	3493.1524050439493
278886	3493.1524050439493
282822	3493.1524050439493
283130	3493.1524050439493
283437	3493.1524050439493
283745	3493.1524050439493
284053	3493.1524050439493
284360	3493.1524050439493
284669	3493.1524050439493
284976	3493.1524050439493
285285	3493.1524050439493
285594	3493.1524050439493
285902	3493.1524050439493
286210	3493.1524050439493
286517	3493.1524050439493
286825	3493.1524050439493
287134	3493.1524050439493
287443	3493.1524050439493
287751	3493.1524050439493
288058	3493.1524050439493
288365	3493.1524050439493
288673	3493.1524050439493
291279	3493.1524050439493
291585	3493.1524050439493
291892	3493.1524050439493
292198	3493.1524050439493
292506	3493.1524050439493
292815	3493.1524050439493
293124	3493.1524050439493
293435	3493.1524050439493
293744	3493.1524050439493
294052	3493.1524050439493
294361	3493.1524050439493
294672	3493.1524050439493
294984	3493.1524050439493
295294	3493.1524050439493
295602	3493.1524050439493
295913	3493.1524050439493
296225	3493.1524050439493
296537	3493.1524050439493
296848	3493.1524050439493
297159	3493.1524050439493
302449	3493.1524050439493
