300	10384.218870682262
618	10384.218870682262
933	9813.846729747209
1246	9813.846729747209
1558	9813.846729747209
1869	9813.846729747209
2176	9813.846729747209
2484	9316.811727242373
2791	9316.811727242373
3102	9191.514767217892
3411	9191.514767217892
3719	9191.514767217892
4027	9191.514767217892
4333	9191.514767217892
4640	9191.514767217892
4946	9191.514767217892
5253	9191.514767217892
5560	9191.514767217892
5866	9191.514767217892
6172	9191.514767217892
6479	9191.514767217892
6787	9191.514767217892
7094	9191.514767217892
7402	9191.514767217892
7709	9191.514767217892
8017	9191.514767217892
8326	9191.514767217892
8639	9191.514767217892
8949	9191.514767217892
9259	9191.514767217892
16230	5115.921111055353
21281	5115.790246386165
21591	5115.790246386165
21898	5115.790246386165
22207	5115.790246386165
22517	5115.790246386165
22824	5115.790246386165
23131	5115.790246386165
23440	5115.790246386165
23746	5115.790246386165
24053	5115.790246386165
24361	5115.790246386165
24668	5115.790246386165
24977	5115.790246386165
25287	5115.790246386165
25594	5115.790246386165
25903	5115.790246386165
26210	5115.790246386165
26517	5115.790246386165
26825	5115.790246386165
27133	5115.790246386165
30882	5115.790246386165
31190	5115.790246386165
31498	5115.790246386165
31805	5115.790246386165
32115	5115.790246386165
32426	5115.790246386165
32735	5115.790246386165
33042	5115.790246386165
33351	5115.790246386165
33660	5115.790246386165
33969	5115.790246386165
34279	5115.790246386165
34587	5115.790246386165
34896	5115.790246386165
35206	5115.790246386165
35513	5115.790246386165
35821	5115.790246386165
36130	5115.790246386165
36438	5115.790246386165
36746	5115.790246386165
43611	5115.790246386165
43920	5115.790246386165
44230	5115.790246386165
44538	5115.790246386165
44844	5115.790246386165
45154	5115.790246386165
45463	5115.790246386165
45772	5115.790246386165
46078	5115.790246386165
46386	5115.790246386165
46693	5115.790246386165
47002	5115.790246386165
47311	5115.790246386165
47619	5115.790246386165
47926	5115.790246386165
48234	5115.790246386165
48544	5115.790246386165
48854	5115.790246386165
49162	5115.790246386165
49470	5115.790246386165
52806	5115.790246386165
53113	5115.790246386165
53422	5115.790246386165
53730	5115.790246386165
54037	5115.790246386165
54344	5115.790246386165
54652	5115.790246386165
54959	5115.790246386165
55267	5115.790246386165
55575	5115.790246386165
55884	5115.790246386165
56194	5115.790246386165
56502	5115.790246386165
56813	5115.790246386165
57122	5115.790246386165
57432	5115.790246386165
57740	5115.790246386165
58048	5115.790246386165
58358	5115.790246386165
58667	5115.790246386165
64856	5115.790246386165
65164	5115.790246386165
65471	5115.790246386165
65780	5115.790246386165
66089	5115.790246386165
66402	5115.790246386165
66709	5115.790246386165
67016	5115.790246386165
67323	5115.790246386165
67631	5115.790246386165
67938	5115.790246386165
68245	5115.790246386165
68554	5115.790246386165
68862	5115.790246386165
69170	5115.790246386165
69479	5115.790246386165
69789	5115.790246386165
70098	5115.790246386165
70404	5115.790246386165
70711	5115.790246386165
72969	5115.790246386165
73279	5115.790246386165
73589	5115.790246386165
73897	5115.790246386165
74204	5115.790246386165
74512	5115.790246386165
74821	5115.790246386165
75133	5115.790246386165
75443	5115.790246386165
75753	5115.790246386165
81327	5115.790246386165
81635	5115.790246386165
81941	5115.790246386165
82249	5115.790246386165
82557	5115.790246386165
82866	5115.790246386165
83175	5115.790246386165
83484	5115.790246386165
83791	5115.790246386165
84098	5115.790246386165
84406	5115.790246386165
84715	5115.790246386165
85027	5115.790246386165
85338	5115.790246386165
85648	5115.790246386165
85956	5115.790246386165
86262	5115.790246386165
86570	5115.790246386165
86879	5115.790246386165
87187	5115.790246386165
89951	5034.980012307302
92724	5034.980011950111
93032	5034.980011950111
93338	5034.980011950111
93645	5034.980011950111
93954	5034.980011950111
94264	5034.980011950111
94574	5034.980011950111
94885	5034.980011950111
95193	5034.980011950111
95503	5034.980011950111
95810	5034.980011950111
96121	5034.980011950111
96434	5034.980011950111
96744	5034.980011950111
97055	5034.980011950111
97363	5034.980011950111
97670	5034.980011950111
97978	5034.980011950111
98287	5034.980011950111
103991	5034.980011950111
104300	5034.980011950111
104609	5034.980011950111
104918	5034.980011950111
105226	5034.980011950111
105533	5034.980011950111
105841	5034.980011950111
106149	5034.980011950111
106458	5034.980011950111
106766	5034.980011950111
107075	5034.980011950111
107383	5034.980011950111
107690	5034.980011950111
107998	5034.980011950111
108308	5034.980011950111
108618	5034.980011950111
108928	5034.980011950111
109235	5034.980011950111
109543	5034.980011950111
109851	5034.980011950111
114062	5034.980011950111
114372	5034.980011950111
114679	5034.980011950111
114986	5034.980011950111
115294	5034.980011950111
115602	5034.980011950111
115909	5034.980011950111
116218	5034.980011950111
116527	5034.980011950111
116836	5034.980011950111
117145	5034.980011950111
117451	5034.980011950111
117757	5034.980011950111
118066	5034.980011950111
118374	5034.980011950111
118683	5034.980011950111
118992	5034.980011950111
119306	5034.980011950111
119616	5034.980011950111
119923	5034.980011950111
122724	5034.980011950111
123031	5034.980011950111
123340	5034.980011950111
123651	5034.980011950111
123958	5034.980011950111
124265	5034.980011950111
124575	5034.980011950111
124886	5034.980011950111
125196	5034.980011950111
125505	5034.980011950111
125814	5034.980011950111
126123	5034.980011950111
126432	5034.980011950111
126740	5034.980011950111
127049	5034.980011950111
127360	5034.980011950111
127670	5034.980011950111
127978	5034.980011950111
128287	5034.980011950111
128600	5034.980011950111
133444	5034.980011950111
133751	5034.980011950111
134059	5034.980011950111
134369	5034.980011950111
134680	5034.980011950111
134989	5034.980011950111
135297	5034.980011950111
135605	5034.980011950111
135914	5034.980011950111
136224	5034.980011950111
136535	5034.980011950111
136844	5034.980011950111
137152	5034.980011950111
137463	5034.980011950111
137771	5034.980011950111
138077	5034.980011950111
138385	5034.980011950111
138693	5034.980011950111
139000	5034.980011950111
139307	5034.980011950111
144447	5034.980011950111
144755	5034.980011950111
145062	5034.980011950111
145371	5034.980011950111
145680	5034.980011950111
145990	5034.980011950111
146299	5034.980011950111
146607	5034.980011950111
146917	5034.980011950111
147227	5034.980011950111
149548	5034.980011950111
149856	5034.980011950111
150165	5034.980011950111
150474	5034.980011950111
150784	5034.980011950111
151095	5034.980011950111
151403	5034.980011950111
151712	5034.980011950111
152019	5034.980011950111
152327	5034.980011950111
152635	5034.980011950111
152943	5034.980011950111
153251	5034.980011950111
153558	5034.980011950111
153865	5034.980011950111
154171	5034.980011950111
154479	5034.980011950111
154786	5034.980011950111
155093	5034.980011950111
155402	5034.980011950111
160154	5034.980011950111
160462	5034.980011950111
160771	5034.980011950111
161080	5034.980011950111
161390	5034.980011950111
161699	5034.980011950111
162010	5034.980011950111
162321	5034.980011950111
162630	5034.980011950111
162939	5034.980011950111
163247	5034.980011950111
163555	5034.980011950111
163864	5034.980011950111
164171	5034.980011950111
164478	5034.980011950111
164787	5034.980011950111
165096	5034.980011950111
165408	5034.980011950111
165718	5034.980011950111
166028	5034.980011950111
168907	5034.980011950111
169215	5034.980011950111
169524	5034.980011950111
169831	5034.980011950111
170139	5034.980011950111
170448	5034.980011950111
170755	5034.980011950111
171061	5034.980011950111
171371	5034.980011950111
171679	5034.980011950111
171986	5034.980011950111
172295	5034.980011950111
172604	5034.980011950111
172912	5034.980011950111
173220	5034.980011950111
173527	5034.980011950111
173835	5034.980011950111
174143	5034.980011950111
174452	5034.980011950111
174761	5034.980011950111
177460	5034.980011950111
177771	5034.980011950111
178079	5034.980011950111
178388	5034.980011950111
178696	5034.980011950111
179003	5034.980011950111
179314	5034.980011950111
179624	5034.980011950111
179933	5034.980011950111
180240	5034.980011950111
180546	5034.980011950111
180854	5034.980011950111
181162	5034.980011950111
181471	5034.980011950111
181779	5034.980011950111
182088	5034.980011950111
182396	5034.980011950111
182705	5034.980011950111
183016	5034.980011950111
183325	5034.980011950111
185954	5034.980011950111
186260	5034.980011950111
186567	5034.980011950111
186876	5034.980011950111
187184	5034.980011950111
187492	5034.980011950111
187801	5034.980011950111
188109	5034.980011950111
188415	5034.980011950111
188723	5034.980011950111
193694	5034.980011950111
194001	5034.980011950111
194309	5034.980011950111
194618	5034.980011950111
194929	5034.980011950111
195239	5034.980011950111
195548	5034.980011950111
195858	5034.980011950111
196165	5034.980011950111
196475	5034.980011950111
196783	5034.980011950111
197091	5034.980011950111
197398	5034.980011950111
197708	5034.980011950111
198016	5034.980011950111
198325	5034.980011950111
198633	5034.980011950111
198941	5034.980011950111
199248	5034.980011950111
199556	5034.980011950111
205127	5034.980011950111
205437	5034.980011950111
205743	5034.980011950111
206049	5034.980011950111
206356	5034.980011950111
206662	5034.980011950111
206969	5034.980011950111
207278	5034.980011950111
207588	5034.980011950111
207899	5034.980011950111
208208	5034.980011950111
208516	5034.980011950111
208826	5034.980011950111
209133	5034.980011950111
209440	5034.980011950111
209749	5034.980011950111
210057	5034.980011950111
210367	5034.980011950111
210675	5034.980011950111
210983	5034.980011950111
213673	5034.980011950111
213982	5034.980011950111
214297	5034.980011950111
214607	5034.980011950111
214915	5034.980011950111
215223	5034.980011950111
215529	5034.980011950111
215837	5034.980011950111
216145	5034.980011950111
216453	5034.980011950111
216762	5034.980011950111
217072	5034.980011950111
217380	5034.980011950111
217691	5034.980011950111
218001	5034.980011950111
218310	5034.980011950111
218618	5034.980011950111
218925	5034.980011950111
219232	5034.980011950111
219539	5034.980011950111
222383	5034.980011950111
222690	5034.980011950111
222999	5034.980011950111
223312	5034.980011950111
223623	5034.980011950111
223930	5034.980011950111
224242	5034.980011950111
224549	5034.980011950111
224858	5034.980011950111
225168	5034.980011950111
225478	5034.980011950111
225789	5034.980011950111
226096	5034.980011950111
226405	5034.980011950111
226712	5034.980011950111
227022	5034.980011950111
227330	5034.980011950111
227638	5034.980011950111
227946	5034.980011950111
228253	5034.980011950111
232752	5034.980011950111
233060	5034.980011950111
233368	5034.980011950111
233676	5034.980011950111
233984	5034.980011950111
234292	5034.980011950111
234598	5034.980011950111
234908	5034.980011950111
235217	5034.980011950111
235526	5034.980011950111
238508	5034.980011950111
238816	5034.980011950111
239128	5034.980011950111
239437	5034.980011950111
239744	5034.980011950111
240054	5034.980011950111
240362	5034.980011950111
240672	5034.980011950111
240982	5034.980011950111
241292	5034.980011950111
241601	5034.980011950111
241911	5034.980011950111
242218	5034.980011950111
242530	5034.980011950111
242840	5034.980011950111
243147	5034.980011950111
243454	5034.980011950111
243763	5034.980011950111
244071	5034.980011950111
244378	5034.980011950111
247241	5034.980011950111
247549	5034.980011950111
247856	5034.980011950111
248165	5034.980011950111
248474	5034.980011950111
248782	5034.980011950111
249091	5034.980011950111
249401	5034.980011950111
249712	5034.980011950111
250022	5034.980011950111
250333	5034.980011950111
250640	5034.980011950111
250949	5034.980011950111
251258	5034.980011950111
251569	5034.980011950111
251878	5034.980011950111
252188	5034.980011950111
252496	5034.980011950111
252803	5034.980011950111
253113	5034.980011950111
255603	5034.980011950111
255913	5034.980011950111
256223	5034.980011950111
256530	5034.980011950111
256836	5034.980011950111
257145	5034.980011950111
257451	5034.980011950111
257758	5034.980011950111
258066	5034.980011950111
258373	5034.980011950111
258680	5034.980011950111
258988	5034.980011950111
259295	5034.980011950111
259603	5034.980011950111
259910	5034.980011950111
260218	5034.980011950111
260526	5034.980011950111
260836	5034.980011950111
261145	5034.980011950111
261455	5034.980011950111
264951	5034.980011950111
265261	5034.980011950111
265571	5034.980011950111
265879	5034.980011950111
266187	5034.980011950111
266496	5034.980011950111
266804	5034.980011950111
267113	5034.980011950111
267424	5034.980011950111
267734	5034.980011950111
268043	5034.980011950111
268352	5034.980011950111
268660	5034.980011950111
268969	5034.980011950111
269278	5034.980011950111
269588	5034.980011950111
269898	5034.980011950111
270208	5034.980011950111
270514	5034.980011950111
270822	5034.980011950111
275525	5034.980011950111
275831	5034.980011950111
276139	5034.980011950111
276450	5034.980011950111
276760	5034.980011950111
277071	5034.980011950111
277378	5034.980011950111
277684	5034.980011950111
277991	5034.980011950111
278298	5034.980011950111
281451	5034.980011950111
281760	5034.980011950111
282069	5034.980011950111
282377	5034.980011950111
282687	5034.980011950111
282994	5034.980011950111
283302	5034.980011950111
283609	5034.980011950111
283916	5034.980011950111
284222	5034.980011950111
284531	5034.980011950111
284840	5034.980011950111
285147	5034.980011950111
285455	5034.980011950111
285764	5034.980011950111
286076	5034.980011950111
286386	5034.980011950111
286696	5034.980011950111
287005	5034.980011950111
287312	5034.980011950111
291084	5034.980011950111
291394	5034.980011950111
291705	5034.980011950111
292017	5034.980011950111
292324	5034.980011950111
292633	5034.980011950111
292940	5034.980011950111
293247	5034.980011950111
293555	5034.980011950111
293863	5034.980011950111
294171	5034.980011950111
294479	5034.980011950111
294787	5034.980011950111
295095	5034.980011950111
295402	5034.980011950111
295711	5034.980011950111
296022	5034.980011950111
296334	5034.980011950111
296645	5034.980011950111
296954	5034.980011950111
303501	5034.980011950111
