300	9851.393631417683
616	9851.393631417683
928	9851.393631417683
1238	9697.193177301187
1550	9697.193177301187
1858	9697.193177301187
2165	9697.193177301187
2472	9697.193177301187
2780	9150.956286148785
3088	9150.956286148785
3394	9150.956286148785
3701	9150.956286148785
4007	9150.956286148785
4314	9150.956286148785
4620	9150.956286148785
4927	8942.495814388774
5236	8942.495814388774
5542	8942.495814388774
5848	8942.495814388774
6155	8942.495814388774
6463	8942.495814388774
6772	8942.495814388774
7080	8942.495814388774
7392	8942.495814388774
7702	8942.495814388774
8010	8942.495814388774
8318	8942.495814388774
8628	8942.495814388774
8936	8942.495814388774
9248	8942.495814388774
9557	8942.495814388774
9868	8942.495814388774
10175	8942.495814388774
10482	8942.495814388774
10790	8942.495814388774
11097	8942.495814388774
15720	4414.15588570896
21329	3993.9999044174165
21639	3993.9999044174165
21946	3993.9999044174165
22253	3993.9999044174165
22563	3993.9999044174165
22870	3993.9999044174165
23179	3993.9999044174165
23488	3993.9999044174165
23798	3993.9999044174165
24105	3993.9999044174165
24414	3993.9999044174165
24724	3993.9999044174165
25032	3993.9999044174165
25340	3993.9999044174165
25650	3993.9999044174165
25962	3993.9999044174165
26272	3993.9999044174165
26580	3993.9999044174165
26889	3993.9999044174165
27200	3993.9999044174165
27508	3993.9999044174165
27820	3993.9999044174165
28130	3993.9999044174165
28438	3993.9999044174165
30422	3993.9999044174165
30729	3993.9999044174165
31037	3993.9999044174165
31345	3993.9999044174165
31653	3993.9999044174165
31962	3993.9999044174165
32270	3993.9999044174165
32579	3993.9999044174165
32886	3993.9999044174165
33194	3993.9999044174165
33502	3993.9999044174165
33811	3993.9999044174165
34123	3993.9999044174165
34433	3993.9999044174165
34740	3993.9999044174165
35048	3993.9999044174165
35357	3993.9999044174165
35664	3993.9999044174165
35972	3993.9999044174165
36280	3993.9999044174165
38542	3993.9999044174165
38851	3993.9999044174165
39162	3993.9999044174165
39470	3993.9999044174165
39778	3993.9999044174165
40089	3993.9999044174165
40396	3993.9999044174165
40704	3993.9999044174165
41017	3993.9999044174165
41326	3993.9999044174165
41633	3993.9999044174165
41942	3993.9999044174165
42251	3993.9999044174165
42558	3993.9999044174165
42865	3993.9999044174165
43173	3993.9999044174165
43483	3993.9999044174165
43791	3993.9999044174165
44098	3993.9999044174165
44406	3993.9999044174165
48271	3993.9999044174165
48577	3993.9999044174165
48884	3993.9999044174165
49193	3993.9999044174165
49501	3993.9999044174165
49810	3993.9999044174165
50121	3993.9999044174165
50429	3993.9999044174165
50737	3993.9999044174165
51048	3993.9999044174165
53287	3993.9999044174165
53596	3993.9999044174165
53908	3993.9999044174165
54219	3993.9999044174165
54527	3993.9999044174165
54838	3993.9999044174165
55145	3993.9999044174165
55453	3993.9999044174165
55762	3993.9999044174165
56071	3993.9999044174165
56379	3993.9999044174165
56687	3993.9999044174165
56994	3993.9999044174165
57302	3993.9999044174165
57611	3993.9999044174165
57920	3993.9999044174165
58226	3993.9999044174165
58534	3993.9999044174165
58846	3993.9999044174165
59154	3993.9999044174165
61819	3993.9999044174165
62128	3993.9999044174165
62436	3993.9999044174165
62746	3993.9999044174165
63055	3993.9999044174165
63365	3993.9999044174165
63673	3993.9999044174165
63983	3993.9999044174165
64292	3993.9999044174165
64600	3993.9999044174165
64909	3993.9999044174165
65215	3993.9999044174165
65522	3993.9999044174165
65830	3993.9999044174165
66137	3993.9999044174165
66444	3993.9999044174165
66750	3993.9999044174165
67059	3993.9999044174165
67366	3993.9999044174165
67674	3993.9999044174165
74541	3993.9999044174165
74851	3993.9999044174165
75159	3993.9999044174165
75467	3993.9999044174165
75775	3993.9999044174165
76087	3993.9999044174165
76395	3993.9999044174165
76705	3993.9999044174165
77014	3993.9999044174165
77327	3993.9999044174165
77638	3993.9999044174165
77947	3993.9999044174165
78257	3993.9999044174165
78566	3993.9999044174165
78874	3993.9999044174165
79180	3993.9999044174165
79488	3993.9999044174165
79798	3993.9999044174165
80108	3993.9999044174165
80415	3993.9999044174165
82618	3993.9999044174165
82928	3993.9999044174165
83236	3993.9999044174165
83543	3993.9999044174165
83850	3993.9999044174165
84157	3993.9999044174165
84468	3993.9999044174165
84777	3993.9999044174165
85085	3993.9999044174165
85392	3993.9999044174165
85701	3993.9999044174165
86010	3993.9999044174165
86318	3993.9999044174165
86625	3993.9999044174165
86933	3993.9999044174165
87241	3993.9999044174165
87549	3993.9999044174165
87857	3993.9999044174165
88166	3993.9999044174165
88473	3993.9999044174165
90858	3993.9999044174165
91168	3993.9999044174165
91478	3993.9999044174165
91789	3993.9999044174165
92103	3993.9999044174165
92410	3993.9999044174165
92720	3993.9999044174165
93030	3993.9999044174165
93337	3993.9999044174165
93645	3993.9999044174165
97122	3993.9999044174165
97428	3993.9999044174165
97734	3993.9999044174165
98041	3993.9999044174165
98351	3993.9999044174165
98660	3993.9999044174165
98971	3993.9999044174165
99281	3993.9999044174165
99589	3993.9999044174165
99898	3993.9999044174165
100208	3993.9999044174165
100516	3993.9999044174165
100825	3993.9999044174165
101132	3993.9999044174165
101441	3993.9999044174165
101747	3993.9999044174165
102054	3993.9999044174165
102363	3993.9999044174165
102673	3993.9999044174165
102982	3993.9999044174165
106628	3993.9999044174165
106936	3993.9999044174165
107242	3993.9999044174165
107549	3993.9999044174165
107858	3993.9999044174165
108166	3993.9999044174165
108475	3993.9999044174165
108786	3993.9999044174165
109094	3993.9999044174165
109402	3993.9999044174165
109711	3993.9999044174165
110021	3993.9999044174165
110331	3993.9999044174165
110641	3993.9999044174165
110950	3993.9999044174165
111258	3993.9999044174165
111566	3993.9999044174165
111875	3993.9999044174165
112182	3993.9999044174165
112491	3993.9999044174165
114879	3993.9999044174165
115186	3993.9999044174165
115492	3993.9999044174165
115798	3993.9999044174165
116107	3993.9999044174165
116416	3993.9999044174165
116726	3993.9999044174165
117032	3993.9999044174165
117340	3993.9999044174165
117651	3993.9999044174165
117960	3993.9999044174165
118270	3993.9999044174165
118581	3993.9999044174165
118892	3993.9999044174165
119201	3993.9999044174165
119509	3993.9999044174165
119818	3993.9999044174165
120129	3993.9999044174165
120440	3993.9999044174165
120753	3993.9999044174165
123278	3993.9999044174165
123588	3993.9999044174165
123895	3993.9999044174165
124203	3993.9999044174165
124511	3993.9999044174165
124819	3993.9999044174165
125127	3993.9999044174165
125435	3993.9999044174165
125742	3993.9999044174165
126049	3993.9999044174165
126358	3993.9999044174165
126666	3993.9999044174165
126976	3993.9999044174165
127286	3993.9999044174165
127597	3993.9999044174165
127907	3993.9999044174165
128215	3993.9999044174165
128526	3993.9999044174165
128833	3993.9999044174165
129140	3993.9999044174165
132831	3993.9999044174165
133140	3993.9999044174165
133451	3993.9999044174165
133760	3993.9999044174165
134069	3993.9999044174165
134377	3993.9999044174165
134686	3993.9999044174165
134996	3993.9999044174165
135304	3993.9999044174165
135612	3993.9999044174165
137955	3993.9999044174165
138262	3993.9999044174165
138568	3993.9999044174165
138878	3993.9999044174165
139187	3993.9999044174165
139496	3993.9999044174165
139806	3993.9999044174165
140112	3993.9999044174165
140422	3993.9999044174165
140732	3993.9999044174165
141041	3993.9999044174165
141350	3993.9999044174165
141658	3993.9999044174165
141968	3993.9999044174165
142279	3993.9999044174165
142587	3993.9999044174165
142896	3993.9999044174165
143207	3993.9999044174165
143517	3993.9999044174165
143824	3993.9999044174165
146141	3993.9999044174165
146452	3993.9999044174165
146763	3993.9999044174165
147071	3993.9999044174165
147382	3993.9999044174165
147692	3993.9999044174165
148001	3993.9999044174165
148312	3993.9999044174165
148621	3993.9999044174165
148929	3993.9999044174165
149239	3993.9999044174165
149549	3993.9999044174165
149855	3993.9999044174165
150162	3993.9999044174165
150472	3993.9999044174165
150780	3993.9999044174165
151087	3993.9999044174165
151395	3993.9999044174165
151701	3993.9999044174165
152009	3993.9999044174165
154705	3993.9999044174165
155016	3993.9999044174165
155323	3993.9999044174165
155631	3993.9999044174165
155938	3993.9999044174165
156245	3993.9999044174165
156552	3993.9999044174165
156859	3993.9999044174165
157170	3993.9999044174165
157481	3993.9999044174165
157789	3993.9999044174165
158097	3993.9999044174165
158409	3993.9999044174165
158720	3993.9999044174165
159031	3993.9999044174165
159341	3993.9999044174165
159652	3993.9999044174165
159960	3993.9999044174165
160270	3993.9999044174165
160578	3993.9999044174165
162392	3993.9999044174165
162700	3993.9999044174165
163009	3993.9999044174165
163320	3993.9999044174165
163631	3993.9999044174165
163941	3993.9999044174165
164250	3993.9999044174165
164559	3993.9999044174165
164866	3993.9999044174165
165177	3993.9999044174165
165485	3993.9999044174165
165795	3993.9999044174165
166104	3993.9999044174165
166412	3993.9999044174165
166720	3993.9999044174165
167029	3993.9999044174165
167335	3993.9999044174165
167641	3993.9999044174165
167948	3993.9999044174165
168255	3993.9999044174165
170716	3993.9999044174165
171023	3993.9999044174165
171331	3993.9999044174165
171639	3993.9999044174165
171947	3993.9999044174165
172257	3993.9999044174165
172566	3993.9999044174165
172876	3993.9999044174165
173183	3993.9999044174165
173490	3993.9999044174165
175762	3993.9999044174165
176071	3993.9999044174165
176380	3993.9999044174165
176691	3993.9999044174165
177004	3993.9999044174165
177313	3993.9999044174165
177626	3993.9999044174165
177938	3993.9999044174165
178249	3993.9999044174165
178559	3993.9999044174165
178865	3993.9999044174165
179172	3993.9999044174165
179481	3993.9999044174165
179792	3993.9999044174165
180099	3993.9999044174165
180408	3993.9999044174165
180716	3993.9999044174165
181025	3993.9999044174165
181331	3993.9999044174165
181637	3993.9999044174165
183843	3993.9999044174165
184151	3993.9999044174165
184458	3993.9999044174165
184766	3993.9999044174165
185073	3993.9999044174165
185380	3993.9999044174165
185687	3993.9999044174165
185996	3993.9999044174165
186302	3993.9999044174165
186609	3993.9999044174165
186918	3993.9999044174165
187226	3993.9999044174165
187535	3993.9999044174165
187846	3993.9999044174165
188158	3993.9999044174165
188468	3993.9999044174165
188778	3993.9999044174165
189089	3993.9999044174165
189400	3993.9999044174165
189713	3993.9999044174165
191468	3993.9999044174165
191780	3993.9999044174165
192092	3993.9999044174165
192402	3993.9999044174165
192710	3993.9999044174165
193018	3993.9999044174165
193327	3993.9999044174165
193635	3993.9999044174165
193943	3993.9999044174165
194257	3993.9999044174165
194564	3993.9999044174165
194873	3993.9999044174165
195181	3993.9999044174165
195491	3993.9999044174165
195798	3993.9999044174165
196106	3993.9999044174165
196412	3993.9999044174165
196718	3993.9999044174165
197027	3993.9999044174165
197333	3993.9999044174165
201428	3993.9999044174165
201735	3993.9999044174165
202045	3993.9999044174165
202354	3993.9999044174165
202662	3993.9999044174165
202972	3993.9999044174165
203280	3993.9999044174165
203590	3993.9999044174165
203898	3993.9999044174165
204208	3993.9999044174165
204517	3993.9999044174165
204828	3993.9999044174165
205135	3993.9999044174165
205444	3993.9999044174165
205753	3993.9999044174165
206060	3993.9999044174165
206370	3993.9999044174165
206678	3993.9999044174165
206986	3993.9999044174165
207293	3993.9999044174165
213194	3993.9999044174165
213504	3993.9999044174165
213816	3993.9999044174165
214130	3993.9999044174165
214439	3993.9999044174165
214747	3993.9999044174165
215054	3993.9999044174165
215361	3993.9999044174165
215670	3993.9999044174165
215977	3993.9999044174165
221130	3993.9999044174165
221440	3993.9999044174165
221750	3993.9999044174165
222058	3993.9999044174165
222366	3993.9999044174165
222675	3993.9999044174165
222986	3993.9999044174165
223295	3993.9999044174165
223604	3993.9999044174165
223913	3993.9999044174165
224221	3993.9999044174165
224529	3993.9999044174165
224836	3993.9999044174165
225143	3993.9999044174165
225450	3993.9999044174165
225757	3993.9999044174165
226065	3993.9999044174165
226374	3993.9999044174165
226683	3993.9999044174165
226992	3993.9999044174165
231148	3993.9999044174165
231456	3993.9999044174165
231766	3993.9999044174165
232074	3993.9999044174165
232383	3993.9999044174165
232691	3993.9999044174165
232998	3993.9999044174165
233305	3993.9999044174165
233614	3993.9999044174165
233924	3993.9999044174165
234235	3993.9999044174165
234544	3993.9999044174165
234853	3993.9999044174165
235160	3993.9999044174165
235468	3993.9999044174165
235777	3993.9999044174165
236084	3993.9999044174165
236392	3993.9999044174165
236700	3993.9999044174165
237008	3993.9999044174165
239936	3993.9999044174165
240245	3993.9999044174165
240556	3993.9999044174165
240866	3993.9999044174165
241177	3993.9999044174165
241486	3993.9999044174165
241796	3993.9999044174165
242105	3993.9999044174165
242414	3993.9999044174165
242725	3993.9999044174165
243039	3993.9999044174165
243350	3993.9999044174165
243662	3993.9999044174165
243970	3993.9999044174165
244278	3993.9999044174165
244586	3993.9999044174165
244895	3993.9999044174165
245205	3993.9999044174165
245513	3993.9999044174165
245821	3993.9999044174165
248532	3993.9999044174165
248840	3993.9999044174165
249146	3993.9999044174165
249454	3993.9999044174165
249763	3993.9999044174165
250071	3993.9999044174165
250381	3993.9999044174165
250691	3993.9999044174165
251004	3993.9999044174165
251315	3993.9999044174165
251624	3993.9999044174165
251935	3993.9999044174165
252245	3993.9999044174165
252552	3993.9999044174165
252861	3993.9999044174165
253169	3993.9999044174165
253477	3993.9999044174165
253785	3993.9999044174165
254095	3993.9999044174165
254404	3993.9999044174165
258196	3993.9999044174165
258505	3993.9999044174165
258814	3993.9999044174165
259122	3993.9999044174165
259432	3993.9999044174165
259740	3993.9999044174165
260053	3993.9999044174165
260363	3993.9999044174165
260674	3993.9999044174165
260985	3993.9999044174165
264873	3993.9999044174165
265184	3993.9999044174165
265499	3993.9999044174165
265809	3993.9999044174165
266120	3993.9999044174165
266426	3993.9999044174165
266735	3993.9999044174165
267045	3993.9999044174165
267354	3993.9999044174165
267664	3993.9999044174165
267973	3993.9999044174165
268284	3993.9999044174165
268591	3993.9999044174165
268898	3993.9999044174165
269209	3993.9999044174165
269519	3993.9999044174165
269830	3993.9999044174165
270138	3993.9999044174165
270447	3993.9999044174165
270757	3993.9999044174165
272939	3993.9999044174165
273247	3993.9999044174165
273558	3993.9999044174165
273867	3993.9999044174165
274175	3993.9999044174165
274482	3993.9999044174165
274788	3993.9999044174165
275096	3993.9999044174165
275406	3993.9999044174165
275714	3993.9999044174165
276022	3993.9999044174165
276330	3993.9999044174165
276638	3993.9999044174165
276948	3993.9999044174165
277257	3993.9999044174165
277565	3993.9999044174165
277875	3993.9999044174165
278182	3993.9999044174165
278490	3993.9999044174165
278798	3993.9999044174165
280331	3993.9999044174165
280639	3993.9999044174165
280946	3993.9999044174165
281255	3993.9999044174165
281564	3993.9999044174165
281876	3993.9999044174165
282184	3993.9999044174165
282490	3993.9999044174165
282800	3993.9999044174165
283109	3993.9999044174165
283422	3993.9999044174165
283733	3993.9999044174165
284043	3993.9999044174165
284351	3993.9999044174165
284658	3993.9999044174165
284968	3993.9999044174165
285276	3993.9999044174165
285587	3993.9999044174165
285898	3993.9999044174165
286206	3993.9999044174165
288001	3993.9999044174165
288307	3993.9999044174165
288614	3993.9999044174165
288921	3993.9999044174165
289229	3993.9999044174165
289538	3993.9999044174165
289847	3993.9999044174165
290156	3993.9999044174165
290467	3993.9999044174165
290777	3993.9999044174165
291086	3993.9999044174165
291395	3993.9999044174165
291703	3993.9999044174165
292011	3993.9999044174165
292319	3993.9999044174165
292626	3993.9999044174165
292933	3993.9999044174165
293241	3993.9999044174165
293549	3993.9999044174165
293857	3993.9999044174165
298765	3993.9999044174165
299073	3993.9999044174165
299380	3993.9999044174165
299689	3993.9999044174165
299997	3993.9999044174165
300306	3993.9999044174165
