300	9919.753492983637
621	9919.753492983637
932	9919.753492983637
1247	9919.753492983637
1556	9528.515702172841
1864	9528.515702172841
2171	9528.515702172841
2478	9528.515702172841
2786	9528.515702172841
3094	9528.515702172841
3403	9528.515702172841
3711	9528.515702172841
4018	9528.515702172841
4327	9528.515702172841
4633	9528.515702172841
4941	9528.515702172841
5247	9528.515702172841
5553	9528.515702172841
5859	9528.515702172841
6165	9528.515702172841
6473	9528.515702172841
6779	9528.515702172841
7089	9344.599237032278
7398	9344.599237032278
7706	9344.599237032278
8014	9344.599237032278
8324	9344.599237032278
8634	9344.599237032278
8942	9344.599237032278
9250	9344.599237032278
9558	9344.599237032278
9866	9344.599237032278
10175	9344.599237032278
10482	9344.599237032278
10789	9344.599237032278
11097	9344.599237032278
11408	9344.599237032278
11716	9344.599237032278
12024	9344.599237032278
12332	9344.599237032278
12639	9344.599237032278
12948	9344.599237032278
18271	5452.096603717192
20946	5452.096603571191
21255	5452.096603571191
21566	5452.096603571191
21875	5452.096603571191
22182	5452.096603571191
22489	5452.096603571191
22797	5452.096603571191
23104	5452.096603571191
23411	5452.096603571191
23718	5452.096603571191
24025	5452.096603571191
24333	5452.096603571191
24639	5452.096603571191
24946	5452.096603571191
25256	5452.096603571191
25566	5452.096603571191
25875	5452.096603571191
26184	5452.096603571191
26492	5452.096603571191
26800	5452.096603571191
27110	5452.096603571191
27421	5452.096603571191
27730	5452.096603571191
28041	5452.096603571191
28352	5452.096603571191
28663	5452.096603571191
28973	5452.096603571191
29283	5452.096603571191
31964	5452.096603571191
32273	5452.096603571191
32582	5452.096603571191
32889	5452.096603571191
33196	5452.096603571191
33505	5452.096603571191
33811	5452.096603571191
34117	5452.096603571191
34424	5452.096603571191
34732	5452.096603571191
36556	5452.096603571191
36863	5452.096603571191
37171	5452.096603571191
37478	5452.096603571191
37786	5452.096603571191
38096	5452.096603571191
38406	5452.096603571191
38713	5452.096603571191
39020	5452.096603571191
39329	5452.096603571191
39636	5452.096603571191
39945	5452.096603571191
40257	5452.096603571191
40569	5452.096603571191
40878	5452.096603571191
41185	5452.096603571191
41494	5452.096603571191
41802	5452.096603571191
42108	5452.096603571191
42416	5452.096603571191
47038	5452.096603571191
47345	5452.096603571191
47651	5452.096603571191
47958	5452.096603571191
48264	5452.096603571191
48570	5452.096603571191
48878	5452.096603571191
49188	5452.096603571191
49496	5452.096603571191
49805	5452.096603571191
50114	5452.096603571191
50422	5452.096603571191
50731	5452.096603571191
51040	5452.096603571191
51352	5452.096603571191
51661	5452.096603571191
51971	5452.096603571191
52283	5452.096603571191
52593	5452.096603571191
52902	5452.096603571191
55354	5452.096603571191
55665	5452.096603571191
55973	5452.096603571191
56280	5452.096603571191
56588	5452.096603571191
56895	5452.096603571191
57202	5452.096603571191
57509	5452.096603571191
57817	5452.096603571191
58124	5452.096603571191
58433	5452.096603571191
58743	5452.096603571191
59052	5452.096603571191
59360	5452.096603571191
59669	5452.096603571191
59981	5452.096603571191
60291	5452.096603571191
60599	5452.096603571191
60910	5452.096603571191
61219	5452.096603571191
63314	4696.4502089612815
67180	4696.450207663509
67489	4696.450207663509
67798	4696.450207663509
68108	4696.450207663509
68416	4696.450207663509
68725	4696.450207663509
69034	4696.450207663509
69342	4696.450207663509
69649	4696.450207663509
69957	4696.450207663509
70266	4696.450207663509
70574	4696.450207663509
70880	4696.450207663509
71186	4696.450207663509
71493	4696.450207663509
71801	4696.450207663509
72108	4696.450207663509
72418	4696.450207663509
72727	4696.450207663509
74269	4696.450207663509
74577	4696.450207663509
74885	4696.450207663509
75194	4696.450207663509
75503	4696.450207663509
75811	4696.450207663509
76122	4696.450207663509
76428	4696.450207663509
76736	4696.450207663509
77042	4696.450207663509
77349	4696.450207663509
77659	4696.450207663509
77969	4696.450207663509
78277	4696.450207663509
78585	4696.450207663509
78892	4696.450207663509
79201	4696.450207663509
79510	4696.450207663509
79818	4696.450207663509
80128	4696.450207663509
85062	4696.450207663509
85373	4696.450207663509
85680	4696.450207663509
85988	4696.450207663509
86294	4696.450207663509
86602	4696.450207663509
86909	4696.450207663509
87218	4696.450207663509
87526	4696.450207663509
87835	4696.450207663509
88143	4696.450207663509
88452	4696.450207663509
88762	4696.450207663509
89071	4696.450207663509
89379	4696.450207663509
89688	4696.450207663509
89995	4696.450207663509
90304	4696.450207663509
90612	4696.450207663509
90921	4696.450207663509
98614	4696.450207663509
98921	4696.450207663509
99230	4696.450207663509
99540	4696.450207663509
99848	4696.450207663509
100154	4696.450207663509
100461	4696.450207663509
100770	4696.450207663509
101080	4696.450207663509
101389	4696.450207663509
101701	4696.450207663509
102009	4696.450207663509
102320	4696.450207663509
102629	4696.450207663509
102936	4696.450207663509
103242	4696.450207663509
103548	4696.450207663509
103855	4696.450207663509
104164	4696.450207663509
104475	4696.450207663509
109693	4696.450207663509
110001	4696.450207663509
110311	4696.450207663509
110618	4696.450207663509
110926	4696.450207663509
111233	4696.450207663509
111541	4696.450207663509
111852	4696.450207663509
112161	4696.450207663509
112469	4696.450207663509
112779	4696.450207663509
113087	4696.450207663509
113396	4696.450207663509
113704	4696.450207663509
114014	4696.450207663509
114321	4696.450207663509
114630	4696.450207663509
114937	4696.450207663509
115246	4696.450207663509
115552	4696.450207663509
117358	4696.450207663509
117666	4696.450207663509
117972	4696.450207663509
118280	4696.450207663509
118592	4696.450207663509
118901	4696.450207663509
119209	4696.450207663509
119516	4696.450207663509
119825	4696.450207663509
120133	4696.450207663509
123410	4696.450207663509
123723	4696.450207663509
124033	4696.450207663509
124343	4696.450207663509
124650	4696.450207663509
124957	4696.450207663509
125265	4696.450207663509
125577	4696.450207663509
125885	4696.450207663509
126194	4696.450207663509
126504	4696.450207663509
126814	4696.450207663509
127125	4696.450207663509
127434	4696.450207663509
127741	4696.450207663509
128051	4696.450207663509
128360	4696.450207663509
128667	4696.450207663509
128975	4696.450207663509
129283	4696.450207663509
133110	4696.450207663509
133417	4696.450207663509
133726	4696.450207663509
134034	4696.450207663509
134343	4696.450207663509
134655	4696.450207663509
134963	4696.450207663509
135271	4696.450207663509
135579	4696.450207663509
135886	4696.450207663509
136197	4696.450207663509
136504	4696.450207663509
136810	4696.450207663509
137120	4696.450207663509
137429	4696.450207663509
137737	4696.450207663509
138045	4696.450207663509
138353	4696.450207663509
138662	4696.450207663509
138971	4696.450207663509
142200	4696.450207663509
142507	4696.450207663509
142814	4696.450207663509
143121	4696.450207663509
143429	4696.450207663509
143737	4696.450207663509
144047	4696.450207663509
144357	4696.450207663509
144666	4696.450207663509
144975	4696.450207663509
145284	4696.450207663509
145592	4696.450207663509
145904	4696.450207663509
146213	4696.450207663509
146522	4696.450207663509
146832	4696.450207663509
147141	4696.450207663509
147451	4696.450207663509
147758	4696.450207663509
148066	4696.450207663509
151794	4696.450207663509
152103	4696.450207663509
152411	4696.450207663509
152718	4696.450207663509
153024	4696.450207663509
153332	4696.450207663509
153641	4696.450207663509
153948	4696.450207663509
154255	4696.450207663509
154563	4696.450207663509
154869	4696.450207663509
155176	4696.450207663509
155483	4696.450207663509
155792	4696.450207663509
156099	4696.450207663509
156408	4696.450207663509
156718	4696.450207663509
157025	4696.450207663509
157333	4696.450207663509
157643	4696.450207663509
159555	4696.450207663509
159863	4696.450207663509
160174	4696.450207663509
160485	4696.450207663509
160796	4696.450207663509
161105	4696.450207663509
161415	4696.450207663509
161724	4696.450207663509
162034	4696.450207663509
162342	4696.450207663509
165577	4696.450207663509
165885	4696.450207663509
166194	4696.450207663509
166500	4696.450207663509
166807	4696.450207663509
167114	4696.450207663509
167424	4696.450207663509
167732	4696.450207663509
168042	4696.450207663509
168351	4696.450207663509
168660	4696.450207663509
168968	4696.450207663509
169277	4696.450207663509
169585	4696.450207663509
169894	4696.450207663509
170204	4696.450207663509
170513	4696.450207663509
170823	4696.450207663509
171130	4696.450207663509
171437	4696.450207663509
173921	4696.450207663509
174229	4696.450207663509
174541	4696.450207663509
174852	4696.450207663509
175160	4696.450207663509
175466	4696.450207663509
175773	4696.450207663509
176083	4696.450207663509
176391	4696.450207663509
176698	4696.450207663509
177006	4696.450207663509
177313	4696.450207663509
177622	4696.450207663509
177931	4696.450207663509
178241	4696.450207663509
178550	4696.450207663509
178860	4696.450207663509
179170	4696.450207663509
179479	4696.450207663509
179790	4696.450207663509
183988	4696.450207663509
184296	4696.450207663509
184604	4696.450207663509
184911	4696.450207663509
185221	4696.450207663509
185530	4696.450207663509
185838	4696.450207663509
186145	4696.450207663509
186453	4696.450207663509
186760	4696.450207663509
187067	4696.450207663509
187376	4696.450207663509
187684	4696.450207663509
187993	4696.450207663509
188300	4696.450207663509
188607	4696.450207663509
188914	4696.450207663509
189222	4696.450207663509
189531	4696.450207663509
189838	4696.450207663509
194660	4696.450207663509
194971	4696.450207663509
195281	4696.450207663509
195592	4696.450207663509
195900	4696.450207663509
196208	4696.450207663509
196518	4696.450207663509
196826	4696.450207663509
197132	4696.450207663509
197442	4696.450207663509
197751	4696.450207663509
198059	4696.450207663509
198369	4696.450207663509
198677	4696.450207663509
198984	4696.450207663509
199292	4696.450207663509
199598	4696.450207663509
199905	4696.450207663509
200213	4696.450207663509
200522	4696.450207663509
203523	4696.450207663509
203832	4696.450207663509
204142	4696.450207663509
204451	4696.450207663509
204761	4696.450207663509
205070	4696.450207663509
205377	4696.450207663509
205685	4696.450207663509
205995	4696.450207663509
206303	4696.450207663509
209622	4696.450207663509
209931	4696.450207663509
210238	4696.450207663509
210547	4696.450207663509
210858	4696.450207663509
211165	4696.450207663509
211474	4696.450207663509
211783	4696.450207663509
212093	4696.450207663509
212401	4696.450207663509
212710	4696.450207663509
213018	4696.450207663509
213328	4696.450207663509
213638	4696.450207663509
213947	4696.450207663509
214256	4696.450207663509
214568	4696.450207663509
214878	4696.450207663509
215185	4696.450207663509
215495	4696.450207663509
217777	4696.450207663509
218085	4696.450207663509
218393	4696.450207663509
218701	4696.450207663509
219008	4696.450207663509
219317	4696.450207663509
219625	4696.450207663509
219933	4696.450207663509
220239	4696.450207663509
220549	4696.450207663509
220856	4696.450207663509
221162	4696.450207663509
221469	4696.450207663509
221776	4696.450207663509
222083	4696.450207663509
222391	4696.450207663509
222698	4696.450207663509
223006	4696.450207663509
223315	4696.450207663509
223624	4696.450207663509
228422	4696.450207663509
228731	4696.450207663509
229041	4696.450207663509
229350	4696.450207663509
229657	4696.450207663509
229968	4696.450207663509
230277	4696.450207663509
230586	4696.450207663509
230897	4696.450207663509
231206	4696.450207663509
231514	4696.450207663509
231823	4696.450207663509
232130	4696.450207663509
232440	4696.450207663509
232754	4696.450207663509
233064	4696.450207663509
233375	4696.450207663509
233683	4696.450207663509
233990	4696.450207663509
234299	4696.450207663509
238743	4696.450207663509
239050	4696.450207663509
239356	4696.450207663509
239664	4696.450207663509
239975	4696.450207663509
240284	4696.450207663509
240593	4696.450207663509
240902	4696.450207663509
241213	4696.450207663509
241519	4696.450207663509
241828	4696.450207663509
242136	4696.450207663509
242444	4696.450207663509
242753	4696.450207663509
243061	4696.450207663509
243373	4696.450207663509
243686	4696.450207663509
243997	4696.450207663509
244307	4696.450207663509
244617	4696.450207663509
246853	4696.450207663509
247161	4696.450207663509
247470	4696.450207663509
247777	4696.450207663509
248083	4696.450207663509
248389	4696.450207663509
248696	4696.450207663509
249006	4696.450207663509
249315	4696.450207663509
249626	4696.450207663509
253080	4696.450207663509
253387	4696.450207663509
253694	4696.450207663509
254003	4696.450207663509
254311	4696.450207663509
254623	4696.450207663509
254932	4696.450207663509
255241	4696.450207663509
255550	4696.450207663509
255859	4696.450207663509
256168	4696.450207663509
256477	4696.450207663509
256788	4696.450207663509
257100	4696.450207663509
257409	4696.450207663509
257717	4696.450207663509
258023	4696.450207663509
258330	4696.450207663509
258638	4696.450207663509
258947	4696.450207663509
263725	4696.450207663509
264033	4696.450207663509
264341	4696.450207663509
264650	4696.450207663509
264958	4696.450207663509
265268	4696.450207663509
265575	4696.450207663509
265883	4696.450207663509
266191	4696.450207663509
266499	4696.450207663509
266809	4696.450207663509
267116	4696.450207663509
267423	4696.450207663509
267731	4696.450207663509
268040	4696.450207663509
268352	4696.450207663509
268663	4696.450207663509
268971	4696.450207663509
269279	4696.450207663509
269586	4696.450207663509
271064	4696.450207663509
271375	4696.450207663509
271683	4696.450207663509
271990	4696.450207663509
272296	4696.450207663509
272604	4696.450207663509
272911	4696.450207663509
273217	4696.450207663509
273524	4696.450207663509
273831	4696.450207663509
274139	4696.450207663509
274448	4696.450207663509
274755	4696.450207663509
275063	4696.450207663509
275371	4696.450207663509
275679	4696.450207663509
275986	4696.450207663509
276294	4696.450207663509
276604	4696.450207663509
276914	4696.450207663509
281190	4696.450207663509
281499	4696.450207663509
281810	4696.450207663509
282120	4696.450207663509
282431	4696.450207663509
282739	4696.450207663509
283051	4696.450207663509
283361	4696.450207663509
283669	4696.450207663509
283976	4696.450207663509
284283	4696.450207663509
284590	4696.450207663509
284900	4696.450207663509
285210	4696.450207663509
285518	4696.450207663509
285828	4696.450207663509
286137	4696.450207663509
286445	4696.450207663509
286754	4696.450207663509
287062	4696.450207663509
288929	4696.450207663509
289237	4696.450207663509
289545	4696.450207663509
289855	4696.450207663509
290164	4696.450207663509
290471	4696.450207663509
290777	4696.450207663509
291086	4696.450207663509
291394	4696.450207663509
291702	4696.450207663509
295447	4696.450207663509
295754	4696.450207663509
296061	4696.450207663509
296368	4696.450207663509
296677	4696.450207663509
296985	4696.450207663509
297293	4696.450207663509
297605	4696.450207663509
297912	4696.450207663509
298223	4696.450207663509
298532	4696.450207663509
298844	4696.450207663509
299152	4696.450207663509
299461	4696.450207663509
299770	4696.450207663509
300076	4696.450207663509
