300	10116.394971410275
620	9980.382855020762
932	9980.382855020762
1243	9980.382855020762
1553	9980.382855020762
1864	9818.830695653578
2173	9579.096618122465
2480	9579.096618122465
2787	9579.096618122465
3100	9272.232358291913
3408	9272.232358291913
3716	9272.232358291913
4022	9272.232358291913
4329	9272.232358291913
4635	9272.232358291913
4942	9272.232358291913
5249	9272.232358291913
5558	9075.339441681925
5865	9075.339441681925
6171	9075.339441681925
6477	9075.339441681925
6784	9075.339441681925
7091	9075.339441681925
7399	9075.339441681925
7706	9075.339441681925
8012	9075.339441681925
8318	9075.339441681925
8626	9075.339441681925
8933	9075.339441681925
9242	8427.936398961469
9552	8427.936398961469
9862	8427.936398961469
10175	8427.936398961469
10487	8427.936398961469
10796	8427.936398961469
11105	8427.936398961469
11414	8427.936398961469
11722	8427.936398961469
12030	8427.936398961469
12340	8427.936398961469
12647	8427.936398961469
12954	8427.936398961469
13261	8427.936398961469
13570	8427.936398961469
13877	8427.936398961469
14187	8427.936398961469
14494	8427.936398961469
14803	8427.936398961469
15109	8427.936398961469
15415	8427.936398961469
20057	5534.547715155938
24371	5534.547708770277
24682	5534.547708770277
24992	5534.547708770277
25300	5534.547708770277
25611	5534.547708770277
25920	5534.547708770277
26229	5534.547708770277
26537	5534.547708770277
26847	5534.547708770277
27156	5534.547708770277
27463	5534.547708770277
27771	5534.547708770277
28077	5534.547708770277
28385	5534.547708770277
28693	5534.547708770277
29002	5534.547708770277
29309	5534.547708770277
29619	5534.547708770277
29928	5534.547708770277
30236	5534.547708770277
31351	4988.3391730116655
35578	4988.339170280487
35889	4988.339170280487
36198	4988.339170280487
36505	4988.339170280487
36817	4988.339170280487
37132	4988.339170280487
37443	4988.339170280487
37753	4988.339170280487
38061	4988.339170280487
38367	4988.339170280487
38676	4988.339170280487
38984	4988.339170280487
39293	4988.339170280487
39600	4988.339170280487
39908	4988.339170280487
40215	4988.339170280487
40522	4988.339170280487
40830	4988.339170280487
41139	4988.339170280487
43310	4891.806980829457
45797	4891.806959541889
46107	4891.806959541889
46416	4891.806959541889
46725	4891.806959541889
47032	4891.806959541889
47338	4891.806959541889
47648	4891.806959541889
47957	4891.806959541889
48266	4891.806959541889
48575	4891.806959541889
48887	4891.806959541889
49198	4891.806959541889
49508	4891.806959541889
49816	4891.806959541889
50124	4891.806959541889
50433	4891.806959541889
50740	4891.806959541889
51049	4891.806959541889
51357	4891.806959541889
55431	4891.806959541889
55740	4891.806959541889
56048	4891.806959541889
56360	4891.806959541889
56669	4891.806959541889
56976	4891.806959541889
57288	4891.806959541889
57595	4891.806959541889
57903	4891.806959541889
58211	4891.806959541889
58523	4891.806959541889
58829	4891.806959541889
59140	4891.806959541889
59450	4891.806959541889
59757	4891.806959541889
60065	4891.806959541889
60373	4891.806959541889
60681	4891.806959541889
60988	4891.806959541889
61294	4891.806959541889
67416	4891.806959541889
67724	4891.806959541889
68030	4891.806959541889
68339	4891.806959541889
68651	4891.806959541889
68959	4891.806959541889
69266	4891.806959541889
69575	4891.806959541889
69882	4891.806959541889
70189	4891.806959541889
70497	4891.806959541889
70806	4891.806959541889
71117	4891.806959541889
71427	4891.806959541889
71738	4891.806959541889
72049	4891.806959541889
72360	4891.806959541889
72670	4891.806959541889
72980	4891.806959541889
73288	4891.806959541889
74373	4040.800755985427
77968	4040.8007541371207
78277	4040.8007541371207
78585	4040.8007541371207
78892	4040.8007541371207
79201	4040.8007541371207
79511	4040.8007541371207
79817	4040.8007541371207
80129	4040.8007541371207
80439	4040.8007541371207
80747	4040.8007541371207
81057	4040.8007541371207
81366	4040.8007541371207
81675	4040.8007541371207
81984	4040.8007541371207
82293	4040.8007541371207
82602	4040.8007541371207
82910	4040.8007541371207
83220	4040.8007541371207
83529	4040.8007541371207
85862	4040.8007541371207
86170	4040.8007541371207
86479	4040.8007541371207
86787	4040.8007541371207
87095	4040.8007541371207
87404	4040.8007541371207
87713	4040.8007541371207
88022	4040.8007541371207
88333	4040.8007541371207
88641	4040.8007541371207
88951	4040.8007541371207
89258	4040.8007541371207
89566	4040.8007541371207
89875	4040.8007541371207
90182	4040.8007541371207
90491	4040.8007541371207
90797	4040.8007541371207
91107	4040.8007541371207
91415	4040.8007541371207
91725	4040.8007541371207
94186	4040.8007541371207
94496	4040.8007541371207
94806	4040.8007541371207
95115	4040.8007541371207
95423	4040.8007541371207
95734	4040.8007541371207
96043	4040.8007541371207
96351	4040.8007541371207
96658	4040.8007541371207
96966	4040.8007541371207
97274	4040.8007541371207
97582	4040.8007541371207
97889	4040.8007541371207
98197	4040.8007541371207
98509	4040.8007541371207
98821	4040.8007541371207
99133	4040.8007541371207
99442	4040.8007541371207
99754	4040.8007541371207
100064	4040.8007541371207
105339	4040.8007541371207
105646	4040.8007541371207
105956	4040.8007541371207
106264	4040.8007541371207
106573	4040.8007541371207
106880	4040.8007541371207
107187	4040.8007541371207
107500	4040.8007541371207
107807	4040.8007541371207
108115	4040.8007541371207
108422	4040.8007541371207
108728	4040.8007541371207
109036	4040.8007541371207
109343	4040.8007541371207
109650	4040.8007541371207
109959	4040.8007541371207
110267	4040.8007541371207
110578	4040.8007541371207
110888	4040.8007541371207
111198	4040.8007541371207
114074	4040.8007541371207
114384	4040.8007541371207
114692	4040.8007541371207
115002	4040.8007541371207
115310	4040.8007541371207
115622	4040.8007541371207
115930	4040.8007541371207
116236	4040.8007541371207
116546	4040.8007541371207
116856	4040.8007541371207
117165	4040.8007541371207
117474	4040.8007541371207
117782	4040.8007541371207
118090	4040.8007541371207
118398	4040.8007541371207
118705	4040.8007541371207
119011	4040.8007541371207
119319	4040.8007541371207
119626	4040.8007541371207
119932	4040.8007541371207
123267	4040.8007541371207
123577	4040.8007541371207
123887	4040.8007541371207
124197	4040.8007541371207
124506	4040.8007541371207
124816	4040.8007541371207
125125	4040.8007541371207
125434	4040.8007541371207
125740	4040.8007541371207
126048	4040.8007541371207
130704	4040.8007541371207
131011	4040.8007541371207
131320	4040.8007541371207
131631	4040.8007541371207
131941	4040.8007541371207
132251	4040.8007541371207
132560	4040.8007541371207
132868	4040.8007541371207
133177	4040.8007541371207
133485	4040.8007541371207
133793	4040.8007541371207
134099	4040.8007541371207
134409	4040.8007541371207
134717	4040.8007541371207
135024	4040.8007541371207
135331	4040.8007541371207
135639	4040.8007541371207
135948	4040.8007541371207
136258	4040.8007541371207
136568	4040.8007541371207
140206	4040.8007541371207
140517	4040.8007541371207
140826	4040.8007541371207
141135	4040.8007541371207
141446	4040.8007541371207
141754	4040.8007541371207
142061	4040.8007541371207
142368	4040.8007541371207
142678	4040.8007541371207
142986	4040.8007541371207
143293	4040.8007541371207
143601	4040.8007541371207
143910	4040.8007541371207
144217	4040.8007541371207
144526	4040.8007541371207
144835	4040.8007541371207
145142	4040.8007541371207
145448	4040.8007541371207
145754	4040.8007541371207
146062	4040.8007541371207
148206	4040.8007541371207
148513	4040.8007541371207
148822	4040.8007541371207
149130	4040.8007541371207
149442	4040.8007541371207
149753	4040.8007541371207
150062	4040.8007541371207
150371	4040.8007541371207
150680	4040.8007541371207
150994	4040.8007541371207
151302	4040.8007541371207
151612	4040.8007541371207
151920	4040.8007541371207
152230	4040.8007541371207
152540	4040.8007541371207
152850	4040.8007541371207
153161	4040.8007541371207
153472	4040.8007541371207
153779	4040.8007541371207
154085	4040.8007541371207
165388	4040.8007541371207
165695	4040.8007541371207
166002	4040.8007541371207
166310	4040.8007541371207
166619	4040.8007541371207
166929	4040.8007541371207
167238	4040.8007541371207
167546	4040.8007541371207
167855	4040.8007541371207
168163	4040.8007541371207
168475	4040.8007541371207
168783	4040.8007541371207
169091	4040.8007541371207
169400	4040.8007541371207
169711	4040.8007541371207
170021	4040.8007541371207
170328	4040.8007541371207
170636	4040.8007541371207
170945	4040.8007541371207
171255	4040.8007541371207
173184	4040.8007541371207
173496	4040.8007541371207
173804	4040.8007541371207
174112	4040.8007541371207
174420	4040.8007541371207
174729	4040.8007541371207
175038	4040.8007541371207
175346	4040.8007541371207
175655	4040.8007541371207
175963	4040.8007541371207
182636	4040.8007541371207
182945	4040.8007541371207
183257	4040.8007541371207
183567	4040.8007541371207
183877	4040.8007541371207
184189	4040.8007541371207
184503	4040.8007541371207
184812	4040.8007541371207
185122	4040.8007541371207
185432	4040.8007541371207
185740	4040.8007541371207
186048	4040.8007541371207
186356	4040.8007541371207
186663	4040.8007541371207
186969	4040.8007541371207
187279	4040.8007541371207
187587	4040.8007541371207
187893	4040.8007541371207
188201	4040.8007541371207
188511	4040.8007541371207
192188	4040.8007541371207
192496	4040.8007541371207
192804	4040.8007541371207
193112	4040.8007541371207
193419	4040.8007541371207
193727	4040.8007541371207
194033	4040.8007541371207
194342	4040.8007541371207
194649	4040.8007541371207
194957	4040.8007541371207
195267	4040.8007541371207
195578	4040.8007541371207
195891	4040.8007541371207
196201	4040.8007541371207
196512	4040.8007541371207
196822	4040.8007541371207
197131	4040.8007541371207
197442	4040.8007541371207
197751	4040.8007541371207
198058	4040.8007541371207
203767	4040.8007541371207
204076	4040.8007541371207
204386	4040.8007541371207
204695	4040.8007541371207
205005	4040.8007541371207
205316	4040.8007541371207
205624	4040.8007541371207
205934	4040.8007541371207
206244	4040.8007541371207
206553	4040.8007541371207
206862	4040.8007541371207
207174	4040.8007541371207
207484	4040.8007541371207
207796	4040.8007541371207
208107	4040.8007541371207
208415	4040.8007541371207
208723	4040.8007541371207
209033	4040.8007541371207
209341	4040.8007541371207
209651	4040.8007541371207
214231	4040.8007541371207
214538	4040.8007541371207
214844	4040.8007541371207
215153	4040.8007541371207
215460	4040.8007541371207
215769	4040.8007541371207
216075	4040.8007541371207
216382	4040.8007541371207
216690	4040.8007541371207
216996	4040.8007541371207
217302	4040.8007541371207
217608	4040.8007541371207
217918	4040.8007541371207
218225	4040.8007541371207
218533	4040.8007541371207
218843	4040.8007541371207
219153	4040.8007541371207
219462	4040.8007541371207
219771	4040.8007541371207
220077	4040.8007541371207
227065	4040.8007541371207
227379	4040.8007541371207
227689	4040.8007541371207
227997	4040.8007541371207
228305	4040.8007541371207
228613	4040.8007541371207
228922	4040.8007541371207
229231	4040.8007541371207
229540	4040.8007541371207
229851	4040.8007541371207
232168	4040.8007541371207
232476	4040.8007541371207
232783	4040.8007541371207
233091	4040.8007541371207
233400	4040.8007541371207
233707	4040.8007541371207
234017	4040.8007541371207
234326	4040.8007541371207
234635	4040.8007541371207
234942	4040.8007541371207
235250	4040.8007541371207
235559	4040.8007541371207
235865	4040.8007541371207
236174	4040.8007541371207
236485	4040.8007541371207
236795	4040.8007541371207
237106	4040.8007541371207
237417	4040.8007541371207
237724	4040.8007541371207
238033	4040.8007541371207
241729	4040.8007541371207
242036	4040.8007541371207
242346	4040.8007541371207
242656	4040.8007541371207
242962	4040.8007541371207
243270	4040.8007541371207
243577	4040.8007541371207
243885	4040.8007541371207
244191	4040.8007541371207
244501	4040.8007541371207
244811	4040.8007541371207
245119	4040.8007541371207
245429	4040.8007541371207
245739	4040.8007541371207
246047	4040.8007541371207
246354	4040.8007541371207
246661	4040.8007541371207
246970	4040.8007541371207
247277	4040.8007541371207
247585	4040.8007541371207
253472	4040.8007541371207
253781	4040.8007541371207
254089	4040.8007541371207
254400	4040.8007541371207
254708	4040.8007541371207
255016	4040.8007541371207
255327	4040.8007541371207
255637	4040.8007541371207
255944	4040.8007541371207
256252	4040.8007541371207
256560	4040.8007541371207
256872	4040.8007541371207
257181	4040.8007541371207
257490	4040.8007541371207
257800	4040.8007541371207
258108	4040.8007541371207
258418	4040.8007541371207
258727	4040.8007541371207
259038	4040.8007541371207
259345	4040.8007541371207
262354	4040.8007541371207
262663	4040.8007541371207
262974	4040.8007541371207
263286	4040.8007541371207
263595	4040.8007541371207
263903	4040.8007541371207
264212	4040.8007541371207
264519	4040.8007541371207
264830	4040.8007541371207
265137	4040.8007541371207
265445	4040.8007541371207
265755	4040.8007541371207
266063	4040.8007541371207
266371	4040.8007541371207
266680	4040.8007541371207
266988	4040.8007541371207
267296	4040.8007541371207
267606	4040.8007541371207
267913	4040.8007541371207
268223	4040.8007541371207
270926	4040.8007541371207
271237	4040.8007541371207
271548	4040.8007541371207
271857	4040.8007541371207
272164	4040.8007541371207
272473	4040.8007541371207
272780	4040.8007541371207
273086	4040.8007541371207
273393	4040.8007541371207
273702	4040.8007541371207
277335	4040.8007541371207
277643	4040.8007541371207
277950	4040.8007541371207
278257	4040.8007541371207
278567	4040.8007541371207
278875	4040.8007541371207
279185	4040.8007541371207
279494	4040.8007541371207
279802	4040.8007541371207
280113	4040.8007541371207
280420	4040.8007541371207
280728	4040.8007541371207
281039	4040.8007541371207
281350	4040.8007541371207
281662	4040.8007541371207
281971	4040.8007541371207
282279	4040.8007541371207
282589	4040.8007541371207
282901	4040.8007541371207
283208	4040.8007541371207
287500	4040.8007541371207
287811	4040.8007541371207
288120	4040.8007541371207
288429	4040.8007541371207
288736	4040.8007541371207
289046	4040.8007541371207
289353	4040.8007541371207
289660	4040.8007541371207
289967	4040.8007541371207
290273	4040.8007541371207
290580	4040.8007541371207
290887	4040.8007541371207
291193	4040.8007541371207
291502	4040.8007541371207
291808	4040.8007541371207
292116	4040.8007541371207
292424	4040.8007541371207
292733	4040.8007541371207
293044	4040.8007541371207
293355	4040.8007541371207
295862	4040.8007541371207
296170	4040.8007541371207
296478	4040.8007541371207
296786	4040.8007541371207
297096	4040.8007541371207
297408	4040.8007541371207
297719	4040.8007541371207
298029	4040.8007541371207
298337	4040.8007541371207
298645	4040.8007541371207
298953	4040.8007541371207
299261	4040.8007541371207
299570	4040.8007541371207
299877	4040.8007541371207
300185	4040.8007541371207
