500	50517.787658728324
19526	443.88373808950513
24592	428.5322484678068
25816	428.5226438604716
27040	428.51842973368093
28260	428.5162034192474
29486	428.51491544004375
30717	428.51412747403754
31946	428.51363749017275
33170	428.5133318188387
34395	428.5131413062028
35618	428.51302275845467
36844	428.51294907949654
38067	428.5129033310051
39289	428.51287493993976
40512	428.5128573234397
41737	428.51284639188435
42962	428.51283960724425
44190	428.5128353952552
45419	428.5128327795958
46639	428.51283115472296
47866	428.51283014498057
49095	428.512829517261
50320	428.51282912687003
51546	428.5128288839661
52777	428.5128287327494
53999	428.5128286385531
55225	428.51282857996705
56453	428.5128285434406
57685	428.5128285206134
58917	428.5128285063138
60142	428.51282849733326
61373	428.5128284916771
62603	428.5128284881024
63833	428.5128284858338
65057	428.51282848438694
66293	428.5128284834587
67519	428.51282848285894
68758	428.51282848246825
69992	428.5128284822113
71224	428.51282848204045
72458	428.51282848192557
73694	428.51282848184724
74926	428.5128284817931
76156	428.51282848175526
77391	428.5128284817283
78631	428.51282848170894
79867	428.5128284816948
81113	428.5128284816843
82343	428.51282848167654
83573	428.5128284816707
84800	428.51282848166625
86039	428.51282848166284
87270	428.5128284816602
88510	428.5128284816582
89742	428.51282848165664
90976	428.5128284816554
92213	428.5128284816544
93453	428.5128284816537
94694	428.5128284816531
95929	428.51282848165266
97153	428.51282848165226
98396	428.51282848165204
99630	428.5128284816518
100871	428.5128284816516
102102	428.51282848165147
103332	428.51282848165135
104563	428.5128284816513
105796	428.51282848165124
107028	428.5128284816512
108255	428.5128284816511
109488	428.51282848165107
110724	428.51282848165107
121578	428.51282848165107
130074	428.51282848165107
138016	428.51282848165107
147054	428.51282848165107
156113	428.51282848165107
164053	428.51282848165107
172629	428.51282848165107
181684	428.51282848165107
189058	428.51282848165107
196431	428.51282848165107
204472	428.51282848165107
211887	428.51282848165107
219362	428.51282848165107
226808	428.51282848165107
233759	428.51282848165107
243513	428.51282848165107
253280	428.51282848165107
261369	428.51282848165107
269434	428.51282848165107
277506	428.51282848165107
285583	428.51282848165107
310743	400.6219046434781
313020	400.1554033071583
314169	400.14678485587075
315311	400.14320004632975
316475	400.1414386786171
317630	400.1403867633674
318779	400.13963705955223
319939	400.1390273198138
321088	400.1384869866708
322247	400.1379830840705
323405	400.13749936114607
324557	400.1370273505193
325710	400.1365628523924
326866	400.1361034596228
328029	400.13564786280665
329186	400.13519531322845
330331	400.1347453688793
331479	400.1342977591145
332628	400.1338523128607
333787	400.13340891779467
334937	400.13296749752624
336097	400.1325279986152
337264	400.1320903824746
338423	400.131654626634
339581	400.1312207470852
340741	400.1307886932677
341893	400.1303584388887
343043	400.12992997006756
344198	400.1295032751049
345353	400.1290783431397
346513	400.128655163935
347676	400.12823372767144
348825	400.1278140248274
349980	400.12739604609266
351139	400.12697978231466
352300	400.12656522446247
353458	400.1261523530819
354621	400.1257411725043
355778	400.125331671714
356926	400.1249238418654
358089	400.12451767424875
359249	400.12411316025685
360409	400.1237102913392
361574	400.12330905899825
362730	400.12290945479293
363886	400.122511470333
365045	400.12211509728445
366201	400.12172032748845
367352	400.1213271535425
368503	400.12093556296514
369662	400.12054554639724
370815	400.1201570960495
371973	400.11977020374303
373126	400.1193848614649
374283	400.11900104780227
375441	400.11861880159427
376603	400.1182380871093
377769	400.11785890166135
378929	400.1174812298654
380089	400.1171050247999
381250	400.116730310733
382405	400.1163571138319
383562	400.1159853984978
384712	400.1156151589831
385868	400.11524638493336
387027	400.1148790683274
388183	400.11451320164434
389344	400.11414877760893
390503	400.1137857890691
391663	400.1134242289277
392828	400.1130640900925
393980	400.11270536817506
395152	400.11234805615436
396323	400.1119921449209
397478	400.11163762765284
398632	400.11128449771695
399800	400.11093274834207
400962	400.11058237278877
402118	400.1102333643434
403276	400.1098857163258
404441	400.10953942209056
405606	400.10919447503306
406765	400.1088508685862
407924	400.1085085962245
409096	400.10816765146086
410245	400.10782802784934
411402	400.1074897189806
412555	400.10715271848636
413709	400.10681702003495
414872	400.1064826173352
416029	400.10614950413367
417192	400.1058176742127
418345	400.1054871379018
419509	400.1051578484362
420666	400.1048298238466
421829	400.1045030612842
422991	400.10417755288535
424158	400.1038532918863
425322	400.1035302719881
426476	400.10320848709506
427635	400.102887931214
428791	400.1025685984163
429941	400.1022504830094
431094	400.10193357916205
432256	400.10161788111867
433418	400.1013033831575
434577	400.10099007959224
435738	400.1006779647709
436896	400.10036703307486
438056	400.1000572789191
439212	400.09974868296695
440365	400.09944128047204
441517	400.09913503018
442670	400.0988299355189
443829	400.0985259985238
444992	400.09822320350816
446148	400.09792154692576
447302	400.09762102374594
448462	400.0973216288685
449617	400.0970233571427
450772	400.09672620341763
451929	400.09643016254716
453078	400.0961352293982
454242	400.0958413988531
455400	400.0955486658164
456556	400.095257025217
457714	400.09496647200626
458875	400.09467700116363
460028	400.0943886076952
461187	400.0941012866324
462341	400.09381503303695
463499	400.093529841996
464659	400.0932457086262
465818	400.09296262807084
466985	400.0926805955004
468141	400.09239960611296
469297	400.0921196551336
470449	400.0918407378088
471601	400.0915628493906
472759	400.0912859851772
473920	400.0910101405027
475066	400.0907353107253
476220	400.09046149122923
477368	400.09018867742583
478524	400.08991686475184
479681	400.0896460486707
480836	400.0893762250279
482000	400.08910738929677
483151	400.0888395369773
484306	400.08857266361593
485467	400.0883067660035
486619	400.0880417240319
487781	400.08777767771505
488929	400.08751459321434
490079	400.0872524690967
491237	400.0869913025384
492394	400.0867310900333
493550	400.08647182765964
494702	400.08621351134985
495854	400.0859560714549
497011	400.08569951329696
498155	400.0854438939426
499306	400.0851892104727
500464	400.0849354534727
