500	101447.16095746167
1083	68595.57225618332
1665	40101.58844806045
2242	30853.238753615555
2826	15553.895300957282
3403	14025.566881501229
3978	11009.511547972568
4558	8112.540096846837
5137	6624.5234456645985
5719	5706.545659427764
6303	4560.8621022505995
6882	3746.3635521752535
7463	3136.3090774119823
8042	2715.6911342798894
8626	2465.812232245572
9206	2247.9558021645403
9785	1965.5524641669588
10365	1628.2191398445245
10945	1536.7404812240143
11532	1448.0982682555207
12112	1359.5688495905583
12698	1164.0314093108786
13279	1086.3747523232446
13858	1013.8135716424836
14444	957.0373035929924
15027	920.6391452296693
15605	897.9438983899497
16183	821.5519370086181
16765	818.2758969664171
17346	796.8071686004073
17927	770.0944388106301
18508	748.0655024957969
19090	738.2143343425137
19672	715.5027130331976
20255	711.1894885160978
20846	698.5170679095493
21434	681.853085316829
22020	670.1470632412443
22614	661.2490676399894
23196	650.7214367737391
23781	642.4730937336128
39640	468.5603863335819
52146	400.00000411290574
57004	400.0000004633405
67395	400.00000033888654
67969	400.00000033888654
68544	400.00000033888654
69121	400.00000033888654
69696	400.00000033888654
70269	400.00000033888654
70843	400.00000033888654
71417	400.00000033888654
71992	400.00000033888654
72562	400.00000033888654
73134	400.00000033888654
73709	400.00000033888654
74287	400.00000033888654
74865	400.00000033888654
75440	400.00000033888654
76015	400.00000033888654
76589	400.00000033888654
77163	400.00000033888654
77744	400.00000033888654
78322	400.00000033888654
78898	400.00000033888654
79475	400.00000033888654
80057	400.00000033888654
80635	400.00000033888654
81212	400.00000033888654
81796	400.00000033888654
82374	400.00000033888654
88069	400.00000033888654
88650	400.00000033888654
89230	400.00000033888654
89812	400.00000033888654
90397	400.00000033888654
90984	400.00000033888654
91568	400.00000033888654
92153	400.00000033888654
92737	400.00000033888654
93320	400.00000033888654
99114	400.00000033888654
99697	400.00000033888654
100284	400.00000033888654
100869	400.00000033888654
101449	400.00000033888654
102029	400.00000033888654
102617	400.00000033888654
103205	400.00000033888654
103790	400.00000033888654
104369	400.00000033888654
104950	400.00000033888654
105533	400.00000033888654
106122	400.00000033888654
106706	400.00000033888654
107294	400.00000033888654
107875	400.00000033888654
108463	400.00000033888654
109043	400.00000033888654
109625	400.00000033888654
110210	400.00000033888654
114755	400.00000033888654
115335	400.00000033888654
115921	400.00000033888654
116510	400.00000033888654
117092	400.00000033888654
117681	400.00000033888654
118264	400.00000033888654
118846	400.00000033888654
119425	400.00000033888654
120005	400.00000033888654
120589	400.00000033888654
121175	400.00000033888654
121756	400.00000033888654
122339	400.00000033888654
122921	400.00000033888654
123507	400.00000033888654
124095	400.00000033888654
124677	400.00000033888654
125265	400.00000033888654
125848	400.00000033888654
129889	400.00000033888654
130470	400.00000033888654
131053	400.00000033888654
131635	400.00000033888654
132219	400.00000033888654
132802	400.00000033888654
133388	400.00000033888654
133977	400.00000033888654
134569	400.00000033888654
135157	400.00000033888654
135747	400.00000033888654
136333	400.00000033888654
136919	400.00000033888654
137504	400.00000033888654
138094	400.00000033888654
138681	400.00000033888654
139265	400.00000033888654
139843	400.00000033888654
140430	400.00000033888654
141015	400.00000033888654
144885	400.00000033888654
145466	400.00000033888654
146050	400.00000033888654
146634	400.00000033888654
147214	400.00000033888654
147807	400.00000033888654
148390	400.00000033888654
148978	400.00000033888654
149563	400.00000033888654
150148	400.00000033888654
150729	400.00000033888654
151313	400.00000033888654
151900	400.00000033888654
152489	400.00000033888654
153076	400.00000033888654
153658	400.00000033888654
154241	400.00000033888654
154833	400.00000033888654
155422	400.00000033888654
156004	400.00000033888654
159882	400.00000033888654
160468	400.00000033888654
161051	400.00000033888654
161633	400.00000033888654
162218	400.00000033888654
162799	400.00000033888654
163381	400.00000033888654
163973	400.00000033888654
164567	400.00000033888654
165155	400.00000033888654
168981	400.00000033888654
169565	400.00000033888654
170158	400.00000033888654
170742	400.00000033888654
171321	400.00000033888654
171902	400.00000033888654
172483	400.00000033888654
173067	400.00000033888654
173648	400.00000033888654
174230	400.00000033888654
174812	400.00000033888654
175397	400.00000033888654
175973	400.00000033888654
176566	400.00000033888654
177154	400.00000033888654
177741	400.00000033888654
178327	400.00000033888654
178906	400.00000033888654
179489	400.00000033888654
180067	400.00000033888654
183893	400.00000033888654
184476	400.00000033888654
185059	400.00000033888654
185643	400.00000033888654
186231	400.00000033888654
186821	400.00000033888654
187404	400.00000033888654
187983	400.00000033888654
188564	400.00000033888654
189145	400.00000033888654
189728	400.00000033888654
190311	400.00000033888654
190899	400.00000033888654
191476	400.00000033888654
192058	400.00000033888654
192643	400.00000033888654
193228	400.00000033888654
193813	400.00000033888654
194397	400.00000033888654
194978	400.00000033888654
199805	400.00000033888654
200393	400.00000033888654
200974	400.00000033888654
201552	400.00000033888654
202139	400.00000033888654
202724	400.00000033888654
203312	400.00000033888654
203894	400.00000033888654
204479	400.00000033888654
205065	400.00000033888654
205649	400.00000033888654
206228	400.00000033888654
206821	400.00000033888654
207407	400.00000033888654
207989	400.00000033888654
208576	400.00000033888654
209163	400.00000033888654
209753	400.00000033888654
210338	400.00000033888654
210925	400.00000033888654
215852	400.00000033888654
216435	400.00000033888654
217016	400.00000033888654
217598	400.00000033888654
218182	400.00000033888654
218762	400.00000033888654
219345	400.00000033888654
219943	400.00000033888654
220526	400.00000033888654
221113	400.00000033888654
221695	400.00000033888654
222279	400.00000033888654
222863	400.00000033888654
223450	400.00000033888654
224048	400.00000033888654
224629	400.00000033888654
225213	400.00000033888654
225794	400.00000033888654
226382	400.00000033888654
226973	400.00000033888654
231646	400.00000033888654
232223	400.00000033888654
232806	400.00000033888654
233400	400.00000033888654
233981	400.00000033888654
234564	400.00000033888654
235150	400.00000033888654
235743	400.00000033888654
236327	400.00000033888654
236920	400.00000033888654
241688	400.00000033888654
242271	400.00000033888654
242853	400.00000033888654
243438	400.00000033888654
244025	400.00000033888654
244608	400.00000033888654
245197	400.00000033888654
245776	400.00000033888654
246363	400.00000033888654
246952	400.00000033888654
247540	400.00000033888654
248124	400.00000033888654
248708	400.00000033888654
249292	400.00000033888654
249877	400.00000033888654
250465	400.00000033888654
251049	400.00000033888654
251637	400.00000033888654
252220	400.00000033888654
252796	400.00000033888654
257769	400.00000033888654
258349	400.00000033888654
258935	400.00000033888654
259525	400.00000033888654
260115	400.00000033888654
260696	400.00000033888654
261279	400.00000033888654
261866	400.00000033888654
262460	400.00000033888654
263040	400.00000033888654
263623	400.00000033888654
264207	400.00000033888654
264796	400.00000033888654
265383	400.00000033888654
265975	400.00000033888654
266563	400.00000033888654
267149	400.00000033888654
267741	400.00000033888654
268330	400.00000033888654
268916	400.00000033888654
273283	400.00000029739857
278257	400.0000001958246
278839	400.0000001958246
279421	400.0000001958246
280001	400.0000001958246
280581	400.0000001958246
281162	400.0000001958246
281745	400.0000001958246
282329	400.0000001958246
282917	400.0000001958246
283501	400.0000001958246
284087	400.0000001958246
284672	400.0000001958246
285257	400.0000001958246
285839	400.0000001958246
286424	400.0000001958246
287008	400.0000001958246
287590	400.0000001958246
288172	400.0000001958246
288755	400.0000001958246
292722	400.0000001958246
293306	400.0000001958246
293891	400.0000001958246
294474	400.0000001958246
295061	400.0000001958246
295641	400.0000001958246
296230	400.0000001958246
296820	400.0000001958246
297402	400.0000001958246
297988	400.0000001958246
298572	400.0000001958246
299157	400.0000001958246
299737	400.0000001958246
300318	400.0000001958246
300901	400.0000001958246
301483	400.0000001958246
302070	400.0000001958246
302655	400.0000001958246
303237	400.0000001958246
303822	400.0000001958246
308745	400.0000001958246
309326	400.0000001958246
309908	400.0000001958246
310483	400.0000001958246
311059	400.0000001958246
311642	400.0000001958246
312224	400.0000001958246
312810	400.0000001958246
313397	400.0000001958246
313979	400.0000001958246
314573	400.0000001958246
315159	400.0000001958246
315744	400.0000001958246
316326	400.0000001958246
316910	400.0000001958246
317492	400.0000001958246
318073	400.0000001958246
318657	400.0000001958246
319245	400.0000001958246
319827	400.0000001958246
324797	400.0000001958246
325379	400.0000001958246
325961	400.0000001958246
326541	400.0000001958246
327125	400.0000001958246
327706	400.0000001958246
328290	400.0000001958246
328869	400.0000001958246
329447	400.0000001958246
330036	400.0000001958246
330616	400.0000001958246
331202	400.0000001958246
331793	400.0000001958246
332383	400.0000001958246
332965	400.0000001958246
333548	400.0000001958246
334130	400.0000001958246
334718	400.0000001958246
335296	400.0000001958246
335890	400.0000001958246
340608	400.0000001958246
341193	400.0000001958246
341787	400.0000001958246
342366	400.0000001958246
342951	400.0000001958246
343531	400.0000001958246
344116	400.0000001958246
344699	400.0000001958246
345284	400.0000001958246
345866	400.0000001958246
346452	400.0000001958246
347038	400.0000001958246
347623	400.0000001958246
348213	400.0000001958246
348793	400.0000001958246
349371	400.0000001958246
349953	400.0000001958246
350534	400.0000001958246
351117	400.0000001958246
351702	400.0000001958246
356679	400.0000001958246
357261	400.0000001958246
357842	400.0000001958246
358427	400.0000001958246
359010	400.0000001958246
359593	400.0000001958246
360179	400.0000001958246
360764	400.0000001958246
361355	400.0000001958246
361943	400.0000001958246
366664	400.0000001958246
367250	400.0000001958246
367835	400.0000001958246
368421	400.0000001958246
369004	400.0000001958246
369588	400.0000001958246
370164	400.0000001958246
370746	400.0000001958246
371324	400.0000001958246
371910	400.0000001958246
372491	400.0000001958246
373075	400.0000001958246
373658	400.0000001958246
374238	400.0000001958246
374824	400.0000001958246
375408	400.0000001958246
375985	400.0000001958246
376567	400.0000001958246
377154	400.0000001958246
377737	400.0000001958246
382451	400.0000001958246
383038	400.0000001958246
383621	400.0000001958246
384205	400.0000001958246
384787	400.0000001958246
385365	400.0000001958246
385949	400.0000001958246
386532	400.0000001958246
387114	400.0000001958246
387695	400.0000001958246
388279	400.0000001958246
388863	400.0000001958246
389447	400.0000001958246
390027	400.0000001958246
390608	400.0000001958246
391187	400.0000001958246
391768	400.0000001958246
392350	400.0000001958246
392935	400.0000001958246
393518	400.0000001958246
398246	400.0000001958246
398833	400.0000001958246
399417	400.0000001958246
399999	400.0000001958246
400584	400.0000001958246
401168	400.0000001958246
401753	400.0000001958246
402339	400.0000001958246
402928	400.0000001958246
403515	400.0000001958246
404097	400.0000001958246
404679	400.0000001958246
405268	400.0000001958246
405849	400.0000001958246
406436	400.0000001958246
407026	400.0000001958246
407604	400.0000001958246
408182	400.0000001958246
408762	400.0000001958246
409348	400.0000001958246
413758	400.00000019457326
418623	400.00000013187895
419209	400.00000013187895
419789	400.00000013187895
420370	400.00000013187895
420956	400.00000013187895
421534	400.00000013187895
422122	400.00000013187895
422711	400.00000013187895
423297	400.00000013187895
423882	400.00000013187895
424468	400.00000013187895
425046	400.00000013187895
425624	400.00000013187895
426210	400.00000013187895
426790	400.00000013187895
427370	400.00000013187895
427953	400.00000013187895
428533	400.00000013187895
429113	400.00000013187895
432810	400.00000013187895
433389	400.00000013187895
433973	400.00000013187895
434553	400.00000013187895
435142	400.00000013187895
435728	400.00000013187895
436320	400.00000013187895
436902	400.00000013187895
437486	400.00000013187895
438074	400.00000013187895
438659	400.00000013187895
439246	400.00000013187895
439834	400.00000013187895
440420	400.00000013187895
441000	400.00000013187895
441578	400.00000013187895
442159	400.00000013187895
442738	400.00000013187895
443325	400.00000013187895
443912	400.00000013187895
448731	400.00000013187895
449314	400.00000013187895
449895	400.00000013187895
450481	400.00000013187895
451065	400.00000013187895
451653	400.00000013187895
452233	400.00000013187895
452811	400.00000013187895
453389	400.00000013187895
453966	400.00000013187895
454546	400.00000013187895
455130	400.00000013187895
455709	400.00000013187895
456285	400.00000013187895
456866	400.00000013187895
457454	400.00000013187895
458033	400.00000013187895
458617	400.00000013187895
459192	400.00000013187895
459781	400.00000013187895
464700	400.00000013187895
465280	400.00000013187895
465860	400.00000013187895
466446	400.00000013187895
467027	400.00000013187895
467613	400.00000013187895
468192	400.00000013187895
468780	400.00000013187895
469360	400.00000013187895
469944	400.00000013187895
470524	400.00000013187895
471110	400.00000013187895
471698	400.00000013187895
472283	400.00000013187895
472869	400.00000013187895
473452	400.00000013187895
474039	400.00000013187895
474631	400.00000013187895
475219	400.00000013187895
475806	400.00000013187895
480677	400.00000013187895
481266	400.00000013187895
481848	400.00000013187895
482431	400.00000013187895
483019	400.00000013187895
483600	400.00000013187895
484182	400.00000013187895
484767	400.00000013187895
485355	400.00000013187895
485936	400.00000013187895
486529	400.00000013187895
487113	400.00000013187895
487694	400.00000013187895
488281	400.00000013187895
488870	400.00000013187895
489453	400.00000013187895
490032	400.00000013187895
490617	400.00000013187895
491197	400.00000013187895
491782	400.00000013187895
496497	400.00000013187895
497086	400.00000013187895
497671	400.00000013187895
498255	400.00000013187895
498841	400.00000013187895
499425	400.00000013187895
500008	400.00000013187895
