500	89479.88988746246
1090	46780.41304749746
1669	30610.33535229166
2252	18555.24394179953
2837	13439.342930822977
3423	7561.209205432168
3998	6316.678456030903
4582	5044.977067110914
5163	4379.747100225603
5745	4058.8211032647678
6327	2968.4456163683863
6917	2773.3642624622566
7500	1953.6809599962587
8083	1953.6809599962587
8663	1830.453818782587
9250	1573.8766584693587
9832	1551.6457864400961
10421	1309.0227616028806
11006	1280.0001707434549
11592	1142.90179767829
12187	1119.0846195873269
12774	1049.3122799756711
13365	1023.1397426043743
13955	946.9703868838056
14543	918.4711134758036
15135	855.3747217710975
15726	824.4435772700584
16312	810.3382060739151
16897	776.1409884940931
17487	748.8920456236517
18071	722.3380126515053
18663	711.9937282582403
19253	699.2611911822596
19837	681.5250684094595
20426	675.7788222123434
21017	666.7641297220363
21602	653.84033460582
22188	639.9405218822106
22771	639.3256012684633
23364	632.5909984103212
23952	629.2155714085752
48406	400.0000004493718
69858	400.00000027962847
70444	400.00000027962847
71025	400.00000027962847
71603	400.00000027962847
72183	400.00000027962847
72758	400.00000027962847
73332	400.00000027962847
73907	400.00000027962847
74481	400.00000027962847
75059	400.00000027962847
75634	400.00000027962847
76215	400.00000027962847
76792	400.00000027962847
77366	400.00000027962847
77941	400.00000027962847
78524	400.00000027962847
79104	400.00000027962847
79683	400.00000027962847
80264	400.00000027962847
89498	400.00000027962847
90081	400.00000027962847
90659	400.00000027962847
91241	400.00000027962847
91822	400.00000027962847
92405	400.00000027962847
92986	400.00000027962847
93569	400.00000027962847
94146	400.00000027962847
94725	400.00000027962847
95305	400.00000027962847
95893	400.00000027962847
96478	400.00000027962847
97061	400.00000027962847
97654	400.00000027962847
98238	400.00000027962847
98828	400.00000027962847
99428	400.00000027962847
100019	400.00000027962847
100610	400.00000027962847
107245	400.00000027962847
107844	400.00000027962847
108435	400.00000027962847
109028	400.00000027962847
109617	400.00000027962847
110205	400.00000027962847
110802	400.00000027962847
111392	400.00000027962847
111985	400.00000027962847
112588	400.00000027962847
113179	400.00000027962847
113776	400.00000027962847
114384	400.00000027962847
114978	400.00000027962847
115575	400.00000027962847
116172	400.00000027962847
116773	400.00000027962847
117370	400.00000027962847
117956	400.00000027962847
118555	400.00000027962847
125652	400.00000027962847
126247	400.00000027962847
126839	400.00000027962847
127429	400.00000027962847
128020	400.00000027962847
128618	400.00000027962847
129219	400.00000027962847
129816	400.00000027962847
130406	400.00000027962847
130997	400.00000027962847
131598	400.00000027962847
132191	400.00000027962847
132784	400.00000027962847
133379	400.00000027962847
133976	400.00000027962847
134572	400.00000027962847
135164	400.00000027962847
135758	400.00000027962847
136353	400.00000027962847
136951	400.00000027962847
144201	400.00000027962847
144795	400.00000027962847
145390	400.00000027962847
145984	400.00000027962847
146576	400.00000027962847
147173	400.00000027962847
147770	400.00000027962847
148362	400.00000027962847
148962	400.00000027962847
149557	400.00000027962847
150142	400.00000027962847
150742	400.00000027962847
151331	400.00000027962847
151929	400.00000027962847
152535	400.00000027962847
153124	400.00000027962847
153714	400.00000027962847
154307	400.00000027962847
154901	400.00000027962847
155489	400.00000027962847
162422	400.00000027962847
163021	400.00000027962847
163609	400.00000027962847
164206	400.00000027962847
164799	400.00000027962847
165394	400.00000027962847
165991	400.00000027962847
166583	400.00000027962847
167175	400.00000027962847
167765	400.00000027962847
174544	400.00000027962847
175133	400.00000027962847
175729	400.00000027962847
176333	400.00000027962847
176940	400.00000027962847
177541	400.00000027962847
178141	400.00000027962847
178736	400.00000027962847
179330	400.00000027962847
179925	400.00000027962847
180508	400.00000027962847
181104	400.00000027962847
181698	400.00000027962847
182284	400.00000027962847
182879	400.00000027962847
183480	400.00000027962847
184073	400.00000027962847
184676	400.00000027962847
185270	400.00000027962847
185881	400.00000027962847
192505	400.00000027962847
193094	400.00000027962847
193699	400.00000027962847
194303	400.00000027962847
194897	400.00000027962847
195494	400.00000027962847
196106	400.00000027962847
196704	400.00000027962847
197291	400.00000027962847
197894	400.00000027962847
198503	400.00000027962847
199109	400.00000027962847
199710	400.00000027962847
200307	400.00000027962847
200901	400.00000027962847
201491	400.00000027962847
202090	400.00000027962847
202688	400.00000027962847
203292	400.00000027962847
203902	400.00000027962847
210725	400.00000027962847
211321	400.00000027962847
211919	400.00000027962847
212521	400.00000027962847
213120	400.00000027962847
213719	400.00000027962847
214317	400.00000027962847
214911	400.00000027962847
215513	400.00000027962847
216109	400.00000027962847
216706	400.00000027962847
217303	400.00000027962847
217897	400.00000027962847
218496	400.00000027962847
219080	400.00000027962847
219670	400.00000027962847
220258	400.00000027962847
220853	400.00000027962847
221448	400.00000027962847
222052	400.00000027962847
228935	400.00000027962847
229526	400.00000027962847
230118	400.00000027962847
230716	400.00000027962847
231313	400.00000027962847
231909	400.00000027962847
232505	400.00000027962847
233100	400.00000027962847
233699	400.00000027962847
234291	400.00000027962847
234893	400.00000027962847
235491	400.00000027962847
236093	400.00000027962847
236686	400.00000027962847
237283	400.00000027962847
237881	400.00000027962847
238474	400.00000027962847
239070	400.00000027962847
239665	400.00000027962847
240256	400.00000027962847
247079	400.00000027962847
247676	400.00000027962847
248275	400.00000027962847
248869	400.00000027962847
249451	400.00000027962847
250062	400.00000027962847
250654	400.00000027962847
251245	400.00000027962847
251847	400.00000027962847
252456	400.00000027962847
258964	400.00000027962847
259560	400.00000027962847
260159	400.00000027962847
260756	400.00000027962847
261357	400.00000027962847
261961	400.00000027962847
262560	400.00000027962847
263156	400.00000027962847
263763	400.00000027962847
264361	400.00000027962847
264951	400.00000027962847
265544	400.00000027962847
266155	400.00000027962847
266755	400.00000027962847
267358	400.00000027962847
267947	400.00000027962847
268535	400.00000027962847
269145	400.00000027962847
269738	400.00000027962847
270336	400.00000027962847
277008	400.00000027962847
277602	400.00000027962847
278205	400.00000027962847
278805	400.00000027962847
279401	400.00000027962847
279999	400.00000027962847
280604	400.00000027962847
281204	400.00000027962847
281803	400.00000027962847
282389	400.00000027962847
282979	400.00000027962847
283570	400.00000027962847
284163	400.00000027962847
284759	400.00000027962847
285367	400.00000027962847
285965	400.00000027962847
286568	400.00000027962847
287173	400.00000027962847
287767	400.00000027962847
288371	400.00000027962847
294735	400.00000008159634
301614	400.00000004851194
302211	400.00000004851194
302809	400.00000004851194
303404	400.00000004851194
304007	400.00000004851194
304610	400.00000004851194
305206	400.00000004851194
305791	400.00000004851194
306384	400.00000004851194
306973	400.00000004851194
307574	400.00000004851194
308171	400.00000004851194
308765	400.00000004851194
309363	400.00000004851194
309953	400.00000004851194
310557	400.00000004851194
311154	400.00000004851194
311756	400.00000004851194
312345	400.00000004851194
318956	400.00000004851194
319547	400.00000004851194
320147	400.00000004851194
320741	400.00000004851194
321337	400.00000004851194
321951	400.00000004851194
322543	400.00000004851194
323141	400.00000004851194
323733	400.00000004851194
324334	400.00000004851194
324925	400.00000004851194
325519	400.00000004851194
326117	400.00000004851194
326714	400.00000004851194
327308	400.00000004851194
327910	400.00000004851194
328496	400.00000004851194
329085	400.00000004851194
329694	400.00000004851194
330290	400.00000004851194
337117	400.00000004851194
337717	400.00000004851194
338317	400.00000004851194
338908	400.00000004851194
339503	400.00000004851194
340100	400.00000004851194
340694	400.00000004851194
341286	400.00000004851194
341873	400.00000004851194
342468	400.00000004851194
343066	400.00000004851194
343662	400.00000004851194
344255	400.00000004851194
344852	400.00000004851194
345453	400.00000004851194
346054	400.00000004851194
346650	400.00000004851194
347241	400.00000004851194
347839	400.00000004851194
348429	400.00000004851194
355504	400.00000004851194
356103	400.00000004851194
356720	400.00000004851194
357317	400.00000004851194
357916	400.00000004851194
358515	400.00000004851194
359105	400.00000004851194
359706	400.00000004851194
360298	400.00000004851194
360893	400.00000004851194
361491	400.00000004851194
362078	400.00000004851194
362673	400.00000004851194
363266	400.00000004851194
363860	400.00000004851194
364448	400.00000004851194
365041	400.00000004851194
365636	400.00000004851194
366220	400.00000004851194
366814	400.00000004851194
373630	400.00000004851194
374219	400.00000004851194
374808	400.00000004851194
375408	400.00000004851194
375999	400.00000004851194
376589	400.00000004851194
377193	400.00000004851194
377784	400.00000004851194
378380	400.00000004851194
378975	400.00000004851194
379578	400.00000004851194
380177	400.00000004851194
380771	400.00000004851194
381375	400.00000004851194
381982	400.00000004851194
382567	400.00000004851194
383166	400.00000004851194
383757	400.00000004851194
384345	400.00000004851194
384939	400.00000004851194
391547	400.00000004851194
392148	400.00000004851194
392748	400.00000004851194
393348	400.00000004851194
393941	400.00000004851194
394534	400.00000004851194
395129	400.00000004851194
395723	400.00000004851194
396326	400.00000004851194
396922	400.00000004851194
403699	400.00000004851194
404291	400.00000004851194
404886	400.00000004851194
405485	400.00000004851194
406076	400.00000004851194
406666	400.00000004851194
407273	400.00000004851194
407874	400.00000004851194
408474	400.00000004851194
409068	400.00000004851194
409660	400.00000004851194
410256	400.00000004851194
410864	400.00000004851194
411464	400.00000004851194
412056	400.00000004851194
412651	400.00000004851194
413249	400.00000004851194
413847	400.00000004851194
414446	400.00000004851194
415048	400.00000004851194
421974	400.00000004851194
422570	400.00000004851194
423170	400.00000004851194
423771	400.00000004851194
424377	400.00000004851194
424989	400.00000004851194
425581	400.00000004851194
426180	400.00000004851194
426776	400.00000004851194
427370	400.00000004851194
427964	400.00000004851194
428554	400.00000004851194
429153	400.00000004851194
429755	400.00000004851194
430347	400.00000004851194
430949	400.00000004851194
431551	400.00000004851194
432152	400.00000004851194
432745	400.00000004851194
433340	400.00000004851194
444077	400.00000004851194
444684	400.00000004851194
445281	400.00000004851194
445874	400.00000004851194
446476	400.00000004851194
447068	400.00000004851194
447663	400.00000004851194
448270	400.00000004851194
448875	400.00000004851194
449472	400.00000004851194
450076	400.00000004851194
450670	400.00000004851194
451276	400.00000004851194
451866	400.00000004851194
452453	400.00000004851194
453051	400.00000004851194
453642	400.00000004851194
454237	400.00000004851194
454826	400.00000004851194
455425	400.00000004851194
465207	400.00000004851194
465802	400.00000004851194
466404	400.00000004851194
466991	400.00000004851194
467594	400.00000004851194
468184	400.00000004851194
468784	400.00000004851194
469391	400.00000004851194
469985	400.00000004851194
470584	400.00000004851194
471184	400.00000004851194
471790	400.00000004851194
472388	400.00000004851194
472982	400.00000004851194
473584	400.00000004851194
474182	400.00000004851194
474778	400.00000004851194
475387	400.00000004851194
475978	400.00000004851194
476577	400.00000004851194
486036	400.00000004851194
486633	400.00000004851194
487225	400.00000004851194
487819	400.00000004851194
488415	400.00000004851194
489011	400.00000004851194
489609	400.00000004851194
490213	400.00000004851194
490807	400.00000004851194
491404	400.00000004851194
500562	400.00000004851194
