500	89247.89563274271
1088	33073.00473329228
1668	25519.24977626111
2246	15545.804542576321
2825	12335.348527735681
3404	9753.590623839547
3981	8054.2621108126295
4558	7003.031059150589
5141	5636.83521989615
5718	4308.099976996522
6302	3996.508505596854
6888	3595.4978347806245
7467	2721.37389512987
8054	2416.2968049334204
8637	2137.286510601117
9216	1912.9608958898793
9798	1802.6776210510543
10383	1695.8493273451743
10971	1454.2328370521825
11551	1443.86227616666
12130	1286.646209317681
12709	1264.2290905637024
13287	1161.4490763183826
13873	1107.7116125839093
14452	1082.7763986989241
15037	1017.3902603385737
15621	981.2934184910778
16200	954.2156598951027
16781	931.9652668978983
17363	913.7224374483726
17947	873.4370015435214
18540	867.4375563537155
19122	859.4735388379427
19710	836.9122057675406
20299	827.8410016012097
20883	816.0527290652376
21470	805.1521579206294
22058	792.5127633013564
22643	773.103352212443
23231	760.7206351957079
23813	752.5018354533388
73576	403.39975264540817
106689	400.0000512745804
115371	400.0000009292555
147651	400.0000006191103
148225	400.0000006191103
148792	400.0000006191103
149362	400.0000006191103
149938	400.0000006191103
150507	400.0000006191103
151077	400.0000006191103
151649	400.0000006191103
152222	400.0000006191103
152795	400.0000006191103
153368	400.0000006191103
153939	400.0000006191103
154511	400.0000006191103
155081	400.0000006191103
155654	400.0000006191103
156225	400.0000006191103
156797	400.0000006191103
157369	400.0000006191103
157942	400.0000006191103
158517	400.0000006191103
159091	400.0000006191103
159670	400.0000006191103
160244	400.0000006191103
160818	400.0000006191103
161393	400.0000006191103
161969	400.0000006191103
162544	400.0000006191103
165467	400.0000003126087
171370	400.00000021770717
171942	400.00000021770717
172519	400.00000021770717
173093	400.00000021770717
173663	400.00000021770717
174236	400.00000021770717
174816	400.00000021770717
175394	400.00000021770717
175972	400.00000021770717
176550	400.00000021770717
177131	400.00000021770717
177706	400.00000021770717
178286	400.00000021770717
178866	400.00000021770717
179445	400.00000021770717
180022	400.00000021770717
180600	400.00000021770717
181177	400.00000021770717
181760	400.00000021770717
186297	400.00000021770717
186877	400.00000021770717
187455	400.00000021770717
188036	400.00000021770717
188617	400.00000021770717
189196	400.00000021770717
189777	400.00000021770717
190356	400.00000021770717
190937	400.00000021770717
191520	400.00000021770717
192097	400.00000021770717
192681	400.00000021770717
193262	400.00000021770717
193843	400.00000021770717
194419	400.00000021770717
195001	400.00000021770717
195580	400.00000021770717
196160	400.00000021770717
196742	400.00000021770717
197324	400.00000021770717
201251	400.00000021770717
201836	400.00000021770717
202415	400.00000021770717
202995	400.00000021770717
203577	400.00000021770717
204157	400.00000021770717
204742	400.00000021770717
205324	400.00000021770717
205899	400.00000021770717
206477	400.00000021770717
207056	400.00000021770717
207633	400.00000021770717
208216	400.00000021770717
208796	400.00000021770717
209372	400.00000021770717
209956	400.00000021770717
210535	400.00000021770717
211118	400.00000021770717
211699	400.00000021770717
212281	400.00000021770717
218834	400.00000021770717
219424	400.00000021770717
220009	400.00000021770717
220592	400.00000021770717
221174	400.00000021770717
221757	400.00000021770717
222341	400.00000021770717
222925	400.00000021770717
223506	400.00000021770717
224088	400.00000021770717
224668	400.00000021770717
225247	400.00000021770717
225828	400.00000021770717
226411	400.00000021770717
226997	400.00000021770717
227575	400.00000021770717
228153	400.00000021770717
228730	400.00000021770717
229315	400.00000021770717
229899	400.00000021770717
236305	400.00000021770717
236884	400.00000021770717
237467	400.00000021770717
238052	400.00000021770717
238633	400.00000021770717
239217	400.00000021770717
239796	400.00000021770717
240387	400.00000021770717
240967	400.00000021770717
241554	400.00000021770717
242138	400.00000021770717
242727	400.00000021770717
243313	400.00000021770717
243900	400.00000021770717
244482	400.00000021770717
245062	400.00000021770717
245644	400.00000021770717
246236	400.00000021770717
246813	400.00000021770717
247392	400.00000021770717
253797	400.00000021770717
254377	400.00000021770717
254958	400.00000021770717
255541	400.00000021770717
256122	400.00000021770717
256701	400.00000021770717
257285	400.00000021770717
257863	400.00000021770717
258450	400.00000021770717
259035	400.00000021770717
264621	400.00000021770717
265198	400.00000021770717
265776	400.00000021770717
266362	400.00000021770717
266944	400.00000021770717
267527	400.00000021770717
268117	400.00000021770717
268697	400.00000021770717
269273	400.00000021770717
269855	400.00000021770717
270431	400.00000021770717
271016	400.00000021770717
271596	400.00000021770717
272185	400.00000021770717
272768	400.00000021770717
273348	400.00000021770717
273933	400.00000021770717
274520	400.00000021770717
275107	400.00000021770717
275696	400.00000021770717
281083	400.00000021770717
281663	400.00000021770717
282249	400.00000021770717
282842	400.00000021770717
283427	400.00000021770717
284011	400.00000021770717
284596	400.00000021770717
285182	400.00000021770717
285763	400.00000021770717
286347	400.00000021770717
286928	400.00000021770717
287511	400.00000021770717
288094	400.00000021770717
288679	400.00000021770717
289262	400.00000021770717
289844	400.00000021770717
290426	400.00000021770717
291006	400.00000021770717
291592	400.00000021770717
292179	400.00000021770717
297618	400.00000021770717
298199	400.00000021770717
298781	400.00000021770717
299370	400.00000021770717
299952	400.00000021770717
300536	400.00000021770717
301124	400.00000021770717
301707	400.00000021770717
302291	400.00000021770717
302869	400.00000021770717
303457	400.00000021770717
304039	400.00000021770717
304617	400.00000021770717
305205	400.00000021770717
305787	400.00000021770717
306365	400.00000021770717
306945	400.00000021770717
307526	400.00000021770717
308103	400.00000021770717
308688	400.00000021770717
314993	400.00000021770717
315580	400.00000021770717
316167	400.00000021770717
316751	400.00000021770717
317328	400.00000021770717
317904	400.00000021770717
318495	400.00000021770717
319077	400.00000021770717
319665	400.00000021770717
320249	400.00000021770717
320831	400.00000021770717
321412	400.00000021770717
321992	400.00000021770717
322575	400.00000021770717
323152	400.00000021770717
323736	400.00000021770717
324314	400.00000021770717
324886	400.00000021770717
325467	400.00000021770717
326049	400.00000021770717
332306	400.00000021770717
332890	400.00000021770717
333484	400.00000021770717
334065	400.00000021770717
334646	400.00000021770717
335235	400.00000021770717
335810	400.00000021770717
336387	400.00000021770717
336974	400.00000021770717
337560	400.00000021770717
343968	400.00000021770717
344557	400.00000021770717
345140	400.00000021770717
345722	400.00000021770717
346303	400.00000021770717
346888	400.00000021770717
347469	400.00000021770717
348053	400.00000021770717
348641	400.00000021770717
349221	400.00000021770717
349812	400.00000021770717
350396	400.00000021770717
350980	400.00000021770717
351564	400.00000021770717
352148	400.00000021770717
352740	400.00000021770717
353323	400.00000021770717
353907	400.00000021770717
354486	400.00000021770717
355076	400.00000021770717
360718	400.00000021770717
361299	400.00000021770717
361884	400.00000021770717
362464	400.00000021770717
363047	400.00000021770717
363632	400.00000021770717
364219	400.00000021770717
364810	400.00000021770717
365391	400.00000021770717
365971	400.00000021770717
366556	400.00000021770717
367140	400.00000021770717
367726	400.00000021770717
368313	400.00000021770717
368904	400.00000021770717
369483	400.00000021770717
370067	400.00000021770717
370650	400.00000021770717
371238	400.00000021770717
371819	400.00000021770717
377305	400.00000021770717
377889	400.00000021770717
378466	400.00000021770717
379051	400.00000021770717
379638	400.00000021770717
380219	400.00000021770717
380799	400.00000021770717
381382	400.00000021770717
381961	400.00000021770717
382537	400.00000021770717
383123	400.00000021770717
383706	400.00000021770717
384290	400.00000021770717
384871	400.00000021770717
385450	400.00000021770717
386033	400.00000021770717
386624	400.00000021770717
387209	400.00000021770717
387787	400.00000021770717
388371	400.00000021770717
393652	400.00000021770717
394233	400.00000021770717
394817	400.00000021770717
395400	400.00000021770717
395982	400.00000021770717
396563	400.00000021770717
397144	400.00000021770717
397732	400.00000021770717
398314	400.00000021770717
398892	400.00000021770717
399478	400.00000021770717
400059	400.00000021770717
400645	400.00000021770717
401226	400.00000021770717
401807	400.00000021770717
402385	400.00000021770717
402972	400.00000021770717
403555	400.00000021770717
404136	400.00000021770717
404724	400.00000021770717
411280	400.00000021770717
411860	400.00000021770717
412447	400.00000021770717
413033	400.00000021770717
413619	400.00000021770717
414210	400.00000021770717
414799	400.00000021770717
415378	400.00000021770717
415967	400.00000021770717
416551	400.00000021770717
421141	400.00000021770717
421730	400.00000021770717
422317	400.00000021770717
422905	400.00000021770717
423493	400.00000021770717
424071	400.00000021770717
424658	400.00000021770717
425244	400.00000021770717
425834	400.00000021770717
426414	400.00000021770717
426999	400.00000021770717
427582	400.00000021770717
428163	400.00000021770717
428750	400.00000021770717
429334	400.00000021770717
429925	400.00000021770717
430504	400.00000021770717
431085	400.00000021770717
431664	400.00000021770717
432247	400.00000021770717
437435	400.00000021770717
438017	400.00000021770717
438606	400.00000021770717
439191	400.00000021770717
439774	400.00000021770717
440356	400.00000021770717
440943	400.00000021770717
441523	400.00000021770717
442110	400.00000021770717
442696	400.00000021770717
443283	400.00000021770717
443866	400.00000021770717
444452	400.00000021770717
445032	400.00000021770717
445617	400.00000021770717
446198	400.00000021770717
446782	400.00000021770717
447369	400.00000021770717
447951	400.00000021770717
448539	400.00000021770717
454894	400.00000021770717
455483	400.00000021770717
456071	400.00000021770717
456662	400.00000021770717
457248	400.00000021770717
457838	400.00000021770717
458424	400.00000021770717
459007	400.00000021770717
459591	400.00000021770717
460173	400.00000021770717
460762	400.00000021770717
461346	400.00000021770717
461925	400.00000021770717
462508	400.00000021770717
463090	400.00000021770717
463674	400.00000021770717
464258	400.00000021770717
464842	400.00000021770717
465423	400.00000021770717
466007	400.00000021770717
471442	400.00000021770717
472025	400.00000021770717
472612	400.00000021770717
473193	400.00000021770717
473775	400.00000021770717
474355	400.00000021770717
474935	400.00000021770717
475519	400.00000021770717
476100	400.00000021770717
476686	400.00000021770717
477270	400.00000021770717
477853	400.00000021770717
478436	400.00000021770717
479027	400.00000021770717
479607	400.00000021770717
480187	400.00000021770717
480766	400.00000021770717
481352	400.00000021770717
481938	400.00000021770717
482520	400.00000021770717
486990	400.00000021770717
487576	400.00000021770717
488153	400.00000021770717
488735	400.00000021770717
489317	400.00000021770717
489901	400.00000021770717
490485	400.00000021770717
491070	400.00000021770717
491656	400.00000021770717
492245	400.00000021770717
498395	400.00000021770717
498987	400.00000021770717
499572	400.00000021770717
500154	400.00000021770717
