500	1548.6871791791018
1071	1524.4103590644186
1643	1471.6430586445215
2211	1388.9559209756349
2781	1388.9559209756349
3348	1321.898776056691
3914	1291.8040262040076
4480	1225.8199569790238
5041	1201.5941950601514
5605	1201.5941950601514
6169	1201.5941950601514
6734	1195.533240196188
7297	1163.273709472191
7858	1108.434456605462
8421	1108.434456605462
8985	1063.799406249093
9551	1063.799406249093
10114	1063.799406249093
10676	1034.3280654275745
11234	1034.3280654275745
11791	1011.2414192550062
12346	1011.2414192550062
12903	1011.2414192550062
13460	1011.2414192550062
14015	1011.2414192550062
14571	1011.2414192550062
15125	1011.2414192550062
15679	1011.2414192550062
16232	1011.2414192550062
16786	1011.2414192550062
17342	1011.2414192550062
17896	1003.8165034792739
18451	1003.8165034792739
19006	1003.8165034792739
19559	1003.8165034792739
20112	1003.8165034792739
20666	1003.8165034792739
21218	1003.8165034792739
21775	1003.8165034792739
22331	975.2377080261296
22888	975.2377080261296
23445	975.2377080261296
24000	975.2377080261296
24555	975.2377080261296
25112	975.2377080261296
25668	975.2377080261296
26226	975.2377080261296
26783	975.2377080261296
27339	975.2377080261296
27897	975.2377080261296
28452	975.2377080261296
29011	975.2377080261296
29569	975.2377080261296
31530	639.2937218647328
34331	639.2937217353011
34887	639.2937217353011
35446	639.2937217353011
36001	639.2937217353011
36557	639.2937217353011
37114	639.2937217353011
37674	639.2937217353011
38233	639.2937217353011
38790	639.2937217353011
39346	639.2937217353011
39905	639.2937217353011
40461	639.2937217353011
41017	639.2937217353011
41571	639.2937217353011
42128	639.2937217353011
42683	639.2937217353011
43239	639.2937217353011
43794	639.2937217353011
44351	639.2937217353011
44906	639.2937217353011
45465	639.2937217353011
46025	639.2937217353011
46584	639.2937217353011
47142	639.2937217353011
47702	639.2937217353011
48263	639.2937217353011
48821	639.2937217353011
53486	639.2937217353011
54045	639.2937217353011
54603	639.2937217353011
55160	639.2937217353011
55717	639.2937217353011
56274	639.2937217353011
56831	639.2937217353011
57385	639.2937217353011
57941	639.2937217353011
58499	639.2937217353011
61267	639.2937217353011
61822	639.2937217353011
62379	639.2937217353011
62935	639.2937217353011
63494	639.2937217353011
64055	639.2937217353011
64614	639.2937217353011
65172	639.2937217353011
65730	639.2937217353011
66287	639.2937217353011
66841	639.2937217353011
67398	639.2937217353011
67956	639.2937217353011
68514	639.2937217353011
69070	639.2937217353011
69624	639.2937217353011
70178	639.2937217353011
70734	639.2937217353011
71289	639.2937217353011
71843	639.2937217353011
74505	639.2937217353011
75062	639.2937217353011
75618	639.2937217353011
76176	639.2937217353011
76735	639.2937217353011
77293	639.2937217353011
77853	639.2937217353011
78412	639.2937217353011
78970	639.2937217353011
79529	639.2937217353011
80088	639.2937217353011
80646	639.2937217353011
81204	639.2937217353011
81763	639.2937217353011
82324	639.2937217353011
82884	639.2937217353011
83444	639.2937217353011
84003	639.2937217353011
84562	639.2937217353011
85120	639.2937217353011
88671	639.2937217353011
89226	639.2937217353011
89783	639.2937217353011
90342	639.2937217353011
90899	639.2937217353011
91457	639.2937217353011
92014	639.2937217353011
92572	639.2937217353011
93130	639.2937217353011
93688	639.2937217353011
94244	639.2937217353011
94800	639.2937217353011
95354	639.2937217353011
95910	639.2937217353011
96465	639.2937217353011
97021	639.2937217353011
97580	639.2937217353011
98136	639.2937217353011
98691	639.2937217353011
99247	639.2937217353011
102106	639.2937217353011
102662	639.2937217353011
103218	639.2937217353011
103771	639.2937217353011
104327	639.2937217353011
104885	639.2937217353011
105443	639.2937217353011
106001	639.2937217353011
106556	639.2937217353011
107111	639.2937217353011
107666	639.2937217353011
108222	639.2937217353011
108777	639.2937217353011
109331	639.2937217353011
109888	639.2937217353011
110443	639.2937217353011
110999	639.2937217353011
111558	639.2937217353011
112119	639.2937217353011
112677	639.2937217353011
115934	639.2937217353011
116494	639.2937217353011
117054	639.2937217353011
117612	639.2937217353011
118172	639.2937217353011
118731	639.2937217353011
119288	639.2937217353011
119847	639.2937217353011
120403	639.2937217353011
120960	639.2937217353011
125361	639.2937217353011
125917	639.2937217353011
126472	639.2937217353011
127028	639.2937217353011
127584	639.2937217353011
128139	639.2937217353011
128696	639.2937217353011
129252	639.2937217353011
129810	639.2937217353011
130367	639.2937217353011
130924	639.2937217353011
131484	639.2937217353011
132039	639.2937217353011
132595	639.2937217353011
133148	639.2937217353011
133702	639.2937217353011
134256	639.2937217353011
134810	639.2937217353011
135365	639.2937217353011
135922	639.2937217353011
138705	639.2937217353011
139262	639.2937217353011
139819	639.2937217353011
140378	639.2937217353011
140935	639.2937217353011
141495	639.2937217353011
142054	639.2937217353011
142613	639.2937217353011
143172	639.2937217353011
143728	639.2937217353011
144288	639.2937217353011
144845	639.2937217353011
145404	639.2937217353011
145963	639.2937217353011
146521	639.2937217353011
147077	639.2937217353011
147631	639.2937217353011
148187	639.2937217353011
148742	639.2937217353011
149297	639.2937217353011
152436	639.2937217353011
152994	639.2937217353011
153552	639.2937217353011
154109	639.2937217353011
154668	639.2937217353011
155229	639.2937217353011
155786	639.2937217353011
156343	639.2937217353011
156899	639.2937217353011
157456	639.2937217353011
158009	639.2937217353011
158568	639.2937217353011
159127	639.2937217353011
159685	639.2937217353011
160244	639.2937217353011
160801	639.2937217353011
161358	639.2937217353011
161914	639.2937217353011
162470	639.2937217353011
163024	639.2937217353011
165789	639.2937217353011
166345	639.2937217353011
166900	639.2937217353011
167456	639.2937217353011
168012	639.2937217353011
168570	639.2937217353011
169128	639.2937217353011
169685	639.2937217353011
170245	639.2937217353011
170799	639.2937217353011
171356	639.2937217353011
171913	639.2937217353011
172473	639.2937217353011
173032	639.2937217353011
173589	639.2937217353011
174146	639.2937217353011
174703	639.2937217353011
175260	639.2937217353011
175817	639.2937217353011
176375	639.2937217353011
179491	639.2937217353011
180051	639.2937217353011
180609	639.2937217353011
181167	639.2937217353011
181724	639.2937217353011
182280	639.2937217353011
182834	639.2937217353011
183391	639.2937217353011
183947	639.2937217353011
184504	639.2937217353011
188008	639.2937217353011
188564	639.2937217353011
189118	639.2937217353011
189677	639.2937217353011
190237	639.2937217353011
190798	639.2937217353011
191360	639.2937217353011
191918	639.2937217353011
192477	639.2937217353011
193037	639.2937217353011
193593	639.2937217353011
194151	639.2937217353011
194707	639.2937217353011
195263	639.2937217353011
195821	639.2937217353011
196377	639.2937217353011
196934	639.2937217353011
197489	639.2937217353011
198045	639.2937217353011
198603	639.2937217353011
202099	639.2937217353011
202654	639.2937217353011
203210	639.2937217353011
203764	639.2937217353011
204319	639.2937217353011
204875	639.2937217353011
205432	639.2937217353011
205990	639.2937217353011
206548	639.2937217353011
207107	639.2937217353011
207666	639.2937217353011
208222	639.2937217353011
208778	639.2937217353011
209334	639.2937217353011
209888	639.2937217353011
210443	639.2937217353011
210998	639.2937217353011
211552	639.2937217353011
212108	639.2937217353011
212664	639.2937217353011
217210	639.2937217353011
217769	639.2937217353011
218329	639.2937217353011
218890	639.2937217353011
219451	639.2937217353011
220010	639.2937217353011
220569	639.2937217353011
221126	639.2937217353011
221684	639.2937217353011
222240	639.2937217353011
222799	639.2937217353011
223355	639.2937217353011
223916	639.2937217353011
224474	639.2937217353011
225033	639.2937217353011
225589	639.2937217353011
226149	639.2937217353011
226705	639.2937217353011
227264	639.2937217353011
227819	639.2937217353011
230540	639.2937217353011
231095	639.2937217353011
231649	639.2937217353011
232205	639.2937217353011
232758	639.2937217353011
233313	639.2937217353011
233868	639.2937217353011
234426	639.2937217353011
234982	639.2937217353011
235541	639.2937217353011
236101	639.2937217353011
236659	639.2937217353011
237217	639.2937217353011
237776	639.2937217353011
238337	639.2937217353011
238895	639.2937217353011
239452	639.2937217353011
240011	639.2937217353011
240567	639.2937217353011
241126	639.2937217353011
245806	639.2937217353011
246360	639.2937217353011
246913	639.2937217353011
247468	639.2937217353011
248021	639.2937217353011
248574	639.2937217353011
249126	639.2937217353011
249679	639.2937217353011
250235	639.2937217353011
250790	639.2937217353011
256251	639.2937217353011
256808	639.2937217353011
257366	639.2937217353011
257924	639.2937217353011
258484	639.2937217353011
259048	639.2937217353011
259607	639.2937217353011
260168	639.2937217353011
260727	639.2937217353011
261283	639.2937217353011
261842	639.2937217353011
262399	639.2937217353011
262956	639.2937217353011
263514	639.2937217353011
264073	639.2937217353011
264630	639.2937217353011
265187	639.2937217353011
265743	639.2937217353011
266302	639.2937217353011
266859	639.2937217353011
270468	639.2937217353011
271025	639.2937217353011
271582	639.2937217353011
272141	639.2937217353011
272696	639.2937217353011
273252	639.2937217353011
273810	639.2937217353011
274366	639.2937217353011
274922	639.2937217353011
275481	639.2937217353011
276040	639.2937217353011
276596	639.2937217353011
277156	639.2937217353011
277714	639.2937217353011
278273	639.2937217353011
278832	639.2937217353011
279389	639.2937217353011
279947	639.2937217353011
280503	639.2937217353011
281059	639.2937217353011
283780	639.2937217353011
284337	639.2937217353011
284894	639.2937217353011
285452	639.2937217353011
286007	639.2937217353011
286563	639.2937217353011
287119	639.2937217353011
287674	639.2937217353011
288231	639.2937217353011
288788	639.2937217353011
289344	639.2937217353011
289903	639.2937217353011
290460	639.2937217353011
291018	639.2937217353011
291575	639.2937217353011
292133	639.2937217353011
292690	639.2937217353011
293247	639.2937217353011
293803	639.2937217353011
294361	639.2937217353011
297724	639.2937217353011
298280	639.2937217353011
298836	639.2937217353011
299394	639.2937217353011
299949	639.2937217353011
300504	639.2937217353011
301063	639.2937217353011
301621	639.2937217353011
302176	639.2937217353011
302736	639.2937217353011
303295	639.2937217353011
303854	639.2937217353011
304414	639.2937217353011
304974	639.2937217353011
305536	639.2937217353011
306095	639.2937217353011
306651	639.2937217353011
307208	639.2937217353011
307767	639.2937217353011
308324	639.2937217353011
310308	639.2937217353011
310866	639.2937217353011
311423	639.2937217353011
311979	639.2937217353011
312535	639.2937217353011
313093	639.2937217353011
313648	639.2937217353011
314208	639.2937217353011
314765	639.2937217353011
315321	639.2937217353011
318824	639.2937217353011
319380	639.2937217353011
319936	639.2937217353011
320491	639.2937217353011
321048	639.2937217353011
321607	639.2937217353011
322166	639.2937217353011
322724	639.2937217353011
323283	639.2937217353011
323843	639.2937217353011
324404	639.2937217353011
324964	639.2937217353011
325522	639.2937217353011
326082	639.2937217353011
326640	639.2937217353011
327196	639.2937217353011
327755	639.2937217353011
328310	639.2937217353011
328867	639.2937217353011
329426	639.2937217353011
332262	639.2937217353011
332820	639.2937217353011
333377	639.2937217353011
333934	639.2937217353011
334489	639.2937217353011
335044	639.2937217353011
335599	639.2937217353011
336153	639.2937217353011
336710	639.2937217353011
337268	639.2937217353011
337822	639.2937217353011
338378	639.2937217353011
338935	639.2937217353011
339490	639.2937217353011
340049	639.2937217353011
340607	639.2937217353011
341166	639.2937217353011
341726	639.2937217353011
342282	639.2937217353011
342842	639.2937217353011
347427	639.2937217353011
347985	639.2937217353011
348544	639.2937217353011
349101	639.2937217353011
349659	639.2937217353011
350215	639.2937217353011
350771	639.2937217353011
351325	639.2937217353011
351879	639.2937217353011
352435	639.2937217353011
352989	639.2937217353011
353544	639.2937217353011
354101	639.2937217353011
354656	639.2937217353011
355211	639.2937217353011
355767	639.2937217353011
356322	639.2937217353011
356878	639.2937217353011
357435	639.2937217353011
357993	639.2937217353011
361819	639.2937217353011
362374	639.2937217353011
362930	639.2937217353011
363487	639.2937217353011
364045	639.2937217353011
364604	639.2937217353011
365164	639.2937217353011
365724	639.2937217353011
366284	639.2937217353011
366844	639.2937217353011
367402	639.2937217353011
367959	639.2937217353011
368517	639.2937217353011
369075	639.2937217353011
369632	639.2937217353011
370189	639.2937217353011
370746	639.2937217353011
371303	639.2937217353011
371859	639.2937217353011
372416	639.2937217353011
375111	639.2937217353011
375668	639.2937217353011
376223	639.2937217353011
376783	639.2937217353011
377340	639.2937217353011
377897	639.2937217353011
378458	639.2937217353011
379016	639.2937217353011
379572	639.2937217353011
380129	639.2937217353011
383042	639.2937217353011
383598	639.2937217353011
384153	639.2937217353011
384709	639.2937217353011
385265	639.2937217353011
385821	639.2937217353011
386379	639.2937217353011
386938	639.2937217353011
387496	639.2937217353011
388054	639.2937217353011
388610	639.2937217353011
389168	639.2937217353011
389726	639.2937217353011
390283	639.2937217353011
390842	639.2937217353011
391403	639.2937217353011
391957	639.2937217353011
392516	639.2937217353011
393074	639.2937217353011
393634	639.2937217353011
396483	639.2937217353011
397041	639.2937217353011
397598	639.2937217353011
398153	639.2937217353011
398712	639.2937217353011
399271	639.2937217353011
399829	639.2937217353011
400387	639.2937217353011
400944	639.2937217353011
401500	639.2937217353011
402056	639.2937217353011
402609	639.2937217353011
403164	639.2937217353011
403720	639.2937217353011
404276	639.2937217353011
404831	639.2937217353011
405392	639.2937217353011
405952	639.2937217353011
406511	639.2937217353011
407070	639.2937217353011
413156	639.2937217353011
413718	639.2937217353011
414281	639.2937217353011
414841	639.2937217353011
415398	639.2937217353011
415957	639.2937217353011
416515	639.2937217353011
417075	639.2937217353011
417634	639.2937217353011
418191	639.2937217353011
418749	639.2937217353011
419306	639.2937217353011
419863	639.2937217353011
420417	639.2937217353011
420976	639.2937217353011
421531	639.2937217353011
422087	639.2937217353011
422642	639.2937217353011
423196	639.2937217353011
423753	639.2937217353011
427056	639.2937217353011
427609	639.2937217353011
428164	639.2937217353011
428723	639.2937217353011
429282	639.2937217353011
429841	639.2937217353011
430401	639.2937217353011
430962	639.2937217353011
431521	639.2937217353011
432079	639.2937217353011
432638	639.2937217353011
433197	639.2937217353011
433753	639.2937217353011
434313	639.2937217353011
434873	639.2937217353011
435431	639.2937217353011
435988	639.2937217353011
436545	639.2937217353011
437101	639.2937217353011
437657	639.2937217353011
440877	639.2937217353011
441433	639.2937217353011
441990	639.2937217353011
442547	639.2937217353011
443104	639.2937217353011
443663	639.2937217353011
444219	639.2937217353011
444777	639.2937217353011
445333	639.2937217353011
445890	639.2937217353011
448664	639.2937217353011
449219	639.2937217353011
449778	639.2937217353011
450334	639.2937217353011
450890	639.2937217353011
451448	639.2937217353011
452005	639.2937217353011
452561	639.2937217353011
453120	639.2937217353011
453678	639.2937217353011
454236	639.2937217353011
454795	639.2937217353011
455354	639.2937217353011
455915	639.2937217353011
456472	639.2937217353011
457027	639.2937217353011
457585	639.2937217353011
458146	639.2937217353011
458703	639.2937217353011
459260	639.2937217353011
462071	639.2937217353011
462629	639.2937217353011
463186	639.2937217353011
463741	639.2937217353011
464293	639.2937217353011
464850	639.2937217353011
465404	639.2937217353011
465960	639.2937217353011
466516	639.2937217353011
467073	639.2937217353011
467629	639.2937217353011
468185	639.2937217353011
468743	639.2937217353011
469298	639.2937217353011
469856	639.2937217353011
470413	639.2937217353011
470970	639.2937217353011
471525	639.2937217353011
472079	639.2937217353011
472636	639.2937217353011
475856	639.2937217353011
476416	639.2937217353011
476972	639.2937217353011
477527	639.2937217353011
478086	639.2937217353011
478642	639.2937217353011
479200	639.2937217353011
479758	639.2937217353011
480315	639.2937217353011
480873	639.2937217353011
481426	639.2937217353011
481980	639.2937217353011
482535	639.2937217353011
483093	639.2937217353011
483651	639.2937217353011
484208	639.2937217353011
484764	639.2937217353011
485322	639.2937217353011
485879	639.2937217353011
486436	639.2937217353011
492292	639.2937217353011
492848	639.2937217353011
493404	639.2937217353011
493963	639.2937217353011
494519	639.2937217353011
495081	639.2937217353011
495639	639.2937217353011
496197	639.2937217353011
496757	639.2937217353011
497316	639.2937217353011
497879	639.2937217353011
498443	639.2937217353011
499005	639.2937217353011
499566	639.2937217353011
500126	639.2937217353011
