500	1607.5239801810196
1071	1569.3644329111673
1640	1445.1438111031973
2209	1351.1566967341312
2780	1263.2041958209713
3346	1263.2041958209713
3913	1207.4923913969037
4477	1161.2077297141
5038	1161.2077297141
5602	1161.2077297141
6167	1097.6425213662274
6727	1097.6425213662274
7286	1073.3304370420356
7845	1073.3304370420356
8406	1073.3304370420356
8964	1073.3304370420356
9523	1070.7823567759572
10080	1070.7823567759572
10639	1024.760348884428
11198	1024.760348884428
11752	1024.760348884428
12309	1024.760348884428
12866	1024.760348884428
13423	1024.760348884428
13980	1015.0275044656511
14538	1015.0275044656511
15093	1015.0275044656511
15647	1015.0275044656511
16206	1015.0275044656511
16762	1015.0275044656511
17318	978.7781111583993
17871	978.7781111583993
18427	973.4501707878329
18981	973.4501707878329
19535	973.4501707878329
20087	973.4501707878329
20640	973.4501707878329
21195	973.4501707878329
21751	973.4501707878329
22305	973.4501707878329
22858	973.4501707878329
23411	973.4501707878329
23967	973.4501707878329
24522	973.4501707878329
25081	973.4501707878329
25639	973.4501707878329
26197	973.4501707878329
26754	973.4501707878329
27311	973.4501707878329
27868	973.4501707878329
28425	973.4501707878329
28983	973.4501707878329
29538	973.4501707878329
37945	774.9304256158975
38503	774.9304256158975
39059	774.9304256158975
39614	774.9304256158975
40169	774.9304256158975
40724	774.9304256158975
41278	774.9304256158975
41831	774.9304256158975
42386	774.9304256158975
42939	774.9304256158975
43496	774.9304256158975
44051	774.9304256158975
44606	774.9304256158975
45164	774.9304256158975
45723	774.9304256158975
46282	774.9304256158975
46841	774.9304256158975
47400	774.9304256158975
47959	774.9304256158975
48518	774.9304256158975
49077	774.9304256158975
49636	774.9304256158975
50192	774.9304256158975
50751	774.9304256158975
51309	774.9304256158975
51866	774.9304256158975
52422	774.9304256158975
52977	774.9304256158975
56518	774.9304256158975
57077	774.9304256158975
57631	774.9304256158975
58185	774.9304256158975
58742	774.9304256158975
59297	774.9304256158975
59851	774.9304256158975
60408	774.9304256158975
60964	774.9304256158975
61519	774.9304256158975
62891	695.6993460795966
64416	676.0640424320906
69789	676.0640422912948
70344	676.0640422912948
70898	676.0640422912948
71454	676.0640422912948
72010	676.0640422912948
72564	676.0640422912948
73121	676.0640422912948
73675	676.0640422912948
74230	676.0640422912948
74786	676.0640422912948
75344	676.0640422912948
75901	676.0640422912948
76458	676.0640422912948
77016	676.0640422912948
77574	676.0640422912948
78135	676.0640422912948
78691	676.0640422912948
79249	676.0640422912948
79805	676.0640422912948
80363	676.0640422912948
80923	676.0640422912948
81480	676.0640422912948
82038	676.0640422912948
82595	676.0640422912948
83154	676.0640422912948
83713	676.0640422912948
84268	676.0640422912948
84826	676.0640422912948
88375	676.0640422912948
88934	676.0640422912948
89491	676.0640422912948
90049	676.0640422912948
90608	676.0640422912948
91166	676.0640422912948
91722	676.0640422912948
92277	676.0640422912948
92833	676.0640422912948
93391	676.0640422912948
97295	676.0640422912948
97855	676.0640422912948
98413	676.0640422912948
98971	676.0640422912948
99529	676.0640422912948
100085	676.0640422912948
100640	676.0640422912948
101196	676.0640422912948
101756	676.0640422912948
102313	676.0640422912948
102871	676.0640422912948
103431	676.0640422912948
103987	676.0640422912948
104541	676.0640422912948
105098	676.0640422912948
105657	676.0640422912948
106216	676.0640422912948
106774	676.0640422912948
107333	676.0640422912948
107891	676.0640422912948
110186	676.0640422912948
110745	676.0640422912948
111303	676.0640422912948
111859	676.0640422912948
112414	676.0640422912948
112969	676.0640422912948
113527	676.0640422912948
114082	676.0640422912948
114638	676.0640422912948
115197	676.0640422912948
115751	676.0640422912948
116305	676.0640422912948
116860	676.0640422912948
117416	676.0640422912948
117973	676.0640422912948
118529	676.0640422912948
119085	676.0640422912948
119643	676.0640422912948
120201	676.0640422912948
120759	676.0640422912948
126247	676.0640422912948
126804	676.0640422912948
127361	676.0640422912948
127918	676.0640422912948
128474	676.0640422912948
129029	676.0640422912948
129585	676.0640422912948
130142	676.0640422912948
130700	676.0640422912948
131259	676.0640422912948
131820	676.0640422912948
132380	676.0640422912948
132944	676.0640422912948
133505	676.0640422912948
134064	676.0640422912948
134623	676.0640422912948
135183	676.0640422912948
135740	676.0640422912948
136300	676.0640422912948
136859	676.0640422912948
142792	676.0640422912948
143352	676.0640422912948
143911	676.0640422912948
144468	676.0640422912948
145029	676.0640422912948
145587	676.0640422912948
146142	676.0640422912948
146698	676.0640422912948
147254	676.0640422912948
147808	676.0640422912948
148364	676.0640422912948
148918	676.0640422912948
149473	676.0640422912948
150031	676.0640422912948
150586	676.0640422912948
151143	676.0640422912948
151701	676.0640422912948
152262	676.0640422912948
152823	676.0640422912948
153380	676.0640422912948
158972	676.0640422912948
159528	676.0640422912948
160082	676.0640422912948
160635	676.0640422912948
161191	676.0640422912948
161748	676.0640422912948
162306	676.0640422912948
162863	676.0640422912948
163420	676.0640422912948
163976	676.0640422912948
167957	676.0640422912948
168514	676.0640422912948
169073	676.0640422912948
169631	676.0640422912948
170187	676.0640422912948
170741	676.0640422912948
171299	676.0640422912948
171858	676.0640422912948
172412	676.0640422912948
172971	676.0640422912948
173530	676.0640422912948
174087	676.0640422912948
174645	676.0640422912948
175202	676.0640422912948
175757	676.0640422912948
176315	676.0640422912948
176872	676.0640422912948
177433	676.0640422912948
177992	676.0640422912948
178552	676.0640422912948
182112	676.0640422912948
182668	676.0640422912948
183224	676.0640422912948
183779	676.0640422912948
184337	676.0640422912948
184895	676.0640422912948
185451	676.0640422912948
186008	676.0640422912948
186568	676.0640422912948
187126	676.0640422912948
187684	676.0640422912948
188243	676.0640422912948
188799	676.0640422912948
189357	676.0640422912948
189914	676.0640422912948
190469	676.0640422912948
191026	676.0640422912948
191582	676.0640422912948
192135	676.0640422912948
192692	676.0640422912948
194266	672.693139891448
196456	672.693139849372
197011	672.693139849372
197567	672.693139849372
198125	672.693139849372
198682	672.693139849372
199239	672.693139849372
199798	672.693139849372
200357	672.693139849372
200917	672.693139849372
201478	672.693139849372
202037	672.693139849372
202595	672.693139849372
203153	672.693139849372
203713	672.693139849372
204271	672.693139849372
204830	672.693139849372
205387	672.693139849372
205946	672.693139849372
206503	672.693139849372
210627	672.693139849372
211183	672.693139849372
211742	672.693139849372
212303	672.693139849372
212858	672.693139849372
213413	672.693139849372
213973	672.693139849372
214530	672.693139849372
215086	672.693139849372
215643	672.693139849372
216200	672.693139849372
216758	672.693139849372
217315	672.693139849372
217873	672.693139849372
218430	672.693139849372
218986	672.693139849372
219544	672.693139849372
220101	672.693139849372
220656	672.693139849372
221211	672.693139849372
225820	672.693139849372
226377	672.693139849372
226937	672.693139849372
227495	672.693139849372
228054	672.693139849372
228612	672.693139849372
229169	672.693139849372
229728	672.693139849372
230286	672.693139849372
230842	672.693139849372
231402	672.693139849372
231962	672.693139849372
232522	672.693139849372
233081	672.693139849372
233638	672.693139849372
234197	672.693139849372
234753	672.693139849372
235311	672.693139849372
235869	672.693139849372
236426	672.693139849372
241228	672.693139849372
241784	672.693139849372
242338	672.693139849372
242895	672.693139849372
243451	672.693139849372
244006	672.693139849372
244560	672.693139849372
245117	672.693139849372
245670	672.693139849372
246225	672.693139849372
246779	672.693139849372
247336	672.693139849372
247893	672.693139849372
248450	672.693139849372
249009	672.693139849372
249567	672.693139849372
250127	672.693139849372
250683	672.693139849372
251241	672.693139849372
251800	672.693139849372
253857	672.693139849372
254417	672.693139849372
254977	672.693139849372
255536	672.693139849372
256093	672.693139849372
256656	672.693139849372
257216	672.693139849372
257775	672.693139849372
258333	672.693139849372
258893	672.693139849372
259452	672.693139849372
260012	672.693139849372
260570	672.693139849372
261127	672.693139849372
261687	672.693139849372
262246	672.693139849372
262801	672.693139849372
263358	672.693139849372
263914	672.693139849372
264471	672.693139849372
265892	667.7855922997843
268771	667.7855922874417
269326	667.7855922874417
269880	667.7855922874417
270433	667.7855922874417
270986	667.7855922874417
271542	667.7855922874417
272097	667.7855922874417
272655	667.7855922874417
273209	667.7855922874417
273766	667.7855922874417
274324	667.7855922874417
274880	667.7855922874417
275439	667.7855922874417
275998	667.7855922874417
276557	667.7855922874417
277117	667.7855922874417
277677	667.7855922874417
278239	667.7855922874417
278800	667.7855922874417
280729	667.7855922874417
281289	667.7855922874417
281850	667.7855922874417
282409	667.7855922874417
282967	667.7855922874417
283526	667.7855922874417
284085	667.7855922874417
284643	667.7855922874417
285198	667.7855922874417
285754	667.7855922874417
286309	667.7855922874417
286866	667.7855922874417
287425	667.7855922874417
287980	667.7855922874417
288535	667.7855922874417
289092	667.7855922874417
289651	667.7855922874417
290206	667.7855922874417
290762	667.7855922874417
291317	667.7855922874417
294835	667.7855922874417
295390	667.7855922874417
295945	667.7855922874417
296502	667.7855922874417
297059	667.7855922874417
297615	667.7855922874417
298172	667.7855922874417
298729	667.7855922874417
299286	667.7855922874417
299841	667.7855922874417
300398	667.7855922874417
300955	667.7855922874417
301512	667.7855922874417
302072	667.7855922874417
302629	667.7855922874417
303187	667.7855922874417
303748	667.7855922874417
304308	667.7855922874417
304869	667.7855922874417
305431	667.7855922874417
309483	667.7855922874417
310042	667.7855922874417
310596	667.7855922874417
311151	667.7855922874417
311709	667.7855922874417
312261	667.7855922874417
312816	667.7855922874417
313370	667.7855922874417
313926	667.7855922874417
314482	667.7855922874417
315041	667.7855922874417
315597	667.7855922874417
316155	667.7855922874417
316711	667.7855922874417
317268	667.7855922874417
317822	667.7855922874417
318381	667.7855922874417
318938	667.7855922874417
319494	667.7855922874417
320051	667.7855922874417
325672	667.7855922874417
326228	667.7855922874417
326789	667.7855922874417
327346	667.7855922874417
327906	667.7855922874417
328467	667.7855922874417
329026	667.7855922874417
329586	667.7855922874417
330143	667.7855922874417
330705	667.7855922874417
331264	667.7855922874417
331821	667.7855922874417
332379	667.7855922874417
332935	667.7855922874417
333492	667.7855922874417
334048	667.7855922874417
334605	667.7855922874417
335163	667.7855922874417
335719	667.7855922874417
336277	667.7855922874417
337956	654.2182096741528
340750	654.218209586728
341308	654.218209586728
341865	654.218209586728
342421	654.218209586728
342977	654.218209586728
343535	654.218209586728
344092	654.218209586728
344650	654.218209586728
345207	654.218209586728
345763	654.218209586728
346319	654.218209586728
346875	654.218209586728
347430	654.218209586728
347984	654.218209586728
348541	654.218209586728
349100	654.218209586728
349661	654.218209586728
350223	654.218209586728
350783	654.218209586728
354118	654.218209586728
354677	654.218209586728
355240	654.218209586728
355800	654.218209586728
356360	654.218209586728
356921	654.218209586728
357479	654.218209586728
358038	654.218209586728
358593	654.218209586728
359151	654.218209586728
359711	654.218209586728
360268	654.218209586728
360824	654.218209586728
361383	654.218209586728
361940	654.218209586728
362496	654.218209586728
363055	654.218209586728
363611	654.218209586728
364167	654.218209586728
364724	654.218209586728
366883	654.218209586728
367439	654.218209586728
367994	654.218209586728
368549	654.218209586728
369102	654.218209586728
369657	654.218209586728
370212	654.218209586728
370768	654.218209586728
371327	654.218209586728
371884	654.218209586728
372440	654.218209586728
372996	654.218209586728
373551	654.218209586728
374109	654.218209586728
374668	654.218209586728
375226	654.218209586728
375782	654.218209586728
376342	654.218209586728
376900	654.218209586728
377454	654.218209586728
385848	654.218209586728
386407	654.218209586728
386966	654.218209586728
387523	654.218209586728
388081	654.218209586728
388640	654.218209586728
389198	654.218209586728
389755	654.218209586728
390312	654.218209586728
390871	654.218209586728
391430	654.218209586728
391986	654.218209586728
392543	654.218209586728
393099	654.218209586728
393654	654.218209586728
394214	654.218209586728
394770	654.218209586728
395327	654.218209586728
395886	654.218209586728
396444	654.218209586728
399243	654.218209586728
399799	654.218209586728
400356	654.218209586728
400916	654.218209586728
401475	654.218209586728
402033	654.218209586728
402592	654.218209586728
403147	654.218209586728
403705	654.218209586728
404260	654.218209586728
404814	654.218209586728
405369	654.218209586728
405926	654.218209586728
406480	654.218209586728
407037	654.218209586728
407597	654.218209586728
408156	654.218209586728
408713	654.218209586728
409270	654.218209586728
409830	654.218209586728
414161	654.218209586728
414716	654.218209586728
415272	654.218209586728
415829	654.218209586728
416385	654.218209586728
416944	654.218209586728
417501	654.218209586728
418058	654.218209586728
418613	654.218209586728
419168	654.218209586728
422547	654.218209586728
423103	654.218209586728
423658	654.218209586728
424214	654.218209586728
424770	654.218209586728
425327	654.218209586728
425884	654.218209586728
426442	654.218209586728
426997	654.218209586728
427554	654.218209586728
428111	654.218209586728
428668	654.218209586728
429226	654.218209586728
429781	654.218209586728
430338	654.218209586728
430895	654.218209586728
431454	654.218209586728
432013	654.218209586728
432573	654.218209586728
433132	654.218209586728
437096	654.218209586728
437654	654.218209586728
438212	654.218209586728
438766	654.218209586728
439321	654.218209586728
439878	654.218209586728
440434	654.218209586728
440992	654.218209586728
441555	654.218209586728
442114	654.218209586728
442672	654.218209586728
443232	654.218209586728
443792	654.218209586728
444349	654.218209586728
444906	654.218209586728
445462	654.218209586728
446021	654.218209586728
446575	654.218209586728
447132	654.218209586728
447686	654.218209586728
451070	654.218209586728
451627	654.218209586728
452184	654.218209586728
452742	654.218209586728
453299	654.218209586728
453857	654.218209586728
454414	654.218209586728
454971	654.218209586728
455528	654.218209586728
456085	654.218209586728
456641	654.218209586728
457194	654.218209586728
457749	654.218209586728
458307	654.218209586728
458863	654.218209586728
459420	654.218209586728
459979	654.218209586728
460539	654.218209586728
461096	654.218209586728
461652	654.218209586728
466176	654.218209586728
466732	654.218209586728
467287	654.218209586728
467843	654.218209586728
468400	654.218209586728
468956	654.218209586728
469511	654.218209586728
470067	654.218209586728
470622	654.218209586728
471179	654.218209586728
471734	654.218209586728
472288	654.218209586728
472843	654.218209586728
473401	654.218209586728
473958	654.218209586728
474516	654.218209586728
475072	654.218209586728
475629	654.218209586728
476184	654.218209586728
476741	654.218209586728
478683	654.218209586728
479239	654.218209586728
479799	654.218209586728
480357	654.218209586728
480917	654.218209586728
481472	654.218209586728
482027	654.218209586728
482582	654.218209586728
483135	654.218209586728
483690	654.218209586728
486559	654.218209586728
487114	654.218209586728
487669	654.218209586728
488226	654.218209586728
488784	654.218209586728
489342	654.218209586728
489900	654.218209586728
490458	654.218209586728
491015	654.218209586728
491573	654.218209586728
492128	654.218209586728
492682	654.218209586728
493237	654.218209586728
493792	654.218209586728
494349	654.218209586728
494909	654.218209586728
495470	654.218209586728
496030	654.218209586728
496588	654.218209586728
497147	654.218209586728
499806	654.218209586728
500365	654.218209586728
