500	1611.7667170007835
1084	1415.0793248938958
1660	1257.0669256014648
2234	1176.4031412555348
2803	1156.4492831962089
3373	1123.6760517657501
3940	1045.3087102280347
4504	1045.3087102280347
5070	1040.9742354704872
5633	1012.0626564750546
6195	1012.0626564750546
6754	1012.0626564750546
7312	1012.0626564750546
7870	1012.0626564750546
8429	1012.0626564750546
8987	977.8257748860948
9545	977.8257748860948
10103	977.8257748860948
10662	977.8257748860948
11222	972.5516573521677
11777	972.5516573521677
12337	955.3641227609439
12892	945.050509283725
13448	932.0966725168289
14004	932.0966725168289
14558	932.0966725168289
15112	932.0966725168289
15668	932.0966725168289
16225	932.0966725168289
16779	932.0966725168289
17332	932.0966725168289
17888	932.0966725168289
18443	932.0966725168289
18999	932.0966725168289
19554	932.0966725168289
20110	932.0966725168289
20665	932.0966725168289
21220	932.0966725168289
21780	878.5053537641388
22338	878.5053537641388
22894	878.5053537641388
23454	878.5053537641388
24014	878.5053537641388
24575	878.5053537641388
25134	878.5053537641388
25695	878.5053537641388
26252	878.5053537641388
26810	878.5053537641388
27366	878.5053537641388
31393	628.3494570838743
36742	628.3494561256892
37304	628.3494561256892
37862	628.3494561256892
38421	628.3494561256892
38977	628.3494561256892
39537	628.3494561256892
40098	628.3494561256892
40656	628.3494561256892
41218	628.3494561256892
41773	628.3494561256892
42333	628.3494561256892
42887	628.3494561256892
43443	628.3494561256892
43999	628.3494561256892
44552	628.3494561256892
45107	628.3494561256892
45661	628.3494561256892
46216	628.3494561256892
46770	628.3494561256892
47324	628.3494561256892
47882	628.3494561256892
49358	615.4149579930533
53697	615.4149578495399
54260	615.4149578495399
54817	615.4149578495399
55377	615.4149578495399
55937	615.4149578495399
56500	615.4149578495399
57058	615.4149578495399
57619	615.4149578495399
58177	615.4149578495399
58736	615.4149578495399
59292	615.4149578495399
59854	615.4149578495399
60416	615.4149578495399
60977	615.4149578495399
61534	615.4149578495399
62091	615.4149578495399
62653	615.4149578495399
63211	615.4149578495399
63771	615.4149578495399
65145	578.601695026347
68316	578.601694995941
68887	578.601694995941
69449	578.601694995941
70009	578.601694995941
70566	578.601694995941
71123	578.601694995941
71683	578.601694995941
72245	578.601694995941
72805	578.601694995941
73367	578.601694995941
73930	578.601694995941
74490	578.601694995941
75051	578.601694995941
75611	578.601694995941
76173	578.601694995941
76734	578.601694995941
77293	578.601694995941
77856	578.601694995941
78416	578.601694995941
79696	573.6268798564096
81889	573.6268794964124
82454	573.6268794964124
83019	573.6268794964124
83586	573.6268794964124
84154	573.6268794964124
84719	573.6268794964124
85283	573.6268794964124
85853	573.6268794964124
86418	573.6268794964124
86984	573.6268794964124
87549	573.6268794964124
88120	573.6268794964124
88690	573.6268794964124
89258	573.6268794964124
89825	573.6268794964124
90394	573.6268794964124
90961	573.6268794964124
91525	573.6268794964124
92094	573.6268794964124
94736	573.6268794964124
95299	573.6268794964124
95869	573.6268794964124
96438	573.6268794964124
97006	573.6268794964124
97575	573.6268794964124
98145	573.6268794964124
98717	573.6268794964124
99287	573.6268794964124
99858	573.6268794964124
100428	573.6268794964124
100995	573.6268794964124
101566	573.6268794964124
102136	573.6268794964124
102707	573.6268794964124
103275	573.6268794964124
103846	573.6268794964124
104417	573.6268794964124
104987	573.6268794964124
105558	573.6268794964124
107816	573.6268794964124
108386	573.6268794964124
108962	573.6268794964124
109538	573.6268794964124
110117	573.6268794964124
110696	573.6268794964124
111271	573.6268794964124
111847	573.6268794964124
112422	573.6268794964124
112995	573.6268794964124
113568	573.6268794964124
114146	573.6268794964124
114726	573.6268794964124
115296	573.6268794964124
115866	573.6268794964124
116445	573.6268794964124
117019	573.6268794964124
117595	573.6268794964124
118167	573.6268794964124
118747	573.6268794964124
120810	573.6268794964124
121386	573.6268794964124
121959	573.6268794964124
122539	573.6268794964124
123117	573.6268794964124
123703	573.6268794964124
124280	573.6268794964124
124856	573.6268794964124
125437	573.6268794964124
126019	573.6268794964124
126598	573.6268794964124
127177	573.6268794964124
127753	573.6268794964124
128331	573.6268794964124
128910	573.6268794964124
129485	573.6268794964124
130063	573.6268794964124
130640	573.6268794964124
131217	573.6268794964124
131796	573.6268794964124
136447	573.6268794964124
137025	573.6268794964124
137599	573.6268794964124
138175	573.6268794964124
138749	573.6268794964124
139329	573.6268794964124
139907	573.6268794964124
140484	573.6268794964124
141059	573.6268794964124
141640	573.6268794964124
142215	573.6268794964124
142798	573.6268794964124
143374	573.6268794964124
143954	573.6268794964124
144529	573.6268794964124
145105	573.6268794964124
145686	573.6268794964124
146260	573.6268794964124
146838	573.6268794964124
147410	573.6268794964124
149506	573.6268794964124
150090	573.6268794964124
150674	573.6268794964124
151252	573.6268794964124
151827	573.6268794964124
152398	573.6268794964124
152977	573.6268794964124
153555	573.6268794964124
154129	573.6268794964124
154702	573.6268794964124
156099	563.6773344809122
159036	563.6773344435649
159614	563.6773344435649
160187	563.6773344435649
160760	563.6773344435649
161336	563.6773344435649
161915	563.6773344435649
162488	563.6773344435649
163064	563.6773344435649
163641	563.6773344435649
164217	563.6773344435649
164795	563.6773344435649
165371	563.6773344435649
165953	563.6773344435649
166527	563.6773344435649
167106	563.6773344435649
167687	563.6773344435649
168262	563.6773344435649
168837	563.6773344435649
169412	563.6773344435649
171683	563.6773344435649
172265	563.6773344435649
172845	563.6773344435649
173421	563.6773344435649
174001	563.6773344435649
174581	563.6773344435649
175161	563.6773344435649
175744	563.6773344435649
176324	563.6773344435649
176907	563.6773344435649
177486	563.6773344435649
178065	563.6773344435649
178644	563.6773344435649
179219	563.6773344435649
179799	563.6773344435649
180382	563.6773344435649
180962	563.6773344435649
181539	563.6773344435649
182119	563.6773344435649
182698	563.6773344435649
186774	563.6773344435649
187353	563.6773344435649
187934	563.6773344435649
188512	563.6773344435649
189093	563.6773344435649
189674	563.6773344435649
190242	563.6773344435649
190819	563.6773344435649
191398	563.6773344435649
191971	563.6773344435649
192546	563.6773344435649
193124	563.6773344435649
193697	563.6773344435649
194277	563.6773344435649
194858	563.6773344435649
195438	563.6773344435649
196016	563.6773344435649
196593	563.6773344435649
197169	563.6773344435649
197744	563.6773344435649
200011	563.6773344435649
200592	563.6773344435649
201169	563.6773344435649
201743	563.6773344435649
202325	563.6773344435649
202904	563.6773344435649
203480	563.6773344435649
204059	563.6773344435649
204637	563.6773344435649
205216	563.6773344435649
205788	563.6773344435649
206364	563.6773344435649
206948	563.6773344435649
207525	563.6773344435649
208105	563.6773344435649
208680	563.6773344435649
209261	563.6773344435649
209846	563.6773344435649
210428	563.6773344435649
211011	563.6773344435649
216852	563.6773344435649
217436	563.6773344435649
218014	563.6773344435649
218599	563.6773344435649
219174	563.6773344435649
219754	563.6773344435649
220330	563.6773344435649
220915	563.6773344435649
221489	563.6773344435649
222075	563.6773344435649
222659	563.6773344435649
223239	563.6773344435649
223819	563.6773344435649
224400	563.6773344435649
224977	563.6773344435649
225562	563.6773344435649
226143	563.6773344435649
226718	563.6773344435649
227305	563.6773344435649
227884	563.6773344435649
231196	563.6773344435649
231776	563.6773344435649
232362	563.6773344435649
232944	563.6773344435649
233524	563.6773344435649
234098	563.6773344435649
234683	563.6773344435649
235268	563.6773344435649
235852	563.6773344435649
236430	563.6773344435649
238411	563.6773344435649
238987	563.6773344435649
239565	563.6773344435649
240140	563.6773344435649
240719	563.6773344435649
241294	563.6773344435649
241875	563.6773344435649
242447	563.6773344435649
243020	563.6773344435649
243601	563.6773344435649
244180	563.6773344435649
244760	563.6773344435649
245340	563.6773344435649
245920	563.6773344435649
246502	563.6773344435649
247079	563.6773344435649
247658	563.6773344435649
248238	563.6773344435649
248817	563.6773344435649
249398	563.6773344435649
251520	563.6773344435649
252102	563.6773344435649
252677	563.6773344435649
253258	563.6773344435649
253836	563.6773344435649
254417	563.6773344435649
254993	563.6773344435649
255570	563.6773344435649
256149	563.6773344435649
256730	563.6773344435649
257312	563.6773344435649
257893	563.6773344435649
258474	563.6773344435649
259055	563.6773344435649
259634	563.6773344435649
260215	563.6773344435649
260795	563.6773344435649
261376	563.6773344435649
261964	563.6773344435649
262544	563.6773344435649
265235	563.6773344435649
265819	563.6773344435649
266402	563.6773344435649
266986	563.6773344435649
267568	563.6773344435649
268150	563.6773344435649
268728	563.6773344435649
269302	563.6773344435649
269879	563.6773344435649
270454	563.6773344435649
271028	563.6773344435649
271603	563.6773344435649
272175	563.6773344435649
272746	563.6773344435649
273318	563.6773344435649
273896	563.6773344435649
274473	563.6773344435649
275052	563.6773344435649
275630	563.6773344435649
276212	563.6773344435649
278397	563.6773344435649
278980	563.6773344435649
279558	563.6773344435649
280138	563.6773344435649
280723	563.6773344435649
281303	563.6773344435649
281891	563.6773344435649
282476	563.6773344435649
283055	563.6773344435649
283640	563.6773344435649
284223	563.6773344435649
284807	563.6773344435649
285394	563.6773344435649
285972	563.6773344435649
286561	563.6773344435649
287143	563.6773344435649
287727	563.6773344435649
288312	563.6773344435649
288895	563.6773344435649
289483	563.6773344435649
291040	563.6773344435649
291629	563.6773344435649
292218	563.6773344435649
292810	563.6773344435649
293392	563.6773344435649
293977	563.6773344435649
294551	563.6773344435649
295117	563.6773344435649
295678	563.6773344435649
296244	563.6773344435649
300863	563.6773344435649
301427	563.6773344435649
301989	563.6773344435649
302554	563.6773344435649
303119	563.6773344435649
303684	563.6773344435649
304253	563.6773344435649
304821	563.6773344435649
305391	563.6773344435649
305964	563.6773344435649
306536	563.6773344435649
307109	563.6773344435649
307681	563.6773344435649
308253	563.6773344435649
308832	563.6773344435649
309408	563.6773344435649
309983	563.6773344435649
310556	563.6773344435649
311131	563.6773344435649
311707	563.6773344435649
313501	563.6773344435649
314074	563.6773344435649
314650	563.6773344435649
315225	563.6773344435649
315804	563.6773344435649
316382	563.6773344435649
316966	563.6773344435649
317550	563.6773344435649
318132	563.6773344435649
318715	563.6773344435649
319294	563.6773344435649
319876	563.6773344435649
320461	563.6773344435649
321041	563.6773344435649
321629	563.6773344435649
322208	563.6773344435649
322785	563.6773344435649
323365	563.6773344435649
323946	563.6773344435649
324529	563.6773344435649
326080	563.6773344435649
326666	563.6773344435649
327246	563.6773344435649
327819	563.6773344435649
328403	563.6773344435649
328982	563.6773344435649
329566	563.6773344435649
330148	563.6773344435649
330726	563.6773344435649
331314	563.6773344435649
331897	563.6773344435649
332480	563.6773344435649
333058	563.6773344435649
333641	563.6773344435649
334226	563.6773344435649
334811	563.6773344435649
335389	563.6773344435649
335970	563.6773344435649
336548	563.6773344435649
337120	563.6773344435649
339138	563.6773344435649
339720	563.6773344435649
340298	563.6773344435649
340883	563.6773344435649
341470	563.6773344435649
342048	563.6773344435649
342633	563.6773344435649
343220	563.6773344435649
343811	563.6773344435649
344391	563.6773344435649
344972	563.6773344435649
345551	563.6773344435649
346130	563.6773344435649
346712	563.6773344435649
347292	563.6773344435649
347877	563.6773344435649
348459	563.6773344435649
349037	563.6773344435649
349617	563.6773344435649
350202	563.6773344435649
351854	563.6773344435649
352436	563.6773344435649
353017	563.6773344435649
353597	563.6773344435649
354178	563.6773344435649
354756	563.6773344435649
355342	563.6773344435649
355924	563.6773344435649
356510	563.6773344435649
357088	563.6773344435649
360435	563.6773344435649
361012	563.6773344435649
361589	563.6773344435649
362165	563.6773344435649
362741	563.6773344435649
363322	563.6773344435649
363900	563.6773344435649
364481	563.6773344435649
365059	563.6773344435649
365636	563.6773344435649
366211	563.6773344435649
366789	563.6773344435649
367368	563.6773344435649
367948	563.6773344435649
368527	563.6773344435649
369106	563.6773344435649
369679	563.6773344435649
370255	563.6773344435649
370836	563.6773344435649
371416	563.6773344435649
373722	563.6773344435649
374299	563.6773344435649
374875	563.6773344435649
375453	563.6773344435649
376031	563.6773344435649
376613	563.6773344435649
377194	563.6773344435649
377771	563.6773344435649
378350	563.6773344435649
378930	563.6773344435649
379512	563.6773344435649
380097	563.6773344435649
380677	563.6773344435649
381259	563.6773344435649
381839	563.6773344435649
382422	563.6773344435649
383007	563.6773344435649
383590	563.6773344435649
384175	563.6773344435649
384758	563.6773344435649
386365	563.6773344435649
386942	563.6773344435649
387516	563.6773344435649
388091	563.6773344435649
388665	563.6773344435649
389244	563.6773344435649
389819	563.6773344435649
390397	563.6773344435649
390981	563.6773344435649
391556	563.6773344435649
392134	563.6773344435649
392719	563.6773344435649
393297	563.6773344435649
393875	563.6773344435649
394457	563.6773344435649
395045	563.6773344435649
395628	563.6773344435649
396201	563.6773344435649
396772	563.6773344435649
397341	563.6773344435649
399444	563.6773344435649
400015	563.6773344435649
400586	563.6773344435649
401160	563.6773344435649
401737	563.6773344435649
402316	563.6773344435649
402902	563.6773344435649
403485	563.6773344435649
404064	563.6773344435649
404646	563.6773344435649
405224	563.6773344435649
405803	563.6773344435649
406380	563.6773344435649
406962	563.6773344435649
407546	563.6773344435649
408130	563.6773344435649
408716	563.6773344435649
409299	563.6773344435649
409884	563.6773344435649
410466	563.6773344435649
412071	563.6773344435649
412655	563.6773344435649
413239	563.6773344435649
413825	563.6773344435649
414404	563.6773344435649
414984	563.6773344435649
415572	563.6773344435649
416157	563.6773344435649
416741	563.6773344435649
417319	563.6773344435649
419580	563.6773344435649
420161	563.6773344435649
420744	563.6773344435649
421322	563.6773344435649
421897	563.6773344435649
422467	563.6773344435649
423040	563.6773344435649
423610	563.6773344435649
424179	563.6773344435649
424752	563.6773344435649
425326	563.6773344435649
425902	563.6773344435649
426472	563.6773344435649
427048	563.6773344435649
427624	563.6773344435649
428206	563.6773344435649
428786	563.6773344435649
429365	563.6773344435649
429946	563.6773344435649
430530	563.6773344435649
432237	563.6773344435649
432826	563.6773344435649
433410	563.6773344435649
433991	563.6773344435649
434573	563.6773344435649
435155	563.6773344435649
435739	563.6773344435649
436325	563.6773344435649
436914	563.6773344435649
437501	563.6773344435649
438086	563.6773344435649
438673	563.6773344435649
439254	563.6773344435649
439834	563.6773344435649
440417	563.6773344435649
441002	563.6773344435649
441588	563.6773344435649
442170	563.6773344435649
442751	563.6773344435649
443338	563.6773344435649
445630	563.6773344435649
446214	563.6773344435649
446793	563.6773344435649
447369	563.6773344435649
447944	563.6773344435649
448517	563.6773344435649
449090	563.6773344435649
449659	563.6773344435649
450224	563.6773344435649
450787	563.6773344435649
451353	563.6773344435649
451920	563.6773344435649
452489	563.6773344435649
453057	563.6773344435649
453631	563.6773344435649
454200	563.6773344435649
454769	563.6773344435649
455343	563.6773344435649
455912	563.6773344435649
456486	563.6773344435649
458479	563.6773344435649
459051	563.6773344435649
459625	563.6773344435649
460203	563.6773344435649
460775	563.6773344435649
461347	563.6773344435649
461922	563.6773344435649
462501	563.6773344435649
463083	563.6773344435649
463663	563.6773344435649
464242	563.6773344435649
464821	563.6773344435649
465397	563.6773344435649
465981	563.6773344435649
466557	563.6773344435649
467138	563.6773344435649
467719	563.6773344435649
468296	563.6773344435649
468877	563.6773344435649
469462	563.6773344435649
471271	563.6773344435649
471845	563.6773344435649
472421	563.6773344435649
473002	563.6773344435649
473578	563.6773344435649
474164	563.6773344435649
474743	563.6773344435649
475327	563.6773344435649
475906	563.6773344435649
476487	563.6773344435649
477983	563.6773344435649
478561	563.6773344435649
479139	563.6773344435649
479721	563.6773344435649
480300	563.6773344435649
480883	563.6773344435649
481465	563.6773344435649
482051	563.6773344435649
482639	563.6773344435649
483221	563.6773344435649
483797	563.6773344435649
484374	563.6773344435649
484950	563.6773344435649
485522	563.6773344435649
486103	563.6773344435649
486682	563.6773344435649
487258	563.6773344435649
487835	563.6773344435649
488410	563.6773344435649
488995	563.6773344435649
490837	563.6773344435649
491413	563.6773344435649
491991	563.6773344435649
492569	563.6773344435649
493145	563.6773344435649
493728	563.6773344435649
494310	563.6773344435649
494892	563.6773344435649
495472	563.6773344435649
496052	563.6773344435649
496633	563.6773344435649
497214	563.6773344435649
497797	563.6773344435649
498378	563.6773344435649
498962	563.6773344435649
499540	563.6773344435649
500120	563.6773344435649
