-54.034258875886664	-52.9582328796029	2.860011158075835	17.527555356111193	53.45133215887637	14.012468443266044	6.9588731267954245	29.16074890301968	-16.50585714065538	67.45121501754062	99.18198721304609	29.813438829245428	-61.32702197301116	-12.890581434615584	-21.215510072460958	92.12062334556558	-33.63349908058683	-28.84590780919514	-59.527267541442	25.201498382779434	78.77465784080226	27.110524801361535	-64.11469872839075	46.17612664109362	96.05883024595872	88.9353741416979	20.90590956189125	-41.760687962655794	-55.89277928884393	27.944377038658146	
-48.17139031177532	-47.25535810495873	75.34310247899593	-3.0529004654612546	-15.155502189173284	2.1151325636295573	60.88129734325185	14.554053101322097	-10.190406285568223	19.06687896563616	27.67390431023106	-7.991611732863667	-35.715462235098016	-82.8132151724614	-13.823849576547664	78.75975814920233	-38.76950705315074	-27.440081067424664	-14.569992268836202	15.797207375228409	-21.43251383543536	-23.36664326952804	93.36132591388211	-30.981265978762266	-99.82111069311179	43.13775560415521	65.53190285071449	-78.93123892438543	-74.18272536293696	25.77885993445653	
-31.4211557310643	-39.503574543648206	-3.4016088356229233	21.038043202692062	46.35727896708582	-4.400300450756372	41.74972389433336	-8.585581971835268	-16.023333785446766	-25.065383051029464	86.52827458391295	52.33408205881371	-37.031146620006226	-46.09120775425333	-9.031788504830432	96.85470336679609	-13.95792377143506	-47.3158104041512	-40.03396066280684	24.721165044329922	-44.29435436731522	64.27867427799312	-27.859061608155827	29.47756952712694	51.72015842626979	42.0972183382043	37.99401401582013	-56.47812032648848	-85.48175077845359	-53.40692102193577	
-48.312404273209566	10.793123948635264	56.021956923230846	45.28606461355861	6.072532203710356	23.071935439551837	28.021130816819316	-18.422160115343896	8.045340329218456	-36.85998209681395	34.418851025799455	16.097081173649507	-31.054785244437667	34.083475691843354	15.58139126165591	52.29067268192078	23.502681119717504	-98.4768014806208	-22.6400594058325	3.7003960687473345	-36.424045299523165	-42.232078246400135	-32.099390273290346	10.408388475747715	-20.631408007147463	72.6262511649832	-47.88927861491359	-56.1493286123158	-2.4239265571483486	28.50748058344146	
-43.58226076935391	34.456603823490624	34.11648485065279	46.48690421842398	27.596946150195766	21.029772321797545	-2.1459219770990217	-14.248927507377896	-3.4796097643531976	-47.684212960426834	29.218669087813332	5.197856273796404	-34.806455777065736	38.08176105302788	37.46713082675282	66.32163683784032	18.644822511736738	-86.84942422963508	-29.652432727301267	53.196806181625355	-41.59983169999915	-46.582115771717994	94.29367735267809	7.952787047293709	-44.607452463604034	63.788872582768384	-24.980359566903033	-62.991445187877446	-36.5365753343746	46.217549569105316	
-69.34607637034503	-9.154576864193777	35.43160544106443	19.839723984715725	-0.9793900842565673	18.912682802603427	34.236223501878534	9.359876810668055	6.269986520418547	-50.62447587020178	-1.6476133157955246	35.36679481940418	-28.923479522403298	-6.8031870419271225	16.67902311612641	45.55047398224711	-5.074904463824453	-41.54814617732602	-14.636364384520629	17.8357868538946	-29.633388609044605	-14.400166438023383	18.699687003312647	6.170013205503995	-6.49743442619269	49.827646023181984	-9.12156107697814	-78.43832781755222	-57.16447158685014	-17.83269273783883	
-48.21353419559838	57.666232549611685	38.24334302619343	60.33931774207397	-0.2893519438596446	20.16188256825904	22.716020434667165	-2.3964992925466486	6.292605819843009	-15.543872111953206	29.959138643534352	44.51985595953385	-3.9869272089167627	-52.48897128650809	-9.521788012071935	62.65904353755594	-11.618500315336856	-30.72519453729126	-25.043934605108625	-11.277810964461292	-27.139364940611102	-33.33668708998712	3.506901832686875	-0.3957060489214433	-66.41162702991572	56.78955433189094	-25.171753480845954	-67.06395057454793	-20.651633016163412	30.82992286575663	
-47.94251231867909	57.54446063152338	23.121882546267827	78.92453123712936	13.343038620306155	-11.542587594562484	8.897323941487128	5.379341765941589	-1.0095488157295405	14.407428483290486	31.775248687004073	33.974845093279576	-7.558347440280443	-16.879532838887062	-12.868324348629004	40.43516604964304	-16.56248586233187	-16.992424886491918	-18.966705669830596	-48.78676714763087	-53.14652919496605	3.738764429006639	-42.063243550229075	-4.344954578577909	-19.618816079932678	76.01858687708574	-67.85406870115901	-38.41519023666321	-16.093079704873183	3.1117097501076074	
-53.70980028579789	41.51072842611537	32.44719016566349	49.72861502393318	6.413272611490141	17.81625882621423	19.101486359154112	-0.7190968884823807	10.856670827382878	-19.80519414408722	12.970150866701365	98.96886027181604	-28.883898059803393	-43.71192642042325	7.737529873893763	30.42033861208196	-0.8611722688845128	-40.60896806269758	-45.15708295207982	-31.87292360590686	-28.12167070203861	-7.438082119742833	-14.851863199672945	16.181471127561743	0.7622109960504322	61.330442942373224	-29.241347550840043	-47.29835001217107	-69.27437301575321	25.844905122350603	
-60.4348838465532	36.12860556812466	33.78998116765218	59.19590229421462	1.2583239002183737	6.149805722188945	24.804508560187102	9.718990566400622	9.558645187202261	-13.126906770551102	18.097799836717726	76.09294370009255	-40.97849148732576	-100.0	8.619076168101383	28.401615531805053	4.04619156697683	-33.96376170514564	-36.507652273384195	-38.589670512601764	-25.39092566996251	-4.394396455902107	-2.2483084870607764	22.00886506236971	23.94703664842715	70.64551997972478	-2.3896097460040773	-37.527033458389475	-57.34380698932495	30.66448859817378	
