-85.2546279875128	48.02500505098567	30.33633534431729	65.3907708630752	55.03202754278814	75.38508029136304	-5.881416916752585	46.827773636419835	31.195567336415564	-48.65999735820736	71.99099806612023	60.40663591177304	31.800257260669753	4.074589345727489	-15.419956460102242	30.479486113180855	-20.75393219124153	72.84172463927817	17.286685079849676	-8.197101817053223	42.678954336915496	-35.74556064498317	-76.02945455272025	-45.9959082043551	-22.197148385591788	90.40928247584736	-29.665617233546044	-51.65085503338502	-42.09628513234684	59.6274297341686	
-45.36815842086002	-35.879408911499794	66.3612815426766	23.382258012513745	-11.236074601972973	51.62273767450082	30.270314057396114	14.490573149143238	34.83569400248983	-9.309577208071499	50.39483078640463	41.68505310285789	-61.21907640982425	86.84862043492866	11.768405206341141	67.29440008666201	-5.583270453558519	9.670311551977608	-60.52124793708777	69.45039438339775	21.275950644683277	82.58737904600136	-7.526787945309387	-21.55402439854508	11.164669084689955	37.37636044360221	4.148733507183431	-46.268430216474634	0.7211924223161468	-54.55054563797176	
-44.06391947334783	19.352857553886672	-0.23727715226106394	45.92566601164534	19.983382402979778	-23.032932309132953	39.25564525301526	-48.13848417673404	14.48871685574095	-37.14029638033757	14.533584170323998	92.97027579820468	-13.873857342040358	56.58804073484305	9.834881814630641	-35.72670127019328	-3.0278270548457202	18.07332163529286	18.45791534558786	-74.7984557942417	-40.504869936951025	7.018568596984984	7.8261091750844205	-8.82347730676645	-56.35790814003212	75.95751319990549	29.927311630268193	-44.3558609152152	13.260393768455472	35.57403302352237	
-54.189873981981606	87.16521318512672	5.620747858446463	41.643766450265794	26.861322454388276	-50.666535357451714	8.359684237393207	-22.18901017669414	10.055352432638687	-27.521716836237484	24.604437867195458	93.3202784969192	20.234048661573706	45.0112320116218	5.671668972903671	34.53794351995999	-19.86097545929802	-6.7691522767054195	-13.412580201029996	-40.810238526438866	-12.498408694327154	6.697414115776624	-13.333647539823334	-2.115467460340618	-40.57007445291839	68.85856901188637	40.699058980388216	-42.18826873871045	-27.27342059857937	66.47932192421902	
-57.940890011173984	18.106175878762176	-2.613422017654772	52.400800154337624	16.385608692265727	-21.27266350797413	32.41029279853865	-57.46982790739046	9.26416733903147	-33.84488135827698	26.520004189725913	90.29681059621026	-51.89219646726124	67.54646800381325	1.5468333887450498	-47.208471276249135	-11.451082055701217	1.9023323052188674	17.786732709192705	-75.54546499512185	-51.71331624673344	22.477252399919106	8.62460084806651	-13.242475194227099	-39.936041114386796	97.40215418062564	33.4245256652651	-72.29301108361942	4.340519603746678	12.742064264792006	
-65.30132338158876	14.963221869478168	-1.9033100747800304	54.50027168913176	15.062471713274077	-27.850993802225368	30.715412745413595	-59.191692785676835	5.310464682482548	-35.479117175531876	36.705325270703426	93.3591074164153	-55.35957747849234	75.29419455526147	2.508962672838445	-49.025310774511304	-4.899242875814828	-2.1922413761675594	14.245286792585944	-80.84924447437821	-50.34576724294745	24.107361886608285	61.720478487549094	-7.361688431277017	-37.25152933858043	98.82613074628279	34.00738809634148	-79.82501564355448	3.9259067703646786	-15.719505569446438	
-48.686399636909215	-38.24343506105	-48.068641734503046	44.93250459290464	-42.319105966731456	0.8043793713365188	20.31824589230277	45.80147079801483	-7.859034688572843	-46.29133182362665	28.37259437250917	61.09318199828784	-51.703468840549014	75.71174381410944	24.58753972466954	15.695498617529829	17.351554476054968	-4.4584922609640625	-23.27873357340762	-32.63631141004639	-47.740288765320855	21.855428736034845	71.77005221346556	-15.02324372385959	-46.66369741791896	91.2230600836343	2.164649417381791	-35.23701832813611	-39.88681949122973	8.927544948890656	
-62.194124722829926	37.29182949195666	-19.55457515082655	33.72450560049492	-38.39725570490692	0.33630542074757575	48.667546255093264	-22.889680461505563	5.750450061118819	-47.668857265823036	-2.2457419801298126	100.0	-23.80642088582029	37.54481965745886	9.064649545918563	-24.99342393454899	10.140520113098686	-61.995478704018886	-14.29417239747056	-67.30340140497381	-28.88408755080455	27.490045339749145	42.823057171564145	-13.87868226549965	-18.41939700009868	96.3343185159111	12.69350814220656	-50.55473868898111	-18.69105789886269	8.4332615926863	
-42.82257707940365	14.014641599130575	14.538533358217878	63.20108727830885	-16.93518824999757	-21.77271428278743	23.6998328483776	-5.478271585855269	-14.03260260854326	-19.753035424418396	69.24596283978045	88.32905769597525	-49.04857625444429	92.46292794549443	3.4861051049093676	32.77484167207017	-10.816027073903442	21.660567278313316	-13.26811914249221	-38.81915714271854	-29.962667655853455	23.522917297015045	9.43612141038102	-13.70927201468573	-24.795063867948862	99.19268319848013	-1.3134267219863958	-43.69973065254069	-27.15349848011097	-3.859466881670043	
-48.138782947701145	16.18797659109036	4.7079817595969295	53.688874531838366	-17.735712955032977	-18.298913174629167	26.703692026871742	-6.084031423651508	7.979541295247589	-20.100118580674817	67.13151043043722	76.17254156553342	-45.32845499166053	71.44170977891602	6.017416707573809	27.42186526000551	0.24763499898350982	17.24152680928846	-18.391059214709784	-26.504714995027143	-29.806646007218124	49.17095469839246	8.865117510450567	5.881170440615268	-20.926797114949107	91.1272921015145	7.451642902569834	-27.951998302592184	-19.212659172700437	-4.317302545713645	
