300	7508.281769563802
639	7508.281769563802
966	5893.537584953174
1288	5591.59642971227
1609	5591.59642971227
1928	5591.59642971227
2247	5387.030298861313
2560	4853.374291328367
2869	4853.374291328367
3182	4853.374291328367
3492	4853.374291328367
3803	4853.374291328367
4116	4853.374291328367
4425	4853.374291328367
4735	4853.374291328367
5046	4853.374291328367
5354	4853.374291328367
5662	4651.267007704055
5973	4651.267007704055
6280	4651.267007704055
6586	4651.267007704055
6893	4651.267007704055
7203	4651.267007704055
7516	4651.267007704055
7824	4651.267007704055
8134	4595.679010297465
8443	4582.291741424239
8751	4233.031862539961
9059	4233.031862539961
9369	4233.031862539961
9680	4233.031862539961
9993	4233.031862539961
10304	4233.031862539961
10615	4233.031862539961
10925	4233.031862539961
11237	4233.031862539961
11547	4233.031862539961
11856	4233.031862539961
12165	4233.031862539961
12472	4233.031862539961
12780	4233.031862539961
13086	4233.031862539961
13396	4233.031862539961
13706	4233.031862539961
14015	4233.031862539961
14323	4233.031862539961
34028	3637.822583263128
34335	3637.822583263128
34642	3637.822583263128
34949	3637.822583263128
35258	3637.822583263128
35567	3637.822583263128
35877	3637.822583263128
36188	3637.822583263128
36496	3637.822583263128
36806	3637.822583263128
37115	3637.822583263128
37426	3637.822583263128
37738	3637.822583263128
38046	3637.822583263128
38357	3637.822583263128
38667	3637.822583263128
38978	3637.822583263128
39288	3637.822583263128
39599	3637.822583263128
39913	3637.822583263128
40226	3637.822583263128
40541	3637.822583263128
40856	3637.822583263128
41168	3637.822583263128
41477	3637.822583263128
49908	3595.327901635632
61728	3594.4691578321026
62038	3594.4691578321026
62347	3594.4691578321026
62653	3594.4691578321026
62964	3594.4691578321026
63276	3594.4691578321026
63587	3594.4691578321026
63896	3594.4691578321026
64210	3594.4691578321026
64523	3594.4691578321026
64836	3594.4691578321026
65151	3594.4691578321026
65460	3594.4691578321026
65773	3594.4691578321026
66090	3594.4691578321026
66403	3594.4691578321026
66721	3594.4691578321026
67033	3594.4691578321026
67344	3594.4691578321026
79581	3594.4691578321026
79894	3594.4691578321026
80204	3594.4691578321026
80516	3594.4691578321026
80829	3594.4691578321026
81140	3594.4691578321026
81453	3594.4691578321026
81764	3594.4691578321026
82074	3594.4691578321026
82387	3594.4691578321026
82696	3594.4691578321026
83006	3594.4691578321026
83316	3594.4691578321026
83626	3594.4691578321026
83943	3594.4691578321026
84255	3594.4691578321026
84564	3594.4691578321026
96667	3556.9326716643104
96976	3556.9326716643104
97287	3556.9326716643104
97600	3556.9326716643104
97909	3556.9326716643104
98223	3556.9326716643104
98532	3556.9326716643104
98846	3556.9326716643104
99159	3556.9326716643104
99469	3556.9326716643104
99781	3556.9326716643104
100093	3556.9326716643104
100414	3556.9326716643104
100730	3556.9326716643104
101041	3556.9326716643104
101358	3556.9326716643104
101672	3556.9326716643104
101985	3556.9326716643104
102300	3556.9326716643104
102618	3556.9326716643104
102931	3556.9326716643104
103245	3556.9326716643104
103563	3556.9326716643104
111067	3516.4031027750784
125481	3516.400754045975
125797	3516.400754045975
126108	3516.400754045975
126420	3516.400754045975
126728	3516.400754045975
127040	3516.400754045975
127353	3516.400754045975
127661	3516.400754045975
127971	3516.400754045975
128282	3516.400754045975
128597	3516.400754045975
128910	3516.400754045975
129221	3516.400754045975
129532	3516.400754045975
129845	3516.400754045975
130158	3516.400754045975
130477	3516.400754045975
130795	3516.400754045975
131110	3516.400754045975
139750	3516.400754045975
140068	3516.400754045975
140384	3516.400754045975
140702	3516.400754045975
141022	3516.400754045975
141336	3516.400754045975
141654	3516.400754045975
141971	3516.400754045975
142292	3516.400754045975
142616	3516.400754045975
142940	3516.400754045975
143263	3516.400754045975
143587	3516.400754045975
148500	3508.854749743842
148823	3508.854749743842
149137	3508.854749743842
155250	3508.2218807860454
155568	3508.2218807860454
155888	3508.2218807860454
163120	3507.5029909671507
170616	3507.3195833378086
170935	3507.3195833378086
176851	3507.066899686013
177170	3507.066899686013
185070	3485.3831291091983
185391	3485.3831291091983
185706	3485.3831291091983
186025	3485.3831291091983
193230	3481.843242600551
193549	3481.843242600551
199070	3481.1433463349454
199390	3481.1433463349454
199706	3481.1433463349454
211693	3479.8352654666096
212014	3479.8352654666096
212335	3479.8352654666096
223170	3479.6514372256847
233646	3479.5266864331043
233961	3479.5266864331043
240115	3478.039426458859
240436	3478.039426458859
240756	3478.039426458859
241076	3478.039426458859
241388	3478.039426458859
241704	3478.039426458859
249126	3473.1951522160425
255281	3473.1949118489997
255607	3473.1949118489997
255927	3473.1949118489997
256242	3473.1949118489997
256556	3473.1949118489997
256872	3473.1949118489997
257191	3473.1949118489997
257511	3473.1949118489997
257825	3473.1949118489997
258137	3473.1949118489997
258450	3473.1949118489997
258768	3473.1949118489997
259083	3473.1949118489997
259397	3473.1949118489997
259712	3473.1949118489997
260028	3473.1949118489997
260348	3473.1949118489997
260669	3473.1949118489997
260989	3473.1949118489997
261313	3473.1949118489997
261629	3473.1949118489997
261952	3473.1949118489997
262273	3473.1949118489997
262589	3473.1949118489997
264485	3472.1836313219965
271781	3470.7517654225962
274259	3470.7517653867417
274577	3470.7517653867417
274893	3470.7517653867417
275215	3470.7517653867417
275537	3470.7517653867417
275859	3470.7517653867417
276181	3470.7517653867417
276502	3470.7517653867417
276829	3470.7517653867417
280391	3469.9178038504474
280716	3469.9178038504474
286448	3469.904198883179
290088	3469.769297335495
293150	3469.7294847758894
293478	3469.7294847758894
301689	3469.6503534169915
