300	30279.775450885256
619	27767.825125136722
935	24679.543570826852
1251	20386.610632033175
1566	19812.6830599321
1881	17079.635336454157
2194	13530.32260063329
2509	13530.32260063329
2824	10933.99330262031
3137	10836.41663343396
3449	10836.41663343396
3759	10276.18083400569
4071	9457.640962670064
4380	9457.640962670064
4690	9457.640962670064
5001	9457.640962670064
5312	9089.857430080054
5623	8483.367091372715
5934	7665.379142579259
6244	7665.379142579259
6557	7665.379142579259
6869	7625.451058590666
7181	7276.950670966058
7492	7276.950670966058
7807	5947.918730152934
8121	5947.918730152934
8432	4517.175650603742
8745	4517.175650603742
9059	4517.175650603742
9373	4077.2510028845554
9687	4077.2510028845554
10001	4077.2510028845554
10315	3663.0289280739316
10627	3436.8592829816844
10938	3436.8592829816844
11248	3436.8592829816844
11562	3236.1260010669807
11875	2726.421663109498
12187	2726.421663109498
12499	2630.2053919215987
12809	2500.337899164859
23778	1204.1982560083575
24088	1204.1982560083575
24399	1204.1982560083575
24714	1204.1982560083575
25027	1204.1982560083575
25341	1204.1982560083575
25653	1204.1982560083575
25964	1204.1982560083575
26277	1204.1982560083575
26587	1204.1982560083575
26896	1204.1982560083575
27204	1204.1982560083575
27517	1204.1982560083575
27828	1204.1982560083575
28142	1204.1982560083575
28452	1204.1982560083575
28763	1204.1982560083575
29071	1204.1982560083575
29384	1204.1982560083575
29695	1204.1982560083575
35209	1161.0262217635864
41532	1161.0262214782408
41848	1161.0262214782408
42159	1161.0262214782408
42471	1161.0262214782408
42786	1161.0262214782408
43097	1161.0262214782408
53351	971.6487076959808
61173	917.8129482159661
61487	917.8129482159661
61800	917.8129482159661
62117	917.8129482159661
62431	917.8129482159661
62746	917.8129482159661
63059	917.8129482159661
63370	917.8129482159661
63681	917.8129482159661
63994	917.8129482159661
64304	917.8129482159661
64618	917.8129482159661
64930	917.8129482159661
65240	917.8129482159661
65555	917.8129482159661
65863	917.8129482159661
66175	917.8129482159661
66486	917.8129482159661
66796	917.8129482159661
67106	917.8129482159661
67415	917.8129482159661
67727	917.8129482159661
71292	917.8129482159661
71607	917.8129482159661
71921	917.8129482159661
72234	917.8129482159661
72546	917.8129482159661
72859	917.8129482159661
73173	917.8129482159661
73485	917.8129482159661
73797	917.8129482159661
74109	917.8129482159661
74420	917.8129482159661
74731	917.8129482159661
75041	917.8129482159661
75353	917.8129482159661
75663	917.8129482159661
75976	917.8129482159661
76288	917.8129482159661
80944	904.9013498461582
81258	904.9013498461582
81573	904.9013498461582
81885	904.9013498461582
82198	904.9013498461582
82510	904.9013498461582
82824	904.9013498461582
83137	904.9013498461582
83448	904.9013498461582
83759	904.9013498461582
84069	904.9013498461582
84382	904.9013498461582
84695	904.9013498461582
85007	904.9013498461582
85319	904.9013498461582
85632	904.9013498461582
85943	904.9013498461582
86252	904.9013498461582
86563	904.9013498461582
86876	904.9013498461582
87187	904.9013498461582
87500	904.9013498461582
87810	904.9013498461582
91003	900.9914937913061
91316	900.9914937913061
91627	900.9914937913061
91940	900.9914937913061
92252	900.9914937913061
92560	900.9914937913061
92868	900.9914937913061
93177	900.9914937913061
93489	900.9914937913061
93805	900.9914937913061
94117	900.9914937913061
94430	900.9914937913061
94745	900.9914937913061
95057	900.9914937913061
95370	900.9914937913061
95684	900.9914937913061
95996	900.9914937913061
96308	900.9914937913061
96619	900.9914937913061
96933	900.9914937913061
98114	900.6266987427331
99388	900.3581139261502
100785	900.3581134642269
101098	900.3581134642269
101410	900.3581134642269
101721	900.3581134642269
102030	900.3581134642269
102343	900.3581134642269
102652	900.3581134642269
102962	900.3581134642269
103272	900.3581134642269
103582	900.3581134642269
103891	900.3581134642269
104201	900.3581134642269
104511	900.3581134642269
104820	900.3581134642269
105133	900.3581134642269
105446	900.3581134642269
105757	900.3581134642269
106068	900.3581134642269
106381	900.3581134642269
106692	900.3581134642269
107006	900.3581134642269
107323	900.3581134642269
107639	900.3581134642269
107952	900.3581134642269
108269	900.3581134642269
108585	900.3581134642269
108900	900.3581134642269
109215	900.3581134642269
110429	900.1790566178715
111932	900.1790565103438
112248	900.1790565103438
112562	900.1790565103438
112878	900.1790565103438
113191	900.1790565103438
113506	900.1790565103438
113819	900.1790565103438
114134	900.1790565103438
114450	900.1790565103438
114767	900.1790565103438
115084	900.1790565103438
115399	900.1790565103438
115714	900.1790565103438
116028	900.1790565103438
116342	900.1790565103438
116656	900.1790565103438
116970	900.1790565103438
117285	900.1790565103438
117598	900.1790565103438
118374	900.089528288572
119880	900.0895282725975
120200	900.0895282725975
120513	900.0895282725975
120829	900.0895282725975
121145	900.0895282725975
121462	900.0895282725975
121776	900.0895282725975
122092	900.0895282725975
122407	900.0895282725975
122722	900.0895282725975
123037	900.0895282725975
123354	900.0895282725975
123669	900.0895282725975
123985	900.0895282725975
124302	900.0895282725975
125519	900.000000048888
126709	900.0000000222956
127027	900.0000000222956
127344	900.0000000222956
127659	900.0000000222956
127970	900.0000000222956
128283	900.0000000222956
128596	900.0000000222956
128909	900.0000000222956
129224	900.0000000222956
129537	900.0000000222956
129852	900.0000000222956
130168	900.0000000222956
130483	900.0000000222956
130797	900.0000000222956
131109	900.0000000222956
131423	900.0000000222956
131738	900.0000000222956
132052	900.0000000222956
132368	900.0000000222956
132680	900.0000000222956
132993	900.0000000222956
133307	900.0000000222956
133621	900.0000000222956
134830	900.0000000222956
135144	900.0000000222956
135456	900.0000000222956
135767	900.0000000222956
136077	900.0000000222956
136387	900.0000000222956
136699	900.0000000222956
137010	900.0000000222956
137322	900.0000000222956
137634	900.0000000222956
137946	900.0000000222956
138257	900.0000000222956
138566	900.0000000222956
138878	900.0000000222956
139190	900.0000000222956
139499	900.0000000222956
139809	900.0000000222956
140123	900.0000000222956
140433	900.0000000222956
140745	900.0000000222956
141581	900.000000005779
142927	900.0000000031155
143241	900.0000000031155
143552	900.0000000031155
143863	900.0000000031155
144178	900.0000000031155
144492	900.0000000031155
144807	900.0000000031155
145123	900.0000000031155
145437	900.0000000031155
145752	900.0000000031155
146070	900.0000000031155
146386	900.0000000031155
146703	900.0000000031155
147020	900.0000000031155
147336	900.0000000031155
147652	900.0000000031155
147967	900.0000000031155
148285	900.0000000031155
148602	900.0000000031155
159538	900.0000000031155
159855	900.0000000031155
160174	900.0000000031155
160492	900.0000000031155
160811	900.0000000031155
161129	900.0000000031155
161448	900.0000000031155
161767	900.0000000031155
162083	900.0000000031155
162399	900.0000000031155
162716	900.0000000031155
163035	900.0000000031155
163353	900.0000000031155
163671	900.0000000031155
163988	900.0000000031155
164306	900.0000000031155
164625	900.0000000031155
164943	900.0000000031155
165260	900.0000000031155
165579	900.0000000031155
166831	900.0000000031155
167151	900.0000000031155
167470	900.0000000031155
167789	900.0000000031155
168107	900.0000000031155
168426	900.0000000031155
168744	900.0000000031155
169063	900.0000000031155
169383	900.0000000031155
169703	900.0000000031155
170022	900.0000000031155
170342	900.0000000031155
170662	900.0000000031155
170980	900.0000000031155
171300	900.0000000031155
171619	900.0000000031155
171939	900.0000000031155
172257	900.0000000031155
172577	900.0000000031155
172897	900.0000000031155
174010	900.0000000031155
174330	900.0000000031155
174650	900.0000000031155
174973	900.0000000031155
175290	900.0000000031155
175610	900.0000000031155
175930	900.0000000031155
176247	900.0000000031155
176565	900.0000000031155
176882	900.0000000031155
177199	900.0000000031155
177518	900.0000000031155
177836	900.0000000031155
178155	900.0000000031155
178475	900.0000000031155
178792	900.0000000031155
179110	900.0000000031155
179431	900.0000000031155
179748	900.0000000031155
180068	900.0000000031155
182306	900.0000000031155
182628	900.0000000031155
182950	900.0000000031155
183271	900.0000000031155
183591	900.0000000031155
183911	900.0000000031155
184231	900.0000000031155
184549	900.0000000031155
184868	900.0000000031155
185187	900.0000000031155
185506	900.0000000031155
185827	900.0000000031155
186146	900.0000000031155
186466	900.0000000031155
186785	900.0000000031155
187103	900.0000000031155
187423	900.0000000031155
187741	900.0000000031155
188062	900.0000000031155
188384	900.0000000031155
199584	900.0000000031155
199908	900.0000000031155
200235	900.0000000031155
200554	900.0000000031155
200875	900.0000000031155
201196	900.0000000031155
201514	900.0000000031155
201835	900.0000000031155
202154	900.0000000031155
202468	900.0000000031155
207911	900.0000000031155
208228	900.0000000031155
208545	900.0000000031155
208864	900.0000000031155
209183	900.0000000031155
209500	900.0000000031155
209816	900.0000000031155
210133	900.0000000031155
210453	900.0000000031155
210771	900.0000000031155
211090	900.0000000031155
211408	900.0000000031155
211725	900.0000000031155
212043	900.0000000031155
212361	900.0000000031155
212678	900.0000000031155
212997	900.0000000031155
213316	900.0000000031155
213636	900.0000000031155
213952	900.0000000031155
216188	900.0000000031155
216507	900.0000000031155
216829	900.0000000031155
217150	900.0000000031155
217465	900.0000000031155
217782	900.0000000031155
218096	900.0000000031155
218412	900.0000000031155
218725	900.0000000031155
219040	900.0000000031155
219354	900.0000000031155
219667	900.0000000031155
219983	900.0000000031155
220297	900.0000000031155
220613	900.0000000031155
220929	900.0000000031155
221243	900.0000000031155
221557	900.0000000031155
221873	900.0000000031155
222186	900.0000000031155
223544	900.0000000031155
223856	900.0000000031155
224170	900.0000000031155
224485	900.0000000031155
224799	900.0000000031155
225110	900.0000000031155
225423	900.0000000031155
225737	900.0000000031155
226052	900.0000000031155
226366	900.0000000031155
226681	900.0000000031155
226998	900.0000000031155
227316	900.0000000031155
227633	900.0000000031155
227950	900.0000000031155
228266	900.0000000031155
228583	900.0000000031155
228897	900.0000000031155
229212	900.0000000031155
229528	900.0000000031155
230792	900.0000000031155
231108	900.0000000031155
231424	900.0000000031155
231743	900.0000000031155
232062	900.0000000031155
232379	900.0000000031155
232695	900.0000000031155
233012	900.0000000031155
233329	900.0000000031155
233643	900.0000000031155
233962	900.0000000031155
234278	900.0000000031155
234595	900.0000000031155
234911	900.0000000031155
235228	900.0000000031155
235547	900.0000000031155
235865	900.0000000031155
236183	900.0000000031155
236501	900.0000000031155
236820	900.0000000031155
238019	900.0000000031155
238338	900.0000000031155
238656	900.0000000031155
238973	900.0000000031155
239293	900.0000000031155
239609	900.0000000031155
239926	900.0000000031155
240244	900.0000000031155
240562	900.0000000031155
240878	900.0000000031155
241983	900.0000000031155
242300	900.0000000031155
242615	900.0000000031155
242931	900.0000000031155
243246	900.0000000031155
243564	900.0000000031155
243881	900.0000000031155
244201	900.0000000031155
244517	900.0000000031155
244837	900.0000000031155
245154	900.0000000031155
245473	900.0000000031155
245792	900.0000000031155
246114	900.0000000031155
246433	900.0000000031155
246753	900.0000000031155
247073	900.0000000031155
247395	900.0000000031155
247716	900.0000000031155
248039	900.0000000031155
256658	900.0000000031155
256975	900.0000000031155
257291	900.0000000031155
257606	900.0000000031155
257924	900.0000000031155
258241	900.0000000031155
258558	900.0000000031155
258876	900.0000000031155
259195	900.0000000031155
259511	900.0000000031155
259824	900.0000000031155
260142	900.0000000031155
260459	900.0000000031155
260777	900.0000000031155
261096	900.0000000031155
261416	900.0000000031155
261737	900.0000000031155
262060	900.0000000031155
262378	900.0000000031155
262694	900.0000000031155
264318	900.0000000031155
264635	900.0000000031155
264951	900.0000000031155
265267	900.0000000031155
265586	900.0000000031155
265905	900.0000000031155
266223	900.0000000031155
266539	900.0000000031155
266858	900.0000000031155
267176	900.0000000031155
267493	900.0000000031155
267811	900.0000000031155
268130	900.0000000031155
268450	900.0000000031155
268770	900.0000000031155
269087	900.0000000031155
269406	900.0000000031155
269726	900.0000000031155
270047	900.0000000031155
270366	900.0000000031155
271562	900.0000000031155
271882	900.0000000031155
272198	900.0000000031155
272519	900.0000000031155
272838	900.0000000031155
273156	900.0000000031155
273473	900.0000000031155
273789	900.0000000031155
274108	900.0000000031155
274424	900.0000000031155
274739	900.0000000031155
275057	900.0000000031155
275374	900.0000000031155
275690	900.0000000031155
276007	900.0000000031155
276325	900.0000000031155
276642	900.0000000031155
276961	900.0000000031155
277279	900.0000000031155
277594	900.0000000031155
278705	900.0000000031155
279022	900.0000000031155
279342	900.0000000031155
279660	900.0000000031155
279979	900.0000000031155
280296	900.0000000031155
280611	900.0000000031155
280928	900.0000000031155
281247	900.0000000031155
281565	900.0000000031155
282674	900.0000000031155
282992	900.0000000031155
283311	900.0000000031155
283628	900.0000000031155
283944	900.0000000031155
284262	900.0000000031155
284578	900.0000000031155
284895	900.0000000031155
285213	900.0000000031155
285531	900.0000000031155
285854	900.0000000031155
286173	900.0000000031155
286494	900.0000000031155
286818	900.0000000031155
287139	900.0000000031155
287457	900.0000000031155
287775	900.0000000031155
288092	900.0000000031155
288409	900.0000000031155
288727	900.0000000031155
302142	900.0000000031155
