300	34135.634650725995
623	24515.980698219948
944	18553.602492876686
1262	15344.768281625038
1581	11212.063941474731
1899	10313.40939479454
2217	6303.66934597045
2536	6303.66934597045
2857	4874.269268381446
3177	4874.269268381446
3496	4419.959048764153
3809	4183.3193414179395
4127	3122.339655900904
4445	3122.339655900904
4759	2749.985749010722
5077	2571.6941225674
5391	2571.6941225674
5706	2148.3987441143354
6025	2148.3987441143354
6342	2148.3987441143354
6654	2020.752013434857
6966	1918.49151602381
7280	1798.5593116868563
7594	1798.5593116868563
7909	1751.263895123295
8223	1751.263895123295
8535	1751.263895123295
8850	1626.228589058562
9163	1546.7958521835178
9480	1515.9620962384174
9795	1491.8544029984585
10109	1414.8173011424985
10421	1394.0154996448957
10731	1394.0154996448957
11041	1394.0154996448957
11352	1368.5528846427874
11665	1335.2103176208338
11976	1323.2122376519446
12289	1323.2122376519446
12600	1323.2122376519446
12911	1319.5730821130992
21355	941.4432700901157
21673	941.4432700901157
21988	941.4432700901157
22308	941.4432700901157
22629	941.4432700901157
22951	941.4432700901157
23272	941.4432700901157
23593	941.4432700901157
23911	941.4432700901157
24228	941.4432700901157
24543	941.4432700901157
24856	941.4432700901157
25171	941.4432700901157
25488	941.4432700901157
25801	941.4432700901157
26113	941.4432700901157
26423	941.4432700901157
26732	941.4432700901157
31801	916.2394212839489
32115	916.2394212839489
32431	916.2394212839489
32744	916.2394212839489
33056	916.2394212839489
33371	916.2394212839489
33685	916.2394212839489
33996	916.2394212839489
34313	916.2394212839489
34625	916.2394212839489
34940	916.2394212839489
35258	916.2394212839489
35568	916.2394212839489
35881	916.2394212839489
36196	916.2394212839489
36506	916.2394212839489
36818	916.2394212839489
37128	916.2394212839489
37440	916.2394212839489
37749	916.2394212839489
38064	916.2394212839489
38375	916.2394212839489
41481	916.2394212839489
41792	916.2394212839489
42104	916.2394212839489
42418	916.2394212839489
42730	916.2394212839489
43039	916.2394212839489
43349	916.2394212839489
43661	916.2394212839489
43976	916.2394212839489
44286	916.2394212839489
44593	916.2394212839489
44904	916.2394212839489
45216	916.2394212839489
45526	916.2394212839489
45840	916.2394212839489
49195	910.2391759710549
49507	910.2391759710549
49823	910.2391759710549
50133	910.2391759710549
50447	910.2391759710549
50759	910.2391759710549
51068	910.2391759710549
51380	910.2391759710549
51690	910.2391759710549
52005	910.2391759710549
52318	910.2391759710549
52634	910.2391759710549
52946	910.2391759710549
53266	910.2391759710549
53580	910.2391759710549
53896	910.2391759710549
54214	910.2391759710549
54525	910.2391759710549
54844	910.2391759710549
55165	910.2391759710549
55482	910.2391759710549
55807	910.2391759710549
56129	910.2391759710549
56444	910.2391759710549
56764	910.2391759710549
59345	908.2361518077169
61739	908.2361514918435
62053	908.2361514918435
62366	908.2361514918435
62681	908.2361514918435
62995	908.2361514918435
63315	908.2361514918435
63634	908.2361514918435
63947	908.2361514918435
64262	908.2361514918435
64576	908.2361514918435
64894	908.2361514918435
65211	908.2361514918435
65527	908.2361514918435
65840	908.2361514918435
66163	908.2361514918435
66477	908.2361514918435
66790	908.2361514918435
67105	908.2361514918435
67418	908.2361514918435
69376	905.6959666452005
71278	905.6959664325157
71595	905.6959664325157
71911	905.6959664325157
72226	905.6959664325157
72542	905.6959664325157
72855	905.6959664325157
73167	905.6959664325157
73479	905.6959664325157
73792	905.6959664325157
74106	905.6959664325157
74420	905.6959664325157
74737	905.6959664325157
75052	905.6959664325157
75364	905.6959664325157
75677	905.6959664325157
75997	905.6959664325157
76313	905.6959664325157
76625	905.6959664325157
76939	905.6959664325157
78806	905.6959664325157
79119	905.6959664325157
79434	905.6959664325157
79747	905.6959664325157
80062	905.6959664325157
80376	905.6959664325157
80689	905.6959664325157
81003	905.6959664325157
81320	905.6959664325157
81636	905.6959664325157
81954	905.6959664325157
82268	905.6959664325157
82584	905.6959664325157
82898	905.6959664325157
83220	905.6959664325157
83538	905.6959664325157
83855	905.6959664325157
84172	905.6959664325157
84486	905.6959664325157
84799	905.6959664325157
86908	904.6327362843998
88798	904.6327357329347
89116	904.6327357329347
89433	904.6327357329347
89751	904.6327357329347
90070	904.6327357329347
90393	904.6327357329347
90716	904.6327357329347
91035	904.6327357329347
91358	904.6327357329347
91680	904.6327357329347
92001	904.6327357329347
92328	904.6327357329347
92654	904.6327357329347
92976	904.6327357329347
93302	904.6327357329347
93628	904.6327357329347
93956	904.6327357329347
94283	904.6327357329347
94605	904.6327357329347
95889	904.632735270029
97487	904.632726384368
99080	904.6327262386626
99407	904.6327262386626
99730	904.6327262386626
100055	904.6327262386626
100381	904.6327262386626
100705	904.6327262386626
101031	904.6327262386626
101364	904.6327262386626
101692	904.6327262386626
102016	904.6327262386626
102347	904.6327262386626
102679	904.6327262386626
103005	904.6327262386626
103333	904.6327262386626
103659	904.6327262386626
103980	904.6327262386626
104311	904.6327262386626
104638	904.6327262386626
104962	904.6327262386626
105288	904.6327262386626
105609	904.6327262386626
105941	904.6327262386626
106262	904.6327262386626
106588	904.6327262386626
108619	902.6297137003916
111507	902.6297129251203
111829	902.6297129251203
112149	902.6297129251203
112472	902.6297129251203
112787	902.6297129251203
113108	902.6297129251203
113429	902.6297129251203
113751	902.6297129251203
114070	902.6297129251203
114390	902.6297129251203
114708	902.6297129251203
115031	902.6297129251203
115358	902.6297129251203
115683	902.6297129251203
116011	902.6297129251203
116337	902.6297129251203
116660	902.6297129251203
116980	902.6297129251203
118577	902.3611287157088
119847	902.3611282838299
120174	902.3611282838299
120502	902.3611282838299
120827	902.3611282838299
121150	902.3611282838299
121475	902.3611282838299
121801	902.3611282838299
123480	902.2716028520907
123798	902.2716028520907
124118	902.2716028520907
124440	902.2716028520907
124762	902.2716028520907
125085	902.2716028520907
125405	902.2716028520907
125726	902.2716028520907
126045	902.2716028520907
126363	902.2716028520907
126680	902.2716028520907
126998	902.2716028520907
127321	902.2716028520907
127644	902.2716028520907
127965	902.2716028520907
128292	902.2716028520907
128619	902.2716028520907
128943	902.2716028520907
129266	902.2716028520907
129593	902.2716028520907
129918	902.2716028520907
130241	902.2716028520907
130563	902.2716028520907
130885	902.2716028520907
131206	902.2716028520907
131528	902.2716028520907
131852	902.2716028520907
132488	902.271599178415
133667	902.2715991373927
133993	902.2715991373927
134322	902.2715991373927
134650	902.2715991373927
134977	902.2715991373927
135307	902.2715991373927
135633	902.2715991373927
135961	902.2715991373927
136284	902.2715991373927
136607	902.2715991373927
136933	902.2715991373927
137261	902.2715991373927
137589	902.2715991373927
137914	902.2715991373927
138246	902.2715991373927
138577	902.2715991373927
138905	902.2715991373927
139229	902.2715991373927
141420	900.6333816080626
141743	900.6333816080626
142071	900.6333816080626
142396	900.6333816080626
142719	900.6333816080626
143041	900.6333816080626
143363	900.6333816080626
144938	900.543852369453
145256	900.543852369453
145580	900.543852369453
145904	900.543852369453
146228	900.543852369453
146551	900.543852369453
146875	900.543852369453
147201	900.543852369453
147529	900.543852369453
147859	900.543852369453
148188	900.543852369453
148519	900.543852369453
148848	900.543852369453
149181	900.543852369453
149508	900.543852369453
149837	900.543852369453
150171	900.543852369453
150501	900.543852369453
150838	900.543852369453
151174	900.543852369453
151503	900.543852369453
151834	900.543852369453
152162	900.543852369453
152489	900.543852369453
156005	900.543852369453
156328	900.543852369453
156648	900.543852369453
156969	900.543852369453
157295	900.543852369453
157619	900.543852369453
157947	900.543852369453
158274	900.543852369453
158609	900.543852369453
158936	900.543852369453
159270	900.543852369453
159600	900.543852369453
159926	900.543852369453
160252	900.543852369453
160581	900.543852369453
160911	900.543852369453
161245	900.543852369453
162595	900.0895285981926
163777	900.0895283899947
164098	900.0895283899947
164420	900.0895283899947
164742	900.0895283899947
165064	900.0895283899947
165385	900.0895283899947
165707	900.0895283899947
166031	900.0895283899947
166352	900.0895283899947
166683	900.0895283899947
167007	900.0895283899947
167334	900.0895283899947
167660	900.0895283899947
167983	900.0895283899947
168316	900.0895283899947
168645	900.0895283899947
168968	900.0895283899947
169292	900.0895283899947
169619	900.0895283899947
169947	900.0895283899947
170277	900.0895283899947
170603	900.0895283899947
171491	900.0895283821723
172566	900.0000000114369
173682	900.0000000064215
174011	900.0000000064215
174335	900.0000000064215
174661	900.0000000064215
174984	900.0000000064215
175311	900.0000000064215
175636	900.0000000064215
175962	900.0000000064215
176289	900.0000000064215
176615	900.0000000064215
176949	900.0000000064215
177280	900.0000000064215
177607	900.0000000064215
177936	900.0000000064215
178263	900.0000000064215
178589	900.0000000064215
178921	900.0000000064215
179252	900.0000000064215
179578	900.0000000064215
179908	900.0000000064215
180236	900.0000000064215
180566	900.0000000064215
180893	900.0000000064215
181220	900.0000000064215
181548	900.0000000064215
181870	900.0000000064215
182196	900.0000000064215
182523	900.0000000064215
184462	900.0000000064215
184788	900.0000000064215
185114	900.0000000064215
185445	900.0000000064215
185773	900.0000000064215
186103	900.0000000064215
186430	900.0000000064215
186755	900.0000000064215
187083	900.0000000064215
187415	900.0000000064215
188559	900.0000000064215
188889	900.0000000064215
189218	900.0000000064215
189544	900.0000000064215
189873	900.0000000064215
190203	900.0000000064215
190529	900.0000000064215
190859	900.0000000064215
191190	900.0000000064215
191522	900.0000000064215
191851	900.0000000064215
192179	900.0000000064215
192510	900.0000000064215
192833	900.0000000064215
193164	900.0000000064215
193494	900.0000000064215
193826	900.0000000064215
194148	900.0000000064215
194472	900.0000000064215
194801	900.0000000064215
197491	900.0000000064215
197824	900.0000000064215
198153	900.0000000064215
198481	900.0000000064215
198812	900.0000000064215
199143	900.0000000064215
199471	900.0000000064215
199800	900.0000000064215
200131	900.0000000064215
200459	900.0000000064215
200792	900.0000000064215
201120	900.0000000064215
201454	900.0000000064215
201786	900.0000000064215
202117	900.0000000064215
202445	900.0000000064215
202774	900.0000000064215
203108	900.0000000064215
203438	900.0000000064215
203773	900.0000000064215
210618	900.0000000064215
210946	900.0000000064215
211271	900.0000000064215
211594	900.0000000064215
211917	900.0000000064215
212245	900.0000000064215
212572	900.0000000064215
212894	900.0000000064215
213224	900.0000000064215
213548	900.0000000064215
213876	900.0000000064215
214203	900.0000000064215
214531	900.0000000064215
214862	900.0000000064215
215192	900.0000000064215
215522	900.0000000064215
215852	900.0000000064215
216179	900.0000000064215
216513	900.0000000064215
216836	900.0000000064215
217956	900.0000000064215
218286	900.0000000064215
218612	900.0000000064215
218937	900.0000000064215
219266	900.0000000064215
219594	900.0000000064215
219925	900.0000000064215
220256	900.0000000064215
220590	900.0000000064215
220919	900.0000000064215
221251	900.0000000064215
221585	900.0000000064215
221914	900.0000000064215
222239	900.0000000064215
222569	900.0000000064215
222894	900.0000000064215
223222	900.0000000064215
223550	900.0000000064215
223876	900.0000000064215
224200	900.0000000064215
226582	900.0000000064215
226904	900.0000000064215
227237	900.0000000064215
227569	900.0000000064215
227892	900.0000000064215
228218	900.0000000064215
228543	900.0000000064215
228876	900.0000000064215
229206	900.0000000064215
229537	900.0000000064215
230776	900.0000000064215
231104	900.0000000064215
231433	900.0000000064215
231764	900.0000000064215
232093	900.0000000064215
232429	900.0000000064215
232761	900.0000000064215
233088	900.0000000064215
233417	900.0000000064215
233744	900.0000000064215
234081	900.0000000064215
234413	900.0000000064215
234738	900.0000000064215
235067	900.0000000064215
235391	900.0000000064215
235721	900.0000000064215
236047	900.0000000064215
236374	900.0000000064215
236700	900.0000000064215
237026	900.0000000064215
240106	900.0000000064215
240432	900.0000000064215
240757	900.0000000064215
241081	900.0000000064215
241408	900.0000000064215
241737	900.0000000064215
242068	900.0000000064215
242394	900.0000000064215
242722	900.0000000064215
243052	900.0000000064215
243380	900.0000000064215
243711	900.0000000064215
244039	900.0000000064215
244369	900.0000000064215
244698	900.0000000064215
245025	900.0000000064215
245358	900.0000000064215
245686	900.0000000064215
246011	900.0000000064215
246338	900.0000000064215
247460	900.0000000064215
247791	900.0000000064215
248117	900.0000000064215
248452	900.0000000064215
248779	900.0000000064215
249111	900.0000000064215
249440	900.0000000064215
249770	900.0000000064215
250096	900.0000000064215
250425	900.0000000064215
250758	900.0000000064215
251091	900.0000000064215
251418	900.0000000064215
251750	900.0000000064215
252077	900.0000000064215
252407	900.0000000064215
252740	900.0000000064215
253069	900.0000000064215
253401	900.0000000064215
253733	900.0000000064215
255094	900.0000000064215
255426	900.0000000064215
255759	900.0000000064215
256091	900.0000000064215
256421	900.0000000064215
256752	900.0000000064215
257082	900.0000000064215
257413	900.0000000064215
257750	900.0000000064215
258083	900.0000000064215
258411	900.0000000064215
258743	900.0000000064215
259071	900.0000000064215
259400	900.0000000064215
259733	900.0000000064215
260058	900.0000000064215
260385	900.0000000064215
260710	900.0000000064215
261030	900.0000000064215
261355	900.0000000064215
263486	900.0000000064215
263817	900.0000000064215
264146	900.0000000064215
264473	900.0000000064215
264803	900.0000000064215
265132	900.0000000064215
265460	900.0000000064215
265794	900.0000000064215
266121	900.0000000064215
266452	900.0000000064215
267635	900.0000000064215
267960	900.0000000064215
268291	900.0000000064215
268622	900.0000000064215
268956	900.0000000064215
269288	900.0000000064215
269621	900.0000000064215
269956	900.0000000064215
270284	900.0000000064215
270610	900.0000000064215
270939	900.0000000064215
271266	900.0000000064215
271593	900.0000000064215
271917	900.0000000064215
272241	900.0000000064215
272569	900.0000000064215
272892	900.0000000064215
273221	900.0000000064215
273546	900.0000000064215
273878	900.0000000064215
275412	900.0000000064215
275747	900.0000000064215
276082	900.0000000064215
276412	900.0000000064215
276739	900.0000000064215
277071	900.0000000064215
277403	900.0000000064215
277730	900.0000000064215
278060	900.0000000064215
278389	900.0000000064215
278719	900.0000000064215
279047	900.0000000064215
279372	900.0000000064215
279707	900.0000000064215
280045	900.0000000064215
280375	900.0000000064215
280710	900.0000000064215
281046	900.0000000064215
281379	900.0000000064215
281709	900.0000000064215
288037	900.0000000064215
288366	900.0000000064215
288692	900.0000000064215
289018	900.0000000064215
289347	900.0000000064215
289675	900.0000000064215
290003	900.0000000064215
290334	900.0000000064215
290664	900.0000000064215
290995	900.0000000064215
291326	900.0000000064215
291654	900.0000000064215
291987	900.0000000064215
292317	900.0000000064215
292649	900.0000000064215
292981	900.0000000064215
293310	900.0000000064215
293641	900.0000000064215
293973	900.0000000064215
294305	900.0000000064215
295425	900.0000000064215
295757	900.0000000064215
296092	900.0000000064215
296425	900.0000000064215
296753	900.0000000064215
297081	900.0000000064215
297409	900.0000000064215
297738	900.0000000064215
298063	900.0000000064215
298391	900.0000000064215
298720	900.0000000064215
299047	900.0000000064215
299374	900.0000000064215
299702	900.0000000064215
300033	900.0000000064215
