300	22605.538787720034
625	17136.373053224415
946	13528.23054084915
1263	13528.23054084915
1584	10657.297472611448
1901	7265.102563747016
2224	7265.102563747016
2544	6630.814104599669
2860	6410.376906970077
3177	5570.950779125273
3493	5362.257120870336
3815	4555.5763608136185
4133	4223.361381324168
4451	3783.822208155591
4768	3783.822208155591
5086	3359.6356223829935
5400	3119.3950056201147
5713	2928.5430558771086
6029	2634.0689600023356
6343	2634.0689600023356
6660	2634.0689600023356
6974	2634.0689600023356
7289	2494.8909129731146
7605	2292.586994227332
7922	1968.1466361788127
8240	1968.1466361788127
8560	1877.387692201843
8877	1808.495136490994
9199	1699.947912001358
9514	1651.959280621371
9828	1651.959280621371
10143	1651.959280621371
10461	1642.8097146420396
10775	1494.843769515107
11088	1464.663630637214
11402	1464.663630637214
11711	1456.222074182852
12023	1416.92071545949
12337	1416.92071545949
12650	1336.7849839916134
12965	1336.7849839916134
13276	1336.7849839916134
21219	1073.4231500366805
26163	1073.4231495925587
26480	1073.4231495925587
26789	1073.4231495925587
27102	1073.4231495925587
27414	1073.4231495925587
27730	1073.4231495925587
28041	1073.4231495925587
28350	1073.4231495925587
28661	1073.4231495925587
28972	1073.4231495925587
29284	1073.4231495925587
29593	1073.4231495925587
29902	1073.4231495925587
30213	1073.4231495925587
30520	1073.4231495925587
30832	1073.4231495925587
31142	1073.4231495925587
31454	1073.4231495925587
31766	1073.4231495925587
32076	1073.4231495925587
32385	1073.4231495925587
32693	1073.4231495925587
33004	1073.4231495925587
33313	1073.4231495925587
33622	1073.4231495925587
33932	1073.4231495925587
34243	1073.4231495925587
34551	1073.4231495925587
39606	1026.2970393842863
44688	1020.9622413806416
50939	938.8003777365802
58036	920.1754633713065
58351	920.1754633713065
58668	920.1754633713065
58985	920.1754633713065
59301	920.1754633713065
59618	920.1754633713065
59932	920.1754633713065
60247	920.1754633713065
60567	920.1754633713065
60885	920.1754633713065
61203	920.1754633713065
61520	920.1754633713065
61842	920.1754633713065
62158	920.1754633713065
62471	920.1754633713065
62784	920.1754633713065
63107	920.1754633713065
63419	920.1754633713065
63734	920.1754633713065
64048	920.1754633713065
64363	920.1754633713065
64678	920.1754633713065
64991	920.1754633713065
65309	920.1754633713065
65624	920.1754633713065
65937	920.1754633713065
66249	920.1754633713065
68485	916.7600389322702
71093	916.7600385100718
71407	916.7600385100718
71718	916.7600385100718
72035	916.7600385100718
72348	916.7600385100718
72661	916.7600385100718
72969	916.7600385100718
73286	916.7600385100718
73598	916.7600385100718
73911	916.7600385100718
78408	915.5094766011329
78719	915.5094766011329
79029	915.5094766011329
79341	915.5094766011329
79648	915.5094766011329
84187	912.5769693459379
90710	901.3562894794144
91028	901.3562894794144
91349	901.3562894794144
91672	901.3562894794144
91997	901.3562894794144
92324	901.3562894794144
92660	901.3562894794144
92987	901.3562894794144
93317	901.3562894794144
93651	901.3562894794144
93984	901.3562894794144
96691	900.4543262008042
97020	900.4543262008042
97350	900.4543262008042
97682	900.4543262008042
98018	900.4543262008042
98350	900.4543262008042
98677	900.4543262008042
99008	900.4543262008042
99334	900.4543262008042
99659	900.4543262008042
99992	900.4543262008042
100329	900.4543262008042
100663	900.4543262008042
100992	900.4543262008042
101331	900.4543262008042
101668	900.4543262008042
102001	900.4543262008042
102341	900.4543262008042
102681	900.4543262008042
103019	900.4543262008042
103360	900.4543262008042
103701	900.4543262008042
113325	900.4543262008042
113659	900.4543262008042
113986	900.4543262008042
114311	900.4543262008042
114641	900.4543262008042
114970	900.4543262008042
115297	900.4543262008042
115622	900.4543262008042
115955	900.4543262008042
116284	900.4543262008042
116616	900.4543262008042
116951	900.4543262008042
117289	900.4543262008042
117623	900.4543262008042
117960	900.4543262008042
118296	900.4543262008042
118626	900.4543262008042
118961	900.4543262008042
119292	900.4543262008042
119630	900.4543262008042
120806	900.4543240517503
122111	900.4543240230889
122451	900.4543240230889
122787	900.4543240230889
123128	900.4543240230889
123471	900.4543240230889
123811	900.4543240230889
124143	900.4543240230889
124478	900.4543240230889
124813	900.4543240230889
125149	900.4543240230889
125485	900.4543240230889
125820	900.4543240230889
126152	900.4543240230889
126479	900.4543240230889
126813	900.4543240230889
127146	900.4543240230889
127484	900.4543240230889
127819	900.4543240230889
128155	900.4543240230889
129427	900.4543240230889
129767	900.4543240230889
130096	900.4543240230889
130430	900.4543240230889
130758	900.4543240230889
131086	900.4543240230889
131418	900.4543240230889
131752	900.4543240230889
132856	900.0000002832918
134061	900.0000000800044
134390	900.0000000800044
134722	900.0000000800044
135054	900.0000000800044
135393	900.0000000800044
135724	900.0000000800044
136057	900.0000000800044
136392	900.0000000800044
136729	900.0000000800044
137064	900.0000000800044
137396	900.0000000800044
137733	900.0000000800044
138076	900.0000000800044
138421	900.0000000800044
138760	900.0000000800044
139095	900.0000000800044
139426	900.0000000800044
139764	900.0000000800044
140098	900.0000000800044
140436	900.0000000800044
140774	900.0000000800044
142189	900.0000000800044
142534	900.0000000800044
142868	900.0000000800044
143199	900.0000000800044
143535	900.0000000800044
143871	900.0000000800044
144200	900.0000000800044
144539	900.0000000800044
144875	900.0000000800044
145213	900.0000000800044
145547	900.0000000800044
145884	900.0000000800044
146225	900.0000000800044
146561	900.0000000800044
146899	900.0000000800044
147233	900.0000000800044
147570	900.0000000800044
147910	900.0000000800044
148251	900.0000000800044
148585	900.0000000800044
154775	900.0000000800044
155104	900.0000000800044
155434	900.0000000800044
155760	900.0000000800044
156091	900.0000000800044
156419	900.0000000800044
156748	900.0000000800044
157079	900.0000000800044
157416	900.0000000800044
157762	900.0000000800044
158098	900.0000000800044
158437	900.0000000800044
158777	900.0000000800044
159116	900.0000000800044
159456	900.0000000800044
159793	900.0000000800044
160136	900.0000000800044
160472	900.0000000800044
160818	900.0000000800044
161165	900.0000000800044
170486	900.0000000800044
170823	900.0000000800044
171154	900.0000000800044
171487	900.0000000800044
171823	900.0000000800044
172156	900.0000000800044
172494	900.0000000800044
172827	900.0000000800044
173161	900.0000000800044
173497	900.0000000800044
173836	900.0000000800044
174170	900.0000000800044
174509	900.0000000800044
174848	900.0000000800044
175188	900.0000000800044
175530	900.0000000800044
175872	900.0000000800044
176209	900.0000000800044
176547	900.0000000800044
176885	900.0000000800044
177572	900.0000000531489
178826	900.0000000169684
179167	900.0000000169684
179502	900.0000000169684
179844	900.0000000169684
180185	900.0000000169684
180512	900.0000000169684
180837	900.0000000169684
181165	900.0000000169684
181497	900.0000000169684
181827	900.0000000169684
182164	900.0000000169684
182491	900.0000000169684
182818	900.0000000169684
183148	900.0000000169684
183479	900.0000000169684
183808	900.0000000169684
184143	900.0000000169684
184478	900.0000000169684
184815	900.0000000169684
186686	900.0000000169684
187025	900.0000000169684
187365	900.0000000169684
187697	900.0000000169684
188027	900.0000000169684
188358	900.0000000169684
188686	900.0000000169684
189014	900.0000000169684
189342	900.0000000169684
189670	900.0000000169684
190000	900.0000000169684
190327	900.0000000169684
190664	900.0000000169684
191001	900.0000000169684
191339	900.0000000169684
191681	900.0000000169684
192012	900.0000000169684
192343	900.0000000169684
192674	900.0000000169684
193002	900.0000000169684
196704	900.0000000169684
197037	900.0000000169684
197371	900.0000000169684
197707	900.0000000169684
198042	900.0000000169684
198383	900.0000000169684
198724	900.0000000169684
199058	900.0000000169684
199396	900.0000000169684
199735	900.0000000169684
200083	900.0000000169684
200423	900.0000000169684
200761	900.0000000169684
201101	900.0000000169684
201446	900.0000000169684
201785	900.0000000169684
202122	900.0000000169684
202459	900.0000000169684
202796	900.0000000169684
203127	900.0000000169684
208316	900.0000000169684
208645	900.0000000169684
208975	900.0000000169684
209305	900.0000000169684
209644	900.0000000169684
209974	900.0000000169684
210304	900.0000000169684
210637	900.0000000169684
210971	900.0000000169684
211307	900.0000000169684
211646	900.0000000169684
211987	900.0000000169684
212324	900.0000000169684
212669	900.0000000169684
213002	900.0000000169684
213342	900.0000000169684
213685	900.0000000169684
214027	900.0000000169684
214354	900.0000000169684
214693	900.0000000169684
223541	900.0000000169684
223872	900.0000000169684
224202	900.0000000169684
224530	900.0000000169684
224857	900.0000000169684
225187	900.0000000169684
225519	900.0000000169684
225849	900.0000000169684
226180	900.0000000169684
226513	900.0000000169684
226847	900.0000000169684
227187	900.0000000169684
227525	900.0000000169684
227861	900.0000000169684
228198	900.0000000169684
228528	900.0000000169684
228860	900.0000000169684
229193	900.0000000169684
229527	900.0000000169684
229860	900.0000000169684
230985	900.0000000169684
231315	900.0000000169684
231649	900.0000000169684
231983	900.0000000169684
232321	900.0000000169684
232660	900.0000000169684
232989	900.0000000169684
233323	900.0000000169684
233655	900.0000000169684
233986	900.0000000169684
239893	900.0000000169684
240221	900.0000000169684
240559	900.0000000169684
240895	900.0000000169684
241234	900.0000000169684
241571	900.0000000169684
241909	900.0000000169684
242240	900.0000000169684
242575	900.0000000169684
242913	900.0000000169684
243250	900.0000000169684
243592	900.0000000169684
243930	900.0000000169684
244274	900.0000000169684
244618	900.0000000169684
244954	900.0000000169684
245294	900.0000000169684
245625	900.0000000169684
245954	900.0000000169684
246290	900.0000000169684
255686	900.0000000169684
256022	900.0000000169684
256351	900.0000000169684
256680	900.0000000169684
257017	900.0000000169684
257349	900.0000000169684
257686	900.0000000169684
258026	900.0000000169684
258361	900.0000000169684
258698	900.0000000169684
259036	900.0000000169684
259370	900.0000000169684
259708	900.0000000169684
260046	900.0000000169684
260390	900.0000000169684
260730	900.0000000169684
261073	900.0000000169684
261412	900.0000000169684
261746	900.0000000169684
262072	900.0000000169684
268602	900.0000000169684
268936	900.0000000169684
269263	900.0000000169684
269590	900.0000000169684
269920	900.0000000169684
270245	900.0000000169684
270570	900.0000000169684
270893	900.0000000169684
271221	900.0000000169684
271557	900.0000000169684
271891	900.0000000169684
272229	900.0000000169684
272563	900.0000000169684
272905	900.0000000169684
273240	900.0000000169684
273580	900.0000000169684
273915	900.0000000169684
274249	900.0000000169684
274584	900.0000000169684
274920	900.0000000169684
276039	900.0000000163755
277290	900.0000000050244
277627	900.0000000050244
277961	900.0000000050244
278304	900.0000000050244
278652	900.0000000050244
278984	900.0000000050244
279319	900.0000000050244
279646	900.0000000050244
279974	900.0000000050244
280307	900.0000000050244
280630	900.0000000050244
280967	900.0000000050244
281301	900.0000000050244
281629	900.0000000050244
281960	900.0000000050244
282284	900.0000000050244
282615	900.0000000050244
282948	900.0000000050244
283279	900.0000000050244
284676	900.0000000050244
285015	900.0000000050244
285356	900.0000000050244
285694	900.0000000050244
286030	900.0000000050244
286368	900.0000000050244
286704	900.0000000050244
287041	900.0000000050244
287376	900.0000000050244
287715	900.0000000050244
288054	900.0000000050244
288397	900.0000000050244
288739	900.0000000050244
289078	900.0000000050244
289416	900.0000000050244
289749	900.0000000050244
290083	900.0000000050244
290419	900.0000000050244
290750	900.0000000050244
291080	900.0000000050244
292838	900.0000000050244
293176	900.0000000050244
293519	900.0000000050244
293852	900.0000000050244
294188	900.0000000050244
294519	900.0000000050244
294859	900.0000000050244
295199	900.0000000050244
295533	900.0000000050244
295873	900.0000000050244
296209	900.0000000050244
296548	900.0000000050244
296883	900.0000000050244
297216	900.0000000050244
297556	900.0000000050244
297894	900.0000000050244
298231	900.0000000050244
298570	900.0000000050244
298903	900.0000000050244
299237	900.0000000050244
303881	900.0000000050244
