300	30569.020808246874
621	19449.138920917052
939	19449.138920917052
1260	14089.813457144559
1577	10952.763301682595
1901	9312.509646977693
2223	9037.882194272272
2542	5426.319161173503
2856	5426.319161173503
3172	5426.319161173503
3490	5426.319161173503
3807	5381.531516398167
4118	4621.519594898164
4431	4621.519594898164
4742	4601.096975969755
5056	3496.4226349538853
5370	3151.1308221381514
5682	3151.1308221381514
5996	3039.4050419934347
6310	2849.073346012774
6624	2849.073346012774
6939	2530.3033725015293
7254	2346.7661137011482
7569	2346.7661137011482
7882	2346.7661137011482
8197	1851.5004062891921
8511	1851.5004062891921
8825	1616.6082891745375
9142	1616.6082891745375
9461	1616.6082891745375
9775	1616.6082891745375
10085	1583.0144297465872
10400	1537.8124394564818
10714	1443.4761379413844
11029	1436.7747329121626
11342	1384.2327200547343
11655	1384.2327200547343
11965	1340.012906531119
12280	1321.5513090824643
12592	1295.3274884701646
12905	1295.3274884701646
19622	1019.2091125126101
19935	1019.2091125126101
20247	1019.2091125126101
20561	1019.2091125126101
20876	1019.2091125126101
21193	1019.2091125126101
21512	1019.2091125126101
28000	943.914427580152
28315	943.914427580152
28631	943.914427580152
28945	943.914427580152
29261	943.914427580152
29577	943.914427580152
29890	943.914427580152
30201	943.914427580152
30512	943.914427580152
30823	943.914427580152
31136	943.914427580152
31448	943.914427580152
31764	943.914427580152
32081	943.914427580152
32393	943.914427580152
32712	943.914427580152
33026	943.914427580152
33344	943.914427580152
33658	943.914427580152
33975	943.914427580152
34289	943.914427580152
34606	943.914427580152
39814	928.0606171941029
40129	928.0606171941029
40445	928.0606171941029
40758	928.0606171941029
41071	928.0606171941029
41383	928.0606171941029
41692	928.0606171941029
42004	928.0606171941029
42317	928.0606171941029
42633	928.0606171941029
42948	928.0606171941029
43262	928.0606171941029
43578	928.0606171941029
43890	928.0606171941029
44203	928.0606171941029
44520	928.0606171941029
44835	928.0606171941029
45152	928.0606171941029
45468	928.0606171941029
45785	928.0606171941029
46106	928.0606171941029
48780	926.9011904093023
51438	926.9011890624346
51758	926.9011890624346
52075	926.9011890624346
52391	926.9011890624346
52705	926.9011890624346
53022	926.9011890624346
53333	926.9011890624346
53645	926.9011890624346
53960	926.9011890624346
54277	926.9011890624346
54591	926.9011890624346
54908	926.9011890624346
55218	926.9011890624346
55528	926.9011890624346
55840	926.9011890624346
56152	926.9011890624346
56463	926.9011890624346
56777	926.9011890624346
57090	926.9011890624346
59290	926.9011890624346
59602	926.9011890624346
59920	926.9011890624346
60236	926.9011890624346
60550	926.9011890624346
60862	926.9011890624346
61179	926.9011890624346
61495	926.9011890624346
61810	926.9011890624346
62124	926.9011890624346
62438	926.9011890624346
62751	926.9011890624346
63064	926.9011890624346
63372	926.9011890624346
63683	926.9011890624346
63991	926.9011890624346
64305	926.9011890624346
64614	926.9011890624346
64926	926.9011890624346
69647	919.3605427696099
69958	919.3605427696099
70273	919.3605427696099
70583	919.3605427696099
70890	919.3605427696099
71198	919.3605427696099
71506	919.3605427696099
71817	919.3605427696099
72138	919.3605427696099
72448	919.3605427696099
72760	919.3605427696099
73072	919.3605427696099
73382	919.3605427696099
73693	919.3605427696099
74003	919.3605427696099
74319	919.3605427696099
74629	919.3605427696099
74940	919.3605427696099
75251	919.3605427696099
75563	919.3605427696099
75873	919.3605427696099
79450	919.3605427696099
79766	919.3605427696099
80080	919.3605427696099
80395	919.3605427696099
80711	919.3605427696099
81026	919.3605427696099
81345	919.3605427696099
81659	919.3605427696099
81976	919.3605427696099
82290	919.3605427696099
82606	919.3605427696099
82921	919.3605427696099
83235	919.3605427696099
83548	919.3605427696099
83865	919.3605427696099
84180	919.3605427696099
84494	919.3605427696099
84811	919.3605427696099
85125	919.3605427696099
85437	919.3605427696099
88871	919.3605427696099
89181	919.3605427696099
89498	919.3605427696099
89815	919.3605427696099
90130	919.3605427696099
90453	919.3605427696099
90768	919.3605427696099
91088	919.3605427696099
91406	919.3605427696099
91723	919.3605427696099
92038	919.3605427696099
92358	919.3605427696099
92674	919.3605427696099
92992	919.3605427696099
93312	919.3605427696099
93633	919.3605427696099
93953	919.3605427696099
94271	919.3605427696099
94587	919.3605427696099
94905	919.3605427696099
97434	919.3605427696099
97748	919.3605427696099
98063	919.3605427696099
98376	919.3605427696099
98689	919.3605427696099
99007	919.3605427696099
99325	919.3605427696099
99645	919.3605427696099
99967	919.3605427696099
100284	919.3605427696099
100604	919.3605427696099
100924	919.3605427696099
101243	919.3605427696099
101566	919.3605427696099
101881	919.3605427696099
102198	919.3605427696099
102519	919.3605427696099
102837	919.3605427696099
103154	919.3605427696099
103478	919.3605427696099
105213	919.3605427696099
105533	919.3605427696099
105856	919.3605427696099
106177	919.3605427696099
106501	919.3605427696099
106820	919.3605427696099
107143	919.3605427696099
107463	919.3605427696099
107786	919.3605427696099
108110	919.3605427696099
111009	919.3605427696099
111333	919.3605427696099
111656	919.3605427696099
111983	919.3605427696099
112308	919.3605427696099
112633	919.3605427696099
112953	919.3605427696099
113274	919.3605427696099
113598	919.3605427696099
113917	919.3605427696099
114241	919.3605427696099
114561	919.3605427696099
114877	919.3605427696099
115197	919.3605427696099
115516	919.3605427696099
115840	919.3605427696099
116159	919.3605427696099
116481	919.3605427696099
116805	919.3605427696099
117124	919.3605427696099
119408	919.3605427696099
119728	919.3605427696099
120048	919.3605427696099
120368	919.3605427696099
120684	919.3605427696099
121004	919.3605427696099
121324	919.3605427696099
121644	919.3605427696099
121961	919.3605427696099
122284	919.3605427696099
122608	919.3605427696099
122928	919.3605427696099
123250	919.3605427696099
123573	919.3605427696099
123898	919.3605427696099
124218	919.3605427696099
124535	919.3605427696099
124859	919.3605427696099
125177	919.3605427696099
125494	919.3605427696099
128206	919.3605427696099
128521	919.3605427696099
128836	919.3605427696099
129156	919.3605427696099
129470	919.3605427696099
129790	919.3605427696099
130106	919.3605427696099
130427	919.3605427696099
130743	919.3605427696099
131057	919.3605427696099
131374	919.3605427696099
131689	919.3605427696099
132006	919.3605427696099
132327	919.3605427696099
132644	919.3605427696099
132957	919.3605427696099
133272	919.3605427696099
133590	919.3605427696099
133906	919.3605427696099
134219	919.3605427696099
135651	909.1784280476793
136992	905.9061917857478
138851	905.9061914686063
139173	905.9061914686063
139495	905.9061914686063
139816	905.9061914686063
140136	905.9061914686063
140458	905.9061914686063
140781	905.9061914686063
141104	905.9061914686063
141426	905.9061914686063
141750	905.9061914686063
142075	905.9061914686063
142399	905.9061914686063
142718	905.9061914686063
143040	905.9061914686063
143365	905.9061914686063
143683	905.9061914686063
144006	905.9061914686063
148081	904.9975433375553
148405	904.9975433375553
148723	904.9975433375553
149045	904.9975433375553
149365	904.9975433375553
149683	904.9975433375553
150003	904.9975433375553
150320	904.9975433375553
150638	904.9975433375553
150957	904.9975433375553
151278	904.9975433375553
151598	904.9975433375553
151916	904.9975433375553
152239	904.9975433375553
152558	904.9975433375553
152879	904.9975433375553
153196	904.9975433375553
153519	904.9975433375553
153842	904.9975433375553
154157	904.9975433375553
154477	904.9975433375553
156041	904.1784451356591
157786	904.178444794951
158107	904.178444794951
158423	904.178444794951
158747	904.178444794951
159063	904.178444794951
159384	904.178444794951
159703	904.178444794951
160024	904.178444794951
160347	904.178444794951
160670	904.178444794951
160986	904.178444794951
161304	904.178444794951
161625	904.178444794951
161948	904.178444794951
162275	904.178444794951
162596	904.178444794951
162918	904.178444794951
163244	904.178444794951
163563	904.178444794951
164942	904.178444794951
165265	904.178444794951
165589	904.178444794951
165914	904.178444794951
166235	904.178444794951
166559	904.178444794951
166881	904.178444794951
167201	904.178444794951
167522	904.178444794951
167847	904.178444794951
168169	904.178444794951
168492	904.178444794951
168816	904.178444794951
169141	904.178444794951
169460	904.178444794951
169777	904.178444794951
170104	904.178444794951
170428	904.178444794951
170745	904.178444794951
171068	904.178444794951
172258	902.9050014619762
173786	902.9050013404283
174108	902.9050013404283
175938	902.9050012543311
177608	902.9050012085534
178860	902.7192617574243
180553	902.7192616430852
182274	902.7192615615495
183379	902.4506767434477
185042	902.3611487643069
186552	902.3611486831971
186875	902.3611486831971
187197	902.3611486831971
187517	902.3611486831971
189291	902.3611484354396
189616	902.3611484354396
189941	902.3611484354396
190262	902.3611484354396
190583	902.3611484354396
190903	902.3611484354396
191227	902.3611484354396
191555	902.3611484354396
191876	902.3611484354396
192195	902.3611484354396
192524	902.3611484354396
192851	902.3611484354396
193170	902.3611484354396
193498	902.3611484354396
193824	902.3611484354396
194153	902.3611484354396
194479	902.3611484354396
194800	902.3611484354396
195122	902.3611484354396
195444	902.3611484354396
195767	902.3611484354396
196092	902.3611484354396
196415	902.3611484354396
196738	902.3611484354396
197064	902.3611484354396
197393	902.3611484354396
198966	902.3611484354396
199288	902.3611484354396
199609	902.3611484354396
199929	902.3611484354396
200256	902.3611484354396
200580	902.3611484354396
200907	902.3611484354396
201230	902.3611484354396
201559	902.3611484354396
201883	902.3611484354396
202209	902.3611484354396
202537	902.3611484354396
202861	902.3611484354396
203190	902.3611484354396
203515	902.3611484354396
203846	902.3611484354396
204172	902.3611484354396
204500	902.3611484354396
204828	902.3611484354396
205155	902.3611484354396
206692	902.3611484354396
207019	902.3611484354396
207344	902.3611484354396
207673	902.3611484354396
208001	902.3611484354396
208329	902.3611484354396
208663	902.3611484354396
208990	902.3611484354396
209316	902.3611484354396
209646	902.3611484354396
211059	902.3611484354396
211391	902.3611484354396
211718	902.3611484354396
212048	902.3611484354396
212374	902.3611484354396
212696	902.3611484354396
213024	902.3611484354396
213352	902.3611484354396
213679	902.3611484354396
214005	902.3611484354396
214331	902.3611484354396
214660	902.3611484354396
214992	902.3611484354396
215320	902.3611484354396
215649	902.3611484354396
215976	902.3611484354396
216302	902.3611484354396
216630	902.3611484354396
216956	902.3611484354396
217287	902.3611484354396
218422	902.1754119531112
219468	902.085880952806
220445	901.9963539119678
221889	901.9963529392188
222213	901.9963529392188
222542	901.9963529392188
222861	901.9963529392188
224144	901.9963527747299
224467	901.9963527747299
224790	901.9963527747299
225112	901.9963527747299
225438	901.9963527747299
225763	901.9963527747299
226087	901.9963527747299
226410	901.9963527747299
226732	901.9963527747299
227056	901.9963527747299
227382	901.9963527747299
227704	901.9963527747299
228029	901.9963527747299
228352	901.9963527747299
228674	901.9963527747299
228993	901.9963527747299
229323	901.9963527747299
229650	901.9963527747299
229973	901.9963527747299
230303	901.9963527747299
230633	901.9963527747299
230960	901.9963527747299
231283	901.9963527747299
232675	901.9963527747299
233000	901.9963527747299
233326	901.9963527747299
233651	901.9963527747299
233978	901.9963527747299
234303	901.9963527747299
234626	901.9963527747299
234954	901.9963527747299
235278	901.9963527747299
235607	901.9963527747299
235931	901.9963527747299
236261	901.9963527747299
236590	901.9963527747299
236915	901.9963527747299
237241	901.9963527747299
237565	901.9963527747299
237888	901.9963527747299
238215	901.9963527747299
238541	901.9963527747299
238870	901.9963527747299
240157	901.9963527747299
240486	901.9963527747299
240819	901.9963527747299
241147	901.9963527747299
241474	901.9963527747299
241804	901.9963527747299
242139	901.9963527747299
242475	901.9963527747299
242806	901.9963527747299
243138	901.9963527747299
243473	901.9963527747299
243809	901.9963527747299
244139	901.9963527747299
244474	901.9963527747299
244806	901.9963527747299
245134	901.9963527747299
245464	901.9963527747299
245796	901.9963527747299
246128	901.9963527747299
246465	901.9963527747299
247240	901.9963527568218
248593	901.996352684043
248924	901.996352684043
249253	901.996352684043
249582	901.996352684043
249905	901.996352684043
250236	901.996352684043
250564	901.996352684043
250889	901.996352684043
251220	901.996352684043
251549	901.996352684043
251880	901.996352684043
252213	901.996352684043
252541	901.996352684043
252870	901.996352684043
253201	901.996352684043
253530	901.996352684043
253859	901.996352684043
254188	901.996352684043
254517	901.996352684043
259509	901.9963526483032
259844	901.9963526483032
261661	901.6315574499994
263883	901.6315570977586
264215	901.6315570977586
266881	901.631557015166
268395	901.5420303417851
269583	901.5420297826508
269916	901.5420297826508
270242	901.5420297826508
272433	901.5420294625332
273911	901.5420289291797
275233	901.5420287922966
276057	901.5420285716433
277499	901.5420285593794
277826	901.5420285593794
278154	901.5420285593794
278484	901.5420285593794
278815	901.5420285593794
279144	901.5420285593794
279477	901.5420285593794
279807	901.5420285593794
280136	901.5420285593794
280467	901.5420285593794
280797	901.5420285593794
281131	901.5420285593794
281458	901.5420285593794
281791	901.5420285593794
282119	901.5420285593794
282450	901.5420285593794
282779	901.5420285593794
283111	901.5420285593794
283440	901.5420285593794
283768	901.5420285593794
284092	901.5420285593794
284419	901.5420285593794
284750	901.5420285593794
285077	901.5420285593794
285404	901.5420285593794
285730	901.5420285593794
286734	901.177241912407
288112	900.8124379153483
289820	900.8124374300933
290151	900.8124374300933
290479	900.8124374300933
290806	900.8124374300933
291129	900.8124374300933
291454	900.8124374300933
291780	900.8124374300933
292104	900.8124374300933
292427	900.8124374300933
292749	900.8124374300933
293076	900.8124374300933
293401	900.8124374300933
293720	900.8124374300933
294044	900.8124374300933
294360	900.8124374300933
294678	900.8124374300933
294999	900.8124374300933
295321	900.8124374300933
295640	900.8124374300933
297014	900.5438532321873
298234	900.5438530158676
298556	900.5438530158676
298878	900.5438530158676
299195	900.5438530158676
299517	900.5438530158676
299835	900.5438530158676
300154	900.5438530158676
