1000	10530440.919196839
2188	2759530.826510862
3363	219396.72687510564
4535	57433.392639827136
5707	19140.893326656198
6876	11354.62716567484
8039	9998.045356513208
9200	8509.993993135184
10347	8357.09442111379
11489	8357.09442111379
12622	8357.09442111379
13753	8313.875164412586
14883	8224.36791556982
16018	8224.36791556982
17148	7434.711563776646
18277	7434.711563776646
19404	7434.711563776646
20529	7434.711563776646
21656	7434.711563776646
22783	7434.711563776646
23909	7434.711563776646
25035	7434.711563776646
26159	7434.711563776646
27286	7434.711563776646
28410	7434.711563776646
29536	7434.711563776646
30661	7434.711563776646
31787	7434.711563776646
32910	7434.711563776646
34036	7434.711563776646
35163	7434.711563776646
36287	7434.711563776646
37416	7434.711563776646
38542	7434.711563776646
39671	7434.711563776646
72586	5250.977916868558
107280	5221.862244124928
108407	5221.862244124928
109533	5221.862244124928
110659	5221.862244124928
111789	5221.862244124928
112923	5221.862244124928
114056	5221.862244124928
115191	5221.862244124928
116321	5221.862244124928
117452	5221.862244124928
118582	5221.862244124928
119713	5221.862244124928
120848	5221.862244124928
121980	5221.862244124928
123110	5221.862244124928
124238	5221.862244124928
125364	5221.862244124928
126492	5221.862244124928
127626	5221.862244124928
128755	5221.862244124928
129889	5221.862244124928
131025	5221.862244124928
132159	5221.862244124928
133291	5221.862244124928
134422	5221.862244124928
150601	5184.765772926587
181928	4738.346763919912
214955	4699.163219211037
216084	4699.163219211037
217213	4699.163219211037
218348	4699.163219211037
219478	4699.163219211037
220613	4699.163219211037
221744	4699.163219211037
222876	4699.163219211037
224007	4699.163219211037
225141	4699.163219211037
226270	4699.163219211037
227398	4699.163219211037
228530	4699.163219211037
229667	4699.163219211037
230799	4699.163219211037
231927	4699.163219211037
233053	4699.163219211037
234181	4699.163219211037
235311	4699.163219211037
236441	4699.163219211037
237578	4699.163219211037
238713	4699.163219211037
239848	4699.163219211037
240979	4699.163219211037
242108	4699.163219211037
243240	4699.163219211037
244370	4699.163219211037
245497	4699.163219211037
261775	4194.5303947636985
281528	4194.527885886369
282659	4194.527885886369
283785	4194.527885886369
284913	4194.527885886369
286038	4194.527885886369
287164	4194.527885886369
288299	4194.527885886369
289434	4194.527885886369
290566	4194.527885886369
291697	4194.527885886369
292825	4194.527885886369
293954	4194.527885886369
295086	4194.527885886369
296221	4194.527885886369
297354	4194.527885886369
298485	4194.527885886369
299616	4194.527885886369
300746	4194.527885886369
301874	4194.527885886369
318251	3947.633880684462
341178	3947.633119377625
342314	3947.633119377625
343445	3947.633119377625
344572	3947.633119377625
345701	3947.633119377625
346831	3947.633119377625
347957	3947.633119377625
349085	3947.633119377625
350217	3947.633119377625
351350	3947.633119377625
352479	3947.633119377625
353607	3947.633119377625
354733	3947.633119377625
355861	3947.633119377625
356996	3947.633119377625
358134	3947.633119377625
359269	3947.633119377625
360401	3947.633119377625
361532	3947.633119377625
377972	3947.633119377625
379108	3947.633119377625
380243	3947.633119377625
381372	3947.633119377625
382510	3947.633119377625
383643	3947.633119377625
384780	3947.633119377625
385912	3947.633119377625
387042	3947.633119377625
388172	3947.633119377625
389300	3947.633119377625
390432	3947.633119377625
391560	3947.633119377625
392689	3947.633119377625
393817	3947.633119377625
394943	3947.633119377625
396069	3947.633119377625
397199	3947.633119377625
398327	3947.633119377625
399460	3947.633119377625
420655	3947.633119377625
421785	3947.633119377625
422916	3947.633119377625
424053	3947.633119377625
425191	3947.633119377625
426322	3947.633119377625
427451	3947.633119377625
428584	3947.633119377625
429714	3947.633119377625
430850	3947.633119377625
431981	3947.633119377625
433110	3947.633119377625
434240	3947.633119377625
435374	3947.633119377625
436507	3947.633119377625
437632	3947.633119377625
438761	3947.633119377625
439888	3947.633119377625
441015	3947.633119377625
442146	3947.633119377625
458023	3755.162333898744
478242	3423.9622692478692
497870	3423.961085450847
499000	3423.961085450847
500129	3423.961085450847
501266	3423.961085450847
502398	3423.961085450847
503528	3423.961085450847
504661	3423.961085450847
505795	3423.961085450847
506929	3423.961085450847
508062	3423.961085450847
509195	3423.961085450847
510329	3423.961085450847
511468	3423.961085450847
512607	3423.961085450847
513746	3423.961085450847
514876	3423.961085450847
516011	3423.961085450847
517146	3423.961085450847
518282	3423.961085450847
519425	3423.961085450847
520558	3423.961085450847
521695	3423.961085450847
522840	3423.961085450847
523981	3423.961085450847
525115	3423.961085450847
526248	3423.961085450847
527383	3423.961085450847
528520	3423.961085450847
548150	3423.961085450847
549287	3423.961085450847
550427	3423.961085450847
551563	3423.961085450847
552699	3423.961085450847
553834	3423.961085450847
554972	3423.961085450847
556104	3423.961085450847
557241	3423.961085450847
558382	3423.961085450847
574567	3339.9196424914467
594859	3339.827516947991
595995	3339.827516947991
597129	3339.827516947991
598262	3339.827516947991
599390	3339.827516947991
600524	3339.827516947991
601657	3339.827516947991
602794	3339.827516947991
603928	3339.827516947991
605058	3339.827516947991
606187	3339.827516947991
607319	3339.827516947991
608455	3339.827516947991
609588	3339.827516947991
610725	3339.827516947991
611857	3339.827516947991
612991	3339.827516947991
614125	3339.827516947991
615255	3339.827516947991
631642	3304.1372466802336
667381	3294.4524133042096
668516	3294.4524133042096
669651	3294.4524133042096
670783	3294.4524133042096
671913	3294.4524133042096
673043	3294.4524133042096
674178	3294.4524133042096
675310	3294.4524133042096
676444	3294.4524133042096
677580	3294.4524133042096
678711	3294.4524133042096
679845	3294.4524133042096
680980	3294.4524133042096
682115	3294.4524133042096
683247	3294.4524133042096
684379	3294.4524133042096
685510	3294.4524133042096
686636	3294.4524133042096
687764	3294.4524133042096
703944	3252.264953890146
737335	3251.30674795275
738468	3251.30674795275
739595	3251.30674795275
740729	3251.30674795275
741859	3251.30674795275
742990	3251.30674795275
744120	3251.30674795275
745253	3251.30674795275
746386	3251.30674795275
747520	3251.30674795275
748654	3251.30674795275
749787	3251.30674795275
750920	3251.30674795275
752057	3251.30674795275
753198	3251.30674795275
754345	3251.30674795275
755482	3251.30674795275
756623	3251.30674795275
757757	3251.30674795275
775693	3251.30674795275
776832	3251.30674795275
777974	3251.30674795275
779113	3251.30674795275
780252	3251.30674795275
781390	3251.30674795275
782537	3251.30674795275
783674	3251.30674795275
784824	3251.30674795275
785967	3251.30674795275
787114	3251.30674795275
788253	3251.30674795275
789390	3251.30674795275
790533	3251.30674795275
791669	3251.30674795275
792809	3251.30674795275
793942	3251.30674795275
795080	3251.30674795275
796211	3251.30674795275
797347	3251.30674795275
813537	3240.951580531737
834988	3240.925195582946
836127	3240.925195582946
837270	3240.925195582946
838411	3240.925195582946
839553	3240.925195582946
840691	3240.925195582946
841823	3240.925195582946
842959	3240.925195582946
844096	3240.925195582946
845244	3240.925195582946
846388	3240.925195582946
847532	3240.925195582946
848674	3240.925195582946
849810	3240.925195582946
850944	3240.925195582946
852080	3240.925195582946
853218	3240.925195582946
854355	3240.925195582946
855486	3240.925195582946
873257	3240.925195582946
874393	3240.925195582946
875531	3240.925195582946
876666	3240.925195582946
877797	3240.925195582946
878931	3240.925195582946
880069	3240.925195582946
881206	3240.925195582946
882341	3240.925195582946
883480	3240.925195582946
884612	3240.925195582946
885743	3240.925195582946
886877	3240.925195582946
888011	3240.925195582946
889141	3240.925195582946
890277	3240.925195582946
891404	3240.925195582946
892531	3240.925195582946
893660	3240.925195582946
894793	3240.925195582946
911075	3239.715931903983
931883	3239.7118329502146
933011	3239.7118329502146
934140	3239.7118329502146
935267	3239.7118329502146
936392	3239.7118329502146
937520	3239.7118329502146
938650	3239.7118329502146
939780	3239.7118329502146
940911	3239.7118329502146
942045	3239.7118329502146
943178	3239.7118329502146
944319	3239.7118329502146
945460	3239.7118329502146
946593	3239.7118329502146
947726	3239.7118329502146
948859	3239.7118329502146
949986	3239.7118329502146
951116	3239.7118329502146
952253	3239.7118329502146
970028	3239.7118329502146
971169	3239.7118329502146
972306	3239.7118329502146
973438	3239.7118329502146
974575	3239.7118329502146
975710	3239.7118329502146
976846	3239.7118329502146
977978	3239.7118329502146
979117	3239.7118329502146
980257	3239.7118329502146
981395	3239.7118329502146
982531	3239.7118329502146
983674	3239.7118329502146
984819	3239.7118329502146
985956	3239.7118329502146
987109	3239.7118329502146
988255	3239.7118329502146
989397	3239.7118329502146
990542	3239.7118329502146
991693	3239.7118329502146
1006167	3238.8334532289555
