1000	18482714.971944094
2172	1826335.7387119166
3337	275319.69359849085
4501	104130.3065305408
5664	30395.035665206502
6821	12671.898873016544
7981	11608.521314160578
9138	9526.869586897006
10288	8529.160072463485
11435	8052.311167210002
12567	8052.311167210002
13703	7840.925725355894
14838	7840.925725355894
15973	7675.412644996824
17106	7675.412644996824
18232	7675.412644996824
19360	7675.412644996824
20488	7675.412644996824
21614	7633.367277750843
22740	7633.367277750843
23871	7352.288684563803
24996	7286.115258124103
26119	7286.115258124103
27246	7286.115258124103
28375	7175.867532110561
29502	7175.867532110561
30628	7175.867532110561
31752	7175.867532110561
32876	7175.867532110561
34000	6612.89331084458
35124	6612.89331084458
36251	6612.89331084458
37380	6612.89331084458
38509	6612.89331084458
39638	6612.89331084458
40769	6612.89331084458
41900	6612.89331084458
43026	6612.89331084458
44154	6612.89331084458
45279	6612.89331084458
46406	6612.89331084458
47532	6612.89331084458
48662	6612.89331084458
49793	6612.89331084458
50924	6612.89331084458
52057	6612.89331084458
78163	4172.042177677564
79295	4172.042177677564
80429	4172.042177677564
81560	4172.042177677564
82690	4172.042177677564
83818	4172.042177677564
84946	4172.042177677564
86078	4172.042177677564
87206	4172.042177677564
88335	4172.042177677564
89463	4172.042177677564
90590	4172.042177677564
91718	4172.042177677564
92848	4172.042177677564
93979	4172.042177677564
95110	4172.042177677564
96242	4172.042177677564
97372	4172.042177677564
98507	4172.042177677564
99637	4172.042177677564
100764	4172.042177677564
101893	4172.042177677564
103022	4172.042177677564
104156	4172.042177677564
105287	4172.042177677564
131187	3894.7202294247572
164980	3837.75893702957
201941	3819.4823133098785
203067	3819.4823133098785
204193	3819.4823133098785
205320	3819.4823133098785
206452	3819.4823133098785
207577	3819.4823133098785
208707	3819.4823133098785
209835	3819.4823133098785
210968	3819.4823133098785
212100	3819.4823133098785
213233	3819.4823133098785
214367	3819.4823133098785
215502	3819.4823133098785
216632	3819.4823133098785
217764	3819.4823133098785
218900	3819.4823133098785
220031	3819.4823133098785
221166	3819.4823133098785
222298	3819.4823133098785
223428	3819.4823133098785
224561	3819.4823133098785
225693	3819.4823133098785
226829	3819.4823133098785
227963	3819.4823133098785
229099	3819.4823133098785
230231	3819.4823133098785
231367	3819.4823133098785
232501	3819.4823133098785
252061	3819.4823133098785
253194	3819.4823133098785
254325	3819.4823133098785
255457	3819.4823133098785
256588	3819.4823133098785
257723	3819.4823133098785
258854	3819.4823133098785
259986	3819.4823133098785
261122	3819.4823133098785
262256	3819.4823133098785
287819	3752.374957193452
326952	3741.498048418179
328081	3741.498048418179
329211	3741.498048418179
330343	3741.498048418179
331477	3741.498048418179
332612	3741.498048418179
333753	3741.498048418179
334884	3741.498048418179
336016	3741.498048418179
337149	3741.498048418179
338283	3741.498048418179
339413	3741.498048418179
340545	3741.498048418179
341672	3741.498048418179
342808	3741.498048418179
343941	3741.498048418179
345073	3741.498048418179
346205	3741.498048418179
347338	3741.498048418179
363514	3717.8346341088277
399763	3698.0579771201083
400898	3698.0579771201083
402035	3698.0579771201083
403169	3698.0579771201083
404300	3698.0579771201083
405433	3698.0579771201083
406566	3698.0579771201083
407703	3698.0579771201083
408834	3698.0579771201083
409967	3698.0579771201083
411099	3698.0579771201083
412234	3698.0579771201083
413368	3698.0579771201083
414503	3698.0579771201083
415637	3698.0579771201083
416772	3698.0579771201083
417906	3698.0579771201083
419042	3698.0579771201083
420172	3698.0579771201083
436450	3688.9576185843434
470798	3669.8896399982295
471935	3669.8896399982295
473070	3669.8896399982295
474205	3669.8896399982295
475339	3669.8896399982295
476472	3669.8896399982295
477603	3669.8896399982295
478737	3669.8896399982295
479875	3669.8896399982295
481007	3669.8896399982295
482138	3669.8896399982295
483272	3669.8896399982295
484407	3669.8896399982295
485537	3669.8896399982295
486671	3669.8896399982295
487801	3669.8896399982295
488929	3669.8896399982295
490058	3669.8896399982295
491194	3669.8896399982295
509007	3669.8896399982295
510139	3669.8896399982295
511269	3669.8896399982295
512400	3669.8896399982295
513535	3669.8896399982295
514669	3669.8896399982295
515801	3669.8896399982295
516932	3669.8896399982295
518061	3669.8896399982295
519190	3669.8896399982295
520324	3669.8896399982295
521459	3669.8896399982295
522590	3669.8896399982295
523725	3669.8896399982295
524853	3669.8896399982295
525984	3669.8896399982295
527115	3669.8896399982295
528250	3669.8896399982295
529379	3669.8896399982295
530506	3669.8896399982295
546785	3642.212674716812
575391	3642.195550089259
576520	3642.195550089259
577649	3642.195550089259
578778	3642.195550089259
579913	3642.195550089259
581045	3642.195550089259
582178	3642.195550089259
583310	3642.195550089259
584443	3642.195550089259
585577	3642.195550089259
586706	3642.195550089259
587843	3642.195550089259
588978	3642.195550089259
590108	3642.195550089259
591243	3642.195550089259
592376	3642.195550089259
593508	3642.195550089259
594639	3642.195550089259
595772	3642.195550089259
610957	3642.195550089259
612095	3642.195550089259
613230	3642.195550089259
614363	3642.195550089259
615496	3642.195550089259
616627	3642.195550089259
617762	3642.195550089259
618898	3642.195550089259
620032	3642.195550089259
621164	3642.195550089259
622298	3642.195550089259
623433	3642.195550089259
624570	3642.195550089259
625706	3642.195550089259
626839	3642.195550089259
627974	3642.195550089259
629110	3642.195550089259
630247	3642.195550089259
631388	3642.195550089259
632518	3642.195550089259
654986	3642.195550089259
656119	3642.195550089259
657257	3642.195550089259
658400	3642.195550089259
659540	3642.195550089259
660681	3642.195550089259
661820	3642.195550089259
662955	3642.195550089259
664090	3642.195550089259
665230	3642.195550089259
666368	3642.195550089259
667507	3642.195550089259
668644	3642.195550089259
669781	3642.195550089259
670921	3642.195550089259
672056	3642.195550089259
673195	3642.195550089259
674332	3642.195550089259
675471	3642.195550089259
676613	3642.195550089259
693009	3641.6153195684956
715830	3641.6134770711274
716975	3641.6134770711274
718117	3641.6134770711274
719258	3641.6134770711274
720399	3641.6134770711274
721542	3641.6134770711274
722687	3641.6134770711274
723831	3641.6134770711274
724976	3641.6134770711274
726125	3641.6134770711274
727273	3641.6134770711274
728419	3641.6134770711274
729567	3641.6134770711274
730711	3641.6134770711274
731852	3641.6134770711274
732993	3641.6134770711274
734136	3641.6134770711274
735279	3641.6134770711274
736422	3641.6134770711274
754211	3641.6134770711274
755349	3641.6134770711274
756489	3641.6134770711274
757630	3641.6134770711274
758766	3641.6134770711274
759904	3641.6134770711274
761039	3641.6134770711274
762176	3641.6134770711274
763313	3641.6134770711274
764448	3641.6134770711274
765579	3641.6134770711274
766713	3641.6134770711274
767848	3641.6134770711274
768979	3641.6134770711274
770114	3641.6134770711274
771249	3641.6134770711274
772382	3641.6134770711274
773519	3641.6134770711274
774653	3641.6134770711274
775782	3641.6134770711274
791963	3641.568827536843
811345	3641.5686371755255
812477	3641.5686371755255
813609	3641.5686371755255
814744	3641.5686371755255
815869	3641.5686371755255
817000	3641.5686371755255
818129	3641.5686371755255
819258	3641.5686371755255
820390	3641.5686371755255
821519	3641.5686371755255
822648	3641.5686371755255
823778	3641.5686371755255
824908	3641.5686371755255
826038	3641.5686371755255
827170	3641.5686371755255
828300	3641.5686371755255
829433	3641.5686371755255
830561	3641.5686371755255
831692	3641.5686371755255
842619	3641.5277409866267
871696	3641.4763271246225
872826	3641.4763271246225
873957	3641.4763271246225
875087	3641.4763271246225
876223	3641.4763271246225
877358	3641.4763271246225
878496	3641.4763271246225
879631	3641.4763271246225
880764	3641.4763271246225
881902	3641.4763271246225
883037	3641.4763271246225
884171	3641.4763271246225
885306	3641.4763271246225
886441	3641.4763271246225
887575	3641.4763271246225
888709	3641.4763271246225
889845	3641.4763271246225
890985	3641.4763271246225
892124	3641.4763271246225
906870	3641.4763271246225
908006	3641.4763271246225
909144	3641.4763271246225
910283	3641.4763271246225
911417	3641.4763271246225
912554	3641.4763271246225
913693	3641.4763271246225
914836	3641.4763271246225
915974	3641.4763271246225
917112	3641.4763271246225
918250	3641.4763271246225
919389	3641.4763271246225
920529	3641.4763271246225
921666	3641.4763271246225
922802	3641.4763271246225
923935	3641.4763271246225
925074	3641.4763271246225
926213	3641.4763271246225
927345	3641.4763271246225
928479	3641.4763271246225
939210	3641.461115507775
957877	3641.4605279676894
959017	3641.4605279676894
960154	3641.4605279676894
961293	3641.4605279676894
962432	3641.4605279676894
963573	3641.4605279676894
964710	3641.4605279676894
965847	3641.4605279676894
966984	3641.4605279676894
968125	3641.4605279676894
969258	3641.4605279676894
970396	3641.4605279676894
971531	3641.4605279676894
972662	3641.4605279676894
973793	3641.4605279676894
974926	3641.4605279676894
976060	3641.4605279676894
977196	3641.4605279676894
978327	3641.4605279676894
996083	3641.4605279676894
997217	3641.4605279676894
998352	3641.4605279676894
999492	3641.4605279676894
1000626	3641.4605279676894
