1000	12227455.172281215
2177	2008578.5132498166
3349	266272.2184302303
4519	91036.08403896209
5687	23043.955168725814
6852	14001.072930155397
8017	11045.072554584522
9176	10234.235181652022
10327	8481.896943423886
11473	8481.896943423886
12612	8089.624574231757
13750	8089.624574231757
14880	8089.624574231757
16012	8089.624574231757
17148	8089.624574231757
18276	8089.624574231757
19411	7633.511025528239
20538	7633.511025528239
21663	7633.511025528239
22786	7345.822411879266
23913	7345.822411879266
25038	7345.822411879266
26164	7345.822411879266
27291	7345.822411879266
28415	7345.822411879266
29541	7345.822411879266
30665	7345.822411879266
31790	7345.822411879266
32914	7345.822411879266
34039	7345.822411879266
35166	7345.822411879266
36293	7345.822411879266
37423	7345.822411879266
38550	7345.822411879266
39678	7345.822411879266
40811	7345.822411879266
41939	7345.822411879266
43070	7345.822411879266
44201	7345.822411879266
45330	7345.822411879266
88442	4312.511474318933
89573	4312.511474318933
90706	4312.511474318933
91839	4312.511474318933
92968	4312.511474318933
94100	4312.511474318933
95230	4312.511474318933
96364	4312.511474318933
97496	4312.511474318933
98634	4312.511474318933
99768	4312.511474318933
100905	4312.511474318933
102035	4312.511474318933
103171	4312.511474318933
104301	4312.511474318933
105430	4312.511474318933
106558	4312.511474318933
107685	4312.511474318933
108814	4312.511474318933
109943	4312.511474318933
111073	4312.511474318933
128986	4312.511474318933
130121	4312.511474318933
131255	4312.511474318933
132387	4312.511474318933
133521	4312.511474318933
134653	4312.511474318933
135784	4312.511474318933
136913	4312.511474318933
138039	4312.511474318933
139168	4312.511474318933
140298	4312.511474318933
141425	4312.511474318933
142548	4312.511474318933
143672	4312.511474318933
144796	4312.511474318933
145925	4312.511474318933
147053	4312.511474318933
148181	4312.511474318933
149308	4312.511474318933
150435	4312.511474318933
169988	4312.511474318933
171117	4312.511474318933
172245	4312.511474318933
173380	4312.511474318933
174516	4312.511474318933
175653	4312.511474318933
176785	4312.511474318933
177921	4312.511474318933
179060	4312.511474318933
180191	4312.511474318933
181325	4312.511474318933
182457	4312.511474318933
183595	4312.511474318933
184730	4312.511474318933
185865	4312.511474318933
186996	4312.511474318933
188129	4312.511474318933
189267	4312.511474318933
190399	4312.511474318933
191533	4312.511474318933
211206	4312.511474318933
212336	4312.511474318933
213464	4312.511474318933
214591	4312.511474318933
215718	4312.511474318933
216848	4312.511474318933
217976	4312.511474318933
219103	4312.511474318933
220231	4312.511474318933
221359	4312.511474318933
222490	4312.511474318933
223619	4312.511474318933
224748	4312.511474318933
225875	4312.511474318933
227004	4312.511474318933
228135	4312.511474318933
229270	4312.511474318933
230407	4312.511474318933
231539	4312.511474318933
232671	4312.511474318933
248850	4156.721631124992
281841	4140.6015721729145
282972	4140.6015721729145
284104	4140.6015721729145
285241	4140.6015721729145
286371	4140.6015721729145
287505	4140.6015721729145
288635	4140.6015721729145
289766	4140.6015721729145
290894	4140.6015721729145
292024	4140.6015721729145
293152	4140.6015721729145
294279	4140.6015721729145
295409	4140.6015721729145
296535	4140.6015721729145
297660	4140.6015721729145
298786	4140.6015721729145
299917	4140.6015721729145
301045	4140.6015721729145
302176	4140.6015721729145
318355	4016.5765230857664
349682	3808.1298883771115
380915	3327.8849567657207
413879	3289.2469582837102
415013	3289.2469582837102
416152	3289.2469582837102
417288	3289.2469582837102
418422	3289.2469582837102
419555	3289.2469582837102
420691	3289.2469582837102
421827	3289.2469582837102
422962	3289.2469582837102
456030	3119.6332864527685
457166	3119.6332864527685
458311	3119.6332864527685
459455	3119.6332864527685
460598	3119.6332864527685
461743	3119.6332864527685
462885	3119.6332864527685
464033	3119.6332864527685
465182	3119.6332864527685
466334	3119.6332864527685
467493	3119.6332864527685
468660	3119.6332864527685
469823	3119.6332864527685
470976	3119.6332864527685
472124	3119.6332864527685
473273	3119.6332864527685
474425	3119.6332864527685
475568	3119.6332864527685
476720	3119.6332864527685
477866	3119.6332864527685
479007	3119.6332864527685
480156	3119.6332864527685
481299	3119.6332864527685
482441	3119.6332864527685
483583	3119.6332864527685
484724	3119.6332864527685
485866	3119.6332864527685
487003	3119.6332864527685
503395	3111.2699009673715
536277	3110.3670129360016
537411	3110.3670129360016
538543	3110.3670129360016
539679	3110.3670129360016
540814	3110.3670129360016
541944	3110.3670129360016
543082	3110.3670129360016
544215	3110.3670129360016
545350	3110.3670129360016
546491	3110.3670129360016
547622	3110.3670129360016
548750	3110.3670129360016
549878	3110.3670129360016
551013	3110.3670129360016
552146	3110.3670129360016
553275	3110.3670129360016
554405	3110.3670129360016
555533	3110.3670129360016
556664	3110.3670129360016
574537	3110.3670129360016
575669	3110.3670129360016
576804	3110.3670129360016
577938	3110.3670129360016
579070	3110.3670129360016
580205	3110.3670129360016
581340	3110.3670129360016
582476	3110.3670129360016
583612	3110.3670129360016
584746	3110.3670129360016
585879	3110.3670129360016
587014	3110.3670129360016
588152	3110.3670129360016
589286	3110.3670129360016
590420	3110.3670129360016
591551	3110.3670129360016
592685	3110.3670129360016
593818	3110.3670129360016
594952	3110.3670129360016
596093	3110.3670129360016
612379	3107.710334593511
642076	3107.4062207549305
643209	3107.4062207549305
644342	3107.4062207549305
645479	3107.4062207549305
646618	3107.4062207549305
647753	3107.4062207549305
648887	3107.4062207549305
650026	3107.4062207549305
651166	3107.4062207549305
652313	3107.4062207549305
653457	3107.4062207549305
654597	3107.4062207549305
655738	3107.4062207549305
656879	3107.4062207549305
658016	3107.4062207549305
659151	3107.4062207549305
660294	3107.4062207549305
661434	3107.4062207549305
662570	3107.4062207549305
674099	3107.4062207549305
675236	3107.4062207549305
676370	3107.4062207549305
677512	3107.4062207549305
678646	3107.4062207549305
679778	3107.4062207549305
680916	3107.4062207549305
682054	3107.4062207549305
683189	3107.4062207549305
684328	3107.4062207549305
685462	3107.4062207549305
686595	3107.4062207549305
687736	3107.4062207549305
688871	3107.4062207549305
690007	3107.4062207549305
691142	3107.4062207549305
692280	3107.4062207549305
693420	3107.4062207549305
694559	3107.4062207549305
695699	3107.4062207549305
708030	3107.4062207549305
709172	3107.4062207549305
710312	3107.4062207549305
711447	3107.4062207549305
712585	3107.4062207549305
713725	3107.4062207549305
714865	3107.4062207549305
716005	3107.4062207549305
717144	3107.4062207549305
718279	3107.4062207549305
719419	3107.4062207549305
720554	3107.4062207549305
721692	3107.4062207549305
722831	3107.4062207549305
723966	3107.4062207549305
725103	3107.4062207549305
726237	3107.4062207549305
727369	3107.4062207549305
728502	3107.4062207549305
729636	3107.4062207549305
744912	3106.9677096729292
760973	3106.9650132413
762109	3106.9650132413
763240	3106.9650132413
764373	3106.9650132413
765504	3106.9650132413
766633	3106.9650132413
767763	3106.9650132413
768893	3106.9650132413
770024	3106.9650132413
771155	3106.9650132413
772290	3106.9650132413
773418	3106.9650132413
774552	3106.9650132413
775685	3106.9650132413
776817	3106.9650132413
777952	3106.9650132413
779086	3106.9650132413
780222	3106.9650132413
781357	3106.9650132413
795220	3106.757414254238
817881	3106.7398674762735
819019	3106.7398674762735
820151	3106.7398674762735
821287	3106.7398674762735
822430	3106.7398674762735
823567	3106.7398674762735
824704	3106.7398674762735
825840	3106.7398674762735
826974	3106.7398674762735
828115	3106.7398674762735
829248	3106.7398674762735
830383	3106.7398674762735
831518	3106.7398674762735
832653	3106.7398674762735
833793	3106.7398674762735
834931	3106.7398674762735
836070	3106.7398674762735
837205	3106.7398674762735
838338	3106.7398674762735
849183	3106.7398674762735
850313	3106.7398674762735
851446	3106.7398674762735
852582	3106.7398674762735
853716	3106.7398674762735
854851	3106.7398674762735
855987	3106.7398674762735
857120	3106.7398674762735
858252	3106.7398674762735
859388	3106.7398674762735
860522	3106.7398674762735
861657	3106.7398674762735
862793	3106.7398674762735
863929	3106.7398674762735
865067	3106.7398674762735
866203	3106.7398674762735
867342	3106.7398674762735
868477	3106.7398674762735
869612	3106.7398674762735
870748	3106.7398674762735
888561	3106.7398674762735
889696	3106.7398674762735
890836	3106.7398674762735
891979	3106.7398674762735
893116	3106.7398674762735
894255	3106.7398674762735
895396	3106.7398674762735
896537	3106.7398674762735
897681	3106.7398674762735
898825	3106.7398674762735
899966	3106.7398674762735
901112	3106.7398674762735
902260	3106.7398674762735
903405	3106.7398674762735
904551	3106.7398674762735
905695	3106.7398674762735
906843	3106.7398674762735
907990	3106.7398674762735
909135	3106.7398674762735
910284	3106.7398674762735
922405	3106.7398674762735
923548	3106.7398674762735
924693	3106.7398674762735
925840	3106.7398674762735
926988	3106.7398674762735
928135	3106.7398674762735
929275	3106.7398674762735
930416	3106.7398674762735
931559	3106.7398674762735
932704	3106.7398674762735
933848	3106.7398674762735
934993	3106.7398674762735
936138	3106.7398674762735
937280	3106.7398674762735
938422	3106.7398674762735
939560	3106.7398674762735
940711	3106.7398674762735
941854	3106.7398674762735
942996	3106.7398674762735
944135	3106.7398674762735
959098	3106.7398674762735
960238	3106.7398674762735
961376	3106.7398674762735
962521	3106.7398674762735
963667	3106.7398674762735
964819	3106.7398674762735
965971	3106.7398674762735
967119	3106.7398674762735
968271	3106.7398674762735
969421	3106.7398674762735
970577	3106.7398674762735
971722	3106.7398674762735
972867	3106.7398674762735
974022	3106.7398674762735
975173	3106.7398674762735
976320	3106.7398674762735
977469	3106.7398674762735
978615	3106.7398674762735
979767	3106.7398674762735
980915	3106.7398674762735
985669	3106.7398674762735
986818	3106.7398674762735
987961	3106.7398674762735
989114	3106.7398674762735
990260	3106.7398674762735
991407	3106.7398674762735
992555	3106.7398674762735
993700	3106.7398674762735
994849	3106.7398674762735
995994	3106.7398674762735
1013804	3106.7398674762735
