1000	16189221.133726405
2170	4689978.6243673675
3333	461921.4732457156
4501	113914.15273211122
5660	25353.86046885075
6818	11527.55304580318
7974	10326.5631773666
9130	9395.711984843098
10280	9016.883427407236
11418	8569.720825170036
12557	7796.035558353332
13693	7796.035558353332
14829	7796.035558353332
15964	7277.454439641806
17095	7277.454439641806
18226	7277.454439641806
19359	7277.454439641806
20486	7277.454439641806
21613	7277.454439641806
22738	7277.454439641806
23866	7277.454439641806
24993	7277.454439641806
26117	7277.454439641806
27242	7277.454439641806
28365	7277.454439641806
29490	7277.454439641806
30616	7277.454439641806
31744	7277.454439641806
32868	7277.454439641806
33995	7254.494161576185
35119	7139.912018584595
36242	7139.912018584595
37367	7139.912018584595
38495	7139.912018584595
39627	7139.912018584595
40761	7139.912018584595
41893	7139.912018584595
43027	7139.912018584595
44159	7139.912018584595
45291	7139.912018584595
46424	7139.912018584595
47557	7139.912018584595
48690	7139.912018584595
83428	4110.351807577776
84557	4110.351807577776
85688	4110.351807577776
86815	4110.351807577776
87942	4110.351807577776
89075	4110.351807577776
90206	4110.351807577776
91336	4110.351807577776
92467	4110.351807577776
93597	4110.351807577776
94726	4110.351807577776
95855	4110.351807577776
96988	4110.351807577776
98116	4110.351807577776
99249	4110.351807577776
100381	4110.351807577776
101509	4110.351807577776
102640	4110.351807577776
103771	4110.351807577776
104901	4110.351807577776
106030	4110.351807577776
107157	4110.351807577776
108287	4110.351807577776
109416	4110.351807577776
110546	4110.351807577776
111677	4110.351807577776
112806	4110.351807577776
113936	4110.351807577776
130114	4010.783856709155
163147	3972.4698710626794
164275	3972.4698710626794
165405	3972.4698710626794
166533	3972.4698710626794
167661	3972.4698710626794
168790	3972.4698710626794
169921	3972.4698710626794
171051	3972.4698710626794
172179	3972.4698710626794
173309	3972.4698710626794
174440	3972.4698710626794
175573	3972.4698710626794
176708	3972.4698710626794
177841	3972.4698710626794
178972	3972.4698710626794
180101	3972.4698710626794
181233	3972.4698710626794
182365	3972.4698710626794
183496	3972.4698710626794
201516	3972.4698710626794
202652	3972.4698710626794
203787	3972.4698710626794
204924	3972.4698710626794
206064	3972.4698710626794
207200	3972.4698710626794
208337	3972.4698710626794
209475	3972.4698710626794
210613	3972.4698710626794
211746	3972.4698710626794
212881	3972.4698710626794
214016	3972.4698710626794
215152	3972.4698710626794
216290	3972.4698710626794
217423	3972.4698710626794
218557	3972.4698710626794
219696	3972.4698710626794
220833	3972.4698710626794
221969	3972.4698710626794
223110	3972.4698710626794
240989	3972.4698710626794
242128	3972.4698710626794
243267	3972.4698710626794
244401	3972.4698710626794
245536	3972.4698710626794
246671	3972.4698710626794
247808	3972.4698710626794
248945	3972.4698710626794
250080	3972.4698710626794
251212	3972.4698710626794
252346	3972.4698710626794
253476	3972.4698710626794
254607	3972.4698710626794
255737	3972.4698710626794
256867	3972.4698710626794
257996	3972.4698710626794
259129	3972.4698710626794
260260	3972.4698710626794
291491	3517.2503206238416
324544	3483.3386622402704
325676	3483.3386622402704
326811	3483.3386622402704
327945	3483.3386622402704
329080	3483.3386622402704
330216	3483.3386622402704
331356	3483.3386622402704
332495	3483.3386622402704
333634	3483.3386622402704
334778	3483.3386622402704
335918	3483.3386622402704
337061	3483.3386622402704
338202	3483.3386622402704
339342	3483.3386622402704
340481	3483.3386622402704
341622	3483.3386622402704
342759	3483.3386622402704
343900	3483.3386622402704
345038	3483.3386622402704
346175	3483.3386622402704
347313	3483.3386622402704
365116	3483.3386622402704
366256	3483.3386622402704
367394	3483.3386622402704
368530	3483.3386622402704
369667	3483.3386622402704
370805	3483.3386622402704
371944	3483.3386622402704
373085	3483.3386622402704
374228	3483.3386622402704
405365	3352.6020292670933
433581	3348.288256700279
434718	3348.288256700279
435856	3348.288256700279
436994	3348.288256700279
438134	3348.288256700279
439272	3348.288256700279
440410	3348.288256700279
441548	3348.288256700279
442687	3348.288256700279
443820	3348.288256700279
444959	3348.288256700279
446091	3348.288256700279
447226	3348.288256700279
448359	3348.288256700279
449491	3348.288256700279
450620	3348.288256700279
451752	3348.288256700279
452882	3348.288256700279
454008	3348.288256700279
455136	3348.288256700279
473074	3348.288256700279
474208	3348.288256700279
475339	3348.288256700279
476475	3348.288256700279
477608	3348.288256700279
478742	3348.288256700279
479874	3348.288256700279
481002	3348.288256700279
482131	3348.288256700279
483264	3348.288256700279
484397	3348.288256700279
485531	3348.288256700279
486669	3348.288256700279
487804	3348.288256700279
488936	3348.288256700279
490069	3348.288256700279
491202	3348.288256700279
492334	3348.288256700279
493467	3348.288256700279
494599	3348.288256700279
512460	3348.288256700279
513595	3348.288256700279
514728	3348.288256700279
515856	3348.288256700279
516989	3348.288256700279
518121	3348.288256700279
519253	3348.288256700279
520386	3348.288256700279
521516	3348.288256700279
522650	3348.288256700279
523784	3348.288256700279
524915	3348.288256700279
526047	3348.288256700279
527180	3348.288256700279
528314	3348.288256700279
529443	3348.288256700279
530572	3348.288256700279
531704	3348.288256700279
532836	3348.288256700279
533966	3348.288256700279
547296	3348.288256700279
548427	3348.288256700279
549557	3348.288256700279
550683	3348.288256700279
551811	3348.288256700279
552941	3348.288256700279
554077	3348.288256700279
555204	3348.288256700279
556332	3348.288256700279
557469	3348.288256700279
558604	3348.288256700279
559738	3348.288256700279
560868	3348.288256700279
561997	3348.288256700279
563128	3348.288256700279
564257	3348.288256700279
565389	3348.288256700279
566521	3348.288256700279
567656	3348.288256700279
568788	3348.288256700279
586689	3348.288256700279
587822	3348.288256700279
588955	3348.288256700279
590091	3348.288256700279
591228	3348.288256700279
592362	3348.288256700279
593494	3348.288256700279
594628	3348.288256700279
595764	3348.288256700279
596896	3348.288256700279
598031	3348.288256700279
599164	3348.288256700279
600300	3348.288256700279
601432	3348.288256700279
602569	3348.288256700279
603706	3348.288256700279
604840	3348.288256700279
605975	3348.288256700279
607108	3348.288256700279
608243	3348.288256700279
626142	3348.288256700279
627274	3348.288256700279
628407	3348.288256700279
629544	3348.288256700279
630676	3348.288256700279
631810	3348.288256700279
632945	3348.288256700279
634080	3348.288256700279
635213	3348.288256700279
636347	3348.288256700279
654194	3348.288256700279
655331	3348.288256700279
656470	3348.288256700279
657604	3348.288256700279
658735	3348.288256700279
659869	3348.288256700279
661000	3348.288256700279
662136	3348.288256700279
663272	3348.288256700279
664406	3348.288256700279
665538	3348.288256700279
666671	3348.288256700279
667806	3348.288256700279
668939	3348.288256700279
670069	3348.288256700279
671201	3348.288256700279
672332	3348.288256700279
673465	3348.288256700279
674599	3348.288256700279
675731	3348.288256700279
693594	3348.288256700279
694735	3348.288256700279
695868	3348.288256700279
696999	3348.288256700279
698133	3348.288256700279
699264	3348.288256700279
700396	3348.288256700279
701529	3348.288256700279
702658	3348.288256700279
703786	3348.288256700279
704916	3348.288256700279
706049	3348.288256700279
707182	3348.288256700279
708310	3348.288256700279
709440	3348.288256700279
710571	3348.288256700279
711702	3348.288256700279
712831	3348.288256700279
713968	3348.288256700279
715104	3348.288256700279
729837	3348.288256700279
730972	3348.288256700279
732106	3348.288256700279
733243	3348.288256700279
734380	3348.288256700279
735513	3348.288256700279
736648	3348.288256700279
737787	3348.288256700279
738921	3348.288256700279
740063	3348.288256700279
741202	3348.288256700279
742341	3348.288256700279
743481	3348.288256700279
744623	3348.288256700279
745762	3348.288256700279
746900	3348.288256700279
748045	3348.288256700279
749183	3348.288256700279
750323	3348.288256700279
751456	3348.288256700279
767699	3348.288256700279
768836	3348.288256700279
769971	3348.288256700279
771109	3348.288256700279
772241	3348.288256700279
773376	3348.288256700279
774509	3348.288256700279
775645	3348.288256700279
776780	3348.288256700279
777916	3348.288256700279
779051	3348.288256700279
780184	3348.288256700279
781319	3348.288256700279
782456	3348.288256700279
783589	3348.288256700279
784725	3348.288256700279
785859	3348.288256700279
786992	3348.288256700279
788126	3348.288256700279
789262	3348.288256700279
807225	3348.288256700279
808357	3348.288256700279
809495	3348.288256700279
810626	3348.288256700279
811755	3348.288256700279
812884	3348.288256700279
814017	3348.288256700279
815149	3348.288256700279
816279	3348.288256700279
817411	3348.288256700279
829390	3348.288256700279
830518	3348.288256700279
831648	3348.288256700279
832778	3348.288256700279
833908	3348.288256700279
835036	3348.288256700279
836168	3348.288256700279
837298	3348.288256700279
838430	3348.288256700279
839560	3348.288256700279
840691	3348.288256700279
841823	3348.288256700279
842956	3348.288256700279
844088	3348.288256700279
845216	3348.288256700279
846346	3348.288256700279
847479	3348.288256700279
848612	3348.288256700279
849744	3348.288256700279
850880	3348.288256700279
865126	3348.288256700279
866255	3348.288256700279
867389	3348.288256700279
868517	3348.288256700279
869644	3348.288256700279
870773	3348.288256700279
871900	3348.288256700279
873031	3348.288256700279
874161	3348.288256700279
875291	3348.288256700279
876420	3348.288256700279
877547	3348.288256700279
878675	3348.288256700279
879807	3348.288256700279
880937	3348.288256700279
882071	3348.288256700279
883200	3348.288256700279
884328	3348.288256700279
885462	3348.288256700279
886595	3348.288256700279
903472	3348.288256700279
904609	3348.288256700279
905746	3348.288256700279
906881	3348.288256700279
908016	3348.288256700279
909146	3348.288256700279
910279	3348.288256700279
911411	3348.288256700279
912545	3348.288256700279
913677	3348.288256700279
914809	3348.288256700279
915946	3348.288256700279
917084	3348.288256700279
918219	3348.288256700279
919355	3348.288256700279
920488	3348.288256700279
921625	3348.288256700279
922761	3348.288256700279
923897	3348.288256700279
925030	3348.288256700279
931964	3348.288256700279
933102	3348.288256700279
934239	3348.288256700279
935378	3348.288256700279
936513	3348.288256700279
937650	3348.288256700279
938784	3348.288256700279
939924	3348.288256700279
941060	3348.288256700279
942196	3348.288256700279
943335	3348.288256700279
944474	3348.288256700279
945609	3348.288256700279
946752	3348.288256700279
947890	3348.288256700279
949026	3348.288256700279
950165	3348.288256700279
951303	3348.288256700279
952446	3348.288256700279
953584	3348.288256700279
967600	3348.288256700279
968743	3348.288256700279
969880	3348.288256700279
971021	3348.288256700279
972160	3348.288256700279
973299	3348.288256700279
974440	3348.288256700279
975578	3348.288256700279
976717	3348.288256700279
977862	3348.288256700279
992670	3348.288256700279
993812	3348.288256700279
994950	3348.288256700279
996094	3348.288256700279
997243	3348.288256700279
998384	3348.288256700279
999523	3348.288256700279
1000661	3348.288256700279
