300	14650318.870995117
9973	71790.30864675684
13300	71364.22140127237
17663	70464.14275785629
26560	68953.10276720027
31440	67783.3927456797
56569	64696.905220942645
86884	61978.59120612241
117193	59129.404945655944
147503	41078.09655133362
172477	38437.272411242135
202788	33729.36347913543
215166	33233.62048006132
245479	29533.41199049321
248279	29497.59328105738
252599	29398.844810801573
264496	28976.49411425786
273399	28695.94550969751
278745	28619.413159224892
282052	28586.30389283147
290938	28426.210558727726
295770	28328.62233337205
299566	28281.316442522388
309996	27927.20213841448
