300	18292861.791694254
633	2306338.522251698
963	819753.0117527642
1284	402514.6351797729
1603	402514.6351797729
1920	139046.1137411938
2234	131642.22594169102
2548	62730.59845604504
2863	62730.59845604504
3177	62730.59845604504
3490	62730.59845604504
3797	62730.59845604504
4110	62730.59845604504
4422	62730.59845604504
4735	56045.574495035864
5051	56045.574495035864
5366	56045.574495035864
5674	56045.574495035864
5983	56045.574495035864
6296	42638.904782725986
6604	42638.904782725986
6914	42638.904782725986
7225	42638.904782725986
7532	42638.904782725986
7840	42638.904782725986
8149	42638.904782725986
8456	42638.904782725986
8765	42638.904782725986
9073	42638.904782725986
9380	42638.904782725986
9688	42638.904782725986
9996	42638.904782725986
10307	42638.904782725986
10616	42638.904782725986
10923	42638.904782725986
11230	42638.904782725986
11539	42638.904782725986
11855	42638.904782725986
12166	42638.904782725986
12478	42638.904782725986
33477	14841.497073564984
69469	1623.5323826065392
81358	1623.5322862646249
81672	1623.5322862646249
81985	1623.5322862646249
82294	1623.5322862646249
82608	1623.5322862646249
82916	1623.5322862646249
83225	1623.5322862646249
83535	1623.5322862646249
83845	1623.5322862646249
84152	1623.5322862646249
84463	1623.5322862646249
84773	1623.5322862646249
85081	1623.5322862646249
85391	1623.5322862646249
85701	1623.5322862646249
86010	1623.5322862646249
86316	1623.5322862646249
86622	1623.5322862646249
86931	1623.5322862646249
102242	1595.496078269086
131478	1571.1820443772158
131787	1571.1820443772158
132097	1571.1820443772158
132409	1571.1820443772158
132720	1571.1820443772158
133029	1571.1820443772158
133338	1571.1820443772158
133651	1571.1820443772158
133959	1571.1820443772158
134266	1571.1820443772158
134574	1571.1820443772158
134882	1571.1820443772158
135192	1571.1820443772158
135505	1571.1820443772158
135816	1571.1820443772158
136128	1571.1820443772158
136444	1571.1820443772158
136756	1571.1820443772158
137072	1571.1820443772158
149170	1571.1820443772158
149483	1571.1820443772158
149801	1571.1820443772158
150118	1571.1820443772158
150430	1571.1820443772158
150741	1571.1820443772158
151056	1571.1820443772158
151371	1571.1820443772158
151683	1571.1820443772158
151994	1571.1820443772158
152305	1571.1820443772158
152617	1571.1820443772158
152926	1571.1820443772158
153237	1571.1820443772158
153551	1571.1820443772158
153867	1571.1820443772158
154178	1571.1820443772158
154493	1571.1820443772158
154808	1571.1820443772158
155122	1571.1820443772158
176305	1522.5356450036704
183527	1493.1972397259751
202993	1491.064673548845
203303	1491.064673548845
203614	1491.064673548845
203925	1491.064673548845
204238	1491.064673548845
204552	1491.064673548845
204864	1491.064673548845
205173	1491.064673548845
205482	1491.064673548845
205793	1491.064673548845
206101	1491.064673548845
206413	1491.064673548845
206726	1491.064673548845
207034	1491.064673548845
207343	1491.064673548845
207652	1491.064673548845
207964	1491.064673548845
208277	1491.064673548845
208587	1491.064673548845
208899	1491.064673548845
209215	1491.064673548845
209535	1491.064673548845
209850	1491.064673548845
210161	1491.064673548845
210474	1491.064673548845
210789	1491.064673548845
211103	1491.064673548845
211419	1491.064673548845
225312	1489.0500292692245
241062	1478.5279213497356
262011	1478.0305500478414
262321	1478.0305500478414
262627	1478.0305500478414
262937	1478.0305500478414
263244	1478.0305500478414
263555	1478.0305500478414
263866	1478.0305500478414
264175	1478.0305500478414
264481	1478.0305500478414
264790	1478.0305500478414
265096	1478.0305500478414
265403	1478.0305500478414
265713	1478.0305500478414
266023	1478.0305500478414
266334	1478.0305500478414
266643	1478.0305500478414
266957	1478.0305500478414
267273	1478.0305500478414
267581	1478.0305500478414
267893	1478.0305500478414
268208	1478.0305500478414
268529	1478.0305500478414
268852	1478.0305500478414
269170	1478.0305500478414
269485	1478.0305500478414
269798	1478.0305500478414
270107	1478.0305500478414
270420	1478.0305500478414
285769	1458.9876171289977
298083	1458.9682700448554
298398	1458.9682700448554
298708	1458.9682700448554
299019	1458.9682700448554
299330	1458.9682700448554
299643	1458.9682700448554
299952	1458.9682700448554
300260	1458.9682700448554
