500	15606.265957632098
1066	15387.99684904026
1624	15387.99684904026
2180	15387.99684904026
2737	15387.99684904026
3295	15387.99684904026
3848	15387.99684904026
4402	15387.99684904026
4955	15387.99684904026
5508	15387.99684904026
6065	15387.99684904026
6620	15387.99684904026
7174	15387.99684904026
7729	15387.99684904026
8284	14622.401526867316
8837	14622.401526867316
9389	14622.401526867316
9941	14622.401526867316
10494	14622.401526867316
11048	14622.401526867316
11601	14622.401526867316
12156	14622.401526867316
12715	14622.401526867316
13270	14622.401526867316
13828	14622.401526867316
14384	14622.401526867316
14940	14622.401526867316
15496	14622.401526867316
16052	14622.401526867316
16609	14622.401526867316
17166	14622.401526867316
17720	14622.401526867316
18275	14622.401526867316
18830	14622.401526867316
19386	14622.401526867316
26277	8574.879869958113
26832	8574.879869958113
27384	8574.879869958113
27936	8574.879869958113
28489	8574.879869958113
29043	8574.879869958113
29597	8574.879869958113
30152	8574.879869958113
30708	8574.879869958113
31264	8574.879869958113
31822	8574.879869958113
32378	8574.879869958113
32932	8574.879869958113
33488	8574.879869958113
34043	8574.879869958113
34600	8574.879869958113
35158	8574.879869958113
35716	8574.879869958113
36272	8574.879869958113
36828	8574.879869958113
37382	8574.879869958113
37937	8574.879869958113
38493	8574.879869958113
39050	8574.879869958113
39604	8574.879869958113
40160	8574.879869958113
46982	8574.879869958113
47537	8574.879869958113
48090	8574.879869958113
48644	8574.879869958113
49196	8574.879869958113
49754	8574.879869958113
50311	8574.879869958113
50867	8574.879869958113
51421	8574.879869958113
51973	8574.879869958113
52528	8574.879869958113
53085	8574.879869958113
53642	8574.879869958113
54197	8574.879869958113
54753	8574.879869958113
55307	8574.879869958113
55861	8574.879869958113
56415	8574.879869958113
56968	8574.879869958113
57523	8574.879869958113
63233	8574.879869958113
63789	8574.879869958113
64345	8574.879869958113
64900	8574.879869958113
65455	8574.879869958113
66009	8574.879869958113
66565	8574.879869958113
67123	8574.879869958113
67678	8574.879869958113
68233	8574.879869958113
75578	8574.879869958113
76130	8574.879869958113
76687	8574.879869958113
77246	8574.879869958113
77804	8574.879869958113
78362	8574.879869958113
78920	8574.879869958113
79475	8574.879869958113
80029	8574.879869958113
80586	8574.879869958113
81142	8574.879869958113
81696	8574.879869958113
82250	8574.879869958113
82806	8574.879869958113
83360	8574.879869958113
83915	8574.879869958113
84469	8574.879869958113
85023	8574.879869958113
85579	8574.879869958113
86133	8574.879869958113
90492	8574.879869958113
91049	8574.879869958113
91603	8574.879869958113
92157	8574.879869958113
92711	8574.879869958113
93267	8574.879869958113
93823	8574.879869958113
94381	8574.879869958113
94939	8574.879869958113
95496	8574.879869958113
96053	8574.879869958113
96610	8574.879869958113
97168	8574.879869958113
97722	8574.879869958113
98281	8574.879869958113
98837	8574.879869958113
99393	8574.879869958113
99948	8574.879869958113
100504	8574.879869958113
101061	8574.879869958113
105951	8574.879869958113
106508	8574.879869958113
107062	8574.879869958113
107618	8574.879869958113
108174	8574.879869958113
108727	8574.879869958113
109281	8574.879869958113
109837	8574.879869958113
110390	8574.879869958113
110945	8574.879869958113
111501	8574.879869958113
112054	8574.879869958113
112607	8574.879869958113
113161	8574.879869958113
113717	8574.879869958113
114272	8574.879869958113
114826	8574.879869958113
115383	8574.879869958113
115939	8574.879869958113
116497	8574.879869958113
124196	8574.879869958113
124750	8574.879869958113
125306	8574.879869958113
125859	8574.879869958113
126415	8574.879869958113
126972	8574.879869958113
127528	8574.879869958113
128085	8574.879869958113
128638	8574.879869958113
129191	8574.879869958113
129748	8574.879869958113
130304	8574.879869958113
130859	8574.879869958113
131414	8574.879869958113
131970	8574.879869958113
132525	8574.879869958113
133082	8574.879869958113
133636	8574.879869958113
134190	8574.879869958113
134745	8574.879869958113
140144	8115.523844978055
150554	8115.523844978055
151108	8115.523844978055
151660	8115.523844978055
152213	8115.523844978055
152768	8115.523844978055
153321	8115.523844978055
153874	8115.523844978055
154430	8115.523844978055
154985	8115.523844978055
155540	8115.523844978055
156095	8115.523844978055
156650	8115.523844978055
157206	8115.523844978055
157762	8115.523844978055
158319	8115.523844978055
158875	8115.523844978055
159433	8115.523844978055
159989	8115.523844978055
160545	8115.523844978055
172237	8115.523844978055
172791	8115.523844978055
173346	8115.523844978055
173900	8115.523844978055
174453	8115.523844978055
175008	8115.523844978055
175564	8115.523844978055
176119	8115.523844978055
176671	8115.523844978055
177224	8115.523844978055
177780	8115.523844978055
178334	8115.523844978055
178887	8115.523844978055
179441	8115.523844978055
179995	8115.523844978055
180549	8115.523844978055
181107	8115.523844978055
181662	8115.523844978055
182216	8115.523844978055
182772	8115.523844978055
188300	8115.523844978055
188857	8115.523844978055
189413	8115.523844978055
189970	8115.523844978055
190527	8115.523844978055
191083	8115.523844978055
191637	8115.523844978055
192195	8115.523844978055
192754	8115.523844978055
193309	8115.523844978055
193866	8115.523844978055
194423	8115.523844978055
194979	8115.523844978055
195533	8115.523844978055
196088	8115.523844978055
196642	8115.523844978055
197196	8115.523844978055
197750	8115.523844978055
198305	8115.523844978055
198859	8115.523844978055
207494	8115.523844978055
208050	8115.523844978055
208605	8115.523844978055
209158	8115.523844978055
209710	8115.523844978055
210264	8115.523844978055
210822	8115.523844978055
211376	8115.523844978055
211931	8115.523844978055
212487	8115.523844978055
213042	8115.523844978055
213599	8115.523844978055
214154	8115.523844978055
214712	8115.523844978055
215272	8115.523844978055
215828	8115.523844978055
216385	8115.523844978055
216941	8115.523844978055
217496	8115.523844978055
218053	8115.523844978055
224091	8115.523844978055
224645	8115.523844978055
225199	8115.523844978055
225754	8115.523844978055
226307	8115.523844978055
226861	8115.523844978055
227415	8115.523844978055
227969	8115.523844978055
228523	8115.523844978055
229078	8115.523844978055
235464	8115.523844978055
236020	8115.523844978055
236575	8115.523844978055
237131	8115.523844978055
237687	8115.523844978055
238246	8115.523844978055
238800	8115.523844978055
239352	8115.523844978055
239907	8115.523844978055
240463	8115.523844978055
241019	8115.523844978055
241573	8115.523844978055
242132	8115.523844978055
242691	8115.523844978055
243248	8115.523844978055
243804	8115.523844978055
244359	8115.523844978055
244914	8115.523844978055
245470	8115.523844978055
246025	8115.523844978055
254012	8115.523844978055
254567	8115.523844978055
255122	8115.523844978055
255675	8115.523844978055
256232	8115.523844978055
256786	8115.523844978055
257339	8115.523844978055
257891	8115.523844978055
258443	8115.523844978055
258996	8115.523844978055
259549	8115.523844978055
260104	8115.523844978055
260658	8115.523844978055
261212	8115.523844978055
261769	8115.523844978055
262325	8115.523844978055
262882	8115.523844978055
263436	8115.523844978055
263992	8115.523844978055
264548	8115.523844978055
268840	8115.523844978055
269392	8115.523844978055
269944	8115.523844978055
270498	8115.523844978055
271054	8115.523844978055
271612	8115.523844978055
272170	8115.523844978055
272728	8115.523844978055
273287	8115.523844978055
273844	8115.523844978055
274401	8115.523844978055
274957	8115.523844978055
275513	8115.523844978055
276068	8115.523844978055
276623	8115.523844978055
277177	8115.523844978055
277731	8115.523844978055
278285	8115.523844978055
278840	8115.523844978055
279393	8115.523844978055
285481	8115.523844978055
286041	8115.523844978055
286596	8115.523844978055
287149	8115.523844978055
287703	8115.523844978055
288258	8115.523844978055
288812	8115.523844978055
289366	8115.523844978055
289919	8115.523844978055
290473	8115.523844978055
291030	8115.523844978055
291587	8115.523844978055
292142	8115.523844978055
292701	8115.523844978055
293254	8115.523844978055
293810	8115.523844978055
294365	8115.523844978055
294918	8115.523844978055
295472	8115.523844978055
296025	8115.523844978055
299814	8115.523844978055
300367	8115.523844978055
300921	8115.523844978055
301478	8115.523844978055
302033	8115.523844978055
302589	8115.523844978055
303144	8115.523844978055
303700	8115.523844978055
304256	8115.523844978055
304810	8115.523844978055
313958	8115.523844978055
314512	8115.523844978055
315070	8115.523844978055
315625	8115.523844978055
316180	8115.523844978055
316736	8115.523844978055
317294	8115.523844978055
317851	8115.523844978055
318407	8115.523844978055
318963	8115.523844978055
319518	8115.523844978055
320075	8115.523844978055
320631	8115.523844978055
321188	8115.523844978055
321744	8115.523844978055
322304	8115.523844978055
322857	8115.523844978055
323411	8115.523844978055
323967	8115.523844978055
324524	8115.523844978055
330429	8115.523844978055
330983	8115.523844978055
331538	8115.523844978055
332090	8115.523844978055
332645	8115.523844978055
333201	8115.523844978055
333757	8115.523844978055
334310	8115.523844978055
334867	8115.523844978055
335424	8115.523844978055
335977	8115.523844978055
336530	8115.523844978055
337084	8115.523844978055
337640	8115.523844978055
338196	8115.523844978055
338751	8115.523844978055
339310	8115.523844978055
339869	8115.523844978055
340424	8115.523844978055
340978	8115.523844978055
348248	8115.523844978055
348802	8115.523844978055
349357	8115.523844978055
349910	8115.523844978055
350466	8115.523844978055
351021	8115.523844978055
351576	8115.523844978055
352132	8115.523844978055
352688	8115.523844978055
353245	8115.523844978055
353805	8115.523844978055
354365	8115.523844978055
354921	8115.523844978055
355476	8115.523844978055
356029	8115.523844978055
356588	8115.523844978055
357144	8115.523844978055
357702	8115.523844978055
358257	8115.523844978055
358816	8115.523844978055
364738	8115.523844978055
365291	8115.523844978055
365844	8115.523844978055
366402	8115.523844978055
366958	8115.523844978055
367513	8115.523844978055
368069	8115.523844978055
368623	8115.523844978055
369175	8115.523844978055
369727	8115.523844978055
370281	8115.523844978055
370834	8115.523844978055
371386	8115.523844978055
371941	8115.523844978055
372495	8115.523844978055
373049	8115.523844978055
373606	8115.523844978055
374161	8115.523844978055
374721	8115.523844978055
375277	8115.523844978055
386008	8115.523844978055
386566	8115.523844978055
387121	8115.523844978055
387676	8115.523844978055
388232	8115.523844978055
388788	8115.523844978055
389346	8115.523844978055
389899	8115.523844978055
390455	8115.523844978055
391010	8115.523844978055
400225	8115.523844978055
400780	8115.523844978055
401334	8115.523844978055
401886	8115.523844978055
402438	8115.523844978055
402992	8115.523844978055
403546	8115.523844978055
404100	8115.523844978055
404652	8115.523844978055
405208	8115.523844978055
405760	8115.523844978055
406314	8115.523844978055
406870	8115.523844978055
407427	8115.523844978055
407984	8115.523844978055
408539	8115.523844978055
409097	8115.523844978055
409654	8115.523844978055
410208	8115.523844978055
410764	8115.523844978055
416134	8115.523844978055
416691	8115.523844978055
417249	8115.523844978055
417808	8115.523844978055
418363	8115.523844978055
418917	8115.523844978055
419471	8115.523844978055
420026	8115.523844978055
420579	8115.523844978055
421133	8115.523844978055
421690	8115.523844978055
422246	8115.523844978055
422803	8115.523844978055
423361	8115.523844978055
423915	8115.523844978055
424470	8115.523844978055
425025	8115.523844978055
425577	8115.523844978055
426133	8115.523844978055
426688	8115.523844978055
433511	8115.523844978055
434068	8115.523844978055
434624	8115.523844978055
435179	8115.523844978055
435737	8115.523844978055
436293	8115.523844978055
436848	8115.523844978055
437404	8115.523844978055
437958	8115.523844978055
438512	8115.523844978055
439065	8115.523844978055
439621	8115.523844978055
440177	8115.523844978055
440736	8115.523844978055
441291	8115.523844978055
441847	8115.523844978055
442404	8115.523844978055
442959	8115.523844978055
443516	8115.523844978055
444069	8115.523844978055
447172	8115.523844978055
447728	8115.523844978055
448283	8115.523844978055
448839	8115.523844978055
449393	8115.523844978055
449947	8115.523844978055
450505	8115.523844978055
451058	8115.523844978055
451612	8115.523844978055
452167	8115.523844978055
452725	8115.523844978055
453279	8115.523844978055
453835	8115.523844978055
454390	8115.523844978055
454944	8115.523844978055
455500	8115.523844978055
456053	8115.523844978055
456606	8115.523844978055
457161	8115.523844978055
457716	8115.523844978055
459493	7443.265915292857
471441	7443.265913726216
471996	7443.265913726216
472552	7443.265913726216
473107	7443.265913726216
473663	7443.265913726216
474220	7443.265913726216
474778	7443.265913726216
475339	7443.265913726216
475896	7443.265913726216
476450	7443.265913726216
477006	7443.265913726216
477561	7443.265913726216
478118	7443.265913726216
478673	7443.265913726216
479228	7443.265913726216
479785	7443.265913726216
480340	7443.265913726216
480895	7443.265913726216
481451	7443.265913726216
489056	7443.265913726216
489610	7443.265913726216
490165	7443.265913726216
490719	7443.265913726216
491274	7443.265913726216
491829	7443.265913726216
492382	7443.265913726216
492937	7443.265913726216
493493	7443.265913726216
494048	7443.265913726216
494604	7443.265913726216
495160	7443.265913726216
495717	7443.265913726216
496272	7443.265913726216
496825	7443.265913726216
497381	7443.265913726216
497935	7443.265913726216
498491	7443.265913726216
499046	7443.265913726216
499602	7443.265913726216
505612	7443.265913726216
