500	16790.860188064875
1069	16271.824303690486
1627	16271.824303690486
2187	16271.824303690486
2741	16214.5802733222
3295	16214.5802733222
3848	16214.5802733222
4401	16214.5802733222
4956	16214.5802733222
5512	16214.5802733222
6070	16214.5802733222
6626	16214.5802733222
7179	16214.5802733222
7734	16214.5802733222
8288	16214.5802733222
8841	16214.5802733222
9393	16214.5802733222
9945	16214.5802733222
10500	15139.47432650943
11057	15139.47432650943
11611	15139.47432650943
12167	15139.47432650943
12723	15139.47432650943
13279	15139.47432650943
13834	15139.47432650943
14388	15139.47432650943
14944	15139.47432650943
15498	15139.47432650943
16052	15139.47432650943
16607	15139.47432650943
17161	15139.47432650943
17716	15139.47432650943
18269	15139.47432650943
18825	15139.47432650943
19381	15139.47432650943
19934	15139.47432650943
20489	15139.47432650943
21043	15139.47432650943
21597	15139.47432650943
26286	8866.563325298643
36178	7863.355473551732
36734	7863.355473551732
37289	7863.355473551732
37846	7863.355473551732
38402	7863.355473551732
38959	7863.355473551732
39515	7863.355473551732
40071	7863.355473551732
40626	7863.355473551732
41181	7863.355473551732
41736	7863.355473551732
42290	7863.355473551732
42843	7863.355473551732
43397	7863.355473551732
43950	7863.355473551732
44505	7863.355473551732
45060	7863.355473551732
45618	7863.355473551732
46173	7863.355473551732
46732	7863.355473551732
47286	7863.355473551732
50380	7863.355473551732
50935	7863.355473551732
51488	7863.355473551732
52041	7863.355473551732
52597	7863.355473551732
53154	7863.355473551732
53714	7863.355473551732
54270	7863.355473551732
54828	7863.355473551732
55384	7863.355473551732
55938	7863.355473551732
56494	7863.355473551732
57049	7863.355473551732
57603	7863.355473551732
58157	7863.355473551732
58711	7863.355473551732
59268	7863.355473551732
59823	7863.355473551732
60378	7863.355473551732
60933	7863.355473551732
70161	6873.235707783109
75975	6214.514256083219
76531	6214.514256083219
77084	6214.514256083219
77638	6214.514256083219
78193	6214.514256083219
78749	6214.514256083219
79303	6214.514256083219
79859	6214.514256083219
80415	6214.514256083219
80970	6214.514256083219
81523	6214.514256083219
82077	6214.514256083219
82631	6214.514256083219
83185	6214.514256083219
83743	6214.514256083219
84298	6214.514256083219
84854	6214.514256083219
85412	6214.514256083219
85967	6214.514256083219
90270	6214.514256083219
90826	6214.514256083219
91383	6214.514256083219
91937	6214.514256083219
92491	6214.514256083219
93046	6214.514256083219
93603	6214.514256083219
94159	6214.514256083219
94712	6214.514256083219
95270	6214.514256083219
95829	6214.514256083219
96385	6214.514256083219
96939	6214.514256083219
97493	6214.514256083219
98047	6214.514256083219
98604	6214.514256083219
99161	6214.514256083219
99717	6214.514256083219
100274	6214.514256083219
100829	6214.514256083219
105431	6214.514256083219
105986	6214.514256083219
106540	6214.514256083219
107095	6214.514256083219
107647	6214.514256083219
108202	6214.514256083219
108756	6214.514256083219
109312	6214.514256083219
109867	6214.514256083219
110421	6214.514256083219
110976	6214.514256083219
111531	6214.514256083219
112088	6214.514256083219
112642	6214.514256083219
113197	6214.514256083219
113753	6214.514256083219
114306	6214.514256083219
114862	6214.514256083219
115415	6214.514256083219
115973	6214.514256083219
125236	6214.514256083219
125793	6214.514256083219
126351	6214.514256083219
126908	6214.514256083219
127465	6214.514256083219
128019	6214.514256083219
128572	6214.514256083219
129126	6214.514256083219
129682	6214.514256083219
130237	6214.514256083219
130796	6214.514256083219
131349	6214.514256083219
131904	6214.514256083219
132459	6214.514256083219
133015	6214.514256083219
133571	6214.514256083219
134128	6214.514256083219
134683	6214.514256083219
135238	6214.514256083219
135792	6214.514256083219
140604	6214.514256083219
141160	6214.514256083219
141714	6214.514256083219
142273	6214.514256083219
142828	6214.514256083219
143384	6214.514256083219
143939	6214.514256083219
144491	6214.514256083219
145045	6214.514256083219
145599	6214.514256083219
146154	6214.514256083219
146713	6214.514256083219
147269	6214.514256083219
147824	6214.514256083219
148379	6214.514256083219
148935	6214.514256083219
149489	6214.514256083219
150045	6214.514256083219
150601	6214.514256083219
151157	6214.514256083219
161912	6214.514256083219
162469	6214.514256083219
163023	6214.514256083219
163577	6214.514256083219
164133	6214.514256083219
164687	6214.514256083219
165239	6214.514256083219
165792	6214.514256083219
166345	6214.514256083219
166902	6214.514256083219
171686	6214.514256083219
172243	6214.514256083219
172799	6214.514256083219
173354	6214.514256083219
173908	6214.514256083219
174461	6214.514256083219
175019	6214.514256083219
175574	6214.514256083219
176127	6214.514256083219
176683	6214.514256083219
177240	6214.514256083219
177795	6214.514256083219
178350	6214.514256083219
178905	6214.514256083219
179460	6214.514256083219
180015	6214.514256083219
180569	6214.514256083219
181125	6214.514256083219
181680	6214.514256083219
182237	6214.514256083219
188356	6214.514256083219
188911	6214.514256083219
189468	6214.514256083219
190021	6214.514256083219
190575	6214.514256083219
191130	6214.514256083219
191683	6214.514256083219
192238	6214.514256083219
192796	6214.514256083219
193352	6214.514256083219
193907	6214.514256083219
194460	6214.514256083219
195013	6214.514256083219
195569	6214.514256083219
196125	6214.514256083219
196680	6214.514256083219
197234	6214.514256083219
197788	6214.514256083219
198343	6214.514256083219
198897	6214.514256083219
206763	6214.514256083219
207318	6214.514256083219
207874	6214.514256083219
208427	6214.514256083219
208983	6214.514256083219
209537	6214.514256083219
210093	6214.514256083219
210648	6214.514256083219
211203	6214.514256083219
211757	6214.514256083219
212311	6214.514256083219
212868	6214.514256083219
213426	6214.514256083219
213981	6214.514256083219
214538	6214.514256083219
215094	6214.514256083219
215648	6214.514256083219
216202	6214.514256083219
216755	6214.514256083219
217311	6214.514256083219
223998	6214.514256083219
224553	6214.514256083219
225109	6214.514256083219
225664	6214.514256083219
226218	6214.514256083219
226776	6214.514256083219
227332	6214.514256083219
227890	6214.514256083219
228446	6214.514256083219
229001	6214.514256083219
229557	6214.514256083219
230110	6214.514256083219
230664	6214.514256083219
231221	6214.514256083219
231775	6214.514256083219
232334	6214.514256083219
232891	6214.514256083219
233447	6214.514256083219
234001	6214.514256083219
234557	6214.514256083219
246269	6214.514256083219
246824	6214.514256083219
247378	6214.514256083219
247932	6214.514256083219
248486	6214.514256083219
249041	6214.514256083219
249598	6214.514256083219
250153	6214.514256083219
250709	6214.514256083219
251267	6214.514256083219
266571	6214.514256083219
267125	6214.514256083219
267681	6214.514256083219
268238	6214.514256083219
268792	6214.514256083219
269345	6214.514256083219
269901	6214.514256083219
270459	6214.514256083219
271018	6214.514256083219
271571	6214.514256083219
272126	6214.514256083219
272681	6214.514256083219
273236	6214.514256083219
273792	6214.514256083219
274352	6214.514256083219
274906	6214.514256083219
275463	6214.514256083219
276025	6214.514256083219
276582	6214.514256083219
277138	6214.514256083219
286999	6214.514256083219
287556	6214.514256083219
288109	6214.514256083219
288662	6214.514256083219
289218	6214.514256083219
289771	6214.514256083219
290323	6214.514256083219
290875	6214.514256083219
291428	6214.514256083219
291984	6214.514256083219
292540	6214.514256083219
293094	6214.514256083219
293647	6214.514256083219
294203	6214.514256083219
294758	6214.514256083219
295314	6214.514256083219
295872	6214.514256083219
296429	6214.514256083219
296988	6214.514256083219
297546	6214.514256083219
307550	6214.514256083219
308109	6214.514256083219
308668	6214.514256083219
309227	6214.514256083219
309783	6214.514256083219
310339	6214.514256083219
310894	6214.514256083219
311447	6214.514256083219
312002	6214.514256083219
312557	6214.514256083219
313111	6214.514256083219
313666	6214.514256083219
314222	6214.514256083219
314777	6214.514256083219
315332	6214.514256083219
315886	6214.514256083219
316441	6214.514256083219
316996	6214.514256083219
317551	6214.514256083219
318110	6214.514256083219
333065	6214.514256083219
333619	6214.514256083219
334177	6214.514256083219
334730	6214.514256083219
335286	6214.514256083219
335840	6214.514256083219
336397	6214.514256083219
336951	6214.514256083219
337506	6214.514256083219
338065	6214.514256083219
338623	6214.514256083219
339179	6214.514256083219
339735	6214.514256083219
340289	6214.514256083219
340844	6214.514256083219
341398	6214.514256083219
341952	6214.514256083219
342505	6214.514256083219
343061	6214.514256083219
343615	6214.514256083219
352327	6214.514256083219
352883	6214.514256083219
353438	6214.514256083219
353992	6214.514256083219
354546	6214.514256083219
355102	6214.514256083219
355658	6214.514256083219
356217	6214.514256083219
356774	6214.514256083219
357329	6214.514256083219
361546	6214.514256083219
362102	6214.514256083219
362657	6214.514256083219
363217	6214.514256083219
363772	6214.514256083219
364325	6214.514256083219
364881	6214.514256083219
365436	6214.514256083219
365989	6214.514256083219
366546	6214.514256083219
367104	6214.514256083219
367657	6214.514256083219
368211	6214.514256083219
368765	6214.514256083219
369320	6214.514256083219
369873	6214.514256083219
370428	6214.514256083219
370983	6214.514256083219
371539	6214.514256083219
372095	6214.514256083219
377157	6214.514256083219
377714	6214.514256083219
378268	6214.514256083219
378823	6214.514256083219
379383	6214.514256083219
379941	6214.514256083219
380497	6214.514256083219
381053	6214.514256083219
381608	6214.514256083219
382163	6214.514256083219
382717	6214.514256083219
383270	6214.514256083219
383824	6214.514256083219
384378	6214.514256083219
384932	6214.514256083219
385488	6214.514256083219
386041	6214.514256083219
386596	6214.514256083219
387149	6214.514256083219
387704	6214.514256083219
400158	6214.514256083219
400712	6214.514256083219
401270	6214.514256083219
401824	6214.514256083219
402377	6214.514256083219
402930	6214.514256083219
403486	6214.514256083219
404042	6214.514256083219
404595	6214.514256083219
405151	6214.514256083219
405706	6214.514256083219
406260	6214.514256083219
406815	6214.514256083219
407368	6214.514256083219
407924	6214.514256083219
408477	6214.514256083219
409033	6214.514256083219
409589	6214.514256083219
410145	6214.514256083219
410701	6214.514256083219
420326	6214.514256083219
420884	6214.514256083219
421440	6214.514256083219
421997	6214.514256083219
422551	6214.514256083219
423109	6214.514256083219
423664	6214.514256083219
424217	6214.514256083219
424772	6214.514256083219
425326	6214.514256083219
425879	6214.514256083219
426433	6214.514256083219
426988	6214.514256083219
427541	6214.514256083219
428096	6214.514256083219
428651	6214.514256083219
429206	6214.514256083219
429761	6214.514256083219
430316	6214.514256083219
430871	6214.514256083219
439289	6214.514256083219
439846	6214.514256083219
440401	6214.514256083219
440955	6214.514256083219
441512	6214.514256083219
442067	6214.514256083219
442624	6214.514256083219
443181	6214.514256083219
443738	6214.514256083219
444292	6214.514256083219
451536	6214.514256083219
452091	6214.514256083219
452646	6214.514256083219
453202	6214.514256083219
453759	6214.514256083219
454315	6214.514256083219
454869	6214.514256083219
455424	6214.514256083219
455978	6214.514256083219
456530	6214.514256083219
457082	6214.514256083219
457637	6214.514256083219
458190	6214.514256083219
458747	6214.514256083219
459303	6214.514256083219
459859	6214.514256083219
460413	6214.514256083219
460969	6214.514256083219
461524	6214.514256083219
462081	6214.514256083219
470388	6214.514256083219
470946	6214.514256083219
471500	6214.514256083219
472054	6214.514256083219
472608	6214.514256083219
473162	6214.514256083219
473719	6214.514256083219
474275	6214.514256083219
474830	6214.514256083219
475384	6214.514256083219
475936	6214.514256083219
476489	6214.514256083219
477043	6214.514256083219
477597	6214.514256083219
478155	6214.514256083219
478712	6214.514256083219
479270	6214.514256083219
479824	6214.514256083219
480380	6214.514256083219
480938	6214.514256083219
488752	6214.514256083219
489308	6214.514256083219
489864	6214.514256083219
490420	6214.514256083219
490977	6214.514256083219
491535	6214.514256083219
492088	6214.514256083219
492644	6214.514256083219
493202	6214.514256083219
493760	6214.514256083219
494316	6214.514256083219
494870	6214.514256083219
495424	6214.514256083219
495979	6214.514256083219
496533	6214.514256083219
497090	6214.514256083219
497645	6214.514256083219
498202	6214.514256083219
498756	6214.514256083219
499313	6214.514256083219
502463	6214.514256083219
