500	16265.156954145485
1067	16265.156954145485
1628	16265.156954145485
2185	16265.156954145485
2740	16197.270870415476
3295	16197.270870415476
3849	16197.270870415476
4404	16197.270870415476
4959	16197.270870415476
5512	16197.270870415476
6066	16197.270870415476
6620	16197.270870415476
7178	16197.270870415476
7732	16197.270870415476
8289	15518.553986667459
8845	15518.553986667459
9399	15518.553986667459
9952	15518.553986667459
10506	15518.553986667459
11059	15518.553986667459
11613	15518.553986667459
12166	15518.553986667459
12719	15518.553986667459
13275	15518.553986667459
13828	15518.553986667459
14383	15518.553986667459
14936	15518.553986667459
15490	15518.553986667459
16045	15518.553986667459
16601	15518.553986667459
17156	15518.553986667459
17709	15518.553986667459
18263	15518.553986667459
18820	15518.553986667459
19378	15421.296514814265
19933	15421.296514814265
20492	15421.296514814265
21049	15421.296514814265
21604	15421.296514814265
22161	15421.296514814265
22718	15421.296514814265
23274	15421.296514814265
23829	15421.296514814265
24384	15421.296514814265
24938	15421.296514814265
25493	15421.296514814265
26049	15421.296514814265
26603	15421.296514814265
27157	15421.296514814265
27713	15421.296514814265
28268	15421.296514814265
28823	15421.296514814265
29377	15421.296514814265
29932	15421.296514814265
30484	15421.296514814265
36789	10629.338787857672
46794	6840.342761708955
47346	6840.342761708955
47902	6840.342761708955
48457	6840.342761708955
49012	6840.342761708955
49568	6840.342761708955
50125	6840.342761708955
50679	6840.342761708955
51233	6840.342761708955
51788	6840.342761708955
52342	6840.342761708955
52897	6840.342761708955
53454	6840.342761708955
54009	6840.342761708955
54564	6840.342761708955
55121	6840.342761708955
55674	6840.342761708955
56228	6840.342761708955
56785	6840.342761708955
57342	6840.342761708955
57901	6840.342761708955
58459	6840.342761708955
59016	6840.342761708955
59572	6840.342761708955
60130	6840.342761708955
72778	6840.342761708955
73331	6840.342761708955
73887	6840.342761708955
74442	6840.342761708955
74996	6840.342761708955
75552	6840.342761708955
76110	6840.342761708955
76665	6840.342761708955
77220	6840.342761708955
77775	6840.342761708955
78331	6840.342761708955
78888	6840.342761708955
79443	6840.342761708955
79997	6840.342761708955
80551	6840.342761708955
81109	6840.342761708955
81666	6840.342761708955
82222	6840.342761708955
82778	6840.342761708955
83334	6840.342761708955
90402	6086.580960482266
97056	6086.561437042532
97611	6086.561437042532
98166	6086.561437042532
98720	6086.561437042532
99272	6086.561437042532
99827	6086.561437042532
100381	6086.561437042532
100936	6086.561437042532
101490	6086.561437042532
102045	6086.561437042532
102601	6086.561437042532
103157	6086.561437042532
103712	6086.561437042532
104266	6086.561437042532
104822	6086.561437042532
105375	6086.561437042532
105931	6086.561437042532
106486	6086.561437042532
107044	6086.561437042532
112204	6086.561437042532
112761	6086.561437042532
113319	6086.561437042532
113877	6086.561437042532
114432	6086.561437042532
114988	6086.561437042532
115545	6086.561437042532
116099	6086.561437042532
116655	6086.561437042532
117213	6086.561437042532
117769	6086.561437042532
118322	6086.561437042532
118876	6086.561437042532
119429	6086.561437042532
119984	6086.561437042532
120538	6086.561437042532
121092	6086.561437042532
121646	6086.561437042532
122200	6086.561437042532
122755	6086.561437042532
127532	6086.561437042532
128087	6086.561437042532
128643	6086.561437042532
129198	6086.561437042532
129754	6086.561437042532
130310	6086.561437042532
130863	6086.561437042532
131419	6086.561437042532
131977	6086.561437042532
132533	6086.561437042532
133092	6086.561437042532
133649	6086.561437042532
134206	6086.561437042532
134762	6086.561437042532
135318	6086.561437042532
135874	6086.561437042532
136429	6086.561437042532
136982	6086.561437042532
137536	6086.561437042532
138090	6086.561437042532
149669	6086.561437042532
150225	6086.561437042532
150779	6086.561437042532
151336	6086.561437042532
151892	6086.561437042532
152446	6086.561437042532
153001	6086.561437042532
153555	6086.561437042532
154109	6086.561437042532
154664	6086.561437042532
155221	6086.561437042532
155776	6086.561437042532
156329	6086.561437042532
156886	6086.561437042532
157440	6086.561437042532
157997	6086.561437042532
158553	6086.561437042532
159109	6086.561437042532
159666	6086.561437042532
160222	6086.561437042532
167431	6086.561437042532
167986	6086.561437042532
168542	6086.561437042532
169095	6086.561437042532
169649	6086.561437042532
170205	6086.561437042532
170761	6086.561437042532
171318	6086.561437042532
171874	6086.561437042532
172428	6086.561437042532
172983	6086.561437042532
173538	6086.561437042532
174092	6086.561437042532
174646	6086.561437042532
175202	6086.561437042532
175759	6086.561437042532
176314	6086.561437042532
176872	6086.561437042532
177425	6086.561437042532
177981	6086.561437042532
185647	6086.561437042532
186206	6086.561437042532
186761	6086.561437042532
187322	6086.561437042532
187880	6086.561437042532
188437	6086.561437042532
188995	6086.561437042532
189554	6086.561437042532
190107	6086.561437042532
190661	6086.561437042532
199439	6086.561437042532
199994	6086.561437042532
200550	6086.561437042532
201105	6086.561437042532
201662	6086.561437042532
202217	6086.561437042532
202770	6086.561437042532
203323	6086.561437042532
203877	6086.561437042532
204431	6086.561437042532
204984	6086.561437042532
205538	6086.561437042532
206093	6086.561437042532
206649	6086.561437042532
207206	6086.561437042532
207762	6086.561437042532
208316	6086.561437042532
208872	6086.561437042532
209427	6086.561437042532
209982	6086.561437042532
215329	6086.561437042532
215883	6086.561437042532
216442	6086.561437042532
216998	6086.561437042532
217554	6086.561437042532
218109	6086.561437042532
218665	6086.561437042532
219222	6086.561437042532
219776	6086.561437042532
220332	6086.561437042532
220889	6086.561437042532
221444	6086.561437042532
222001	6086.561437042532
222554	6086.561437042532
223110	6086.561437042532
223665	6086.561437042532
224219	6086.561437042532
224775	6086.561437042532
225332	6086.561437042532
225886	6086.561437042532
230940	6086.561437042532
231497	6086.561437042532
232053	6086.561437042532
232607	6086.561437042532
233163	6086.561437042532
233717	6086.561437042532
234271	6086.561437042532
234825	6086.561437042532
235377	6086.561437042532
235931	6086.561437042532
236485	6086.561437042532
237040	6086.561437042532
237595	6086.561437042532
238150	6086.561437042532
238703	6086.561437042532
239257	6086.561437042532
239813	6086.561437042532
240368	6086.561437042532
240923	6086.561437042532
241477	6086.561437042532
245321	6086.561437042532
245875	6086.561437042532
246429	6086.561437042532
246984	6086.561437042532
247541	6086.561437042532
248096	6086.561437042532
248653	6086.561437042532
249209	6086.561437042532
249766	6086.561437042532
250323	6086.561437042532
250877	6086.561437042532
251433	6086.561437042532
251989	6086.561437042532
252544	6086.561437042532
253100	6086.561437042532
253656	6086.561437042532
254213	6086.561437042532
254768	6086.561437042532
255322	6086.561437042532
255876	6086.561437042532
259980	6086.561437042532
260535	6086.561437042532
261092	6086.561437042532
261649	6086.561437042532
262203	6086.561437042532
262758	6086.561437042532
263314	6086.561437042532
263868	6086.561437042532
264422	6086.561437042532
264976	6086.561437042532
270378	6086.561437042532
270934	6086.561437042532
271489	6086.561437042532
272043	6086.561437042532
272599	6086.561437042532
273155	6086.561437042532
273712	6086.561437042532
274267	6086.561437042532
274823	6086.561437042532
275382	6086.561437042532
275938	6086.561437042532
276494	6086.561437042532
277050	6086.561437042532
277604	6086.561437042532
278160	6086.561437042532
278714	6086.561437042532
279267	6086.561437042532
279821	6086.561437042532
280376	6086.561437042532
280929	6086.561437042532
286484	6086.561437042532
287038	6086.561437042532
287592	6086.561437042532
288147	6086.561437042532
288703	6086.561437042532
289257	6086.561437042532
289812	6086.561437042532
290370	6086.561437042532
290927	6086.561437042532
291482	6086.561437042532
292037	6086.561437042532
292592	6086.561437042532
293145	6086.561437042532
293699	6086.561437042532
294253	6086.561437042532
294810	6086.561437042532
295366	6086.561437042532
295919	6086.561437042532
296475	6086.561437042532
297031	6086.561437042532
309528	6086.561437042532
310083	6086.561437042532
310637	6086.561437042532
311190	6086.561437042532
311745	6086.561437042532
312302	6086.561437042532
312858	6086.561437042532
313413	6086.561437042532
313971	6086.561437042532
314528	6086.561437042532
315084	6086.561437042532
315640	6086.561437042532
316197	6086.561437042532
316752	6086.561437042532
317306	6086.561437042532
317861	6086.561437042532
318415	6086.561437042532
318973	6086.561437042532
319527	6086.561437042532
320085	6086.561437042532
326633	6086.561437042532
327190	6086.561437042532
327748	6086.561437042532
328303	6086.561437042532
328859	6086.561437042532
329415	6086.561437042532
329973	6086.561437042532
330529	6086.561437042532
331085	6086.561437042532
331639	6086.561437042532
332195	6086.561437042532
332749	6086.561437042532
333303	6086.561437042532
333859	6086.561437042532
334414	6086.561437042532
334968	6086.561437042532
335520	6086.561437042532
336074	6086.561437042532
336629	6086.561437042532
337182	6086.561437042532
347386	6086.561437042532
347940	6086.561437042532
348495	6086.561437042532
349050	6086.561437042532
349603	6086.561437042532
350160	6086.561437042532
350718	6086.561437042532
351274	6086.561437042532
351830	6086.561437042532
352385	6086.561437042532
356331	6086.561437042532
356886	6086.561437042532
357441	6086.561437042532
357995	6086.561437042532
358551	6086.561437042532
359108	6086.561437042532
359664	6086.561437042532
360217	6086.561437042532
360771	6086.561437042532
361326	6086.561437042532
361884	6086.561437042532
362443	6086.561437042532
363001	6086.561437042532
363558	6086.561437042532
364115	6086.561437042532
364670	6086.561437042532
365226	6086.561437042532
365781	6086.561437042532
366335	6086.561437042532
366889	6086.561437042532
376895	6086.561437042532
377451	6086.561437042532
378007	6086.561437042532
378564	6086.561437042532
379119	6086.561437042532
379673	6086.561437042532
380228	6086.561437042532
380782	6086.561437042532
381337	6086.561437042532
381891	6086.561437042532
382445	6086.561437042532
383000	6086.561437042532
383556	6086.561437042532
384112	6086.561437042532
384671	6086.561437042532
385227	6086.561437042532
385784	6086.561437042532
386338	6086.561437042532
386895	6086.561437042532
387449	6086.561437042532
392943	6086.561437042532
393498	6086.561437042532
394051	6086.561437042532
394604	6086.561437042532
395162	6086.561437042532
395717	6086.561437042532
396272	6086.561437042532
396828	6086.561437042532
397385	6086.561437042532
397942	6086.561437042532
398499	6086.561437042532
399055	6086.561437042532
399611	6086.561437042532
400167	6086.561437042532
400723	6086.561437042532
401278	6086.561437042532
401833	6086.561437042532
402388	6086.561437042532
402944	6086.561437042532
403500	6086.561437042532
410052	6086.561437042532
410609	6086.561437042532
411164	6086.561437042532
411717	6086.561437042532
412270	6086.561437042532
412824	6086.561437042532
413378	6086.561437042532
413934	6086.561437042532
414493	6086.561437042532
415050	6086.561437042532
415609	6086.561437042532
416164	6086.561437042532
416719	6086.561437042532
417271	6086.561437042532
417824	6086.561437042532
418380	6086.561437042532
418935	6086.561437042532
419490	6086.561437042532
420046	6086.561437042532
420602	6086.561437042532
427893	6086.561437042532
428446	6086.561437042532
429003	6086.561437042532
429561	6086.561437042532
430116	6086.561437042532
430669	6086.561437042532
431222	6086.561437042532
431776	6086.561437042532
432332	6086.561437042532
432885	6086.561437042532
438550	6086.561437042532
439110	6086.561437042532
439667	6086.561437042532
440223	6086.561437042532
440778	6086.561437042532
441332	6086.561437042532
441889	6086.561437042532
442445	6086.561437042532
443001	6086.561437042532
443556	6086.561437042532
444112	6086.561437042532
444666	6086.561437042532
445221	6086.561437042532
445775	6086.561437042532
446332	6086.561437042532
446890	6086.561437042532
447443	6086.561437042532
447996	6086.561437042532
448552	6086.561437042532
449109	6086.561437042532
457475	6086.561437042532
458031	6086.561437042532
458589	6086.561437042532
459148	6086.561437042532
459703	6086.561437042532
460258	6086.561437042532
460812	6086.561437042532
461367	6086.561437042532
461923	6086.561437042532
462478	6086.561437042532
463031	6086.561437042532
463586	6086.561437042532
464143	6086.561437042532
464698	6086.561437042532
465252	6086.561437042532
465808	6086.561437042532
466362	6086.561437042532
466915	6086.561437042532
467472	6086.561437042532
468026	6086.561437042532
473596	6086.561437042532
474151	6086.561437042532
474708	6086.561437042532
475268	6086.561437042532
475826	6086.561437042532
476385	6086.561437042532
476938	6086.561437042532
477495	6086.561437042532
478054	6086.561437042532
478610	6086.561437042532
479163	6086.561437042532
479719	6086.561437042532
480273	6086.561437042532
480827	6086.561437042532
481381	6086.561437042532
481935	6086.561437042532
482492	6086.561437042532
483048	6086.561437042532
483605	6086.561437042532
484161	6086.561437042532
490389	6086.561437042532
490943	6086.561437042532
491501	6086.561437042532
492055	6086.561437042532
492610	6086.561437042532
493164	6086.561437042532
493719	6086.561437042532
494274	6086.561437042532
494826	6086.561437042532
495379	6086.561437042532
495932	6086.561437042532
496485	6086.561437042532
497038	6086.561437042532
497594	6086.561437042532
498149	6086.561437042532
498703	6086.561437042532
499259	6086.561437042532
499814	6086.561437042532
500369	6086.561437042532
