500	17359.778086776532
1066	16767.28598403538
1627	16747.677522273032
2190	16747.677522273032
2751	16566.562805531787
3307	16329.796235363243
3866	16272.837055161302
4421	16272.837055161302
4975	16272.837055161302
5530	15251.36169064951
6083	15251.36169064951
6637	15251.36169064951
7193	15251.36169064951
7747	15251.36169064951
8300	15251.36169064951
8853	15251.36169064951
9408	15251.36169064951
9964	15251.36169064951
10517	15251.36169064951
11071	15251.36169064951
11627	15251.36169064951
12179	15251.36169064951
12734	15251.36169064951
13288	14468.158148923114
13843	14468.158148923114
14401	14468.158148923114
14960	14468.158148923114
15513	14468.158148923114
16068	14468.158148923114
16621	14468.158148923114
17174	14468.158148923114
17727	14468.158148923114
18282	14468.158148923114
18836	14468.158148923114
19392	14468.158148923114
19950	14468.158148923114
20503	14468.158148923114
21057	14468.158148923114
21611	14468.158148923114
22164	14468.158148923114
22721	14468.158148923114
23280	14468.158148923114
23837	14468.158148923114
24395	14468.158148923114
31793	7905.647641064674
42423	7891.972871338228
52194	7607.043459308232
52749	7607.043459308232
53303	7607.043459308232
53858	7607.043459308232
54412	7607.043459308232
54965	7607.043459308232
55519	7607.043459308232
56072	7607.043459308232
56627	7607.043459308232
57185	7607.043459308232
57742	7607.043459308232
58298	7607.043459308232
58853	7607.043459308232
59410	7607.043459308232
59965	7607.043459308232
60522	7607.043459308232
61079	7607.043459308232
61637	7607.043459308232
62192	7607.043459308232
62748	7607.043459308232
63304	7607.043459308232
63857	7607.043459308232
64413	7607.043459308232
64967	7607.043459308232
65522	7607.043459308232
73434	7607.043459308232
73992	7607.043459308232
74548	7607.043459308232
75103	7607.043459308232
75657	7607.043459308232
76214	7607.043459308232
76774	7607.043459308232
77329	7607.043459308232
77887	7607.043459308232
78444	7607.043459308232
79002	7607.043459308232
79558	7607.043459308232
80114	7607.043459308232
80670	7607.043459308232
81226	7607.043459308232
81781	7607.043459308232
82335	7607.043459308232
82890	7607.043459308232
83444	7607.043459308232
83999	7607.043459308232
87406	7607.043459308232
87962	7607.043459308232
88515	7607.043459308232
89069	7607.043459308232
89624	7607.043459308232
90177	7607.043459308232
90731	7607.043459308232
91286	7607.043459308232
91843	7607.043459308232
92400	7607.043459308232
102161	7607.043459308232
102714	7607.043459308232
103271	7607.043459308232
103825	7607.043459308232
104382	7607.043459308232
104936	7607.043459308232
105491	7607.043459308232
106047	7607.043459308232
106601	7607.043459308232
107160	7607.043459308232
107716	7607.043459308232
108270	7607.043459308232
108824	7607.043459308232
109382	7607.043459308232
109936	7607.043459308232
110492	7607.043459308232
111049	7607.043459308232
111602	7607.043459308232
112158	7607.043459308232
112714	7607.043459308232
115907	7607.043459308232
116466	7607.043459308232
117021	7607.043459308232
117575	7607.043459308232
118130	7607.043459308232
118685	7607.043459308232
119242	7607.043459308232
119798	7607.043459308232
120357	7607.043459308232
120911	7607.043459308232
121468	7607.043459308232
122026	7607.043459308232
122584	7607.043459308232
123140	7607.043459308232
123696	7607.043459308232
124252	7607.043459308232
124809	7607.043459308232
125367	7607.043459308232
125925	7607.043459308232
126483	7607.043459308232
130979	7607.043459308232
131535	7607.043459308232
132090	7607.043459308232
132646	7607.043459308232
133202	7607.043459308232
133756	7607.043459308232
134311	7607.043459308232
134865	7607.043459308232
135418	7607.043459308232
135974	7607.043459308232
136531	7607.043459308232
137086	7607.043459308232
137640	7607.043459308232
138194	7607.043459308232
138749	7607.043459308232
139303	7607.043459308232
139858	7607.043459308232
140417	7607.043459308232
140972	7607.043459308232
141528	7607.043459308232
145126	7607.043459308232
145682	7607.043459308232
146239	7607.043459308232
146794	7607.043459308232
147354	7607.043459308232
147913	7607.043459308232
148471	7607.043459308232
149028	7607.043459308232
149585	7607.043459308232
150148	7607.043459308232
150703	7607.043459308232
151258	7607.043459308232
151814	7607.043459308232
152368	7607.043459308232
152920	7607.043459308232
153476	7607.043459308232
154032	7607.043459308232
154589	7607.043459308232
155146	7607.043459308232
155703	7607.043459308232
161410	7607.043459308232
161964	7607.043459308232
162522	7607.043459308232
163076	7607.043459308232
163631	7607.043459308232
164189	7607.043459308232
164745	7607.043459308232
165301	7607.043459308232
165858	7607.043459308232
166414	7607.043459308232
172502	7607.043459308232
173059	7607.043459308232
173613	7607.043459308232
174170	7607.043459308232
174726	7607.043459308232
175281	7607.043459308232
175837	7607.043459308232
176392	7607.043459308232
176948	7607.043459308232
177504	7607.043459308232
178061	7607.043459308232
178616	7607.043459308232
179170	7607.043459308232
179724	7607.043459308232
180281	7607.043459308232
180837	7607.043459308232
181391	7607.043459308232
181948	7607.043459308232
182504	7607.043459308232
183061	7607.043459308232
186421	7090.359574980983
196233	7090.3595749625165
196789	7090.3595749625165
197343	7090.3595749625165
197899	7090.3595749625165
198458	7090.3595749625165
199014	7090.3595749625165
199570	7090.3595749625165
200128	7090.3595749625165
200688	7090.3595749625165
201245	7090.3595749625165
201804	7090.3595749625165
202362	7090.3595749625165
202916	7090.3595749625165
203473	7090.3595749625165
204029	7090.3595749625165
204583	7090.3595749625165
205137	7090.3595749625165
205692	7090.3595749625165
206244	7090.3595749625165
210609	7090.3595749625165
211162	7090.3595749625165
211719	7090.3595749625165
212272	7090.3595749625165
212827	7090.3595749625165
213384	7090.3595749625165
213941	7090.3595749625165
214499	7090.3595749625165
215057	7090.3595749625165
215618	7090.3595749625165
216177	7090.3595749625165
216736	7090.3595749625165
217295	7090.3595749625165
217853	7090.3595749625165
218408	7090.3595749625165
218962	7090.3595749625165
219516	7090.3595749625165
220071	7090.3595749625165
220626	7090.3595749625165
221181	7090.3595749625165
226972	7090.3595749625165
227528	7090.3595749625165
228081	7090.3595749625165
228640	7090.3595749625165
229194	7090.3595749625165
229746	7090.3595749625165
230300	7090.3595749625165
230855	7090.3595749625165
231408	7090.3595749625165
231963	7090.3595749625165
232519	7090.3595749625165
233076	7090.3595749625165
233633	7090.3595749625165
234191	7090.3595749625165
234751	7090.3595749625165
235307	7090.3595749625165
235864	7090.3595749625165
236419	7090.3595749625165
236974	7090.3595749625165
237530	7090.3595749625165
241094	5897.129980620746
249910	5897.129978930976
250468	5897.129978930976
251025	5897.129978930976
251581	5897.129978930976
252134	5897.129978930976
252691	5897.129978930976
253244	5897.129978930976
253796	5897.129978930976
254350	5897.129978930976
254906	5897.129978930976
255464	5897.129978930976
256021	5897.129978930976
256577	5897.129978930976
257132	5897.129978930976
257687	5897.129978930976
258243	5897.129978930976
258798	5897.129978930976
259354	5897.129978930976
259909	5897.129978930976
266235	5897.129978930976
266792	5897.129978930976
267350	5897.129978930976
267906	5897.129978930976
268461	5897.129978930976
269017	5897.129978930976
269574	5897.129978930976
270128	5897.129978930976
270683	5897.129978930976
271236	5897.129978930976
271791	5897.129978930976
272344	5897.129978930976
272899	5897.129978930976
273453	5897.129978930976
274005	5897.129978930976
274560	5897.129978930976
275113	5897.129978930976
275667	5897.129978930976
276223	5897.129978930976
276779	5897.129978930976
283055	5897.129978930976
283608	5897.129978930976
284162	5897.129978930976
284717	5897.129978930976
285274	5897.129978930976
285833	5897.129978930976
286391	5897.129978930976
286947	5897.129978930976
287503	5897.129978930976
288060	5897.129978930976
288616	5897.129978930976
289172	5897.129978930976
289731	5897.129978930976
290289	5897.129978930976
290845	5897.129978930976
291403	5897.129978930976
291962	5897.129978930976
292518	5897.129978930976
293076	5897.129978930976
293630	5897.129978930976
302878	5897.129978930976
303435	5897.129978930976
303991	5897.129978930976
304545	5897.129978930976
305098	5897.129978930976
305651	5897.129978930976
306207	5897.129978930976
306766	5897.129978930976
307322	5897.129978930976
307878	5897.129978930976
308433	5897.129978930976
308993	5897.129978930976
309550	5897.129978930976
310105	5897.129978930976
310660	5897.129978930976
311216	5897.129978930976
311769	5897.129978930976
312324	5897.129978930976
312879	5897.129978930976
313433	5897.129978930976
318047	5897.129978930976
318602	5897.129978930976
319159	5897.129978930976
319715	5897.129978930976
320271	5897.129978930976
320828	5897.129978930976
321383	5897.129978930976
321938	5897.129978930976
322496	5897.129978930976
323050	5897.129978930976
323605	5897.129978930976
324161	5897.129978930976
324719	5897.129978930976
325275	5897.129978930976
325829	5897.129978930976
326384	5897.129978930976
326938	5897.129978930976
327493	5897.129978930976
328047	5897.129978930976
328602	5897.129978930976
339539	5897.129978930976
340092	5897.129978930976
340645	5897.129978930976
341203	5897.129978930976
341757	5897.129978930976
342311	5897.129978930976
342866	5897.129978930976
343423	5897.129978930976
343977	5897.129978930976
344535	5897.129978930976
348402	5897.129978930976
348961	5897.129978930976
349518	5897.129978930976
350076	5897.129978930976
350636	5897.129978930976
351190	5897.129978930976
351744	5897.129978930976
352299	5897.129978930976
352853	5897.129978930976
353407	5897.129978930976
353963	5897.129978930976
354519	5897.129978930976
355075	5897.129978930976
355634	5897.129978930976
356192	5897.129978930976
356747	5897.129978930976
357300	5897.129978930976
357853	5897.129978930976
358410	5897.129978930976
358963	5897.129978930976
366939	5897.129978930976
367497	5897.129978930976
368052	5897.129978930976
368606	5897.129978930976
369162	5897.129978930976
369721	5897.129978930976
370278	5897.129978930976
370832	5897.129978930976
371388	5897.129978930976
371944	5897.129978930976
372500	5897.129978930976
373054	5897.129978930976
373609	5897.129978930976
374163	5897.129978930976
374719	5897.129978930976
375275	5897.129978930976
375829	5897.129978930976
376385	5897.129978930976
376941	5897.129978930976
377496	5897.129978930976
380487	5897.129978930976
381043	5897.129978930976
381599	5897.129978930976
382155	5897.129978930976
382709	5897.129978930976
383264	5897.129978930976
383821	5897.129978930976
384378	5897.129978930976
384934	5897.129978930976
385488	5897.129978930976
386044	5897.129978930976
386600	5897.129978930976
387155	5897.129978930976
387714	5897.129978930976
388271	5897.129978930976
388829	5897.129978930976
389383	5897.129978930976
389938	5897.129978930976
390493	5897.129978930976
391050	5897.129978930976
396335	5897.129978930976
396891	5897.129978930976
397446	5897.129978930976
397998	5897.129978930976
398553	5897.129978930976
399108	5897.129978930976
399662	5897.129978930976
400218	5897.129978930976
400771	5897.129978930976
401329	5897.129978930976
401885	5897.129978930976
402443	5897.129978930976
402999	5897.129978930976
403556	5897.129978930976
404111	5897.129978930976
404668	5897.129978930976
405228	5897.129978930976
405789	5897.129978930976
406343	5897.129978930976
406899	5897.129978930976
410863	5897.129978930976
411421	5897.129978930976
411978	5897.129978930976
412536	5897.129978930976
413095	5897.129978930976
413655	5897.129978930976
414212	5897.129978930976
414766	5897.129978930976
415321	5897.129978930976
415878	5897.129978930976
421665	5897.129978930976
422222	5897.129978930976
422777	5897.129978930976
423331	5897.129978930976
423889	5897.129978930976
424444	5897.129978930976
425000	5897.129978930976
425557	5897.129978930976
426117	5897.129978930976
426675	5897.129978930976
427231	5897.129978930976
427788	5897.129978930976
428345	5897.129978930976
428902	5897.129978930976
429458	5897.129978930976
430018	5897.129978930976
430572	5897.129978930976
431130	5897.129978930976
431683	5897.129978930976
432237	5897.129978930976
442103	5897.129978930976
442659	5897.129978930976
443215	5897.129978930976
443770	5897.129978930976
444324	5897.129978930976
444880	5897.129978930976
445436	5897.129978930976
445992	5897.129978930976
446549	5897.129978930976
447102	5897.129978930976
447656	5897.129978930976
448211	5897.129978930976
448767	5897.129978930976
449323	5897.129978930976
449882	5897.129978930976
450439	5897.129978930976
450995	5897.129978930976
451552	5897.129978930976
452116	5897.129978930976
452672	5897.129978930976
459342	5897.129978930976
459899	5897.129978930976
460455	5897.129978930976
461010	5897.129978930976
461568	5897.129978930976
462124	5897.129978930976
462681	5897.129978930976
463235	5897.129978930976
463794	5897.129978930976
464353	5897.129978930976
464910	5897.129978930976
465463	5897.129978930976
466019	5897.129978930976
466576	5897.129978930976
467131	5897.129978930976
467687	5897.129978930976
468243	5897.129978930976
468796	5897.129978930976
469350	5897.129978930976
469904	5897.129978930976
473463	5897.129978930976
474017	5897.129978930976
474573	5897.129978930976
475129	5897.129978930976
475686	5897.129978930976
476244	5897.129978930976
476802	5897.129978930976
477357	5897.129978930976
477913	5897.129978930976
478469	5897.129978930976
479026	5897.129978930976
479583	5897.129978930976
480140	5897.129978930976
480695	5897.129978930976
481257	5897.129978930976
481816	5897.129978930976
482370	5897.129978930976
482926	5897.129978930976
483482	5897.129978930976
484042	5897.129978930976
490957	5897.129978930976
491512	5897.129978930976
492067	5897.129978930976
492625	5897.129978930976
493178	5897.129978930976
493734	5897.129978930976
494287	5897.129978930976
494842	5897.129978930976
495396	5897.129978930976
495952	5897.129978930976
503462	5897.129978930976
