500	17309.274341937577
1069	16091.269208828555
1631	16091.269208828555
2189	16091.269208828555
2749	16091.269208828555
3305	16091.269208828555
3862	16091.269208828555
4420	16091.269208828555
4973	16091.269208828555
5528	16091.269208828555
6084	16091.269208828555
6638	16091.269208828555
7192	16091.269208828555
7745	15767.753007279844
8298	15767.753007279844
8853	15767.753007279844
9406	15767.753007279844
9959	15767.753007279844
10512	15767.753007279844
11064	15767.753007279844
11617	15767.753007279844
12171	15767.753007279844
12727	15585.322542695465
13284	15480.359701091187
13838	15480.359701091187
14394	15480.359701091187
14949	15480.359701091187
15503	15480.359701091187
16060	15480.359701091187
16615	15480.359701091187
17172	15480.359701091187
17728	15480.359701091187
18285	15480.359701091187
18841	15405.674724267203
19398	15166.642068353274
19952	15166.642068353274
20507	15166.642068353274
21062	15166.642068353274
21617	15166.642068353274
22172	15166.642068353274
22728	15166.642068353274
23282	15166.642068353274
31309	7778.332314992278
44444	6446.115570243281
48684	6446.069868050237
49239	6446.069868050237
53523	6446.066585944587
54080	6446.066585944587
54633	6446.066585944587
55187	6446.066585944587
55743	6446.066585944587
56298	6446.066585944587
56852	6446.066585944587
57410	6446.066585944587
57968	6446.066585944587
58526	6446.066585944587
59085	6446.066585944587
59641	6446.066585944587
60196	6446.066585944587
60749	6446.066585944587
61302	6446.066585944587
61858	6446.066585944587
62411	6446.066585944587
62967	6446.066585944587
63524	6446.066585944587
64079	6446.066585944587
64636	6446.066585944587
65192	6446.066585944587
65747	6446.066585944587
66304	6446.066585944587
66864	6446.066585944587
74387	6446.066585944587
74943	6446.066585944587
75498	6446.066585944587
76054	6446.066585944587
76607	6446.066585944587
77159	6446.066585944587
77713	6446.066585944587
78268	6446.066585944587
78824	6446.066585944587
79379	6446.066585944587
79936	6446.066585944587
80495	6446.066585944587
81054	6446.066585944587
81610	6446.066585944587
82167	6446.066585944587
82722	6446.066585944587
83278	6446.066585944587
83832	6446.066585944587
84387	6446.066585944587
84940	6446.066585944587
91188	6446.066585944587
91745	6446.066585944587
92302	6446.066585944587
92861	6446.066585944587
93418	6446.066585944587
93976	6446.066585944587
94532	6446.066585944587
95086	6446.066585944587
95642	6446.066585944587
96195	6446.066585944587
102796	6446.066585944587
103350	6446.066585944587
103906	6446.066585944587
104460	6446.066585944587
105016	6446.066585944587
105571	6446.066585944587
106128	6446.066585944587
106684	6446.066585944587
107238	6446.066585944587
107791	6446.066585944587
108344	6446.066585944587
108899	6446.066585944587
109455	6446.066585944587
110014	6446.066585944587
110576	6446.066585944587
111131	6446.066585944587
111686	6446.066585944587
112243	6446.066585944587
112802	6446.066585944587
113358	6446.066585944587
117255	6446.066585944587
117809	6446.066585944587
118365	6446.066585944587
118922	6446.066585944587
119479	6446.066585944587
120034	6446.066585944587
120592	6446.066585944587
121146	6446.066585944587
121700	6446.066585944587
122256	6446.066585944587
122809	6446.066585944587
123366	6446.066585944587
123923	6446.066585944587
124479	6446.066585944587
125037	6446.066585944587
125595	6446.066585944587
126153	6446.066585944587
126709	6446.066585944587
127265	6446.066585944587
127819	6446.066585944587
131598	6446.066585944587
132154	6446.066585944587
132709	6446.066585944587
133266	6446.066585944587
133821	6446.066585944587
134378	6446.066585944587
134934	6446.066585944587
135488	6446.066585944587
136041	6446.066585944587
136597	6446.066585944587
137151	6446.066585944587
137704	6446.066585944587
138256	6446.066585944587
138810	6446.066585944587
139366	6446.066585944587
139923	6446.066585944587
140476	6446.066585944587
141032	6446.066585944587
141588	6446.066585944587
142143	6446.066585944587
152018	6446.066585944587
152571	6446.066585944587
153127	6446.066585944587
153683	6446.066585944587
154240	6446.066585944587
154798	6446.066585944587
155359	6446.066585944587
155915	6446.066585944587
156471	6446.066585944587
157027	6446.066585944587
157584	6446.066585944587
158140	6446.066585944587
158693	6446.066585944587
159250	6446.066585944587
159805	6446.066585944587
160358	6446.066585944587
160915	6446.066585944587
161475	6446.066585944587
162031	6446.066585944587
162590	6446.066585944587
165716	6446.066585944587
166272	6446.066585944587
166828	6446.066585944587
167383	6446.066585944587
167937	6446.066585944587
168492	6446.066585944587
169048	6446.066585944587
169603	6446.066585944587
170159	6446.066585944587
170714	6446.066585944587
180070	6446.066585944587
180626	6446.066585944587
181181	6446.066585944587
181736	6446.066585944587
182293	6446.066585944587
182850	6446.066585944587
183405	6446.066585944587
183961	6446.066585944587
184514	6446.066585944587
185069	6446.066585944587
185623	6446.066585944587
186181	6446.066585944587
186738	6446.066585944587
187298	6446.066585944587
187852	6446.066585944587
188409	6446.066585944587
188969	6446.066585944587
189526	6446.066585944587
190083	6446.066585944587
190640	6446.066585944587
200270	6446.066585944587
200823	6446.066585944587
201378	6446.066585944587
201931	6446.066585944587
202485	6446.066585944587
203038	6446.066585944587
203596	6446.066585944587
204151	6446.066585944587
204708	6446.066585944587
205263	6446.066585944587
205817	6446.066585944587
206371	6446.066585944587
206929	6446.066585944587
207486	6446.066585944587
208042	6446.066585944587
208596	6446.066585944587
209150	6446.066585944587
209704	6446.066585944587
210263	6446.066585944587
210819	6446.066585944587
214581	6446.066585944587
215138	6446.066585944587
215693	6446.066585944587
216248	6446.066585944587
216803	6446.066585944587
217360	6446.066585944587
217915	6446.066585944587
218470	6446.066585944587
219023	6446.066585944587
219575	6446.066585944587
220132	6446.066585944587
220685	6446.066585944587
221240	6446.066585944587
221797	6446.066585944587
222355	6446.066585944587
222917	6446.066585944587
223473	6446.066585944587
224028	6446.066585944587
224584	6446.066585944587
225139	6446.066585944587
228285	6446.066585944587
228843	6446.066585944587
229401	6446.066585944587
229956	6446.066585944587
230509	6446.066585944587
231063	6446.066585944587
231616	6446.066585944587
232171	6446.066585944587
232726	6446.066585944587
233282	6446.066585944587
233837	6446.066585944587
234392	6446.066585944587
234947	6446.066585944587
235503	6446.066585944587
236062	6446.066585944587
236619	6446.066585944587
237176	6446.066585944587
237732	6446.066585944587
238287	6446.066585944587
238845	6446.066585944587
245721	6446.066585944587
246278	6446.066585944587
246835	6446.066585944587
247395	6446.066585944587
247950	6446.066585944587
248508	6446.066585944587
249061	6446.066585944587
249614	6446.066585944587
250167	6446.066585944587
250722	6446.066585944587
254681	6446.066585944587
255237	6446.066585944587
255792	6446.066585944587
256351	6446.066585944587
256907	6446.066585944587
257464	6446.066585944587
258022	6446.066585944587
258581	6446.066585944587
259138	6446.066585944587
259693	6446.066585944587
260250	6446.066585944587
260806	6446.066585944587
261364	6446.066585944587
261920	6446.066585944587
262478	6446.066585944587
263036	6446.066585944587
263593	6446.066585944587
264148	6446.066585944587
264701	6446.066585944587
265254	6446.066585944587
269086	6446.066585944587
269641	6446.066585944587
270195	6446.066585944587
270752	6446.066585944587
271306	6446.066585944587
271858	6446.066585944587
272412	6446.066585944587
272968	6446.066585944587
273526	6446.066585944587
274085	6446.066585944587
274643	6446.066585944587
275201	6446.066585944587
275757	6446.066585944587
276312	6446.066585944587
276868	6446.066585944587
277425	6446.066585944587
277980	6446.066585944587
278537	6446.066585944587
279091	6446.066585944587
279649	6446.066585944587
284586	6446.066585944587
285139	6446.066585944587
285697	6446.066585944587
286252	6446.066585944587
286806	6446.066585944587
287366	6446.066585944587
287921	6446.066585944587
288476	6446.066585944587
289029	6446.066585944587
289586	6446.066585944587
290142	6446.066585944587
290698	6446.066585944587
291253	6446.066585944587
291810	6446.066585944587
292366	6446.066585944587
292922	6446.066585944587
293475	6446.066585944587
294029	6446.066585944587
294582	6446.066585944587
295137	6446.066585944587
299616	6446.066585944587
300171	6446.066585944587
300724	6446.066585944587
301279	6446.066585944587
301833	6446.066585944587
302388	6446.066585944587
302948	6446.066585944587
303504	6446.066585944587
304063	6446.066585944587
304618	6446.066585944587
305178	6446.066585944587
305735	6446.066585944587
306291	6446.066585944587
306848	6446.066585944587
307404	6446.066585944587
307961	6446.066585944587
308519	6446.066585944587
309075	6446.066585944587
309631	6446.066585944587
310187	6446.066585944587
316468	6446.066585944587
317022	6446.066585944587
317579	6446.066585944587
318135	6446.066585944587
318695	6446.066585944587
319251	6446.066585944587
319805	6446.066585944587
320360	6446.066585944587
320917	6446.066585944587
321478	6446.066585944587
328127	6446.066585944587
328688	6446.066585944587
329245	6446.066585944587
329800	6446.066585944587
330355	6446.066585944587
330910	6446.066585944587
331467	6446.066585944587
332022	6446.066585944587
332578	6446.066585944587
333134	6446.066585944587
333689	6446.066585944587
334246	6446.066585944587
334800	6446.066585944587
335357	6446.066585944587
335911	6446.066585944587
336468	6446.066585944587
337023	6446.066585944587
337577	6446.066585944587
338132	6446.066585944587
338686	6446.066585944587
343955	6446.066585944587
344511	6446.066585944587
345067	6446.066585944587
345622	6446.066585944587
346179	6446.066585944587
346732	6446.066585944587
347288	6446.066585944587
347843	6446.066585944587
348399	6446.066585944587
348958	6446.066585944587
349513	6446.066585944587
350068	6446.066585944587
350626	6446.066585944587
351181	6446.066585944587
351737	6446.066585944587
352292	6446.066585944587
352852	6446.066585944587
353411	6446.066585944587
353967	6446.066585944587
354523	6446.066585944587
358495	6446.066585944587
359049	6446.066585944587
359605	6446.066585944587
360160	6446.066585944587
360715	6446.066585944587
361269	6446.066585944587
361823	6446.066585944587
362376	6446.066585944587
362932	6446.066585944587
363487	6446.066585944587
364043	6446.066585944587
364600	6446.066585944587
365157	6446.066585944587
365713	6446.066585944587
366270	6446.066585944587
366826	6446.066585944587
367380	6446.066585944587
367937	6446.066585944587
368496	6446.066585944587
369053	6446.066585944587
375990	6446.066585944587
376546	6446.066585944587
377100	6446.066585944587
377653	6446.066585944587
378209	6446.066585944587
378766	6446.066585944587
379321	6446.066585944587
379877	6446.066585944587
380435	6446.066585944587
380991	6446.066585944587
381549	6446.066585944587
382103	6446.066585944587
382656	6446.066585944587
383210	6446.066585944587
383763	6446.066585944587
384319	6446.066585944587
384875	6446.066585944587
385430	6446.066585944587
385985	6446.066585944587
386541	6446.066585944587
393247	6446.066585944587
393806	6446.066585944587
394367	6446.066585944587
394926	6446.066585944587
395482	6446.066585944587
396038	6446.066585944587
396597	6446.066585944587
397157	6446.066585944587
397714	6446.066585944587
398271	6446.066585944587
405239	6446.066585944587
405796	6446.066585944587
406351	6446.066585944587
406909	6446.066585944587
407463	6446.066585944587
408019	6446.066585944587
408574	6446.066585944587
409128	6446.066585944587
409680	6446.066585944587
410236	6446.066585944587
410792	6446.066585944587
411347	6446.066585944587
411903	6446.066585944587
412459	6446.066585944587
413014	6446.066585944587
413569	6446.066585944587
414126	6446.066585944587
414685	6446.066585944587
415246	6446.066585944587
415804	6446.066585944587
419585	6446.066585944587
420139	6446.066585944587
420694	6446.066585944587
421250	6446.066585944587
421807	6446.066585944587
422362	6446.066585944587
422920	6446.066585944587
423476	6446.066585944587
424032	6446.066585944587
424587	6446.066585944587
425141	6446.066585944587
425696	6446.066585944587
426250	6446.066585944587
426807	6446.066585944587
427363	6446.066585944587
427916	6446.066585944587
428469	6446.066585944587
429021	6446.066585944587
429576	6446.066585944587
430133	6446.066585944587
437456	6446.066585944587
438014	6446.066585944587
438573	6446.066585944587
439127	6446.066585944587
439682	6446.066585944587
440237	6446.066585944587
440793	6446.066585944587
441349	6446.066585944587
441904	6446.066585944587
442458	6446.066585944587
443013	6446.066585944587
443567	6446.066585944587
444121	6446.066585944587
444675	6446.066585944587
445229	6446.066585944587
445783	6446.066585944587
446337	6446.066585944587
446892	6446.066585944587
447448	6446.066585944587
448003	6446.066585944587
452484	6446.066585944587
453041	6446.066585944587
453598	6446.066585944587
454155	6446.066585944587
454712	6446.066585944587
455269	6446.066585944587
455825	6446.066585944587
456379	6446.066585944587
456937	6446.066585944587
457494	6446.066585944587
458051	6446.066585944587
458607	6446.066585944587
459163	6446.066585944587
459723	6446.066585944587
460279	6446.066585944587
460833	6446.066585944587
461390	6446.066585944587
461946	6446.066585944587
462500	6446.066585944587
463053	6446.066585944587
469284	6446.066585944587
469838	6446.066585944587
470391	6446.066585944587
470945	6446.066585944587
471500	6446.066585944587
472053	6446.066585944587
472609	6446.066585944587
473163	6446.066585944587
473718	6446.066585944587
474274	6446.066585944587
481216	6446.066585944587
481773	6446.066585944587
482328	6446.066585944587
482882	6446.066585944587
483440	6446.066585944587
483998	6446.066585944587
484556	6446.066585944587
485113	6446.066585944587
485667	6446.066585944587
486225	6446.066585944587
486784	6446.066585944587
487341	6446.066585944587
487896	6446.066585944587
488453	6446.066585944587
489008	6446.066585944587
489564	6446.066585944587
490120	6446.066585944587
490677	6446.066585944587
491234	6446.066585944587
491789	6446.066585944587
495342	6446.066585944587
495898	6446.066585944587
496452	6446.066585944587
497008	6446.066585944587
497566	6446.066585944587
498124	6446.066585944587
498680	6446.066585944587
499234	6446.066585944587
499788	6446.066585944587
500343	6446.066585944587
