1000	100272.10584354705
41760	3295.4478104655664
52391	3289.8160845006214
54917	3289.5354717027258
57444	3289.268506001104
59969	3289.1231520218475
62495	3288.9955417252954
65025	3288.9329937089606
67560	3288.9174339931706
70094	3288.9093525137955
72631	3288.8957587434043
75173	3288.8863480088494
77731	3288.884393824337
80290	3288.8839867362503
82836	3288.8838798823303
85382	3288.8838209601918
87936	3288.883763621857
90486	3288.8836921724974
93030	3288.883587920772
95581	3288.88341264603
98140	3288.88307821375
100704	3288.8823888246056
103262	3288.8810594097877
105821	3288.8792816667606
108380	3288.8780714470704
110929	3288.8776561282993
113480	3288.877554233439
116037	3288.8775231455093
118591	3288.877505075351
121147	3288.877487159966
123708	3288.877463170259
126255	3288.877421810626
128811	3288.8773271691675
131365	3288.8770141599443
133923	3288.875293947596
136485	3288.864735914386
139040	3288.855669766099
141593	3288.8546400397995
144157	3288.854207866074
146714	3288.8535840532422
149271	3288.852476253587
151829	3288.8510976369294
154392	3288.8499910947853
156947	3288.8488928593883
159498	3288.8460731879472
162030	3288.8298704367576
164582	3288.7937480236146
167128	3288.754682279835
169670	3288.738126561459
172224	3288.697721668922
174783	3288.6591941275874
177328	3288.6511289293776
179902	3288.6414145089175
182447	3288.617693793138
184994	3288.6025204633115
187539	3288.5788626507247
190090	3288.5496417431164
192639	3288.5380731431787
195191	3288.501879634498
197743	3288.477836817657
200295	3288.4531326978017
202857	3288.447025758521
205421	3288.4384456987723
207985	3288.432270965469
210539	3288.4309074478297
213106	3288.4306421964775
215679	3288.4305546140336
218246	3288.4305125376804
220828	3288.430488082511
223389	3288.4304717447944
225954	3288.4304592930557
228514	3288.4304483128376
231077	3288.430436699939
233645	3288.430421461247
236219	3288.4303959380004
238798	3288.4303394255135
241367	3288.4301588894564
243938	3288.4291153135673
246509	3288.41526871319
249062	3288.3814991930662
251626	3288.3549748052246
254194	3288.353071392548
256745	3288.3528511496893
259304	3288.3528080330725
261862	3288.3527917146935
264418	3288.3527817170834
266981	3288.3527740412956
269542	3288.3527676053936
272103	3288.352761952851
274672	3288.3527568134627
277229	3288.3527519914774
279788	3288.3527473342338
282339	3288.3527427131608
284898	3288.352738008267
287451	3288.3527330872116
290013	3288.3527278477945
292577	3288.3527220868637
295134	3288.3527155799325
297693	3288.352708036699
300247	3288.352699120766
302800	3288.352688293313
305356	3288.352674821903
307916	3288.352657640816
310476	3288.3526351682717
313041	3288.3526051767517
315602	3288.3525644103593
318163	3288.352508509671
320733	3288.3524322021117
323296	3288.3523306743527
325852	3288.352203335612
328419	3288.3520584223356
330983	3288.3519153631705
333548	3288.3517970811586
336108	3288.3517161794953
338664	3288.35166997131
341229	3288.3516472370366
343789	3288.3516372468803
346354	3288.351633194844
348914	3288.3516316355385
351471	3288.3516310561035
354023	3288.351630845037
356584	3288.351630768986
359148	3288.3516307416708
361711	3288.3516307318278
364266	3288.351630728244
366818	3288.3516307268956
369378	3288.3516307263544
371949	3288.351630726149
374517	3288.3516307260693
377085	3288.3516307260343
379651	3288.351630726018
382206	3288.351630726005
384774	3288.3516307260024
387344	3288.3516307260006
389910	3288.3516307259997
392472	3288.3516307259997
439982	3288.3516307259997
483062	3288.3516307259997
531733	3288.3516307259997
581709	3288.3516307259997
629030	3288.3516307259997
680586	3288.3516307259997
714226	3288.3516307259997
760168	3288.3516307259997
815566	3288.3516307259997
854431	3288.3516307259997
897560	3288.3516307259997
944681	3288.3516307259997
990700	3288.3516307259997
1029658	3288.3516307259997
