1000	88190.04178853577
2161	67136.83454372035
3321	39384.526567192624
4479	26557.304165602207
5634	21698.698055848836
6787	16739.293071752654
7941	13656.898154945293
9095	13259.58353988049
10252	11879.87073215222
11413	10496.643145824932
12578	9809.184739782813
13735	8772.5073767399
14900	8568.278071028944
16060	8014.4376748716095
17220	7779.91111191765
18384	7338.920721505028
19552	6998.753025582331
20722	6713.199244223052
21882	6566.913352714071
23049	6324.219919014858
24216	6068.615744912356
25377	5968.364074163278
26543	5782.277886337843
27714	5670.737201886441
28875	5607.69050007164
30042	5434.586790816149
31209	5339.99277582289
32381	5140.463223104671
33547	5093.158615784666
34709	5063.1514587876945
35877	5015.642445825613
37046	4927.088115327023
38212	4850.666103798336
39383	4805.958260235366
40553	4757.012712111922
41723	4689.518977809783
42891	4639.880871905027
44062	4600.93522287386
45231	4546.033084541957
46403	4513.833240935115
47577	4476.1817526430395
123404	3290.372922190278
169684	3137.785766035212
214477	3137.7857626540454
215631	3137.7857626540454
216784	3137.7857626540454
217942	3137.7857626540454
219101	3137.7857626540454
220262	3137.7857626540454
221425	3137.7857626540454
222585	3137.7857626540454
223748	3137.7857626540454
224911	3137.7857626540454
226066	3137.7857626540454
227224	3137.7857626540454
228384	3137.7857626540454
229544	3137.7857626540454
230706	3137.7857626540454
231868	3137.7857626540454
233025	3137.7857626540454
234185	3137.7857626540454
235346	3137.7857626540454
236509	3137.7857626540454
237668	3137.7857626540454
238823	3137.7857626540454
239979	3137.7857626540454
241140	3137.7857626540454
242297	3137.7857626540454
243454	3137.7857626540454
244612	3137.7857626540454
245776	3137.7857626540454
254271	3137.7857626540454
255433	3137.7857626540454
256596	3137.7857626540454
257763	3137.7857626540454
258927	3137.7857626540454
260092	3137.7857626540454
261256	3137.7857626540454
262415	3137.7857626540454
263579	3137.7857626540454
264750	3137.7857626540454
275554	3137.7857626540454
276717	3137.7857626540454
277887	3137.7857626540454
279057	3137.7857626540454
280222	3137.7857626540454
281397	3137.7857626540454
282570	3137.7857626540454
283737	3137.7857626540454
284901	3137.7857626540454
286067	3137.7857626540454
287229	3137.7857626540454
288402	3137.7857626540454
289568	3137.7857626540454
290738	3137.7857626540454
291908	3137.7857626540454
293078	3137.7857626540454
294244	3137.7857626540454
295412	3137.7857626540454
296581	3137.7857626540454
297747	3137.7857626540454
307759	3137.7857626540454
308934	3137.7857626540454
310095	3137.7857626540454
311260	3137.7857626540454
312431	3137.7857626540454
313593	3137.7857626540454
314756	3137.7857626540454
315922	3137.7857626540454
317089	3137.7857626540454
318252	3137.7857626540454
319425	3137.7857626540454
320587	3137.7857626540454
321758	3137.7857626540454
322918	3137.7857626540454
324085	3137.7857626540454
325253	3137.7857626540454
326420	3137.7857626540454
327587	3137.7857626540454
328755	3137.7857626540454
329920	3137.7857626540454
339516	3137.7857626540454
340685	3137.7857626540454
341848	3137.7857626540454
343018	3137.7857626540454
344184	3137.7857626540454
345344	3137.7857626540454
346506	3137.7857626540454
347672	3137.7857626540454
348840	3137.7857626540454
350004	3137.7857626540454
351173	3137.7857626540454
352343	3137.7857626540454
353514	3137.7857626540454
354692	3137.7857626540454
355857	3137.7857626540454
357023	3137.7857626540454
358183	3137.7857626540454
359350	3137.7857626540454
360517	3137.7857626540454
361682	3137.7857626540454
368460	3137.7857626540454
369623	3137.7857626540454
370787	3137.7857626540454
371945	3137.7857626540454
373114	3137.7857626540454
374279	3137.7857626540454
375446	3137.7857626540454
376607	3137.7857626540454
377769	3137.7857626540454
378934	3137.7857626540454
380101	3137.7857626540454
381268	3137.7857626540454
382432	3137.7857626540454
383597	3137.7857626540454
384767	3137.7857626540454
385936	3137.7857626540454
387104	3137.7857626540454
388266	3137.7857626540454
389431	3137.7857626540454
390594	3137.7857626540454
402008	3137.7857626540454
403174	3137.7857626540454
404341	3137.7857626540454
405505	3137.7857626540454
406677	3137.7857626540454
407844	3137.7857626540454
409012	3137.7857626540454
410189	3137.7857626540454
411357	3137.7857626540454
412528	3137.7857626540454
423052	3137.7857626540454
424215	3137.7857626540454
425388	3137.7857626540454
426560	3137.7857626540454
427727	3137.7857626540454
428895	3137.7857626540454
430066	3137.7857626540454
431231	3137.7857626540454
432400	3137.7857626540454
433571	3137.7857626540454
434742	3137.7857626540454
435919	3137.7857626540454
437091	3137.7857626540454
438265	3137.7857626540454
439429	3137.7857626540454
440593	3137.7857626540454
441753	3137.7857626540454
442922	3137.7857626540454
444091	3137.7857626540454
445259	3137.7857626540454
452535	3137.7857626540454
453703	3137.7857626540454
454867	3137.7857626540454
456036	3137.7857626540454
457207	3137.7857626540454
458371	3137.7857626540454
459541	3137.7857626540454
460708	3137.7857626540454
461875	3137.7857626540454
463042	3137.7857626540454
464205	3137.7857626540454
465372	3137.7857626540454
466538	3137.7857626540454
467698	3137.7857626540454
468868	3137.7857626540454
470037	3137.7857626540454
471200	3137.7857626540454
472365	3137.7857626540454
473529	3137.7857626540454
474693	3137.7857626540454
480970	3137.7857626540454
482137	3137.7857626540454
483300	3137.7857626540454
484467	3137.7857626540454
485635	3137.7857626540454
486799	3137.7857626540454
487965	3137.7857626540454
489132	3137.7857626540454
490297	3137.7857626540454
491462	3137.7857626540454
492631	3137.7857626540454
493800	3137.7857626540454
494969	3137.7857626540454
496134	3137.7857626540454
497305	3137.7857626540454
498466	3137.7857626540454
499631	3137.7857626540454
500794	3137.7857626540454
501958	3137.7857626540454
503131	3137.7857626540454
515464	3137.7857626540454
516631	3137.7857626540454
517807	3137.7857626540454
518975	3137.7857626540454
520147	3137.7857626540454
521313	3137.7857626540454
522488	3137.7857626540454
523657	3137.7857626540454
524825	3137.7857626540454
525996	3137.7857626540454
527162	3137.7857626540454
528325	3137.7857626540454
529493	3137.7857626540454
530660	3137.7857626540454
531821	3137.7857626540454
532984	3137.7857626540454
534152	3137.7857626540454
535320	3137.7857626540454
536487	3137.7857626540454
537655	3137.7857626540454
545142	3137.7857626540454
546313	3137.7857626540454
547484	3137.7857626540454
548648	3137.7857626540454
549814	3137.7857626540454
550981	3137.7857626540454
552142	3137.7857626540454
553305	3137.7857626540454
554470	3137.7857626540454
555637	3137.7857626540454
562815	3137.7857626540454
563983	3137.7857626540454
565155	3137.7857626540454
566321	3137.7857626540454
567493	3137.7857626540454
568658	3137.7857626540454
569823	3137.7857626540454
570989	3137.7857626540454
572160	3137.7857626540454
573333	3137.7857626540454
574500	3137.7857626540454
575671	3137.7857626540454
576836	3137.7857626540454
578002	3137.7857626540454
579170	3137.7857626540454
580339	3137.7857626540454
581512	3137.7857626540454
582676	3137.7857626540454
583840	3137.7857626540454
585012	3137.7857626540454
596127	3137.7857626540454
597290	3137.7857626540454
598454	3137.7857626540454
599614	3137.7857626540454
600775	3137.7857626540454
601938	3137.7857626540454
603101	3137.7857626540454
604268	3137.7857626540454
605430	3137.7857626540454
606591	3137.7857626540454
607765	3137.7857626540454
608933	3137.7857626540454
610098	3137.7857626540454
611261	3137.7857626540454
612432	3137.7857626540454
613599	3137.7857626540454
614769	3137.7857626540454
615934	3137.7857626540454
617095	3137.7857626540454
618258	3137.7857626540454
624619	3137.7857626540454
625780	3137.7857626540454
626945	3137.7857626540454
628114	3137.7857626540454
629277	3137.7857626540454
630442	3137.7857626540454
631610	3137.7857626540454
632782	3137.7857626540454
633951	3137.7857626540454
635122	3137.7857626540454
636289	3137.7857626540454
637453	3137.7857626540454
638618	3137.7857626540454
639784	3137.7857626540454
640950	3137.7857626540454
642117	3137.7857626540454
643289	3137.7857626540454
644454	3137.7857626540454
645621	3137.7857626540454
646787	3137.7857626540454
653056	3137.7857626540454
654222	3137.7857626540454
655386	3137.7857626540454
656553	3137.7857626540454
657722	3137.7857626540454
658893	3137.7857626540454
660059	3137.7857626540454
661228	3137.7857626540454
662401	3137.7857626540454
663570	3137.7857626540454
664740	3137.7857626540454
665909	3137.7857626540454
667078	3137.7857626540454
668243	3137.7857626540454
669411	3137.7857626540454
670580	3137.7857626540454
671744	3137.7857626540454
672915	3137.7857626540454
674076	3137.7857626540454
675240	3137.7857626540454
681410	3137.7857626540454
682573	3137.7857626540454
683733	3137.7857626540454
684894	3137.7857626540454
686059	3137.7857626540454
687225	3137.7857626540454
688389	3137.7857626540454
689554	3137.7857626540454
690721	3137.7857626540454
691889	3137.7857626540454
698154	3137.7857626540454
699319	3137.7857626540454
700486	3137.7857626540454
701654	3137.7857626540454
702819	3137.7857626540454
703989	3137.7857626540454
705158	3137.7857626540454
706324	3137.7857626540454
707494	3137.7857626540454
708657	3137.7857626540454
709820	3137.7857626540454
710987	3137.7857626540454
712149	3137.7857626540454
713320	3137.7857626540454
714486	3137.7857626540454
715649	3137.7857626540454
716809	3137.7857626540454
717976	3137.7857626540454
719140	3137.7857626540454
720306	3137.7857626540454
727686	3137.7857626540454
728850	3137.7857626540454
730019	3137.7857626540454
731183	3137.7857626540454
732353	3137.7857626540454
733517	3137.7857626540454
734690	3137.7857626540454
735855	3137.7857626540454
737019	3137.7857626540454
738190	3137.7857626540454
739351	3137.7857626540454
740520	3137.7857626540454
741685	3137.7857626540454
742854	3137.7857626540454
744023	3137.7857626540454
745187	3137.7857626540454
746349	3137.7857626540454
747516	3137.7857626540454
748681	3137.7857626540454
749850	3137.7857626540454
756519	3137.7857626540454
757685	3137.7857626540454
758856	3137.7857626540454
760030	3137.7857626540454
761195	3137.7857626540454
762364	3137.7857626540454
763532	3137.7857626540454
764699	3137.7857626540454
765869	3137.7857626540454
767037	3137.7857626540454
768210	3137.7857626540454
769383	3137.7857626540454
770551	3137.7857626540454
771718	3137.7857626540454
772890	3137.7857626540454
774059	3137.7857626540454
775224	3137.7857626540454
776390	3137.7857626540454
777553	3137.7857626540454
778718	3137.7857626540454
785188	3137.7857626540454
786357	3137.7857626540454
787521	3137.7857626540454
788682	3137.7857626540454
789843	3137.7857626540454
791004	3137.7857626540454
792168	3137.7857626540454
793332	3137.7857626540454
794502	3137.7857626540454
795676	3137.7857626540454
796849	3137.7857626540454
798025	3137.7857626540454
799191	3137.7857626540454
800354	3137.7857626540454
801516	3137.7857626540454
802681	3137.7857626540454
803847	3137.7857626540454
805009	3137.7857626540454
806176	3137.7857626540454
807336	3137.7857626540454
815725	3137.7857626540454
816893	3137.7857626540454
818062	3137.7857626540454
819227	3137.7857626540454
820390	3137.7857626540454
821558	3137.7857626540454
822720	3137.7857626540454
823881	3137.7857626540454
825048	3137.7857626540454
826212	3137.7857626540454
834094	3137.7857626540454
835262	3137.7857626540454
836428	3137.7857626540454
837599	3137.7857626540454
838767	3137.7857626540454
839932	3137.7857626540454
841098	3137.7857626540454
842267	3137.7857626540454
843436	3137.7857626540454
844601	3137.7857626540454
845764	3137.7857626540454
846932	3137.7857626540454
848094	3137.7857626540454
849263	3137.7857626540454
850426	3137.7857626540454
851594	3137.7857626540454
852765	3137.7857626540454
853926	3137.7857626540454
855097	3137.7857626540454
856269	3137.7857626540454
863445	3137.7857626540454
864612	3137.7857626540454
865775	3137.7857626540454
866940	3137.7857626540454
868102	3137.7857626540454
869270	3137.7857626540454
870438	3137.7857626540454
871607	3137.7857626540454
872768	3137.7857626540454
873935	3137.7857626540454
875106	3137.7857626540454
876273	3137.7857626540454
877440	3137.7857626540454
878608	3137.7857626540454
879774	3137.7857626540454
880941	3137.7857626540454
882103	3137.7857626540454
883276	3137.7857626540454
884440	3137.7857626540454
885604	3137.7857626540454
893177	3137.7857626540454
894344	3137.7857626540454
895511	3137.7857626540454
896678	3137.7857626540454
897843	3137.7857626540454
899008	3137.7857626540454
900175	3137.7857626540454
901343	3137.7857626540454
902509	3137.7857626540454
903674	3137.7857626540454
904837	3137.7857626540454
906003	3137.7857626540454
907169	3137.7857626540454
908333	3137.7857626540454
909492	3137.7857626540454
910656	3137.7857626540454
911832	3137.7857626540454
912994	3137.7857626540454
914157	3137.7857626540454
915322	3137.7857626540454
924717	3137.7857626540454
925885	3137.7857626540454
927051	3137.7857626540454
928215	3137.7857626540454
929383	3137.7857626540454
930556	3137.7857626540454
931722	3137.7857626540454
932893	3137.7857626540454
934062	3137.7857626540454
935236	3137.7857626540454
936403	3137.7857626540454
937573	3137.7857626540454
938742	3137.7857626540454
939913	3137.7857626540454
941078	3137.7857626540454
942244	3137.7857626540454
943407	3137.7857626540454
944572	3137.7857626540454
945741	3137.7857626540454
946910	3137.7857626540454
954387	3137.7857626540454
955550	3137.7857626540454
956719	3137.7857626540454
957890	3137.7857626540454
959052	3137.7857626540454
960214	3137.7857626540454
961373	3137.7857626540454
962534	3137.7857626540454
963692	3137.7857626540454
964859	3137.7857626540454
971221	3137.7857626540454
972382	3137.7857626540454
973542	3137.7857626540454
974708	3137.7857626540454
975872	3137.7857626540454
977037	3137.7857626540454
978203	3137.7857626540454
979371	3137.7857626540454
980533	3137.7857626540454
981702	3137.7857626540454
982869	3137.7857626540454
984036	3137.7857626540454
985201	3137.7857626540454
986370	3137.7857626540454
987540	3137.7857626540454
988722	3137.7857626540454
989892	3137.7857626540454
991063	3137.7857626540454
992227	3137.7857626540454
993401	3137.7857626540454
999861	3137.7857626540454
1001024	3137.7857626540454
