1000	116845.29764716858
2147	101225.44937579389
3294	75350.55917410519
4443	66378.58234575197
5586	55554.39277861084
6730	46545.82307842639
7873	46545.82307842639
9013	40694.83465881009
10155	37153.43643710408
11294	34740.11827635308
12436	33436.151655835565
13575	30357.288569537122
14712	29033.230737316808
15852	23478.986592734447
16990	23478.986592734447
18128	23478.986592734447
19267	21585.757576144915
20406	18658.548736825847
21544	18225.050687361894
22680	18147.66935831493
23816	18056.743074030637
24953	14101.140209512065
26092	14101.140209512065
27230	13230.202346409687
28367	13110.538043385728
29504	12343.548224147855
30643	12309.904718570739
31781	11705.983432169769
32917	10084.742187521875
34056	10084.742187521875
35195	9595.956966066442
36335	9564.258073855122
37473	8442.672496190138
38604	8442.672496190138
39744	8442.672496190138
40883	7641.8620495134655
42022	7641.8620495134655
43161	6759.497522472808
44301	6759.497522472808
45439	6759.497522472808
46578	6759.497522472808
47715	6759.497522472808
48854	6759.497522472808
120514	3137.4579150683403
172895	3137.4579143125857
174030	3137.4579143125857
175166	3137.4579143125857
176301	3137.4579143125857
177436	3137.4579143125857
178570	3137.4579143125857
179705	3137.4579143125857
180839	3137.4579143125857
181971	3137.4579143125857
183104	3137.4579143125857
184237	3137.4579143125857
185374	3137.4579143125857
186510	3137.4579143125857
187643	3137.4579143125857
188777	3137.4579143125857
189910	3137.4579143125857
191045	3137.4579143125857
192181	3137.4579143125857
193315	3137.4579143125857
194456	3137.4579143125857
195595	3137.4579143125857
196734	3137.4579143125857
197868	3137.4579143125857
199002	3137.4579143125857
200137	3137.4579143125857
201275	3137.4579143125857
202412	3137.4579143125857
242157	3137.4579143125857
243294	3137.4579143125857
244432	3137.4579143125857
245573	3137.4579143125857
246712	3137.4579143125857
247850	3137.4579143125857
248987	3137.4579143125857
250124	3137.4579143125857
251260	3137.4579143125857
252399	3137.4579143125857
309113	3137.4579143125857
310248	3137.4579143125857
311385	3137.4579143125857
312522	3137.4579143125857
313661	3137.4579143125857
314797	3137.4579143125857
315931	3137.4579143125857
317068	3137.4579143125857
318205	3137.4579143125857
319340	3137.4579143125857
320476	3137.4579143125857
321611	3137.4579143125857
322744	3137.4579143125857
323876	3137.4579143125857
325010	3137.4579143125857
326145	3137.4579143125857
327280	3137.4579143125857
328418	3137.4579143125857
329551	3137.4579143125857
330682	3137.4579143125857
357014	3137.4579143125857
358149	3137.4579143125857
359283	3137.4579143125857
360419	3137.4579143125857
361557	3137.4579143125857
362696	3137.4579143125857
363831	3137.4579143125857
364968	3137.4579143125857
366106	3137.4579143125857
367243	3137.4579143125857
368378	3137.4579143125857
369514	3137.4579143125857
370654	3137.4579143125857
371794	3137.4579143125857
372935	3137.4579143125857
374072	3137.4579143125857
375209	3137.4579143125857
376348	3137.4579143125857
377485	3137.4579143125857
378622	3137.4579143125857
401779	3137.4579143125857
402916	3137.4579143125857
404052	3137.4579143125857
405187	3137.4579143125857
406323	3137.4579143125857
407463	3137.4579143125857
408602	3137.4579143125857
409739	3137.4579143125857
410875	3137.4579143125857
412014	3137.4579143125857
413150	3137.4579143125857
414283	3137.4579143125857
415424	3137.4579143125857
416562	3137.4579143125857
417701	3137.4579143125857
418834	3137.4579143125857
419971	3137.4579143125857
421106	3137.4579143125857
422243	3137.4579143125857
423380	3137.4579143125857
446897	3137.4579143125857
448036	3137.4579143125857
449172	3137.4579143125857
450307	3137.4579143125857
451448	3137.4579143125857
452583	3137.4579143125857
453721	3137.4579143125857
454857	3137.4579143125857
455993	3137.4579143125857
457128	3137.4579143125857
458266	3137.4579143125857
459403	3137.4579143125857
460542	3137.4579143125857
461678	3137.4579143125857
462814	3137.4579143125857
463949	3137.4579143125857
465084	3137.4579143125857
466217	3137.4579143125857
467352	3137.4579143125857
468488	3137.4579143125857
489849	3137.4579143125857
490985	3137.4579143125857
492120	3137.4579143125857
493253	3137.4579143125857
494391	3137.4579143125857
495528	3137.4579143125857
496665	3137.4579143125857
497801	3137.4579143125857
498939	3137.4579143125857
500076	3137.4579143125857
521153	3137.4579143125857
522290	3137.4579143125857
523425	3137.4579143125857
524560	3137.4579143125857
525696	3137.4579143125857
526831	3137.4579143125857
527969	3137.4579143125857
529106	3137.4579143125857
530243	3137.4579143125857
531379	3137.4579143125857
532514	3137.4579143125857
533648	3137.4579143125857
534784	3137.4579143125857
535922	3137.4579143125857
537059	3137.4579143125857
538197	3137.4579143125857
539335	3137.4579143125857
540468	3137.4579143125857
541598	3137.4579143125857
542737	3137.4579143125857
560767	3137.4579143125857
561905	3137.4579143125857
563042	3137.4579143125857
564176	3137.4579143125857
565312	3137.4579143125857
566447	3137.4579143125857
567583	3137.4579143125857
568723	3137.4579143125857
569861	3137.4579143125857
570999	3137.4579143125857
572131	3137.4579143125857
573266	3137.4579143125857
574403	3137.4579143125857
575539	3137.4579143125857
576670	3137.4579143125857
577810	3137.4579143125857
578948	3137.4579143125857
580076	3137.4579143125857
581210	3137.4579143125857
582346	3137.4579143125857
598459	3137.4579143125857
599593	3137.4579143125857
600727	3137.4579143125857
601860	3137.4579143125857
602993	3137.4579143125857
604132	3137.4579143125857
605271	3137.4579143125857
606404	3137.4579143125857
607538	3137.4579143125857
608677	3137.4579143125857
609814	3137.4579143125857
610953	3137.4579143125857
612089	3137.4579143125857
613224	3137.4579143125857
614355	3137.4579143125857
615492	3137.4579143125857
616627	3137.4579143125857
617761	3137.4579143125857
618895	3137.4579143125857
620030	3137.4579143125857
634714	3137.4579143125857
635850	3137.4579143125857
636988	3137.4579143125857
638122	3137.4579143125857
639259	3137.4579143125857
640395	3137.4579143125857
641527	3137.4579143125857
642663	3137.4579143125857
643797	3137.4579143125857
644934	3137.4579143125857
646070	3137.4579143125857
647205	3137.4579143125857
648339	3137.4579143125857
649471	3137.4579143125857
650609	3137.4579143125857
651743	3137.4579143125857
652879	3137.4579143125857
654016	3137.4579143125857
655152	3137.4579143125857
656287	3137.4579143125857
671593	3137.4579143125857
672726	3137.4579143125857
673858	3137.4579143125857
674993	3137.4579143125857
676130	3137.4579143125857
677263	3137.4579143125857
678397	3137.4579143125857
679532	3137.4579143125857
680669	3137.4579143125857
681809	3137.4579143125857
698554	3137.4579143125857
699686	3137.4579143125857
700817	3137.4579143125857
701951	3137.4579143125857
703089	3137.4579143125857
704228	3137.4579143125857
705364	3137.4579143125857
706504	3137.4579143125857
707640	3137.4579143125857
708778	3137.4579143125857
709916	3137.4579143125857
711056	3137.4579143125857
712189	3137.4579143125857
713323	3137.4579143125857
714460	3137.4579143125857
715597	3137.4579143125857
716736	3137.4579143125857
717872	3137.4579143125857
719009	3137.4579143125857
720144	3137.4579143125857
732894	3137.4579143125857
734030	3137.4579143125857
735162	3137.4579143125857
736296	3137.4579143125857
737434	3137.4579143125857
738571	3137.4579143125857
739708	3137.4579143125857
740843	3137.4579143125857
741982	3137.4579143125857
743119	3137.4579143125857
744258	3137.4579143125857
745397	3137.4579143125857
746532	3137.4579143125857
747668	3137.4579143125857
748810	3137.4579143125857
749947	3137.4579143125857
751088	3137.4579143125857
752227	3137.4579143125857
753361	3137.4579143125857
754500	3137.4579143125857
769474	3137.4579143125857
770611	3137.4579143125857
771747	3137.4579143125857
772885	3137.4579143125857
774017	3137.4579143125857
775149	3137.4579143125857
776281	3137.4579143125857
777414	3137.4579143125857
778548	3137.4579143125857
779683	3137.4579143125857
780816	3137.4579143125857
781952	3137.4579143125857
783092	3137.4579143125857
784227	3137.4579143125857
785359	3137.4579143125857
786491	3137.4579143125857
787624	3137.4579143125857
788756	3137.4579143125857
789887	3137.4579143125857
791019	3137.4579143125857
803970	3137.4579143125857
805108	3137.4579143125857
806242	3137.4579143125857
807376	3137.4579143125857
808510	3137.4579143125857
809642	3137.4579143125857
810775	3137.4579143125857
811909	3137.4579143125857
813043	3137.4579143125857
814178	3137.4579143125857
815315	3137.4579143125857
816449	3137.4579143125857
817586	3137.4579143125857
818721	3137.4579143125857
819856	3137.4579143125857
820991	3137.4579143125857
822123	3137.4579143125857
823255	3137.4579143125857
824385	3137.4579143125857
825525	3137.4579143125857
839110	3137.4579143125857
840244	3137.4579143125857
841378	3137.4579143125857
842513	3137.4579143125857
843649	3137.4579143125857
844785	3137.4579143125857
845917	3137.4579143125857
847054	3137.4579143125857
848191	3137.4579143125857
849328	3137.4579143125857
860226	3137.4579143125857
861361	3137.4579143125857
862496	3137.4579143125857
863629	3137.4579143125857
864765	3137.4579143125857
865897	3137.4579143125857
867033	3137.4579143125857
868166	3137.4579143125857
869305	3137.4579143125857
870440	3137.4579143125857
871579	3137.4579143125857
872714	3137.4579143125857
873851	3137.4579143125857
874987	3137.4579143125857
876125	3137.4579143125857
877257	3137.4579143125857
878395	3137.4579143125857
879530	3137.4579143125857
880667	3137.4579143125857
881800	3137.4579143125857
894757	3137.4579143125857
895891	3137.4579143125857
897028	3137.4579143125857
898161	3137.4579143125857
899298	3137.4579143125857
900431	3137.4579143125857
901563	3137.4579143125857
902699	3137.4579143125857
903835	3137.4579143125857
904971	3137.4579143125857
906107	3137.4579143125857
907243	3137.4579143125857
908376	3137.4579143125857
909506	3137.4579143125857
910641	3137.4579143125857
911776	3137.4579143125857
912914	3137.4579143125857
914049	3137.4579143125857
915183	3137.4579143125857
916320	3137.4579143125857
928719	3137.4579143125857
929854	3137.4579143125857
930988	3137.4579143125857
932121	3137.4579143125857
933253	3137.4579143125857
934384	3137.4579143125857
935517	3137.4579143125857
936650	3137.4579143125857
937786	3137.4579143125857
938920	3137.4579143125857
940054	3137.4579143125857
941187	3137.4579143125857
942319	3137.4579143125857
943458	3137.4579143125857
944595	3137.4579143125857
945725	3137.4579143125857
946858	3137.4579143125857
947989	3137.4579143125857
949121	3137.4579143125857
950254	3137.4579143125857
961203	3137.4579143125857
962336	3137.4579143125857
963468	3137.4579143125857
964602	3137.4579143125857
965736	3137.4579143125857
966867	3137.4579143125857
968000	3137.4579143125857
969134	3137.4579143125857
970269	3137.4579143125857
971400	3137.4579143125857
972534	3137.4579143125857
973669	3137.4579143125857
974808	3137.4579143125857
975940	3137.4579143125857
977072	3137.4579143125857
978204	3137.4579143125857
979339	3137.4579143125857
980471	3137.4579143125857
981607	3137.4579143125857
982739	3137.4579143125857
996905	3137.4579143125857
998039	3137.4579143125857
999176	3137.4579143125857
1000314	3137.4579143125857
