1000	100272.10584354705
2163	73757.83753980038
3325	47749.44801456133
4480	31710.307772023723
5637	22526.84832829252
6795	18037.252495583783
7952	15561.492551288018
9108	13940.397457207604
10268	11701.107537825766
11425	10716.769153821475
12584	10089.1499628677
13744	9409.95030998029
14909	8777.19517013667
16077	8441.76401103922
17236	8188.474626603534
18401	7857.1011668355095
19575	7477.163198247737
20745	7185.353737764791
21905	6939.335946322499
23078	6517.1862549084435
24256	6416.50733959311
25435	6278.370539567755
26606	6047.622089588548
27785	5937.5297954618045
28963	5800.884320982133
30136	5658.314492310405
31311	5562.805499499596
32491	5344.973408684167
33667	5259.161523642446
34843	5151.525945267785
36026	5065.65461340064
37197	4980.934332202338
38376	4913.225940045372
39552	4878.482937555014
40729	4791.199442073762
41910	4745.027245882955
43093	4672.529507661338
44270	4659.828029947505
45453	4595.48142747398
46627	4540.160052112564
47806	4504.679424097848
118232	3367.084262830499
168519	3312.050796704316
208317	3312.050796241736
209478	3312.050796241736
210642	3312.050796241736
211808	3312.050796241736
212983	3312.050796241736
214159	3312.050796241736
215340	3312.050796241736
216516	3312.050796241736
217698	3312.050796241736
218880	3312.050796241736
220057	3312.050796241736
221234	3312.050796241736
222406	3312.050796241736
223573	3312.050796241736
224738	3312.050796241736
225911	3312.050796241736
227086	3312.050796241736
228254	3312.050796241736
229418	3312.050796241736
230574	3312.050796241736
231735	3312.050796241736
232898	3312.050796241736
234060	3312.050796241736
235223	3312.050796241736
236394	3312.050796241736
237556	3312.050796241736
238720	3312.050796241736
239889	3312.050796241736
273196	3312.050796241736
274363	3312.050796241736
275542	3312.050796241736
276715	3312.050796241736
277890	3312.050796241736
279063	3312.050796241736
280232	3312.050796241736
281408	3312.050796241736
282577	3312.050796241736
283750	3312.050796241736
299163	3312.050796241736
300321	3312.050796241736
301487	3312.050796241736
302651	3312.050796241736
303817	3312.050796241736
304985	3312.050796241736
306151	3312.050796241736
307313	3312.050796241736
308480	3312.050796241736
309644	3312.050796241736
310810	3312.050796241736
311978	3312.050796241736
313148	3312.050796241736
314307	3312.050796241736
315473	3312.050796241736
316642	3312.050796241736
317812	3312.050796241736
318970	3312.050796241736
320135	3312.050796241736
321305	3312.050796241736
337963	3312.050796241736
339138	3312.050796241736
340310	3312.050796241736
341484	3312.050796241736
342658	3312.050796241736
343829	3312.050796241736
345001	3312.050796241736
346173	3312.050796241736
347344	3312.050796241736
348508	3312.050796241736
349686	3312.050796241736
350862	3312.050796241736
352029	3312.050796241736
353204	3312.050796241736
354369	3312.050796241736
355541	3312.050796241736
356713	3312.050796241736
357877	3312.050796241736
359056	3312.050796241736
360232	3312.050796241736
394974	3312.050796241736
396149	3312.050796241736
397326	3312.050796241736
398498	3312.050796241736
399665	3312.050796241736
400841	3312.050796241736
402014	3312.050796241736
403189	3312.050796241736
404361	3312.050796241736
405539	3312.050796241736
406721	3312.050796241736
407894	3312.050796241736
409073	3312.050796241736
410241	3312.050796241736
411411	3312.050796241736
412581	3312.050796241736
413761	3312.050796241736
414932	3312.050796241736
416098	3312.050796241736
417277	3312.050796241736
441293	3312.050796241736
442469	3312.050796241736
443637	3312.050796241736
444807	3312.050796241736
445973	3312.050796241736
447143	3312.050796241736
448313	3312.050796241736
449484	3312.050796241736
450658	3312.050796241736
451827	3312.050796241736
453001	3312.050796241736
454171	3312.050796241736
455344	3312.050796241736
456513	3312.050796241736
457683	3312.050796241736
458849	3312.050796241736
460016	3312.050796241736
461190	3312.050796241736
462358	3312.050796241736
463524	3312.050796241736
486064	3312.050796241736
487245	3312.050796241736
488411	3312.050796241736
489586	3312.050796241736
490760	3312.050796241736
491932	3312.050796241736
493106	3312.050796241736
494268	3312.050796241736
495436	3312.050796241736
496608	3312.050796241736
531769	3312.050796241736
532937	3312.050796241736
534109	3312.050796241736
535279	3312.050796241736
536452	3312.050796241736
537621	3312.050796241736
538785	3312.050796241736
539958	3312.050796241736
541132	3312.050796241736
542300	3312.050796241736
543474	3312.050796241736
544666	3312.050796241736
545835	3312.050796241736
547010	3312.050796241736
548190	3312.050796241736
549362	3312.050796241736
550533	3312.050796241736
551718	3312.050796241736
552901	3312.050796241736
554083	3312.050796241736
563347	3311.936962383225
576244	3311.863750333584
588428	3311.7440222034993
605314	3311.744021710479
606494	3311.744021710479
607671	3311.744021710479
608853	3311.744021710479
610031	3311.744021710479
611209	3311.744021710479
612386	3311.744021710479
613550	3311.744021710479
614745	3311.744021710479
615933	3311.744021710479
617117	3311.744021710479
618288	3311.744021710479
619458	3311.744021710479
620623	3311.744021710479
621795	3311.744021710479
622971	3311.744021710479
624148	3311.744021710479
625319	3311.744021710479
626506	3311.744021710479
627678	3311.744021710479
628854	3311.744021710479
630027	3311.744021710479
631213	3311.744021710479
632391	3311.744021710479
633567	3311.744021710479
634747	3311.744021710479
635927	3311.744021710479
649596	3311.744021710479
650779	3311.744021710479
651961	3311.744021710479
653141	3311.744021710479
654315	3311.744021710479
655494	3311.744021710479
656677	3311.744021710479
657856	3311.744021710479
659025	3311.744021710479
660212	3311.744021710479
672663	3311.744021710479
673840	3311.744021710479
675017	3311.744021710479
676188	3311.744021710479
677356	3311.744021710479
678527	3311.744021710479
679713	3311.744021710479
680892	3311.744021710479
682070	3311.744021710479
683255	3311.744021710479
684445	3311.744021710479
685634	3311.744021710479
686819	3311.744021710479
688004	3311.744021710479
689182	3311.744021710479
690370	3311.744021710479
691563	3311.744021710479
692758	3311.744021710479
693942	3311.744021710479
695130	3311.744021710479
707686	3311.744021710479
708871	3311.744021710479
710053	3311.744021710479
711229	3311.744021710479
712413	3311.744021710479
713590	3311.744021710479
714763	3311.744021710479
715951	3311.744021710479
717131	3311.744021710479
718315	3311.744021710479
719501	3311.744021710479
720678	3311.744021710479
721858	3311.744021710479
723039	3311.744021710479
724221	3311.744021710479
725397	3311.744021710479
726575	3311.744021710479
727766	3311.744021710479
728948	3311.744021710479
730128	3311.744021710479
743568	3311.744021710479
744749	3311.744021710479
745927	3311.744021710479
747106	3311.744021710479
748290	3311.744021710479
749475	3311.744021710479
750662	3311.744021710479
751845	3311.744021710479
753026	3311.744021710479
754227	3311.744021710479
755421	3311.744021710479
756613	3311.744021710479
757811	3311.744021710479
758993	3311.744021710479
760178	3311.744021710479
761369	3311.744021710479
762557	3311.744021710479
763742	3311.744021710479
764943	3311.744021710479
766128	3311.744021710479
778078	3311.744021710479
779255	3311.744021710479
780426	3311.744021710479
781611	3311.744021710479
782786	3311.744021710479
783971	3311.744021710479
785140	3311.744021710479
786315	3311.744021710479
787490	3311.744021710479
788664	3311.744021710479
789839	3311.744021710479
791013	3311.744021710479
792181	3311.744021710479
793358	3311.744021710479
794543	3311.744021710479
795714	3311.744021710479
796886	3311.744021710479
798069	3311.744021710479
799259	3311.744021710479
800450	3311.744021710479
814947	3311.744021710479
816125	3311.744021710479
817303	3311.744021710479
818480	3311.744021710479
819649	3311.744021710479
820818	3311.744021710479
821998	3311.744021710479
823175	3311.744021710479
824362	3311.744021710479
825538	3311.744021710479
842452	3311.744021710479
843625	3311.744021710479
844814	3311.744021710479
845998	3311.744021710479
847181	3311.744021710479
848365	3311.744021710479
849549	3311.744021710479
850736	3311.744021710479
851912	3311.744021710479
853096	3311.744021710479
854275	3311.744021710479
855449	3311.744021710479
856631	3311.744021710479
857806	3311.744021710479
858985	3311.744021710479
860161	3311.744021710479
861342	3311.744021710479
862520	3311.744021710479
863694	3311.744021710479
864879	3311.744021710479
874919	3311.744021710479
876105	3311.744021710479
877284	3311.744021710479
878469	3311.744021710479
879654	3311.744021710479
880828	3311.744021710479
882011	3311.744021710479
883191	3311.744021710479
884363	3311.744021710479
885556	3311.744021710479
886750	3311.744021710479
887934	3311.744021710479
889120	3311.744021710479
890302	3311.744021710479
891488	3311.744021710479
892672	3311.744021710479
893863	3311.744021710479
895050	3311.744021710479
896238	3311.744021710479
897453	3311.744021710479
911357	3311.744021710479
912554	3311.744021710479
913732	3311.744021710479
914923	3311.744021710479
916114	3311.744021710479
917296	3311.744021710479
918482	3311.744021710479
919662	3311.744021710479
920838	3311.744021710479
922016	3311.744021710479
923192	3311.744021710479
924374	3311.744021710479
925554	3311.744021710479
926752	3311.744021710479
927938	3311.744021710479
929132	3311.744021710479
930324	3311.744021710479
931521	3311.744021710479
932717	3311.744021710479
933900	3311.744021710479
945090	3311.744021710479
946289	3311.744021710479
947483	3311.744021710479
948675	3311.744021710479
949857	3311.744021710479
951035	3311.744021710479
952215	3311.744021710479
953411	3311.744021710479
954604	3311.744021710479
955786	3311.744021710479
956975	3311.744021710479
958159	3311.744021710479
959341	3311.744021710479
960514	3311.744021710479
961689	3311.744021710479
962874	3311.744021710479
964055	3311.744021710479
965228	3311.744021710479
966402	3311.744021710479
967575	3311.744021710479
979146	3311.744021710479
980326	3311.744021710479
981514	3311.744021710479
982697	3311.744021710479
983889	3311.744021710479
985073	3311.744021710479
986255	3311.744021710479
987444	3311.744021710479
988640	3311.744021710479
989823	3311.744021710479
1003816	3311.744021710479
