1000	100244.35085286568
2150	93878.50242894563
3300	69684.0408546603
4446	69684.0408546603
5591	52190.76250694368
6735	44316.96739318173
7877	37807.51424707082
9022	31457.525122203297
10166	29537.696433957055
11309	26174.99239601771
12449	26174.99239601771
13588	24847.014106790382
14726	22220.85148952746
15865	16086.337857395278
17005	16086.337857395278
18145	16086.337857395278
19286	16086.337857395278
20426	15976.190615104422
21568	14870.258151357288
22703	14870.258151357288
23844	11734.736992489388
24984	11734.736992489388
26124	11674.594727585276
27261	11674.594727585276
28400	10755.792768883246
29539	10530.155147765643
30675	9491.082633341697
31815	9491.082633341697
32952	8849.697600244246
34090	8849.697600244246
35228	8347.625554857303
36367	7606.113770504208
37508	7606.113770504208
38644	6766.722497759069
39783	6766.722497759069
40918	6766.722497759069
42053	6766.722497759069
43190	6766.722497759069
44328	6528.426351232383
45463	6528.426351232383
46593	6456.771213762884
145433	3243.016508868167
195349	3237.140304024879
196483	3237.140304024879
197616	3237.140304024879
198752	3237.140304024879
199891	3237.140304024879
201028	3237.140304024879
202165	3237.140304024879
203304	3237.140304024879
204446	3237.140304024879
205585	3237.140304024879
206727	3237.140304024879
207868	3237.140304024879
209012	3237.140304024879
210158	3237.140304024879
211307	3237.140304024879
212449	3237.140304024879
213592	3237.140304024879
214736	3237.140304024879
215879	3237.140304024879
222983	3198.074965845716
283514	3198.0749639555797
284656	3198.0749639555797
285787	3198.0749639555797
286920	3198.0749639555797
288050	3198.0749639555797
289179	3198.0749639555797
290311	3198.0749639555797
291437	3198.0749639555797
292567	3198.0749639555797
293697	3198.0749639555797
294828	3198.0749639555797
295960	3198.0749639555797
297085	3198.0749639555797
298212	3198.0749639555797
299339	3198.0749639555797
300466	3198.0749639555797
301594	3198.0749639555797
302719	3198.0749639555797
303845	3198.0749639555797
339240	3198.0749639555797
340366	3198.0749639555797
341494	3198.0749639555797
342624	3198.0749639555797
343753	3198.0749639555797
344882	3198.0749639555797
346013	3198.0749639555797
347143	3198.0749639555797
348275	3198.0749639555797
349407	3198.0749639555797
350539	3198.0749639555797
351672	3198.0749639555797
352805	3198.0749639555797
353939	3198.0749639555797
355072	3198.0749639555797
356204	3198.0749639555797
357339	3198.0749639555797
358472	3198.0749639555797
359606	3198.0749639555797
360741	3198.0749639555797
389610	3198.0749639555797
390745	3198.0749639555797
391881	3198.0749639555797
393018	3198.0749639555797
394155	3198.0749639555797
395290	3198.0749639555797
396426	3198.0749639555797
397562	3198.0749639555797
398700	3198.0749639555797
399838	3198.0749639555797
400977	3198.0749639555797
402116	3198.0749639555797
403256	3198.0749639555797
404394	3198.0749639555797
405529	3198.0749639555797
406667	3198.0749639555797
407800	3198.0749639555797
408937	3198.0749639555797
410070	3198.0749639555797
411204	3198.0749639555797
446675	3198.0749639555797
447809	3198.0749639555797
448945	3198.0749639555797
450077	3198.0749639555797
451213	3198.0749639555797
452347	3198.0749639555797
453481	3198.0749639555797
454613	3198.0749639555797
455749	3198.0749639555797
456880	3198.0749639555797
458011	3198.0749639555797
459145	3198.0749639555797
460280	3198.0749639555797
461411	3198.0749639555797
462545	3198.0749639555797
463681	3198.0749639555797
464823	3198.0749639555797
465959	3198.0749639555797
467097	3198.0749639555797
468233	3198.0749639555797
504546	3198.0749639555797
505682	3198.0749639555797
506823	3198.0749639555797
507960	3198.0749639555797
509101	3198.0749639555797
510239	3198.0749639555797
511374	3198.0749639555797
512509	3198.0749639555797
513647	3198.0749639555797
514780	3198.0749639555797
515916	3198.0749639555797
517051	3198.0749639555797
518185	3198.0749639555797
519320	3198.0749639555797
520459	3198.0749639555797
521593	3198.0749639555797
522728	3198.0749639555797
523862	3198.0749639555797
525001	3198.0749639555797
526137	3198.0749639555797
561187	3198.0749639555797
562322	3198.0749639555797
563461	3198.0749639555797
564595	3198.0749639555797
565731	3198.0749639555797
566864	3198.0749639555797
568000	3198.0749639555797
569135	3198.0749639555797
570268	3198.0749639555797
571405	3198.0749639555797
600897	3198.0749639555797
602031	3198.0749639555797
603167	3198.0749639555797
604304	3198.0749639555797
605440	3198.0749639555797
606575	3198.0749639555797
607710	3198.0749639555797
608847	3198.0749639555797
609985	3198.0749639555797
611120	3198.0749639555797
612256	3198.0749639555797
613392	3198.0749639555797
614527	3198.0749639555797
615655	3198.0749639555797
616789	3198.0749639555797
617926	3198.0749639555797
619064	3198.0749639555797
620200	3198.0749639555797
621334	3198.0749639555797
622468	3198.0749639555797
653516	3198.0749639555797
654651	3198.0749639555797
655784	3198.0749639555797
656920	3198.0749639555797
658055	3198.0749639555797
659189	3198.0749639555797
660326	3198.0749639555797
661461	3198.0749639555797
662596	3198.0749639555797
663729	3198.0749639555797
664866	3198.0749639555797
666005	3198.0749639555797
667145	3198.0749639555797
668279	3198.0749639555797
669414	3198.0749639555797
670550	3198.0749639555797
671688	3198.0749639555797
672825	3198.0749639555797
673958	3198.0749639555797
675094	3198.0749639555797
707500	3198.0749639555797
708641	3198.0749639555797
709776	3198.0749639555797
710908	3198.0749639555797
712042	3198.0749639555797
713177	3198.0749639555797
714316	3198.0749639555797
715450	3198.0749639555797
716578	3198.0749639555797
717712	3198.0749639555797
718847	3198.0749639555797
719982	3198.0749639555797
721117	3198.0749639555797
722251	3198.0749639555797
723385	3198.0749639555797
724518	3198.0749639555797
725649	3198.0749639555797
726782	3198.0749639555797
727916	3198.0749639555797
729049	3198.0749639555797
761057	3198.0749639555797
762191	3198.0749639555797
763324	3198.0749639555797
764462	3198.0749639555797
765595	3198.0749639555797
766731	3198.0749639555797
767867	3198.0749639555797
769004	3198.0749639555797
770140	3198.0749639555797
771275	3198.0749639555797
772413	3198.0749639555797
773546	3198.0749639555797
774682	3198.0749639555797
775819	3198.0749639555797
776954	3198.0749639555797
778093	3198.0749639555797
779227	3198.0749639555797
780367	3198.0749639555797
781503	3198.0749639555797
782636	3198.0749639555797
811460	3198.0749639555797
812598	3198.0749639555797
813737	3198.0749639555797
814869	3198.0749639555797
816002	3198.0749639555797
817140	3198.0749639555797
818279	3198.0749639555797
819417	3198.0749639555797
820555	3198.0749639555797
821692	3198.0749639555797
851849	3198.0749639555797
852988	3198.0749639555797
854126	3198.0749639555797
855270	3198.0749639555797
856405	3198.0749639555797
857540	3198.0749639555797
858677	3198.0749639555797
859815	3198.0749639555797
860955	3198.0749639555797
862091	3198.0749639555797
863227	3198.0749639555797
864359	3198.0749639555797
865501	3198.0749639555797
866639	3198.0749639555797
867778	3198.0749639555797
868914	3198.0749639555797
870054	3198.0749639555797
871190	3198.0749639555797
872332	3198.0749639555797
873468	3198.0749639555797
904301	3198.0749639555797
905436	3198.0749639555797
906572	3198.0749639555797
907712	3198.0749639555797
908849	3198.0749639555797
909986	3198.0749639555797
911122	3198.0749639555797
912254	3198.0749639555797
913394	3198.0749639555797
914533	3198.0749639555797
915672	3198.0749639555797
916809	3198.0749639555797
917941	3198.0749639555797
919076	3198.0749639555797
920214	3198.0749639555797
921353	3198.0749639555797
922489	3198.0749639555797
923627	3198.0749639555797
924765	3198.0749639555797
925904	3198.0749639555797
953282	3198.0749639555797
954420	3198.0749639555797
955556	3198.0749639555797
956692	3198.0749639555797
957829	3198.0749639555797
958967	3198.0749639555797
960102	3198.0749639555797
961240	3198.0749639555797
962377	3198.0749639555797
963515	3198.0749639555797
964650	3198.0749639555797
965784	3198.0749639555797
966923	3198.0749639555797
968063	3198.0749639555797
969199	3198.0749639555797
970335	3198.0749639555797
971471	3198.0749639555797
972604	3198.0749639555797
973745	3198.0749639555797
974884	3198.0749639555797
1006255	3198.0749639555797
