1000	2769.1863359753806
2166	2574.8463133016216
3333	2310.840089094533
4487	2138.1568424509087
5638	2037.9051396158807
6790	1975.93105918891
7937	1849.1703310911043
9089	1849.1703310911043
10236	1831.3527868879928
11379	1704.5112612368061
12519	1704.5112612368061
13657	1704.5112612368061
14794	1704.5112612368061
15931	1667.3384199595703
17069	1667.3384199595703
18208	1660.604784315963
19346	1609.7736862681593
20477	1609.7736862681593
21611	1609.7736862681593
22745	1583.2147150714825
23875	1583.2147150714825
25003	1567.2819303752235
26138	1567.2819303752235
27269	1567.2819303752235
28396	1567.2819303752235
29522	1567.2819303752235
30650	1567.2819303752235
31780	1562.7526179940062
32908	1560.5811849868624
34035	1560.5811849868624
35163	1513.2979578003328
36285	1513.2979578003328
37410	1513.2979578003328
38537	1513.2979578003328
39660	1513.2979578003328
40786	1513.2979578003328
41912	1513.2979578003328
43038	1513.2979578003328
44169	1513.2979578003328
45297	1513.2979578003328
46428	1513.2979578003328
47558	1513.2979578003328
48690	1513.2979578003328
49817	1513.2979578003328
50942	1513.2979578003328
63546	840.2744222625164
73277	840.2744221936584
74403	840.2744221936584
75532	840.2744221936584
76667	840.2744221936584
77797	840.2744221936584
78928	840.2744221936584
80061	840.2744221936584
81191	840.2744221936584
82321	840.2744221936584
83457	840.2744221936584
84592	840.2744221936584
85725	840.2744221936584
86862	840.2744221936584
87995	840.2744221936584
89126	840.2744221936584
90262	840.2744221936584
91397	840.2744221936584
92533	840.2744221936584
93667	840.2744221936584
94797	840.2744221936584
95927	840.2744221936584
97060	840.2744221936584
98195	840.2744221936584
99330	840.2744221936584
100472	840.2744221936584
108690	840.2744221936584
109831	840.2744221936584
110978	840.2744221936584
112119	840.2744221936584
113268	840.2744221936584
114414	840.2744221936584
115566	840.2744221936584
116717	840.2744221936584
117875	840.2744221936584
119036	840.2744221936584
120188	840.2744221936584
121342	840.2744221936584
122495	840.2744221936584
123654	840.2744221936584
124816	840.2744221936584
125968	840.2744221936584
127121	840.2744221936584
128277	840.2744221936584
129430	840.2744221936584
130586	840.2744221936584
133457	817.391014749706
139193	817.3910145765171
140353	817.3910145765171
141509	817.3910145765171
142663	817.3910145765171
143820	817.3910145765171
144976	817.3910145765171
146132	817.3910145765171
147286	817.3910145765171
148439	817.3910145765171
149593	817.3910145765171
150752	817.3910145765171
151915	817.3910145765171
153078	817.3910145765171
154240	817.3910145765171
155401	817.3910145765171
156557	817.3910145765171
157724	817.3910145765171
158886	817.3910145765171
160059	817.3910145765171
163463	817.3910145765171
164629	817.3910145765171
165789	817.3910145765171
166961	817.3910145765171
168131	817.3910145765171
169290	817.3910145765171
170460	817.3910145765171
171632	817.3910145765171
172800	817.3910145765171
173973	817.3910145765171
175149	817.3910145765171
176318	817.3910145765171
177485	817.3910145765171
178650	817.3910145765171
179813	817.3910145765171
180981	817.3910145765171
182156	817.3910145765171
183330	817.3910145765171
184497	817.3910145765171
185673	817.3910145765171
189286	817.3910145765171
190459	817.3910145765171
191643	817.3910145765171
192813	817.3910145765171
193987	817.3910145765171
195159	817.3910145765171
196322	817.3910145765171
197489	817.3910145765171
198675	817.3910145765171
199851	817.3910145765171
201012	817.3910145765171
202185	817.3910145765171
203359	817.3910145765171
204534	817.3910145765171
205709	817.3910145765171
206873	817.3910145765171
208030	817.3910145765171
209206	817.3910145765171
210379	817.3910145765171
211549	817.3910145765171
214957	817.3910145765171
216124	817.3910145765171
217292	817.3910145765171
218461	817.3910145765171
219635	817.3910145765171
220808	817.3910145765171
221981	817.3910145765171
223150	817.3910145765171
224321	817.3910145765171
225496	817.3910145765171
226670	817.3910145765171
227840	817.3910145765171
229016	817.3910145765171
230195	817.3910145765171
231372	817.3910145765171
232550	817.3910145765171
233722	817.3910145765171
234890	817.3910145765171
236068	817.3910145765171
237237	817.3910145765171
240667	817.3910145765171
241835	817.3910145765171
243005	817.3910145765171
244179	817.3910145765171
245357	817.3910145765171
246530	817.3910145765171
247696	817.3910145765171
248866	817.3910145765171
250035	817.3910145765171
251223	817.3910145765171
252400	817.3910145765171
253573	817.3910145765171
254752	817.3910145765171
255929	817.3910145765171
257129	817.3910145765171
258319	817.3910145765171
259492	817.3910145765171
260665	817.3910145765171
261827	817.3910145765171
263003	817.3910145765171
266431	817.3910145765171
267609	817.3910145765171
268781	817.3910145765171
269953	817.3910145765171
271134	817.3910145765171
272312	817.3910145765171
273493	817.3910145765171
274664	817.3910145765171
275828	817.3910145765171
277002	817.3910145765171
280419	817.3910145765171
281581	817.3910145765171
282751	817.3910145765171
283912	817.3910145765171
285078	817.3910145765171
286241	817.3910145765171
287414	817.3910145765171
288589	817.3910145765171
289766	817.3910145765171
290932	817.3910145765171
292106	817.3910145765171
293282	817.3910145765171
294446	817.3910145765171
295616	817.3910145765171
296791	817.3910145765171
297974	817.3910145765171
299144	817.3910145765171
300323	817.3910145765171
301498	817.3910145765171
302677	817.3910145765171
306102	817.3910145765171
307274	817.3910145765171
308446	817.3910145765171
309624	817.3910145765171
310808	817.3910145765171
311972	817.3910145765171
313153	817.3910145765171
314326	817.3910145765171
315503	817.3910145765171
316673	817.3910145765171
317848	817.3910145765171
319014	817.3910145765171
320188	817.3910145765171
321361	817.3910145765171
322534	817.3910145765171
323716	817.3910145765171
324893	817.3910145765171
326059	817.3910145765171
327230	817.3910145765171
328412	817.3910145765171
331845	817.3910145765171
333025	817.3910145765171
334195	817.3910145765171
335368	817.3910145765171
336540	817.3910145765171
337720	817.3910145765171
338898	817.3910145765171
340072	817.3910145765171
341244	817.3910145765171
342421	817.3910145765171
343593	817.3910145765171
344763	817.3910145765171
345939	817.3910145765171
347117	817.3910145765171
348290	817.3910145765171
349459	817.3910145765171
350631	817.3910145765171
351806	817.3910145765171
352976	817.3910145765171
354138	817.3910145765171
358296	817.3910145765171
359465	817.3910145765171
360627	817.3910145765171
361797	817.3910145765171
362968	817.3910145765171
364132	817.3910145765171
365298	817.3910145765171
366460	817.3910145765171
367625	817.3910145765171
368787	817.3910145765171
369960	817.3910145765171
371128	817.3910145765171
372288	817.3910145765171
373450	817.3910145765171
374607	817.3910145765171
375771	817.3910145765171
376941	817.3910145765171
378100	817.3910145765171
379256	817.3910145765171
380423	817.3910145765171
383411	809.4310671501305
387826	809.4310664938178
388984	809.4310664938178
390145	809.4310664938178
391303	809.4310664938178
392455	809.4310664938178
393615	809.4310664938178
394772	809.4310664938178
395930	809.4310664938178
397087	809.4310664938178
398237	809.4310664938178
399393	809.4310664938178
400552	809.4310664938178
401709	809.4310664938178
402865	809.4310664938178
404023	809.4310664938178
405186	809.4310664938178
406348	809.4310664938178
407498	809.4310664938178
408657	809.4310664938178
416746	809.4310664938178
417901	809.4310664938178
419062	809.4310664938178
420218	809.4310664938178
421372	809.4310664938178
422533	809.4310664938178
423683	809.4310664938178
424833	809.4310664938178
425990	809.4310664938178
427141	809.4310664938178
428299	809.4310664938178
429453	809.4310664938178
430614	809.4310664938178
431776	809.4310664938178
432931	809.4310664938178
434088	809.4310664938178
435245	809.4310664938178
436400	809.4310664938178
437559	809.4310664938178
438723	809.4310664938178
442990	809.4310664938178
444154	809.4310664938178
445316	809.4310664938178
446477	809.4310664938178
447636	809.4310664938178
448808	809.4310664938178
449974	809.4310664938178
451131	809.4310664938178
452298	809.4310664938178
453459	809.4310664938178
454621	809.4310664938178
455784	809.4310664938178
456942	809.4310664938178
458104	809.4310664938178
459269	809.4310664938178
460432	809.4310664938178
461595	809.4310664938178
462755	809.4310664938178
463919	809.4310664938178
465079	809.4310664938178
469019	809.4310664938178
470182	809.4310664938178
471342	809.4310664938178
472503	809.4310664938178
473668	809.4310664938178
474834	809.4310664938178
475994	809.4310664938178
477159	809.4310664938178
478323	809.4310664938178
479485	809.4310664938178
480647	809.4310664938178
481806	809.4310664938178
482968	809.4310664938178
484134	809.4310664938178
485299	809.4310664938178
486469	809.4310664938178
487630	809.4310664938178
488791	809.4310664938178
489952	809.4310664938178
491121	809.4310664938178
494549	809.4310664938178
495706	809.4310664938178
496869	809.4310664938178
498030	809.4310664938178
499202	809.4310664938178
500376	809.4310664938178
501548	809.4310664938178
502709	809.4310664938178
503873	809.4310664938178
505035	809.4310664938178
506203	809.4310664938178
507363	809.4310664938178
508523	809.4310664938178
509691	809.4310664938178
510855	809.4310664938178
512033	809.4310664938178
513195	809.4310664938178
514364	809.4310664938178
515535	809.4310664938178
516699	809.4310664938178
518975	809.4310664351007
522802	809.4310664173918
523965	809.4310664173918
525133	809.4310664173918
526297	809.4310664173918
527465	809.4310664173918
528633	809.4310664173918
529798	809.4310664173918
530963	809.4310664173918
532132	809.4310664173918
533296	809.4310664173918
534454	809.4310664173918
535618	809.4310664173918
536795	809.4310664173918
537969	809.4310664173918
539132	809.4310664173918
540292	809.4310664173918
541465	809.4310664173918
542627	809.4310664173918
543799	809.4310664173918
548054	809.4310664173918
549226	809.4310664173918
550388	809.4310664173918
551546	809.4310664173918
552716	809.4310664173918
553877	809.4310664173918
555038	809.4310664173918
556203	809.4310664173918
557361	809.4310664173918
558532	809.4310664173918
559700	809.4310664173918
560869	809.4310664173918
562028	809.4310664173918
563189	809.4310664173918
564355	809.4310664173918
565513	809.4310664173918
566674	809.4310664173918
567843	809.4310664173918
569008	809.4310664173918
570170	809.4310664173918
573854	808.4358940630314
578933	808.4358940360478
580096	808.4358940360478
581258	808.4358940360478
582418	808.4358940360478
583580	808.4358940360478
584738	808.4358940360478
585898	808.4358940360478
587047	808.4358940360478
588204	808.4358940360478
589361	808.4358940360478
590516	808.4358940360478
591670	808.4358940360478
592825	808.4358940360478
593984	808.4358940360478
595135	808.4358940360478
596291	808.4358940360478
597448	808.4358940360478
598603	808.4358940360478
599758	808.4358940360478
602430	804.2994515965254
606648	804.2994515497528
607807	804.2994515497528
608963	804.2994515497528
610123	804.2994515497528
611278	804.2994515497528
612439	804.2994515497528
613596	804.2994515497528
614757	804.2994515497528
615914	804.2994515497528
617068	804.2994515497528
618225	804.2994515497528
619385	804.2994515497528
620542	804.2994515497528
621703	804.2994515497528
622866	804.2994515497528
624025	804.2994515497528
625186	804.2994515497528
626346	804.2994515497528
627501	804.2994515497528
632054	804.2994515497528
633214	804.2994515497528
634381	804.2994515497528
635551	804.2994515497528
636715	804.2994515497528
637878	804.2994515497528
639046	804.2994515497528
640211	804.2994515497528
641380	804.2994515497528
642548	804.2994515497528
643713	804.2994515497528
644879	804.2994515497528
646048	804.2994515497528
647214	804.2994515497528
648382	804.2994515497528
649549	804.2994515497528
650718	804.2994515497528
651895	804.2994515497528
653066	804.2994515497528
654233	804.2994515497528
657141	804.2994515497528
658304	804.2994515497528
659476	804.2994515497528
660647	804.2994515497528
661814	804.2994515497528
662978	804.2994515497528
664155	804.2994515497528
665331	804.2994515497528
666500	804.2994515497528
667675	804.2994515497528
668851	804.2994515497528
670027	804.2994515497528
671200	804.2994515497528
672367	804.2994515497528
673536	804.2994515497528
674711	804.2994515497528
675883	804.2994515497528
677052	804.2994515497528
678221	804.2994515497528
679388	804.2994515497528
687058	804.2994515497528
688240	804.2994515497528
689409	804.2994515497528
690586	804.2994515497528
691765	804.2994515497528
692941	804.2994515497528
694117	804.2994515497528
695287	804.2994515497528
696458	804.2994515497528
697627	804.2994515497528
698794	804.2994515497528
699960	804.2994515497528
701134	804.2994515497528
702320	804.2994515497528
703498	804.2994515497528
704676	804.2994515497528
705856	804.2994515497528
707026	804.2994515497528
708199	804.2994515497528
709373	804.2994515497528
713628	804.2994515497528
714797	804.2994515497528
715975	804.2994515497528
717150	804.2994515497528
718326	804.2994515497528
719494	804.2994515497528
720675	804.2994515497528
721852	804.2994515497528
723030	804.2994515497528
724206	804.2994515497528
725382	804.2994515497528
726559	804.2994515497528
727738	804.2994515497528
728910	804.2994515497528
730088	804.2994515497528
731255	804.2994515497528
732430	804.2994515497528
733610	804.2994515497528
734785	804.2994515497528
735961	804.2994515497528
740127	804.2994515497528
741302	804.2994515497528
742480	804.2994515497528
743652	804.2994515497528
744830	804.2994515497528
746009	804.2994515497528
747191	804.2994515497528
748359	804.2994515497528
749537	804.2994515497528
750706	804.2994515497528
756062	804.2994515497528
757238	804.2994515497528
758415	804.2994515497528
759587	804.2994515497528
760767	804.2994515497528
761949	804.2994515497528
763121	804.2994515497528
764300	804.2994515497528
765485	804.2994515497528
766664	804.2994515497528
767836	804.2994515497528
769015	804.2994515497528
770205	804.2994515497528
771383	804.2994515497528
772561	804.2994515497528
773743	804.2994515497528
774926	804.2994515497528
776103	804.2994515497528
777285	804.2994515497528
778469	804.2994515497528
782851	804.2994515497528
784030	804.2994515497528
785214	804.2994515497528
786389	804.2994515497528
787566	804.2994515497528
788738	804.2994515497528
789920	804.2994515497528
791098	804.2994515497528
792269	804.2994515497528
793445	804.2994515497528
794614	804.2994515497528
795794	804.2994515497528
796982	804.2994515497528
798158	804.2994515497528
799337	804.2994515497528
800516	804.2994515497528
801689	804.2994515497528
802874	804.2994515497528
804056	804.2994515497528
805235	804.2994515497528
809194	804.2994515497528
810380	804.2994515497528
811568	804.2994515497528
812745	804.2994515497528
813922	804.2994515497528
815097	804.2994515497528
816270	804.2994515497528
817445	804.2994515497528
818620	804.2994515497528
819795	804.2994515497528
820975	804.2994515497528
822141	804.2994515497528
823323	804.2994515497528
824494	804.2994515497528
825661	804.2994515497528
826825	804.2994515497528
827992	804.2994515497528
829156	804.2994515497528
830324	804.2994515497528
831496	804.2994515497528
834893	790.5268644232697
838916	790.5268643302024
840090	790.5268643302024
841265	790.5268643302024
842442	790.5268643302024
843619	790.5268643302024
844797	790.5268643302024
845977	790.5268643302024
847157	790.5268643302024
848333	790.5268643302024
849509	790.5268643302024
850688	790.5268643302024
851872	790.5268643302024
853054	790.5268643302024
854223	790.5268643302024
855411	790.5268643302024
856587	790.5268643302024
857767	790.5268643302024
858933	790.5268643302024
860105	790.5268643302024
863531	790.5268643302024
864694	790.5268643302024
865874	790.5268643302024
867046	790.5268643302024
868217	790.5268643302024
869387	790.5268643302024
870558	790.5268643302024
871724	790.5268643302024
872898	790.5268643302024
874066	790.5268643302024
875244	790.5268643302024
876414	790.5268643302024
877586	790.5268643302024
878758	790.5268643302024
879940	790.5268643302024
881114	790.5268643302024
882288	790.5268643302024
883464	790.5268643302024
884639	790.5268643302024
885811	790.5268643302024
889439	790.5268643302024
890620	790.5268643302024
891800	790.5268643302024
892970	790.5268643302024
894144	790.5268643302024
895313	790.5268643302024
896486	790.5268643302024
897660	790.5268643302024
898835	790.5268643302024
900010	790.5268643302024
901183	790.5268643302024
902350	790.5268643302024
903521	790.5268643302024
904686	790.5268643302024
905855	790.5268643302024
907034	790.5268643302024
908206	790.5268643302024
909371	790.5268643302024
910540	790.5268643302024
911699	790.5268643302024
915881	790.5268643302024
917049	790.5268643302024
918214	790.5268643302024
919377	790.5268643302024
920557	790.5268643302024
921728	790.5268643302024
922892	790.5268643302024
924057	790.5268643302024
925225	790.5268643302024
926391	790.5268643302024
927558	790.5268643302024
928718	790.5268643302024
929882	790.5268643302024
931047	790.5268643302024
932214	790.5268643302024
933376	790.5268643302024
934538	790.5268643302024
935701	790.5268643302024
936863	790.5268643302024
938025	790.5268643302024
941349	790.5268643302024
942517	790.5268643302024
943689	790.5268643302024
944852	790.5268643302024
946011	790.5268643302024
947177	790.5268643302024
948341	790.5268643302024
949504	790.5268643302024
950678	790.5268643302024
951849	790.5268643302024
953020	790.5268643302024
954197	790.5268643302024
955371	790.5268643302024
956543	790.5268643302024
957713	790.5268643302024
958887	790.5268643302024
960065	790.5268643302024
961230	790.5268643302024
962404	790.5268643302024
963572	790.5268643302024
965651	790.5268643133347
969174	790.5268643096622
970341	790.5268643096622
971506	790.5268643096622
972681	790.5268643096622
973854	790.5268643096622
975028	790.5268643096622
976203	790.5268643096622
977378	790.5268643096622
978554	790.5268643096622
979727	790.5268643096622
980900	790.5268643096622
982082	790.5268643096622
983252	790.5268643096622
984429	790.5268643096622
985617	790.5268643096622
986792	790.5268643096622
987969	790.5268643096622
989136	790.5268643096622
990304	790.5268643096622
998391	790.5268643096622
999564	790.5268643096622
1000738	790.5268643096622
