72.90164221610678	84.95507616845305	-18.349633964031554	-18.82244996821747	93.79771133726885	15.913033192208317	6.148057598115429	55.530446466045674	20.890267827558986	3.652743646363703	31.598001824932794	-47.65515026365754	-24.414924185936428	-98.2650130988952	44.13335052287627	64.76788660959866	47.212293232012314	94.31560005608418	51.12008410464145	-78.56636083367663	-35.722310617950924	84.38701452456093	-78.50324600538501	75.5923389472469	59.353247219509285	-70.51201527742353	-58.096228951982674	46.3481273506209	30.618270384141653	-94.01409940850122	
-42.60380129367893	35.759081811650205	52.736448587221155	17.010101928128293	-62.94121261876332	-32.99060956918672	51.77486594060979	-53.63426179492701	59.06713241499567	51.02312163609647	-21.31664141858495	17.8087269973049	64.10464477862848	-28.110675128688488	-52.86266596476991	70.53370166533205	91.46345765561816	-92.89036555258029	37.700331564016786	-24.178737423891132	-53.80346223331831	-69.6540509541333	-65.14847211084054	30.140802192104374	-56.84057527704056	-44.65512531003609	-49.94215307715166	38.55847647501869	-26.424590543069836	46.538282813361235	
-42.60380129367893	35.759081811650205	52.736448587221155	17.010101928128293	-62.94121261876332	-32.99060956918672	51.77486594060979	-53.63426179492701	59.06713241499567	51.02312163609647	-21.31664141858495	17.8087269973049	64.10464477862848	-28.110675128688488	-52.86266596476991	70.53370166533205	91.46345765561816	-92.89036555258029	37.700331564016786	-24.178737423891132	-53.80346223331831	-69.6540509541333	-65.14847211084054	30.140802192104374	-56.84057527704056	-44.65512531003609	-49.94215307715166	38.55847647501869	-26.424590543069836	46.538282813361235	
56.12962493096211	-46.781702762654675	-69.10244715427609	-71.65106807176471	36.99346404881925	-32.86314664130896	-65.09423438920638	-21.387873301863124	-56.24285550110597	19.370871726864753	10.584628824462765	87.27312486638073	18.918810181696017	-48.683690172155714	-34.842866026100076	-72.18772803763304	52.089512193315485	-47.61726563767772	54.70099334931045	49.085867301947104	46.62087532316591	-56.28829174273054	-39.46453068648498	22.65069147669852	-66.39402200874622	49.85709151026395	-66.0396325186639	52.39501351776281	-27.689800169561174	-52.44966325556536	
56.12962493096211	-46.781702762654675	-69.10244715427609	-71.65106807176471	36.99346404881925	-32.86314664130896	-65.09423438920638	-21.387873301863124	-56.24285550110597	19.370871726864753	10.584628824462765	87.27312486638073	18.918810181696017	-48.683690172155714	-34.842866026100076	-72.18772803763304	52.089512193315485	-47.61726563767772	54.70099334931045	49.085867301947104	46.62087532316591	-56.28829174273054	-39.46453068648498	22.65069147669852	-66.39402200874622	49.85709151026395	-66.0396325186639	52.39501351776281	-27.689800169561174	-52.44966325556536	
74.22579611613413	-60.136558555041375	-89.503319453738	-80.89805927518485	30.78817151680841	-82.65604732548418	-84.6292211173427	-24.095198904067196	-93.17872519279386	9.32464305996575	1.2622885471954053	88.45077706010443	10.916358402655183	-53.53517769132018	-48.74626010189084	-85.15375547244624	86.31108894811746	-49.566744271933445	75.64903238481716	51.17480082808204	79.82926911179031	-69.15382875205552	-60.531997872111056	22.29325931266209	-74.7125886762695	54.1470231200744	-66.91916396610267	41.43177690591664	-49.39998019968451	-94.48153328342343	
7.969034543959836	-34.32435583912415	58.0853960162009	-19.785443708944506	82.47822525512052	69.64451146998948	50.00358349366983	-17.83082452395161	15.139206166367707	18.166889821797003	-66.10076797162172	-48.2299159487528	52.816393197107956	23.996443240678474	-0.39235108425587484	-7.928970158614131	40.282945052649474	46.75257234183199	-86.86225246496159	-82.4855956453803	32.21653028376382	55.47254692460479	40.897792279923365	7.344881732560276	28.725492236552753	-58.6415103556166	0.012015516309318741	0.20823544329361887	-45.437229405310106	28.57310540121506	
56.148027478016395	51.2982725844669	35.474459435325585	-31.3422014876513	78.18232115452344	36.86324802407229	-22.042431334291614	-29.98842275168088	-12.641455828874115	15.641443705141754	3.4941075950529967	-25.880034674299917	27.602944980201727	-45.05696462053868	-28.78992014471536	-76.94616953939467	-53.16807670157399	25.70138174163799	-17.931018734058597	-49.86797641250673	-22.815742671435466	1.611382800131004	-59.84794726787889	9.104960318367304	2.843564187685196	27.79787484842893	-35.864902810202295	24.333300534876205	46.287129261929394	-19.910863898871213	
-43.587238182703494	-60.268566359825115	59.12964181134955	36.96283790714604	16.692202830891873	-47.3357941310627	-63.528106467483255	2.8484890801251197	47.66125233437093	-42.810096518432175	69.0225214057135	92.7841254514681	-68.73136062493728	48.21204323324676	48.119002475960706	44.39623032600978	50.82333323192536	-34.04898882784261	-86.14900644395838	64.51741581124892	-52.68357811158214	-85.99837743358606	18.326983658909526	19.16838955393051	-7.686537098189049	-64.24180537401614	87.8912082439344	-5.260913311257106	-49.962036304881416	-36.932933185663735	
-43.587238182703494	-60.268566359825115	59.12964181134955	36.96283790714604	16.692202830891873	-47.3357941310627	-63.528106467483255	2.8484890801251197	47.66125233437093	-42.810096518432175	69.0225214057135	92.7841254514681	-68.73136062493728	48.21204323324676	48.119002475960706	44.39623032600978	50.82333323192536	-34.04898882784261	-86.14900644395838	64.51741581124892	-52.68357811158214	-85.99837743358606	18.326983658909526	19.16838955393051	-7.686537098189049	-64.24180537401614	87.8912082439344	-5.260913311257106	-49.962036304881416	-36.932933185663735	
