-68.98681146267647	88.27780784962476	-51.218083118983145	-11.210270013029103	50.45096124162373	-20.578766939913734	26.378487158608067	24.936115033158757	-24.091991805384865	85.4445594874982	33.72947250931668	47.973670144312564	46.315779529714206	23.957621080619788	-66.11814621302723	82.92389094305702	88.51148502961817	-79.54268113255489	-26.42274397211554	-62.554786742628885	-73.59104025256113	15.832001410563294	-13.334192410411333	-73.33896373789571	-3.625984118347631	39.123858544429226	-72.81904590699068	29.203727695161263	31.825735801542805	66.42956888384302	
-68.98681146267647	88.27780784962476	-51.218083118983145	-11.210270013029103	50.45096124162373	-20.578766939913734	26.378487158608067	24.936115033158757	-24.091991805384865	85.4445594874982	33.72947250931668	47.973670144312564	46.315779529714206	23.957621080619788	-66.11814621302723	82.92389094305702	88.51148502961817	-79.54268113255489	-26.42274397211554	-62.554786742628885	-73.59104025256113	15.832001410563294	-13.334192410411333	-73.33896373789571	-3.625984118347631	39.123858544429226	-72.81904590699068	29.203727695161263	31.825735801542805	66.42956888384302	
-68.98681146267647	88.27780784962476	-51.218083118983145	-11.210270013029103	50.45096124162373	-20.578766939913734	26.378487158608067	24.936115033158757	-24.091991805384865	85.4445594874982	33.72947250931668	47.973670144312564	46.315779529714206	23.957621080619788	-66.11814621302723	82.92389094305702	88.51148502961817	-79.54268113255489	-26.42274397211554	-62.554786742628885	-73.59104025256113	15.832001410563294	-13.334192410411333	-73.33896373789571	-3.625984118347631	39.123858544429226	-72.81904590699068	29.203727695161263	31.825735801542805	66.42956888384302	
-64.86626084891952	-28.934629757860776	-31.02711312217891	45.1380988864905	13.996388186270112	-20.202585552454117	-87.62028443530428	33.551890900071626	8.836327683791978	6.820179849535537	-1.8108646142638491	20.1873524923506	-20.15413237682004	56.02437839631293	-21.073143355492366	-3.2386297242866497	57.612178795906516	-2.9024810716506124	88.26003376470963	39.018808313075176	-61.88791750155299	1.3512655906919084	-40.77666271081649	-45.92784000776189	0.5088297506333959	-12.350160068494974	95.66532686864925	26.554049239178532	59.704241882878065	66.7668238025528	
-66.1115964325258	-41.97258464365058	-35.00507974516728	44.945954098804926	18.187815934003446	-19.89252862639348	-88.8366918062935	45.41913665653319	6.44944314897478	30.89064618352357	-31.508623330109234	4.988394223258947	-34.66627732322753	81.55643176283161	-18.89787169922031	-30.613103090907696	59.42114933307468	-5.041305767604534	91.04148237524328	88.16441819614026	-66.90658867206236	-25.411066421919884	-70.78104533516215	-45.0209008948661	53.32975838453574	3.302812031539739	93.55790245743755	76.2554347529571	73.8038019294246	73.26140233352692	
-66.1115964325258	-41.97258464365058	-35.00507974516728	44.945954098804926	18.187815934003446	-19.89252862639348	-88.8366918062935	45.41913665653319	6.44944314897478	30.89064618352357	-31.508623330109234	4.988394223258947	-34.66627732322753	81.55643176283161	-18.89787169922031	-30.613103090907696	59.42114933307468	-5.041305767604534	91.04148237524328	88.16441819614026	-66.90658867206236	-25.411066421919884	-70.78104533516215	-45.0209008948661	53.32975838453574	3.302812031539739	93.55790245743755	76.2554347529571	73.8038019294246	73.26140233352692	
-66.1115964325258	-41.97258464365058	-35.00507974516728	44.945954098804926	18.187815934003446	-19.89252862639348	-88.8366918062935	45.41913665653319	6.44944314897478	30.89064618352357	-31.508623330109234	4.988394223258947	-34.66627732322753	81.55643176283161	-18.89787169922031	-30.613103090907696	59.42114933307468	-5.041305767604534	91.04148237524328	88.16441819614026	-66.90658867206236	-25.411066421919884	-70.78104533516215	-45.0209008948661	53.32975838453574	3.302812031539739	93.55790245743755	76.2554347529571	73.8038019294246	73.26140233352692	
-66.1115964325258	-41.97258464365058	-35.00507974516728	44.945954098804926	18.187815934003446	-19.89252862639348	-88.8366918062935	45.41913665653319	6.44944314897478	30.89064618352357	-31.508623330109234	4.988394223258947	-34.66627732322753	81.55643176283161	-18.89787169922031	-30.613103090907696	59.42114933307468	-5.041305767604534	91.04148237524328	88.16441819614026	-66.90658867206236	-25.411066421919884	-70.78104533516215	-45.0209008948661	53.32975838453574	3.302812031539739	93.55790245743755	76.2554347529571	73.8038019294246	73.26140233352692	
-66.1115964325258	-41.97258464365058	-35.00507974516728	44.945954098804926	18.187815934003446	-19.89252862639348	-88.8366918062935	45.41913665653319	6.44944314897478	30.89064618352357	-31.508623330109234	4.988394223258947	-34.66627732322753	81.55643176283161	-18.89787169922031	-30.613103090907696	59.42114933307468	-5.041305767604534	91.04148237524328	88.16441819614026	-66.90658867206236	-25.411066421919884	-70.78104533516215	-45.0209008948661	53.32975838453574	3.302812031539739	93.55790245743755	76.2554347529571	73.8038019294246	73.26140233352692	
-66.1115964325258	-41.97258464365058	-35.00507974516728	44.945954098804926	18.187815934003446	-19.89252862639348	-88.8366918062935	45.41913665653319	6.44944314897478	30.89064618352357	-31.508623330109234	4.988394223258947	-34.66627732322753	81.55643176283161	-18.89787169922031	-30.613103090907696	59.42114933307468	-5.041305767604534	91.04148237524328	88.16441819614026	-66.90658867206236	-25.411066421919884	-70.78104533516215	-45.0209008948661	53.32975838453574	3.302812031539739	93.55790245743755	76.2554347529571	73.8038019294246	73.26140233352692	
