300	6261.436807871571
639	5222.030579033288
965	4787.74717538751
1287	4200.395515437214
1601	4200.395515437214
1911	4200.395515437214
2223	4088.4019633777893
2530	4088.4019633777893
2842	3828.376024450494
3149	3828.376024450494
3457	3828.376024450494
3764	3828.376024450494
4071	3828.376024450494
4378	3828.376024450494
4685	3828.376024450494
4993	3828.376024450494
5301	3828.376024450494
5607	3828.376024450494
5915	3828.376024450494
6224	3828.376024450494
6531	3828.376024450494
6838	3784.5737940642384
7146	3652.432251218245
7453	3652.432251218245
7762	3652.432251218245
8073	3636.9816363144655
8386	3636.9816363144655
8697	3636.9816363144655
9006	3636.9816363144655
9317	3636.9816363144655
9628	3636.9816363144655
9937	3636.9816363144655
10246	3636.9816363144655
10553	3636.9816363144655
10861	3504.38263902746
11168	3504.38263902746
11477	3504.38263902746
11788	3504.38263902746
12099	3504.38263902746
12407	3504.38263902746
12719	3504.38263902746
13030	3504.38263902746
13338	3504.38263902746
13648	3504.38263902746
13962	3504.38263902746
14273	3504.38263902746
14583	3504.38263902746
14893	3504.38263902746
28056	2289.186677082209
28365	2289.186677082209
28671	2289.186677082209
28980	2289.186677082209
29291	2289.186677082209
29602	2289.186677082209
29913	2289.186677082209
30224	2289.186677082209
30537	2289.186677082209
30844	2289.186677082209
31156	2289.186677082209
31466	2289.186677082209
31779	2289.186677082209
32089	2289.186677082209
32402	2289.186677082209
32710	2289.186677082209
33017	2289.186677082209
33324	2289.186677082209
33636	2289.186677082209
33947	2289.186677082209
34257	2289.186677082209
34566	2289.186677082209
34876	2289.186677082209
42731	2289.186677082209
43037	2289.186677082209
43344	2289.186677082209
43650	2289.186677082209
43960	2289.186677082209
44268	2289.186677082209
44576	2289.186677082209
44884	2289.186677082209
45195	2289.186677082209
45504	2289.186677082209
45813	2289.186677082209
46126	2289.186677082209
46444	2289.186677082209
46757	2289.186677082209
47072	2289.186677082209
47386	2289.186677082209
47695	2289.186677082209
48004	2289.186677082209
48320	2289.186677082209
48631	2289.186677082209
60132	2289.186677082209
60445	2289.186677082209
60757	2289.186677082209
61064	2289.186677082209
61373	2289.186677082209
61683	2289.186677082209
61994	2289.186677082209
62304	2289.186677082209
62615	2289.186677082209
62929	2289.186677082209
63241	2289.186677082209
63556	2289.186677082209
63869	2289.186677082209
64184	2289.186677082209
64495	2289.186677082209
64804	2289.186677082209
65117	2289.186677082209
65430	2289.186677082209
65739	2289.186677082209
66047	2289.186677082209
71892	2289.186677082209
72207	2289.186677082209
72517	2289.186677082209
72832	2289.186677082209
73140	2289.186677082209
73457	2289.186677082209
73766	2289.186677082209
74079	2289.186677082209
74394	2289.186677082209
74701	2289.186677082209
80527	2289.186677082209
80842	2289.186677082209
81158	2289.186677082209
81471	2289.186677082209
81785	2289.186677082209
82104	2289.186677082209
82417	2289.186677082209
82724	2289.186677082209
83036	2289.186677082209
93027	2214.9178145431374
93342	2214.9178145431374
93654	2214.9178145431374
93966	2214.9178145431374
94276	2214.9178145431374
94588	2214.9178145431374
94898	2214.9178145431374
95207	2214.9178145431374
95518	2214.9178145431374
95826	2214.9178145431374
96137	2214.9178145431374
96447	2214.9178145431374
96759	2214.9178145431374
97069	2214.9178145431374
97387	2214.9178145431374
97701	2214.9178145431374
98011	2214.9178145431374
98323	2214.9178145431374
98635	2214.9178145431374
98950	2214.9178145431374
99262	2214.9178145431374
104002	2214.9178145431374
104314	2214.9178145431374
104627	2214.9178145431374
104945	2214.9178145431374
105261	2214.9178145431374
105579	2214.9178145431374
105896	2214.9178145431374
106212	2214.9178145431374
106531	2214.9178145431374
106847	2214.9178145431374
107159	2214.9178145431374
107473	2214.9178145431374
107789	2214.9178145431374
108105	2214.9178145431374
108418	2214.9178145431374
108728	2214.9178145431374
109040	2214.9178145431374
109354	2214.9178145431374
109669	2214.9178145431374
109982	2214.9178145431374
117429	2195.502144173393
123015	2195.502144173393
123331	2195.502144173393
123643	2195.502144173393
123955	2195.502144173393
124265	2195.502144173393
124575	2195.502144173393
124884	2195.502144173393
125195	2195.502144173393
125504	2195.502144173393
125814	2195.502144173393
126128	2195.502144173393
126437	2195.502144173393
126743	2195.502144173393
127052	2195.502144173393
127364	2195.502144173393
127675	2195.502144173393
127986	2195.502144173393
128294	2195.502144173393
128606	2195.502144173393
132710	2195.502144173393
133020	2195.502144173393
133331	2195.502144173393
133649	2195.502144173393
133964	2195.502144173393
134275	2195.502144173393
134589	2195.502144173393
134903	2195.502144173393
135221	2195.502144173393
135534	2195.502144173393
135847	2195.502144173393
136160	2195.502144173393
136471	2195.502144173393
136781	2195.502144173393
137097	2195.502144173393
137410	2195.502144173393
137731	2195.502144173393
138045	2195.502144173393
138353	2195.502144173393
138663	2195.502144173393
145950	2076.579574764146
152403	2076.579574764146
152719	2076.579574764146
153030	2076.579574764146
153343	2076.579574764146
153658	2076.579574764146
153979	2076.579574764146
154297	2076.579574764146
154620	2076.579574764146
154936	2076.579574764146
155253	2076.579574764146
155565	2076.579574764146
155882	2076.579574764146
156195	2076.579574764146
156513	2076.579574764146
156828	2076.579574764146
157139	2076.579574764146
157456	2076.579574764146
157767	2076.579574764146
158081	2076.579574764146
161356	2076.579574764146
161669	2076.579574764146
161987	2076.579574764146
162302	2076.579574764146
162615	2076.579574764146
162929	2076.579574764146
163243	2076.579574764146
163559	2076.579574764146
163871	2076.579574764146
164190	2076.579574764146
164504	2076.579574764146
164820	2076.579574764146
165130	2076.579574764146
165449	2076.579574764146
165762	2076.579574764146
166077	2076.579574764146
166388	2076.579574764146
166702	2076.579574764146
167013	2076.579574764146
167325	2076.579574764146
172939	2058.1309434866566
178799	2058.1309434866566
179111	2058.1309434866566
179429	2058.1309434866566
179747	2058.1309434866566
180063	2058.1309434866566
180383	2058.1309434866566
180701	2058.1309434866566
181014	2058.1309434866566
181332	2058.1309434866566
181645	2058.1309434866566
181963	2058.1309434866566
182280	2058.1309434866566
182592	2058.1309434866566
182909	2058.1309434866566
183226	2058.1309434866566
183541	2058.1309434866566
183857	2058.1309434866566
184168	2058.1309434866566
184481	2058.1309434866566
189480	1978.236707202285
195740	1940.4927083252776
202572	1940.4927083252776
202887	1940.4927083252776
203200	1940.4927083252776
203507	1940.4927083252776
203826	1940.4927083252776
204137	1940.4927083252776
204452	1940.4927083252776
204763	1940.4927083252776
205081	1940.4927083252776
205396	1940.4927083252776
205708	1940.4927083252776
206023	1940.4927083252776
206342	1940.4927083252776
206663	1940.4927083252776
206977	1940.4927083252776
207288	1940.4927083252776
207596	1940.4927083252776
207906	1940.4927083252776
211444	1938.316213826878
217549	1938.316213826878
217863	1938.316213826878
218179	1938.316213826878
218494	1938.316213826878
218814	1938.316213826878
219131	1938.316213826878
219445	1938.316213826878
219762	1938.316213826878
220079	1938.316213826878
220391	1938.316213826878
220701	1938.316213826878
224520	1938.198661833923
224832	1938.198661833923
230702	1938.1065463906853
231014	1938.1065463906853
231327	1938.1065463906853
231638	1938.1065463906853
231948	1938.1065463906853
232256	1938.1065463906853
232565	1938.1065463906853
232877	1938.1065463906853
233194	1938.1065463906853
233508	1938.1065463906853
233823	1938.1065463906853
234143	1938.1065463906853
234459	1938.1065463906853
234772	1938.1065463906853
235085	1938.1065463906853
245031	1938.0532126402175
245351	1938.0532126402175
245663	1938.0532126402175
245979	1938.0532126402175
246289	1938.0532126402175
246601	1938.0532126402175
246914	1938.0532126402175
247226	1938.0532126402175
247537	1938.0532126402175
247848	1938.0532126402175
248166	1938.0532126402175
248477	1938.0532126402175
248787	1938.0532126402175
249097	1938.0532126402175
249410	1938.0532126402175
249725	1938.0532126402175
250041	1938.0532126402175
250355	1938.0532126402175
250671	1938.0532126402175
257472	1937.9765374435613
257791	1937.9765374435613
258111	1937.9765374435613
258431	1937.9765374435613
258751	1937.9765374435613
259067	1937.9765374435613
259383	1937.9765374435613
259697	1937.9765374435613
260013	1937.9765374435613
260328	1937.9765374435613
260643	1937.9765374435613
266044	1937.7194568526925
266362	1937.7194568526925
266675	1937.7194568526925
266988	1937.7194568526925
267299	1937.7194568526925
267610	1937.7194568526925
267925	1937.7194568526925
268241	1937.7194568526925
268551	1937.7194568526925
268862	1937.7194568526925
269172	1937.7194568526925
269485	1937.7194568526925
269801	1937.7194568526925
270119	1937.7194568526925
270434	1937.7194568526925
270749	1937.7194568526925
271064	1937.7194568526925
271381	1937.7194568526925
271696	1937.7194568526925
276873	1937.4219654327148
277187	1937.4219654327148
277500	1937.4219654327148
277816	1937.4219654327148
278130	1937.4219654327148
278444	1937.4219654327148
278756	1937.4219654327148
279067	1937.4219654327148
279387	1937.4219654327148
279701	1937.4219654327148
280017	1937.4219654327148
280328	1937.4219654327148
280645	1937.4219654327148
280957	1937.4219654327148
281271	1937.4219654327148
281586	1937.4219654327148
281897	1937.4219654327148
282212	1937.4219654327148
282528	1937.4219654327148
282839	1937.4219654327148
283154	1937.4219654327148
283468	1937.4219654327148
285569	1937.4219654327148
285881	1937.4219654327148
286196	1937.4219654327148
286512	1937.4219654327148
286825	1937.4219654327148
287144	1937.4219654327148
287457	1937.4219654327148
287767	1937.4219654327148
288078	1937.4219654327148
288393	1937.4219654327148
288705	1937.4219654327148
289015	1937.4219654327148
289327	1937.4219654327148
289637	1937.4219654327148
289952	1937.4219654327148
290262	1937.4219654327148
290576	1937.4219654327148
290893	1937.4219654327148
291205	1937.4219654327148
291519	1937.4219654327148
294435	1937.4173751343442
297250	1937.4070420851576
301213	1937.3690191177907
