300	7304.727590877446
640	4864.557861709055
967	4317.122605900364
1289	4317.122605900364
1606	3870.1128084782576
1921	3870.1128084782576
2236	3870.1036844016326
2546	3718.8894568953765
2855	3718.8894568953765
3165	3718.8894568953765
3475	3718.8894568953765
3784	3310.803540031488
4091	3310.803540031488
4402	3310.803540031488
4713	3310.803540031488
5021	3310.803540031488
5329	3310.803540031488
5639	3310.803540031488
5948	3310.803540031488
6257	3310.803540031488
6565	3310.803540031488
6872	3310.803540031488
7179	3310.803540031488
7487	3310.803540031488
7793	3310.803540031488
8101	3310.803540031488
8408	3310.803540031488
8715	3310.803540031488
9023	3310.803540031488
9329	3310.803540031488
9637	3310.803540031488
9944	3310.803540031488
25260	2281.8931787534334
25568	2281.8931787534334
25875	2281.8931787534334
26183	2281.8931787534334
26495	2281.8931787534334
26812	2281.8931787534334
27122	2281.8931787534334
27434	2281.8931787534334
27748	2281.8931787534334
28063	2281.8931787534334
28374	2281.8931787534334
28685	2281.8931787534334
28995	2281.8931787534334
29304	2281.8931787534334
29615	2281.8931787534334
29925	2281.8931787534334
30237	2281.8931787534334
30547	2281.8931787534334
30857	2281.8931787534334
37311	2281.8931787534334
37623	2281.8931787534334
37933	2281.8931787534334
38245	2281.8931787534334
38554	2281.8931787534334
38864	2281.8931787534334
39172	2281.8931787534334
39482	2281.8931787534334
39793	2281.8931787534334
40103	2281.8931787534334
40424	2281.8931787534334
40737	2281.8931787534334
41049	2281.8931787534334
41363	2281.8931787534334
41672	2281.8931787534334
41987	2281.8931787534334
42303	2281.8931787534334
42623	2281.8931787534334
42935	2281.8931787534334
43244	2281.8931787534334
50531	2281.8931787534334
50845	2281.8931787534334
51161	2281.8931787534334
51474	2281.8931787534334
51795	2281.8931787534334
52111	2281.8931787534334
52423	2281.8931787534334
52741	2281.8931787534334
53054	2281.8931787534334
53365	2281.8931787534334
53678	2281.8931787534334
53990	2281.8931787534334
54305	2281.8931787534334
54623	2281.8931787534334
54932	2281.8931787534334
55240	2281.8931787534334
55558	2281.8931787534334
55866	2281.8931787534334
56176	2281.8931787534334
56487	2281.8931787534334
62591	2281.8931787534334
62909	2281.8931787534334
63225	2281.8931787534334
63542	2281.8931787534334
63858	2281.8931787534334
64169	2281.8931787534334
64483	2281.8931787534334
64800	2281.8931787534334
65123	2281.8931787534334
65433	2281.8931787534334
65750	2281.8931787534334
66061	2281.8931787534334
66375	2281.8931787534334
66692	2281.8931787534334
67014	2281.8931787534334
67342	2281.8931787534334
67660	2281.8931787534334
67980	2281.8931787534334
68302	2281.8931787534334
68619	2281.8931787534334
75015	2227.8946157261844
82620	2227.8946157261844
82938	2227.8946157261844
83253	2227.8946157261844
83569	2227.8946157261844
83885	2227.8946157261844
84199	2227.8946157261844
84515	2227.8946157261844
84834	2227.8946157261844
85146	2227.8946157261844
85461	2227.8946157261844
85777	2227.8946157261844
86095	2227.8946157261844
86411	2227.8946157261844
86722	2227.8946157261844
87046	2227.8946157261844
87365	2227.8946157261844
87689	2227.8946157261844
88014	2227.8946157261844
88343	2227.8946157261844
95998	2227.8946157261844
96320	2227.8946157261844
96643	2227.8946157261844
96969	2227.8946157261844
97291	2227.8946157261844
97611	2227.8946157261844
97939	2227.8946157261844
98252	2227.8946157261844
98564	2227.8946157261844
98882	2227.8946157261844
99192	2227.8946157261844
99513	2227.8946157261844
99831	2227.8946157261844
100144	2227.8946157261844
100457	2227.8946157261844
100780	2227.8946157261844
101095	2227.8946157261844
101408	2227.8946157261844
101726	2227.8946157261844
102039	2227.8946157261844
104317	2227.73809392206
108308	2227.311105527573
113170	2227.311105527573
113488	2227.311105527573
113806	2227.311105527573
114127	2227.311105527573
114442	2227.311105527573
118937	2226.8194238838987
119250	2226.8194238838987
119564	2226.8194238838987
119875	2226.8194238838987
120186	2226.8194238838987
120498	2226.8194238838987
120813	2226.8194238838987
121123	2226.8194238838987
121437	2226.8194238838987
121751	2226.8194238838987
122065	2226.8194238838987
122373	2226.8194238838987
122684	2226.8194238838987
126865	2226.689546549811
127177	2226.689546549811
127486	2226.689546549811
127793	2226.689546549811
128103	2226.689546549811
128414	2226.689546549811
128722	2226.689546549811
129031	2226.689546549811
129340	2226.689546549811
129651	2226.689546549811
129965	2226.689546549811
130276	2226.689546549811
130590	2226.689546549811
130900	2226.689546549811
131212	2226.689546549811
131527	2226.689546549811
131840	2226.689546549811
132151	2226.689546549811
132462	2226.689546549811
132775	2226.689546549811
136463	2226.384770982693
140184	2226.384770982693
140497	2226.384770982693
140807	2226.384770982693
141121	2226.384770982693
141433	2226.384770982693
141742	2226.384770982693
142049	2226.384770982693
142359	2226.384770982693
142669	2226.384770982693
142980	2226.384770982693
143295	2226.384770982693
143607	2226.384770982693
143917	2226.384770982693
144230	2226.384770982693
144538	2226.384770982693
144849	2226.384770982693
145161	2226.384770982693
145473	2226.384770982693
145788	2226.384770982693
149100	2226.384770982693
149418	2226.384770982693
149734	2226.384770982693
150053	2226.384770982693
150371	2226.384770982693
150687	2226.384770982693
151006	2226.384770982693
151322	2226.384770982693
151640	2226.384770982693
151961	2226.384770982693
152275	2226.384770982693
152588	2226.384770982693
152901	2226.384770982693
153215	2226.384770982693
153526	2226.384770982693
153840	2226.384770982693
154152	2226.384770982693
154469	2226.384770982693
154783	2226.384770982693
155097	2226.384770982693
162166	2226.384770982693
162481	2226.384770982693
162793	2226.384770982693
163108	2226.384770982693
163423	2226.384770982693
163734	2226.384770982693
164046	2226.384770982693
164357	2226.384770982693
164669	2226.384770982693
164983	2226.384770982693
173550	2226.2841959445564
173867	2226.2841959445564
174182	2226.2841959445564
174498	2226.2841959445564
174808	2226.2841959445564
175119	2226.2841959445564
186027	2226.2641019406456
186340	2226.2641019406456
186649	2226.2641019406456
186961	2226.2641019406456
187270	2226.2641019406456
187579	2226.2641019406456
187890	2226.2641019406456
188202	2226.2641019406456
188512	2226.2641019406456
188821	2226.2641019406456
189130	2226.2641019406456
189441	2226.2641019406456
189751	2226.2641019406456
190064	2226.2641019406456
190376	2226.2641019406456
190687	2226.2641019406456
191007	2226.2641019406456
191326	2226.2641019406456
191638	2226.2641019406456
191952	2226.2641019406456
192263	2226.2641019406456
192580	2226.2641019406456
192897	2226.2641019406456
193213	2226.2641019406456
196051	2226.2641019406456
196364	2226.2641019406456
196679	2226.2641019406456
196993	2226.2641019406456
197310	2226.2641019406456
197626	2226.2641019406456
197938	2226.2641019406456
198253	2226.2641019406456
198564	2226.2641019406456
198877	2226.2641019406456
199189	2226.2641019406456
199507	2226.2641019406456
199823	2226.2641019406456
200131	2226.2641019406456
200437	2226.2641019406456
200747	2226.2641019406456
201057	2226.2641019406456
201371	2226.2641019406456
201681	2226.2641019406456
201997	2226.2641019406456
208438	2226.2641019406456
208751	2226.2641019406456
209061	2226.2641019406456
209369	2226.2641019406456
209677	2226.2641019406456
209992	2226.2641019406456
210303	2226.2641019406456
210618	2226.2641019406456
210933	2226.2641019406456
211245	2226.2641019406456
211559	2226.2641019406456
211871	2226.2641019406456
212191	2226.2641019406456
212509	2226.2641019406456
212828	2226.2641019406456
213145	2226.2641019406456
213460	2226.2641019406456
213778	2226.2641019406456
214093	2226.2641019406456
214410	2226.2641019406456
219587	2226.2641019406456
219899	2226.2641019406456
220215	2226.2641019406456
220532	2226.2641019406456
220846	2226.2641019406456
221157	2226.2641019406456
221468	2226.2641019406456
221780	2226.2641019406456
222093	2226.2641019406456
222406	2226.2641019406456
229042	2226.2641019406456
229355	2226.2641019406456
229667	2226.2641019406456
229978	2226.2641019406456
230291	2226.2641019406456
230601	2226.2641019406456
230911	2226.2641019406456
231227	2226.2641019406456
231542	2226.2641019406456
231854	2226.2641019406456
232170	2226.2641019406456
232487	2226.2641019406456
232805	2226.2641019406456
233121	2226.2641019406456
233438	2226.2641019406456
233751	2226.2641019406456
234065	2226.2641019406456
234379	2226.2641019406456
234692	2226.2641019406456
235006	2226.2641019406456
240936	2226.2641019406456
241251	2226.2641019406456
241564	2226.2641019406456
241875	2226.2641019406456
242187	2226.2641019406456
242498	2226.2641019406456
242810	2226.2641019406456
243119	2226.2641019406456
243431	2226.2641019406456
243743	2226.2641019406456
244052	2226.2641019406456
244362	2226.2641019406456
244672	2226.2641019406456
244984	2226.2641019406456
245291	2226.2641019406456
245597	2226.2641019406456
245907	2226.2641019406456
246215	2226.2641019406456
246525	2226.2641019406456
246836	2226.2641019406456
250868	1970.9227135278861
258017	1970.9227135278861
258330	1970.9227135278861
258640	1970.9227135278861
258951	1970.9227135278861
259261	1970.9227135278861
259571	1970.9227135278861
259882	1970.9227135278861
260193	1970.9227135278861
260505	1970.9227135278861
260817	1970.9227135278861
261133	1970.9227135278861
261447	1970.9227135278861
261762	1970.9227135278861
262073	1970.9227135278861
262382	1970.9227135278861
262695	1970.9227135278861
263005	1970.9227135278861
263319	1970.9227135278861
263633	1970.9227135278861
272576	1970.9227135278861
272890	1970.9227135278861
273203	1970.9227135278861
273514	1970.9227135278861
273826	1970.9227135278861
274145	1970.9227135278861
274458	1970.9227135278861
274768	1970.9227135278861
275087	1970.9227135278861
275403	1970.9227135278861
275723	1970.9227135278861
276046	1970.9227135278861
276366	1970.9227135278861
276685	1970.9227135278861
277002	1970.9227135278861
277320	1970.9227135278861
277636	1970.9227135278861
277946	1970.9227135278861
278257	1970.9227135278861
278571	1970.9227135278861
285074	1970.9227135278861
285387	1970.9227135278861
285705	1970.9227135278861
286019	1970.9227135278861
292259	1969.8001860038912
292577	1969.8001860038912
292895	1969.8001860038912
293208	1969.8001860038912
293521	1969.8001860038912
293832	1969.8001860038912
294147	1969.8001860038912
294460	1969.8001860038912
294775	1969.8001860038912
295086	1969.8001860038912
295397	1969.8001860038912
295711	1969.8001860038912
296028	1969.8001860038912
296340	1969.8001860038912
296652	1969.8001860038912
296962	1969.8001860038912
297271	1969.8001860038912
297585	1969.8001860038912
297894	1969.8001860038912
298208	1969.8001860038912
298517	1969.8001860038912
298830	1969.8001860038912
299141	1969.8001860038912
299453	1969.8001860038912
299765	1969.8001860038912
300075	1969.8001860038912
