300	7304.727590877446
638	5430.897290955944
964	4906.70316886673
1283	4167.496117190806
1597	4167.496117190806
1914	4060.3188442783317
2224	4060.3188442783317
2535	4057.7394966329402
2844	4057.7394966329402
3155	4057.7394966329402
3462	4057.7394966329402
3773	4045.712064349959
4081	3778.4025149629156
4387	3778.4025149629156
4695	3778.4025149629156
5003	3778.4025149629156
5312	3770.1080720444447
5619	3770.1080720444447
5928	3770.1080720444447
6236	3770.1080720444447
6543	3770.1080720444447
6849	3770.1080720444447
7156	3770.1080720444447
7462	3770.1080720444447
7769	3770.1080720444447
8076	3770.1080720444447
8386	3770.1080720444447
8694	3770.1080720444447
9002	3770.1080720444447
9311	3770.1080720444447
9622	3770.1080720444447
9931	3770.1080720444447
10242	3770.1080720444447
10555	3757.036227957052
10868	3382.3570270647388
11179	3382.3570270647388
11490	3382.3570270647388
11801	3382.3570270647388
12113	3382.3570270647388
12425	3382.3570270647388
12734	3382.3570270647388
13044	3382.3570270647388
13355	3382.3570270647388
13667	3382.3570270647388
13977	3382.3570270647388
14286	3382.3570270647388
14595	3382.3570270647388
14904	3382.3570270647388
15215	3382.3570270647388
15525	3382.3570270647388
15834	3382.3570270647388
29879	2343.6011972864467
30188	2343.6011972864467
30495	2343.6011972864467
30803	2343.6011972864467
31115	2343.6011972864467
31424	2343.6011972864467
31735	2343.6011972864467
32046	2343.6011972864467
32354	2343.6011972864467
32664	2343.6011972864467
32974	2343.6011972864467
33284	2343.6011972864467
33592	2343.6011972864467
33902	2343.6011972864467
34211	2343.6011972864467
34520	2343.6011972864467
34828	2343.6011972864467
35137	2343.6011972864467
35446	2343.6011972864467
35754	2343.6011972864467
42709	2343.6011972864467
43019	2343.6011972864467
43328	2343.6011972864467
43638	2343.6011972864467
43949	2343.6011972864467
44262	2343.6011972864467
44575	2343.6011972864467
44886	2343.6011972864467
45198	2343.6011972864467
45507	2343.6011972864467
45818	2343.6011972864467
46128	2343.6011972864467
46439	2343.6011972864467
46749	2343.6011972864467
47060	2343.6011972864467
47374	2343.6011972864467
47686	2343.6011972864467
47998	2343.6011972864467
48309	2343.6011972864467
48619	2343.6011972864467
55501	2072.1327099626983
64226	2072.1327099626983
64537	2072.1327099626983
64847	2072.1327099626983
65154	2072.1327099626983
65461	2072.1327099626983
65770	2072.1327099626983
66078	2072.1327099626983
66389	2072.1327099626983
66701	2072.1327099626983
67011	2072.1327099626983
67323	2072.1327099626983
67635	2072.1327099626983
67945	2072.1327099626983
68256	2072.1327099626983
68566	2072.1327099626983
68877	2072.1327099626983
69190	2072.1327099626983
69500	2072.1327099626983
69810	2072.1327099626983
76349	2022.4501852135495
83490	2022.4501852135495
83804	2022.4501852135495
84116	2022.4501852135495
84428	2022.4501852135495
84739	2022.4501852135495
85047	2022.4501852135495
85361	2022.4501852135495
85670	2022.4501852135495
85981	2022.4501852135495
86292	2022.4501852135495
86605	2022.4501852135495
86919	2022.4501852135495
87230	2022.4501852135495
87543	2022.4501852135495
87856	2022.4501852135495
88167	2022.4501852135495
88480	2022.4501852135495
88790	2022.4501852135495
89102	2022.4501852135495
94864	2022.4501852135495
95177	2022.4501852135495
95491	2022.4501852135495
95806	2022.4501852135495
96118	2022.4501852135495
96432	2022.4501852135495
96748	2022.4501852135495
97064	2022.4501852135495
97377	2022.4501852135495
97690	2022.4501852135495
98003	2022.4501852135495
98313	2022.4501852135495
98623	2022.4501852135495
98938	2022.4501852135495
99252	2022.4501852135495
99566	2022.4501852135495
99883	2022.4501852135495
100200	2022.4501852135495
100518	2022.4501852135495
100834	2022.4501852135495
106964	2022.4501852135495
107276	2022.4501852135495
107590	2022.4501852135495
107905	2022.4501852135495
108217	2022.4501852135495
108533	2022.4501852135495
108848	2022.4501852135495
109162	2022.4501852135495
109475	2022.4501852135495
109790	2022.4501852135495
110104	2022.4501852135495
110418	2022.4501852135495
110733	2022.4501852135495
111046	2022.4501852135495
111357	2022.4501852135495
111666	2022.4501852135495
111978	2022.4501852135495
112287	2022.4501852135495
112599	2022.4501852135495
112912	2022.4501852135495
116291	2022.4501852135495
116602	2022.4501852135495
116910	2022.4501852135495
117222	2022.4501852135495
117537	2022.4501852135495
117849	2022.4501852135495
118163	2022.4501852135495
118476	2022.4501852135495
118791	2022.4501852135495
119105	2022.4501852135495
119416	2022.4501852135495
119726	2022.4501852135495
120040	2022.4501852135495
120353	2022.4501852135495
120670	2022.4501852135495
120986	2022.4501852135495
121300	2022.4501852135495
121612	2022.4501852135495
121927	2022.4501852135495
122241	2022.4501852135495
125841	2022.4501852135495
126154	2022.4501852135495
126470	2022.4501852135495
126782	2022.4501852135495
127096	2022.4501852135495
127405	2022.4501852135495
127715	2022.4501852135495
128026	2022.4501852135495
128338	2022.4501852135495
128651	2022.4501852135495
133929	2022.4501852135495
134240	2022.4501852135495
134547	2022.4501852135495
134855	2022.4501852135495
135164	2022.4501852135495
135473	2022.4501852135495
135786	2022.4501852135495
136100	2022.4501852135495
136409	2022.4501852135495
136716	2022.4501852135495
137026	2022.4501852135495
137333	2022.4501852135495
137642	2022.4501852135495
137949	2022.4501852135495
138258	2022.4501852135495
138567	2022.4501852135495
138876	2022.4501852135495
139186	2022.4501852135495
139498	2022.4501852135495
139807	2022.4501852135495
143033	2022.4501852135495
143344	2022.4501852135495
143658	2022.4501852135495
143967	2022.4501852135495
144276	2022.4501852135495
144586	2022.4501852135495
144896	2022.4501852135495
145208	2022.4501852135495
145520	2022.4501852135495
145833	2022.4501852135495
146145	2022.4501852135495
146457	2022.4501852135495
146771	2022.4501852135495
147081	2022.4501852135495
147392	2022.4501852135495
147704	2022.4501852135495
148014	2022.4501852135495
148323	2022.4501852135495
148634	2022.4501852135495
148942	2022.4501852135495
152753	2022.4501852135495
153065	2022.4501852135495
153375	2022.4501852135495
153688	2022.4501852135495
153998	2022.4501852135495
154310	2022.4501852135495
154623	2022.4501852135495
154935	2022.4501852135495
155247	2022.4501852135495
155561	2022.4501852135495
155875	2022.4501852135495
156187	2022.4501852135495
156499	2022.4501852135495
156809	2022.4501852135495
157121	2022.4501852135495
157432	2022.4501852135495
157746	2022.4501852135495
158056	2022.4501852135495
158365	2022.4501852135495
158676	2022.4501852135495
162025	2022.4501852135495
162334	2022.4501852135495
162646	2022.4501852135495
162955	2022.4501852135495
163266	2022.4501852135495
163576	2022.4501852135495
163887	2022.4501852135495
164198	2022.4501852135495
164510	2022.4501852135495
164823	2022.4501852135495
165137	2022.4501852135495
165451	2022.4501852135495
165764	2022.4501852135495
166077	2022.4501852135495
166394	2022.4501852135495
166714	2022.4501852135495
167027	2022.4501852135495
167340	2022.4501852135495
167657	2022.4501852135495
167969	2022.4501852135495
174489	2022.4501852135495
174800	2022.4501852135495
175115	2022.4501852135495
175429	2022.4501852135495
175743	2022.4501852135495
176055	2022.4501852135495
176368	2022.4501852135495
176676	2022.4501852135495
176987	2022.4501852135495
177298	2022.4501852135495
181948	2022.4501852135495
182257	2022.4501852135495
182569	2022.4501852135495
182879	2022.4501852135495
183192	2022.4501852135495
183503	2022.4501852135495
183816	2022.4501852135495
184130	2022.4501852135495
184446	2022.4501852135495
184761	2022.4501852135495
185076	2022.4501852135495
185390	2022.4501852135495
185702	2022.4501852135495
186016	2022.4501852135495
186333	2022.4501852135495
186647	2022.4501852135495
186962	2022.4501852135495
187280	2022.4501852135495
187599	2022.4501852135495
187915	2022.4501852135495
191327	2022.4501852135495
191643	2022.4501852135495
191959	2022.4501852135495
192274	2022.4501852135495
192591	2022.4501852135495
192908	2022.4501852135495
193220	2022.4501852135495
193533	2022.4501852135495
193845	2022.4501852135495
194156	2022.4501852135495
194472	2022.4501852135495
194784	2022.4501852135495
195094	2022.4501852135495
195403	2022.4501852135495
195716	2022.4501852135495
196028	2022.4501852135495
196343	2022.4501852135495
196654	2022.4501852135495
196967	2022.4501852135495
197278	2022.4501852135495
201307	2022.4195997778652
207253	2022.4195997778652
207564	2022.4195997778652
207874	2022.4195997778652
208181	2022.4195997778652
208491	2022.4195997778652
208800	2022.4195997778652
209108	2022.4195997778652
209420	2022.4195997778652
209730	2022.4195997778652
210042	2022.4195997778652
210351	2022.4195997778652
210662	2022.4195997778652
210971	2022.4195997778652
211279	2022.4195997778652
211589	2022.4195997778652
211897	2022.4195997778652
212208	2022.4195997778652
212516	2022.4195997778652
212825	2022.4195997778652
215399	2022.4091595590764
219389	2022.3306873435247
224008	2022.3306873435247
224319	2022.3306873435247
224626	2022.3306873435247
224935	2022.3306873435247
225243	2022.3306873435247
229581	2022.2993836661562
229895	2022.2993836661562
230205	2022.2993836661562
230514	2022.2993836661562
230824	2022.2993836661562
231135	2022.2993836661562
231445	2022.2993836661562
231754	2022.2993836661562
232063	2022.2993836661562
232373	2022.2993836661562
232680	2022.2993836661562
232987	2022.2993836661562
233294	2022.2993836661562
233602	2022.2993836661562
233911	2022.2993836661562
234226	2022.2993836661562
234535	2022.2993836661562
234843	2022.2993836661562
235156	2022.2993836661562
235464	2022.2993836661562
235772	2022.2993836661562
238598	2022.2473385822946
238915	2022.2473385822946
239230	2022.2473385822946
239541	2022.2473385822946
239854	2022.2473385822946
240167	2022.2473385822946
240478	2022.2473385822946
240788	2022.2473385822946
241097	2022.2473385822946
241407	2022.2473385822946
241718	2022.2473385822946
242027	2022.2473385822946
242338	2022.2473385822946
242647	2022.2473385822946
242956	2022.2473385822946
243266	2022.2473385822946
243576	2022.2473385822946
243884	2022.2473385822946
244196	2022.2473385822946
244508	2022.2473385822946
244818	2022.2473385822946
245131	2022.2473385822946
251730	2022.2473385822946
252043	2022.2473385822946
252357	2022.2473385822946
252668	2022.2473385822946
252980	2022.2473385822946
253290	2022.2473385822946
253602	2022.2473385822946
253912	2022.2473385822946
254221	2022.2473385822946
254535	2022.2473385822946
254847	2022.2473385822946
255159	2022.2473385822946
255470	2022.2473385822946
255783	2022.2473385822946
256096	2022.2473385822946
256410	2022.2473385822946
256721	2022.2473385822946
257030	2022.2473385822946
257338	2022.2473385822946
257648	2022.2473385822946
263586	2022.2473385822946
263899	2022.2473385822946
264211	2022.2473385822946
264519	2022.2473385822946
264830	2022.2473385822946
265145	2022.2473385822946
265461	2022.2473385822946
265775	2022.2473385822946
266087	2022.2473385822946
266396	2022.2473385822946
266712	2022.2473385822946
267026	2022.2473385822946
267337	2022.2473385822946
267651	2022.2473385822946
267963	2022.2473385822946
268278	2022.2473385822946
268590	2022.2473385822946
268903	2022.2473385822946
269217	2022.2473385822946
269529	2022.2473385822946
274880	2022.2473385822946
275196	2022.2473385822946
275510	2022.2473385822946
275825	2022.2473385822946
276138	2022.2473385822946
276451	2022.2473385822946
276768	2022.2473385822946
277081	2022.2473385822946
277395	2022.2473385822946
277709	2022.2473385822946
278021	2022.2473385822946
278336	2022.2473385822946
278651	2022.2473385822946
278966	2022.2473385822946
279280	2022.2473385822946
279593	2022.2473385822946
279903	2022.2473385822946
280214	2022.2473385822946
280524	2022.2473385822946
280835	2022.2473385822946
285242	2022.2473385822946
285552	2022.2473385822946
285865	2022.2473385822946
286178	2022.2473385822946
286491	2022.2473385822946
286804	2022.2473385822946
287113	2022.2473385822946
287426	2022.2473385822946
287741	2022.2473385822946
288056	2022.2473385822946
290981	2022.2473385822946
291294	2022.2473385822946
291609	2022.2473385822946
291924	2022.2473385822946
292238	2022.2473385822946
292550	2022.2473385822946
292863	2022.2473385822946
293172	2022.2473385822946
293484	2022.2473385822946
293800	2022.2473385822946
294113	2022.2473385822946
294427	2022.2473385822946
294740	2022.2473385822946
295053	2022.2473385822946
295366	2022.2473385822946
295676	2022.2473385822946
295986	2022.2473385822946
296300	2022.2473385822946
296612	2022.2473385822946
296928	2022.2473385822946
300118	2022.2473385822946
