300	7013.0239748050035
633	5531.956968683808
960	5102.135824542649
1277	4322.45987653473
1594	4322.45987653473
1906	4094.420551515837
2221	3772.9237557474985
2532	3772.9237557474985
2839	3772.9237557474985
3150	3772.9237557474985
3460	3772.9237557474985
3769	3772.9237557474985
4076	3772.9237557474985
4384	3772.9237557474985
4691	3772.9237557474985
4999	3772.9237557474985
5306	3772.9237557474985
5613	3772.9237557474985
5919	3772.9237557474985
6227	3772.9237557474985
6535	3772.9237557474985
6844	3772.9237557474985
7150	3772.9237557474985
7460	3772.9237557474985
7769	3562.723547582337
8076	3562.723547582337
8383	3562.723547582337
8692	3562.723547582337
9002	3562.723547582337
9310	3562.723547582337
9618	3562.723547582337
9928	3562.723547582337
10239	3562.723547582337
10553	3481.0374052206002
10864	3481.0374052206002
11173	3481.0374052206002
11484	3481.0374052206002
11793	3481.0374052206002
12101	3481.0374052206002
12408	3481.0374052206002
12717	3481.0374052206002
13026	3481.0374052206002
13336	3481.0374052206002
13646	3481.0374052206002
13957	3481.0374052206002
14270	3481.0374052206002
14586	3481.0374052206002
14897	3481.0374052206002
15208	3481.0374052206002
15518	3481.0374052206002
15825	3481.0374052206002
16133	3481.0374052206002
16444	3481.0374052206002
16752	3481.0374052206002
29478	2604.782684537997
29788	2604.782684537997
30098	2604.782684537997
30407	2604.782684537997
30717	2604.782684537997
31030	2604.782684537997
31340	2604.782684537997
31650	2604.782684537997
31960	2604.782684537997
32269	2604.782684537997
32579	2604.782684537997
32890	2604.782684537997
33202	2604.782684537997
33513	2604.782684537997
33821	2604.782684537997
34131	2604.782684537997
34438	2604.782684537997
34747	2604.782684537997
35055	2604.782684537997
35364	2604.782684537997
35672	2604.782684537997
35983	2604.782684537997
36294	2604.782684537997
36604	2604.782684537997
36915	2604.782684537997
37226	2604.782684537997
37539	2604.782684537997
44907	2604.782684537997
45218	2604.782684537997
45528	2604.782684537997
45841	2604.782684537997
46151	2604.782684537997
46461	2604.782684537997
46773	2604.782684537997
47084	2604.782684537997
47394	2604.782684537997
47704	2604.782684537997
56657	2604.782684537997
56967	2604.782684537997
57278	2604.782684537997
57587	2604.782684537997
57896	2604.782684537997
58204	2604.782684537997
58511	2604.782684537997
58820	2604.782684537997
59130	2604.782684537997
59442	2604.782684537997
59751	2604.782684537997
60058	2604.782684537997
60369	2604.782684537997
60682	2604.782684537997
60993	2604.782684537997
61305	2604.782684537997
61614	2604.782684537997
61927	2604.782684537997
62236	2604.782684537997
62546	2604.782684537997
69411	2604.782684537997
69722	2604.782684537997
70031	2604.782684537997
70339	2604.782684537997
70647	2604.782684537997
70955	2604.782684537997
83860	2143.2688188064185
84167	2143.2688188064185
84478	2143.2688188064185
84789	2143.2688188064185
85100	2143.2688188064185
85411	2143.2688188064185
85721	2143.2688188064185
86029	2143.2688188064185
86338	2143.2688188064185
86646	2143.2688188064185
86953	2143.2688188064185
87262	2143.2688188064185
87571	2143.2688188064185
87880	2143.2688188064185
88188	2143.2688188064185
88499	2143.2688188064185
88809	2143.2688188064185
89121	2143.2688188064185
89433	2143.2688188064185
89744	2143.2688188064185
90055	2143.2688188064185
90369	2143.2688188064185
90683	2143.2688188064185
90997	2143.2688188064185
103586	2089.7664416154694
111519	2089.766440780263
111835	2089.766440780263
112148	2089.766440780263
112458	2089.766440780263
112772	2089.766440780263
113082	2089.766440780263
113393	2089.766440780263
113705	2089.766440780263
114015	2089.766440780263
114325	2089.766440780263
114639	2089.766440780263
114954	2089.766440780263
115266	2089.766440780263
115580	2089.766440780263
115890	2089.766440780263
116203	2089.766440780263
116515	2089.766440780263
116824	2089.766440780263
117136	2089.766440780263
127210	2089.766440780263
127525	2089.766440780263
127838	2089.766440780263
128152	2089.766440780263
128465	2089.766440780263
128781	2089.766440780263
129095	2089.766440780263
129405	2089.766440780263
129719	2089.766440780263
130031	2089.766440780263
130341	2089.766440780263
130652	2089.766440780263
130962	2089.766440780263
131273	2089.766440780263
131588	2089.766440780263
131897	2089.766440780263
132208	2089.766440780263
132518	2089.766440780263
132827	2089.766440780263
133140	2089.766440780263
140046	2089.766440780263
140357	2089.766440780263
140667	2089.766440780263
140978	2089.766440780263
141292	2089.766440780263
141606	2089.766440780263
141920	2089.766440780263
142234	2089.766440780263
142549	2089.766440780263
142863	2089.766440780263
143180	2089.766440780263
143494	2089.766440780263
143810	2089.766440780263
144125	2089.766440780263
144438	2089.766440780263
144756	2089.766440780263
145071	2089.766440780263
145387	2089.766440780263
145702	2089.766440780263
146019	2089.766440780263
151178	2089.766440780263
151496	2089.766440780263
151814	2089.766440780263
152132	2089.766440780263
152451	2089.766440780263
152766	2089.766440780263
153082	2089.766440780263
153397	2089.766440780263
153712	2089.766440780263
154027	2089.766440780263
154342	2089.766440780263
154659	2089.766440780263
154972	2089.766440780263
155286	2089.766440780263
155602	2089.766440780263
155913	2089.766440780263
156228	2089.766440780263
156542	2089.766440780263
156856	2089.766440780263
157174	2089.766440780263
161735	2089.766440780263
162051	2089.766440780263
162366	2089.766440780263
162686	2089.766440780263
163000	2089.766440780263
163316	2089.766440780263
163632	2089.766440780263
163948	2089.766440780263
164263	2089.766440780263
164579	2089.766440780263
164895	2089.766440780263
165209	2089.766440780263
165526	2089.766440780263
165839	2089.766440780263
166154	2089.766440780263
166476	2089.766440780263
166795	2089.766440780263
167112	2089.766440780263
167428	2089.766440780263
167746	2089.766440780263
170660	2089.766440780263
170974	2089.766440780263
171289	2089.766440780263
171602	2089.766440780263
171918	2089.766440780263
172234	2089.766440780263
172551	2089.766440780263
172867	2089.766440780263
173181	2089.766440780263
173494	2089.766440780263
178520	2089.766440780263
178833	2089.766440780263
179147	2089.766440780263
179461	2089.766440780263
179774	2089.766440780263
180087	2089.766440780263
180404	2089.766440780263
180719	2089.766440780263
181034	2089.766440780263
181350	2089.766440780263
181661	2089.766440780263
181976	2089.766440780263
182285	2089.766440780263
182595	2089.766440780263
182903	2089.766440780263
183214	2089.766440780263
183522	2089.766440780263
183831	2089.766440780263
184141	2089.766440780263
184451	2089.766440780263
189689	2089.766440780263
190003	2089.766440780263
190315	2089.766440780263
190627	2089.766440780263
190938	2089.766440780263
191249	2089.766440780263
191558	2089.766440780263
191870	2089.766440780263
192181	2089.766440780263
192492	2089.766440780263
192803	2089.766440780263
193116	2089.766440780263
193426	2089.766440780263
193737	2089.766440780263
194046	2089.766440780263
194357	2089.766440780263
194667	2089.766440780263
194978	2089.766440780263
195288	2089.766440780263
195602	2089.766440780263
198297	2089.766440780263
198608	2089.766440780263
198919	2089.766440780263
199229	2089.766440780263
199543	2089.766440780263
199854	2089.766440780263
200168	2089.766440780263
200478	2089.766440780263
200788	2089.766440780263
201096	2089.766440780263
201407	2089.766440780263
201718	2089.766440780263
202026	2089.766440780263
202336	2089.766440780263
202647	2089.766440780263
202956	2089.766440780263
203267	2089.766440780263
203579	2089.766440780263
203890	2089.766440780263
204204	2089.766440780263
208278	2089.766440780263
208589	2089.766440780263
208904	2089.766440780263
209214	2089.766440780263
209526	2089.766440780263
209840	2089.766440780263
210154	2089.766440780263
210466	2089.766440780263
210776	2089.766440780263
211087	2089.766440780263
211397	2089.766440780263
211705	2089.766440780263
212016	2089.766440780263
212324	2089.766440780263
212635	2089.766440780263
212943	2089.766440780263
213253	2089.766440780263
213563	2089.766440780263
213872	2089.766440780263
214184	2089.766440780263
217856	2089.766440780263
218170	2089.766440780263
218482	2089.766440780263
218793	2089.766440780263
219109	2089.766440780263
219419	2089.766440780263
219729	2089.766440780263
220038	2089.766440780263
220347	2089.766440780263
220658	2089.766440780263
224976	2089.766440780263
225287	2089.766440780263
225597	2089.766440780263
225908	2089.766440780263
226217	2089.766440780263
226528	2089.766440780263
226839	2089.766440780263
227150	2089.766440780263
227459	2089.766440780263
227769	2089.766440780263
228077	2089.766440780263
228385	2089.766440780263
228694	2089.766440780263
229005	2089.766440780263
229316	2089.766440780263
229628	2089.766440780263
229938	2089.766440780263
230251	2089.766440780263
230566	2089.766440780263
230875	2089.766440780263
234330	2089.766440780263
234640	2089.766440780263
234952	2089.766440780263
235265	2089.766440780263
235578	2089.766440780263
235889	2089.766440780263
236200	2089.766440780263
236510	2089.766440780263
236823	2089.766440780263
237133	2089.766440780263
237443	2089.766440780263
237756	2089.766440780263
238069	2089.766440780263
238379	2089.766440780263
238693	2089.766440780263
239009	2089.766440780263
239321	2089.766440780263
239631	2089.766440780263
239942	2089.766440780263
240253	2089.766440780263
246839	2089.766440780263
247151	2089.766440780263
247461	2089.766440780263
247771	2089.766440780263
248085	2089.766440780263
248398	2089.766440780263
248708	2089.766440780263
249020	2089.766440780263
249331	2089.766440780263
249641	2089.766440780263
249953	2089.766440780263
250267	2089.766440780263
250579	2089.766440780263
250893	2089.766440780263
251208	2089.766440780263
251522	2089.766440780263
251835	2089.766440780263
252146	2089.766440780263
252458	2089.766440780263
252773	2089.766440780263
258217	2089.766440780263
258532	2089.766440780263
258846	2089.766440780263
259162	2089.766440780263
259476	2089.766440780263
259791	2089.766440780263
260107	2089.766440780263
260419	2089.766440780263
260733	2089.766440780263
261050	2089.766440780263
261363	2089.766440780263
261678	2089.766440780263
261992	2089.766440780263
262307	2089.766440780263
262621	2089.766440780263
262935	2089.766440780263
263249	2089.766440780263
263561	2089.766440780263
263874	2089.766440780263
264187	2089.766440780263
270234	2089.766440780263
270549	2089.766440780263
270864	2089.766440780263
271179	2089.766440780263
271490	2089.766440780263
271801	2089.766440780263
272113	2089.766440780263
272425	2089.766440780263
272739	2089.766440780263
273049	2089.766440780263
277220	2089.766440780263
277531	2089.766440780263
277846	2089.766440780263
278158	2089.766440780263
278472	2089.766440780263
278789	2089.766440780263
279102	2089.766440780263
279416	2089.766440780263
279727	2089.766440780263
280037	2089.766440780263
280349	2089.766440780263
280661	2089.766440780263
280973	2089.766440780263
281287	2089.766440780263
281599	2089.766440780263
281911	2089.766440780263
282224	2089.766440780263
282537	2089.766440780263
282850	2089.766440780263
283161	2089.766440780263
286444	2089.766440780263
286759	2089.766440780263
287073	2089.766440780263
287388	2089.766440780263
287704	2089.766440780263
288016	2089.766440780263
288329	2089.766440780263
288641	2089.766440780263
288955	2089.766440780263
289269	2089.766440780263
289580	2089.766440780263
289892	2089.766440780263
290204	2089.766440780263
290514	2089.766440780263
290824	2089.766440780263
291134	2089.766440780263
291443	2089.766440780263
291754	2089.766440780263
292065	2089.766440780263
292377	2089.766440780263
296553	2089.766440780263
296866	2089.766440780263
297179	2089.766440780263
297493	2089.766440780263
297803	2089.766440780263
298116	2089.766440780263
298426	2089.766440780263
298738	2089.766440780263
299050	2089.766440780263
299360	2089.766440780263
299672	2089.766440780263
299983	2089.766440780263
300296	2089.766440780263
