1000	261918770804.627
2176	214779636832.1464
3345	164023138037.23907
4517	109053979026.16885
5688	86619660926.59042
6853	66908995111.21644
8022	54510032978.72848
9191	39394426921.095535
10351	27347914932.1434
11516	25237999443.580147
12688	18449158388.617077
13856	16947397278.708092
15025	13265272288.716743
16189	11830571286.546803
17360	9872081689.645584
18532	6969431451.935921
19704	6631798728.428012
20870	5878623904.589097
22043	4633367073.340059
23220	4126603183.3658333
24396	3628968612.229293
25559	3223085936.9741573
26733	2848428197.9131985
27904	2561429707.457675
29079	2289676567.507392
30244	2199505016.7083635
31414	1976871263.2913177
32588	1777488538.193667
33766	1615423967.2816882
34943	1503801237.7832115
36118	1371951264.9091163
37293	1285598574.3085442
38461	1186554808.1363788
39642	1118405579.9212618
40820	1020931911.571845
41992	959521315.978903
43165	892247001.0151734
44340	849176945.0428367
45521	744946930.6344402
46692	736130844.1064322
47876	706941439.8310115
249050	1459362.4171303385
415804	487046.73340857815
547064	203267.27190390302
548221	203267.27190390302
549375	203267.27190390302
550529	203267.27190390302
551678	203267.27190390302
552833	203267.27190390302
553983	203267.27190390302
555133	203267.27190390302
556285	203267.27190390302
557431	203267.27190390302
558578	203267.27190390302
559726	203267.27190390302
560870	203267.27190390302
562016	203267.27190390302
563160	203267.27190390302
564300	203267.27190390302
565441	203267.27190390302
566584	203267.27190390302
567725	203267.27190390302
568873	203267.27190390302
570019	203267.27190390302
571165	203267.27190390302
572311	203267.27190390302
573453	203267.27190390302
574595	203267.27190390302
575737	203267.27190390302
576877	203267.27190390302
578017	203267.27190390302
619308	203267.27190390302
620447	203267.27190390302
621588	203267.27190390302
622727	203267.27190390302
623862	203267.27190390302
625001	203267.27190390302
626135	203267.27190390302
627271	203267.27190390302
628404	203267.27190390302
629540	203267.27190390302
658547	203267.27190390302
659677	203267.27190390302
660811	203267.27190390302
661943	203267.27190390302
663078	203267.27190390302
664213	203267.27190390302
665346	203267.27190390302
666481	203267.27190390302
667619	203267.27190390302
668749	203267.27190390302
669888	203267.27190390302
671023	203267.27190390302
672167	203267.27190390302
673304	203267.27190390302
674446	203267.27190390302
675581	203267.27190390302
676720	203267.27190390302
677857	203267.27190390302
678990	203267.27190390302
680123	203267.27190390302
707346	203267.27190390302
708484	203267.27190390302
709627	203267.27190390302
710763	203267.27190390302
711908	203267.27190390302
713046	203267.27190390302
714182	203267.27190390302
715315	203267.27190390302
716455	203267.27190390302
717596	203267.27190390302
718738	203267.27190390302
719880	203267.27190390302
721028	203267.27190390302
722172	203267.27190390302
723320	203267.27190390302
724465	203267.27190390302
725602	203267.27190390302
726744	203267.27190390302
727878	203267.27190390302
729020	203267.27190390302
754831	203267.27190390302
755974	203267.27190390302
757111	203267.27190390302
758248	203267.27190390302
759387	203267.27190390302
760530	203267.27190390302
761669	203267.27190390302
762811	203267.27190390302
763952	203267.27190390302
765099	203267.27190390302
766237	203267.27190390302
767379	203267.27190390302
768518	203267.27190390302
769660	203267.27190390302
770802	203267.27190390302
771936	203267.27190390302
773077	203267.27190390302
774218	203267.27190390302
775359	203267.27190390302
776496	203267.27190390302
828528	203267.27190390302
829668	203267.27190390302
830808	203267.27190390302
831948	203267.27190390302
833086	203267.27190390302
834224	203267.27190390302
835366	203267.27190390302
836511	203267.27190390302
837654	203267.27190390302
838789	203267.27190390302
839931	203267.27190390302
841073	203267.27190390302
842218	203267.27190390302
843358	203267.27190390302
844494	203267.27190390302
845638	203267.27190390302
846778	203267.27190390302
847918	203267.27190390302
849061	203267.27190390302
850203	203267.27190390302
877905	203267.27190390302
879049	203267.27190390302
880191	203267.27190390302
881335	203267.27190390302
882475	203267.27190390302
883617	203267.27190390302
884755	203267.27190390302
885896	203267.27190390302
887035	203267.27190390302
888174	203267.27190390302
916447	203267.27190390302
917587	203267.27190390302
918725	203267.27190390302
919860	203267.27190390302
920997	203267.27190390302
922138	203267.27190390302
923277	203267.27190390302
924420	203267.27190390302
925556	203267.27190390302
926698	203267.27190390302
927841	203267.27190390302
928987	203267.27190390302
930133	203267.27190390302
931278	203267.27190390302
932426	203267.27190390302
933568	203267.27190390302
934714	203267.27190390302
935861	203267.27190390302
937010	203267.27190390302
938158	203267.27190390302
968103	203267.27190390302
969245	203267.27190390302
970384	203267.27190390302
971529	203267.27190390302
972668	203267.27190390302
973815	203267.27190390302
974956	203267.27190390302
976091	203267.27190390302
977228	203267.27190390302
978364	203267.27190390302
979502	203267.27190390302
980647	203267.27190390302
981785	203267.27190390302
982930	203267.27190390302
984074	203267.27190390302
985221	203267.27190390302
986361	203267.27190390302
987503	203267.27190390302
988640	203267.27190390302
989781	203267.27190390302
1017032	203267.27190390302
