1000	265324391225.1917
2168	227404468371.6334
3330	162918553683.11835
4490	117722703537.56888
5652	62571243076.50643
6814	53408333524.5654
7980	41973074031.01343
9145	38796567285.35307
10307	30266542062.694508
11470	23859685734.441345
12633	19448130099.394905
13790	17403870522.54322
14948	14912972862.47216
16106	12062158606.514015
17269	10344858757.276447
18427	9469319351.165775
19588	8103670808.542978
20748	6927118181.012365
21909	6486100393.104222
23070	5757423470.1089735
24229	4991705987.953636
25391	4442642162.546423
26552	3912217278.783558
27715	3240420765.6531444
28874	2913306431.2132792
30033	2789322842.1151366
31191	2572269875.0780134
32354	2293206045.9918222
33515	2207354051.912049
34677	2037279187.3983493
35839	1905804150.7218702
37003	1684420077.7359428
38158	1645925230.0492754
39318	1485676370.2092142
40486	1384985649.500239
41647	1311691168.6432366
42811	1217569600.3916225
43974	1127657638.5930564
45137	1051181401.215708
46300	985175421.8236275
47458	932797157.3879648
263666	199120.21982827733
264821	199120.21982827733
265977	199120.21982827733
267131	199120.21982827733
268285	199120.21982827733
269436	199120.21982827733
270589	199120.21982827733
271742	199120.21982827733
272892	199120.21982827733
274046	199120.21982827733
275199	199120.21982827733
276348	199120.21982827733
277498	199120.21982827733
278650	199120.21982827733
279801	199120.21982827733
280954	199120.21982827733
282102	199120.21982827733
283256	199120.21982827733
284410	199120.21982827733
285561	199120.21982827733
301758	114253.69610392071
402758	15839.527928157439
504153	13729.861126658589
505299	13729.861126658589
506447	13729.861126658589
507593	13729.861126658589
508738	13729.861126658589
509885	13729.861126658589
511026	13729.861126658589
512175	13729.861126658589
513315	13729.861126658589
514459	13729.861126658589
515604	13729.861126658589
516746	13729.861126658589
517889	13729.861126658589
519035	13729.861126658589
520178	13729.861126658589
521323	13729.861126658589
522468	13729.861126658589
523614	13729.861126658589
524759	13729.861126658589
525905	13729.861126658589
527052	13729.861126658589
528205	13729.861126658589
529357	13729.861126658589
530504	13729.861126658589
531653	13729.861126658589
532802	13729.861126658589
533950	13729.861126658589
535101	13729.861126658589
620634	13729.861126658589
621788	13729.861126658589
622937	13729.861126658589
624087	13729.861126658589
625237	13729.861126658589
626389	13729.861126658589
627541	13729.861126658589
628693	13729.861126658589
629849	13729.861126658589
631003	13729.861126658589
651613	13729.861126658589
652768	13729.861126658589
653922	13729.861126658589
655076	13729.861126658589
656228	13729.861126658589
657382	13729.861126658589
658536	13729.861126658589
659690	13729.861126658589
660844	13729.861126658589
661998	13729.861126658589
663153	13729.861126658589
664306	13729.861126658589
665460	13729.861126658589
666615	13729.861126658589
667771	13729.861126658589
668927	13729.861126658589
670083	13729.861126658589
671238	13729.861126658589
672394	13729.861126658589
673549	13729.861126658589
699718	13729.861126658589
700874	13729.861126658589
702030	13729.861126658589
703186	13729.861126658589
704342	13729.861126658589
705498	13729.861126658589
706654	13729.861126658589
707809	13729.861126658589
708965	13729.861126658589
710121	13729.861126658589
711277	13729.861126658589
712432	13729.861126658589
713588	13729.861126658589
714744	13729.861126658589
715900	13729.861126658589
717056	13729.861126658589
718212	13729.861126658589
719367	13729.861126658589
720523	13729.861126658589
721679	13729.861126658589
764660	13729.861126658589
765816	13729.861126658589
766972	13729.861126658589
768127	13729.861126658589
769282	13729.861126658589
770438	13729.861126658589
771594	13729.861126658589
772750	13729.861126658589
773906	13729.861126658589
775062	13729.861126658589
776218	13729.861126658589
777374	13729.861126658589
778530	13729.861126658589
779686	13729.861126658589
780842	13729.861126658589
781998	13729.861126658589
783154	13729.861126658589
784310	13729.861126658589
785465	13729.861126658589
786621	13729.861126658589
818707	13729.861126658589
819863	13729.861126658589
821019	13729.861126658589
822175	13729.861126658589
823330	13729.861126658589
824486	13729.861126658589
825642	13729.861126658589
826798	13729.861126658589
827954	13729.861126658589
829110	13729.861126658589
830266	13729.861126658589
831422	13729.861126658589
832578	13729.861126658589
833734	13729.861126658589
834890	13729.861126658589
836046	13729.861126658589
837202	13729.861126658589
838358	13729.861126658589
839514	13729.861126658589
840670	13729.861126658589
858813	13729.861126658589
859969	13729.861126658589
861125	13729.861126658589
862281	13729.861126658589
863437	13729.861126658589
864593	13729.861126658589
865750	13729.861126658589
866906	13729.861126658589
868062	13729.861126658589
869218	13729.861126658589
887350	13729.861126658589
888506	13729.861126658589
889662	13729.861126658589
890818	13729.861126658589
891973	13729.861126658589
893129	13729.861126658589
894285	13729.861126658589
895441	13729.861126658589
896597	13729.861126658589
897753	13729.861126658589
898910	13729.861126658589
900066	13729.861126658589
901222	13729.861126658589
902379	13729.861126658589
903535	13729.861126658589
904692	13729.861126658589
905851	13729.861126658589
907007	13729.861126658589
908162	13729.861126658589
909318	13729.861126658589
928285	13729.861126658589
929444	13729.861126658589
930601	13729.861126658589
931758	13729.861126658589
932916	13729.861126658589
934076	13729.861126658589
935236	13729.861126658589
936393	13729.861126658589
937551	13729.861126658589
938708	13729.861126658589
939868	13729.861126658589
941024	13729.861126658589
942181	13729.861126658589
943340	13729.861126658589
944500	13729.861126658589
945657	13729.861126658589
946815	13729.861126658589
947972	13729.861126658589
949129	13729.861126658589
950286	13729.861126658589
972982	13729.861126658589
974138	13729.861126658589
975296	13729.861126658589
976453	13729.861126658589
977610	13729.861126658589
978768	13729.861126658589
979926	13729.861126658589
981083	13729.861126658589
982239	13729.861126658589
983397	13729.861126658589
984553	13729.861126658589
985711	13729.861126658589
986871	13729.861126658589
988028	13729.861126658589
989184	13729.861126658589
990340	13729.861126658589
991498	13729.861126658589
992653	13729.861126658589
993810	13729.861126658589
994966	13729.861126658589
1013099	13729.861126658589
