1000	272947318782.8196
2188	174462541861.0743
3363	129252410070.69006
4535	97920802199.29
5698	67362931355.72583
6856	57829354764.60863
8018	42023914472.48263
9180	36034511325.8539
10345	26225297249.367344
11515	21542956058.58826
12688	18061424128.728024
13850	15369799346.57202
15019	12519542470.273766
16194	10559229901.317291
17370	9765903492.825594
18538	8061785735.884689
19708	7405724630.68283
20878	6299394986.015262
22053	5493268023.3910675
23227	4734404007.76491
24400	4298068127.319377
25570	3619655211.4465537
26743	3486026597.199564
27914	3144571588.107935
29082	2926688351.5776234
30252	2576682872.6262918
31425	2426032244.682762
32600	2174116486.3424764
33772	1873165229.5665674
34941	1718479055.9143512
36119	1567085584.3566434
37293	1486472661.2059183
38482	1346919319.0204449
39657	1178666945.2481685
40836	1100813954.1908813
42014	1019690118.7124382
43188	931897449.5776083
44365	866754609.0240932
45537	811896248.7109644
46717	739430302.6013799
47894	702222009.5272558
213690	952943.7409058091
367578	324799.8609974825
368731	324799.8609974825
369890	324799.8609974825
371048	324799.8609974825
372206	324799.8609974825
373361	324799.8609974825
374516	324799.8609974825
375668	324799.8609974825
376823	324799.8609974825
377974	324799.8609974825
379128	324799.8609974825
380278	324799.8609974825
381433	324799.8609974825
382578	324799.8609974825
383721	324799.8609974825
384877	324799.8609974825
386027	324799.8609974825
387171	324799.8609974825
388317	324799.8609974825
404613	215342.64892358135
465241	162301.4741491756
466385	162301.4741491756
467527	162301.4741491756
468661	162301.4741491756
469793	162301.4741491756
470933	162301.4741491756
472071	162301.4741491756
473206	162301.4741491756
474340	162301.4741491756
475477	162301.4741491756
476621	162301.4741491756
477751	162301.4741491756
478886	162301.4741491756
480016	162301.4741491756
481154	162301.4741491756
482288	162301.4741491756
483419	162301.4741491756
484552	162301.4741491756
485683	162301.4741491756
532463	162301.4741491756
533594	162301.4741491756
534727	162301.4741491756
535858	162301.4741491756
536993	162301.4741491756
538127	162301.4741491756
539255	162301.4741491756
540389	162301.4741491756
541518	162301.4741491756
542649	162301.4741491756
543781	162301.4741491756
544907	162301.4741491756
546037	162301.4741491756
547165	162301.4741491756
548292	162301.4741491756
549423	162301.4741491756
550556	162301.4741491756
551684	162301.4741491756
552810	162301.4741491756
553937	162301.4741491756
589602	162301.4741491756
590734	162301.4741491756
591862	162301.4741491756
592997	162301.4741491756
594131	162301.4741491756
595266	162301.4741491756
596399	162301.4741491756
597530	162301.4741491756
598663	162301.4741491756
599796	162301.4741491756
600928	162301.4741491756
602066	162301.4741491756
603203	162301.4741491756
604340	162301.4741491756
605479	162301.4741491756
606614	162301.4741491756
607757	162301.4741491756
608895	162301.4741491756
610031	162301.4741491756
611168	162301.4741491756
645240	162301.4741491756
646373	162301.4741491756
647512	162301.4741491756
648645	162301.4741491756
649779	162301.4741491756
650920	162301.4741491756
652062	162301.4741491756
653206	162301.4741491756
654340	162301.4741491756
655479	162301.4741491756
656621	162301.4741491756
657764	162301.4741491756
658905	162301.4741491756
660042	162301.4741491756
661184	162301.4741491756
662324	162301.4741491756
663463	162301.4741491756
664600	162301.4741491756
665732	162301.4741491756
666873	162301.4741491756
688554	162301.4741491756
689693	162301.4741491756
690834	162301.4741491756
691977	162301.4741491756
693123	162301.4741491756
694266	162301.4741491756
695407	162301.4741491756
696548	162301.4741491756
697691	162301.4741491756
698840	162301.4741491756
699988	162301.4741491756
701138	162301.4741491756
702291	162301.4741491756
703435	162301.4741491756
704581	162301.4741491756
705735	162301.4741491756
706881	162301.4741491756
708030	162301.4741491756
709182	162301.4741491756
710332	162301.4741491756
730136	162301.4741491756
731287	162301.4741491756
732447	162301.4741491756
733599	162301.4741491756
734752	162301.4741491756
735905	162301.4741491756
737067	162301.4741491756
738224	162301.4741491756
739383	162301.4741491756
740547	162301.4741491756
774447	162301.4741491756
775609	162301.4741491756
776766	162301.4741491756
777932	162301.4741491756
779098	162301.4741491756
780265	162301.4741491756
781429	162301.4741491756
782589	162301.4741491756
783756	162301.4741491756
784915	162301.4741491756
786085	162301.4741491756
787257	162301.4741491756
788426	162301.4741491756
789597	162301.4741491756
790765	162301.4741491756
791934	162301.4741491756
793101	162301.4741491756
794274	162301.4741491756
795445	162301.4741491756
796620	162301.4741491756
816359	162301.4741491756
817530	162301.4741491756
818703	162301.4741491756
819873	162301.4741491756
821044	162301.4741491756
822216	162301.4741491756
823383	162301.4741491756
824558	162301.4741491756
825739	162301.4741491756
826907	162301.4741491756
828080	162301.4741491756
829249	162301.4741491756
830417	162301.4741491756
831590	162301.4741491756
832761	162301.4741491756
833937	162301.4741491756
835106	162301.4741491756
836276	162301.4741491756
837453	162301.4741491756
838626	162301.4741491756
858380	162301.4741491756
859551	162301.4741491756
860722	162301.4741491756
861897	162301.4741491756
863071	162301.4741491756
864236	162301.4741491756
865399	162301.4741491756
866575	162301.4741491756
867746	162301.4741491756
868914	162301.4741491756
870089	162301.4741491756
871263	162301.4741491756
872436	162301.4741491756
873618	162301.4741491756
874786	162301.4741491756
875953	162301.4741491756
877122	162301.4741491756
878293	162301.4741491756
879472	162301.4741491756
880644	162301.4741491756
921545	162301.4741491756
922714	162301.4741491756
923885	162301.4741491756
925061	162301.4741491756
926237	162301.4741491756
927404	162301.4741491756
928577	162301.4741491756
929749	162301.4741491756
930919	162301.4741491756
932082	162301.4741491756
933245	162301.4741491756
934411	162301.4741491756
935594	162301.4741491756
936763	162301.4741491756
937941	162301.4741491756
939110	162301.4741491756
940270	162301.4741491756
941439	162301.4741491756
942613	162301.4741491756
943774	162301.4741491756
966832	162301.4741491756
967993	162301.4741491756
969157	162301.4741491756
970329	162301.4741491756
971499	162301.4741491756
972671	162301.4741491756
973841	162301.4741491756
975017	162301.4741491756
976191	162301.4741491756
977357	162301.4741491756
1003675	162301.4741491756
