500	101505.48396074784
1089	35620.58513501393
1671	18205.261524315385
2254	11811.705973003103
2833	9369.387984730145
3411	8915.5186895704
3984	7518.127177918269
4555	7518.127177918269
5119	6977.756612459173
5683	6977.756612459173
6248	6850.183915950106
6811	6178.890325554044
7370	6178.890325554044
7931	6178.890325554044
8490	6178.890325554044
9048	5788.184568243791
9602	5788.184568243791
10163	5788.184568243791
10723	5788.184568243791
11279	5788.184568243791
11836	5788.184568243791
12395	5525.1957528026505
12950	5525.1957528026505
13509	5525.1957528026505
14070	5525.1957528026505
14626	5525.1957528026505
15183	5525.1957528026505
15738	5525.1957528026505
16293	5525.1957528026505
16848	5525.1957528026505
17405	5525.1957528026505
17960	5394.9201045159425
18520	5394.9201045159425
19076	5394.9201045159425
19631	5394.9201045159425
20187	5394.9201045159425
20745	5394.9201045159425
21301	5394.9201045159425
21857	5394.9201045159425
22413	5394.9201045159425
22968	5371.794996687162
23521	5371.794996687162
24073	5371.794996687162
24629	5371.794996687162
25185	5371.794996687162
25742	5371.794996687162
32205	3978.294259521528
52322	3978.293414675977
52882	3978.293414675977
53441	3978.293414675977
53998	3978.293414675977
54555	3978.293414675977
55112	3978.293414675977
55670	3978.293414675977
56231	3978.293414675977
56789	3978.293414675977
57348	3978.293414675977
57904	3978.293414675977
58460	3978.293414675977
59019	3978.293414675977
59580	3978.293414675977
60142	3978.293414675977
60701	3978.293414675977
61260	3978.293414675977
61816	3978.293414675977
62374	3978.293414675977
62928	3978.293414675977
63491	3978.293414675977
64054	3978.293414675977
64615	3978.293414675977
65173	3978.293414675977
83338	3978.293414675977
83899	3978.293414675977
84456	3978.293414675977
85014	3978.293414675977
85575	3978.293414675977
86132	3978.293414675977
86693	3978.293414675977
87251	3978.293414675977
87811	3978.293414675977
88369	3978.293414675977
88926	3978.293414675977
89487	3978.293414675977
90045	3978.293414675977
90602	3978.293414675977
91161	3978.293414675977
91719	3978.293414675977
92277	3978.293414675977
92836	3978.293414675977
124391	3608.559296796176
124946	3608.559296796176
125502	3608.559296796176
126061	3608.559296796176
126618	3608.559296796176
127179	3608.559296796176
127737	3608.559296796176
128294	3608.559296796176
128853	3608.559296796176
129414	3608.559296796176
129972	3608.559296796176
130532	3608.559296796176
131089	3608.559296796176
131648	3608.559296796176
132204	3608.559296796176
132761	3608.559296796176
133318	3608.559296796176
133878	3608.559296796176
134440	3608.559296796176
134996	3608.559296796176
135553	3608.559296796176
136111	3608.559296796176
152552	3608.559296796176
153115	3608.559296796176
153675	3608.559296796176
154233	3608.559296796176
154794	3608.559296796176
155356	3608.559296796176
155913	3608.559296796176
156474	3608.559296796176
157035	3608.559296796176
157590	3608.559296796176
158149	3608.559296796176
158707	3608.559296796176
159265	3608.559296796176
159822	3608.559296796176
160379	3608.559296796176
160937	3608.559296796176
161489	3608.559296796176
162047	3608.559296796176
162605	3608.559296796176
163160	3608.559296796176
178558	3559.9046060181568
196453	3559.9021623940116
197009	3559.9021623940116
197565	3559.9021623940116
198121	3559.9021623940116
198678	3559.9021623940116
199236	3559.9021623940116
199796	3559.9021623940116
200351	3559.9021623940116
200909	3559.9021623940116
201467	3559.9021623940116
202023	3559.9021623940116
202584	3559.9021623940116
203140	3559.9021623940116
203698	3559.9021623940116
204256	3559.9021623940116
204817	3559.9021623940116
205375	3559.9021623940116
205933	3559.9021623940116
206493	3559.9021623940116
211592	3553.032396621144
229445	3553.029791367366
230011	3553.029791367366
230571	3553.029791367366
231131	3553.029791367366
231693	3553.029791367366
232253	3553.029791367366
232812	3553.029791367366
233373	3553.029791367366
233931	3553.029791367366
234489	3553.029791367366
235051	3553.029791367366
235611	3553.029791367366
236169	3553.029791367366
236728	3553.029791367366
237289	3553.029791367366
237853	3553.029791367366
238419	3553.029791367366
238985	3553.029791367366
239551	3553.029791367366
248224	3528.544435509814
261060	3528.544435423085
261630	3528.544435423085
262195	3528.544435423085
262761	3528.544435423085
263322	3528.544435423085
263885	3528.544435423085
264447	3528.544435423085
265012	3528.544435423085
265573	3528.544435423085
266134	3528.544435423085
266700	3528.544435423085
267266	3528.544435423085
267830	3528.544435423085
268390	3528.544435423085
268954	3528.544435423085
269521	3528.544435423085
270084	3528.544435423085
270646	3528.544435423085
271210	3528.544435423085
276312	3520.202940128303
283710	3518.136328711281
300245	3517.2218080198477
311817	3517.2208110318506
312386	3517.2208110318506
312954	3517.2208110318506
313515	3517.2208110318506
314079	3517.2208110318506
314645	3517.2208110318506
315208	3517.2208110318506
315770	3517.2208110318506
316330	3517.2208110318506
316890	3517.2208110318506
317452	3517.2208110318506
318014	3517.2208110318506
318578	3517.2208110318506
319136	3517.2208110318506
319701	3517.2208110318506
320262	3517.2208110318506
320818	3517.2208110318506
339899	3512.3869516364957
340463	3512.3869516364957
341029	3512.3869516364957
341590	3512.3869516364957
342150	3512.3869516364957
342708	3512.3869516364957
343274	3512.3869516364957
343832	3512.3869516364957
344393	3512.3869516364957
344958	3512.3869516364957
345518	3512.3869516364957
346082	3512.3869516364957
346648	3512.3869516364957
347213	3512.3869516364957
347779	3512.3869516364957
348345	3512.3869516364957
348908	3512.3869516364957
364215	3494.086372407325
372812	3494.085819135207
373386	3494.085819135207
373956	3494.085819135207
374525	3494.085819135207
375094	3494.085819135207
375666	3494.085819135207
376234	3494.085819135207
376800	3494.085819135207
377366	3494.085819135207
377932	3494.085819135207
378499	3494.085819135207
379064	3494.085819135207
379628	3494.085819135207
380191	3494.085819135207
380758	3494.085819135207
381322	3494.085819135207
381885	3494.085819135207
382449	3494.085819135207
383014	3494.085819135207
383578	3494.085819135207
384146	3494.085819135207
384709	3494.085819135207
391272	3494.085819135207
391839	3494.085819135207
392406	3494.085819135207
392973	3494.085819135207
393539	3494.085819135207
394104	3494.085819135207
394665	3494.085819135207
395232	3494.085819135207
395794	3494.085819135207
396355	3494.085819135207
396916	3494.085819135207
397480	3494.085819135207
398038	3494.085819135207
398601	3494.085819135207
399161	3494.085819135207
399723	3494.085819135207
400283	3494.085819135207
400842	3494.085819135207
401406	3494.085819135207
401972	3494.085819135207
408466	3494.085819135207
409028	3494.085819135207
409587	3494.085819135207
410148	3494.085819135207
410711	3494.085819135207
411268	3494.085819135207
411830	3494.085819135207
412390	3494.085819135207
412953	3494.085819135207
413516	3494.085819135207
414082	3494.085819135207
414643	3494.085819135207
415206	3494.085819135207
415771	3494.085819135207
416334	3494.085819135207
416902	3494.085819135207
417470	3494.085819135207
418033	3494.085819135207
418595	3494.085819135207
419160	3494.085819135207
425707	3494.085819135207
426274	3494.085819135207
426839	3494.085819135207
427403	3494.085819135207
427969	3494.085819135207
428532	3494.085819135207
429095	3494.085819135207
429658	3494.085819135207
430221	3494.085819135207
430785	3494.085819135207
431350	3494.085819135207
431916	3494.085819135207
432481	3494.085819135207
433048	3494.085819135207
433615	3494.085819135207
434183	3494.085819135207
434750	3494.085819135207
435318	3494.085819135207
435883	3494.085819135207
436455	3494.085819135207
442402	3494.085819135207
442970	3494.085819135207
443538	3494.085819135207
444108	3494.085819135207
444678	3494.085819135207
445245	3494.085819135207
445815	3494.085819135207
446383	3494.085819135207
446948	3494.085819135207
447516	3494.085819135207
454073	3494.085819135207
454643	3494.085819135207
455212	3494.085819135207
455780	3494.085819135207
456349	3494.085819135207
456919	3494.085819135207
457487	3494.085819135207
458055	3494.085819135207
458625	3494.085819135207
459196	3494.085819135207
459763	3494.085819135207
460332	3494.085819135207
460904	3494.085819135207
461473	3494.085819135207
462040	3494.085819135207
462609	3494.085819135207
463179	3494.085819135207
463747	3494.085819135207
464313	3494.085819135207
464880	3494.085819135207
469771	3494.085819135207
470339	3494.085819135207
470906	3494.085819135207
471469	3494.085819135207
472033	3494.085819135207
472598	3494.085819135207
473164	3494.085819135207
473733	3494.085819135207
474299	3494.085819135207
474868	3494.085819135207
475436	3494.085819135207
476006	3494.085819135207
476576	3494.085819135207
477143	3494.085819135207
477710	3494.085819135207
478276	3494.085819135207
478844	3494.085819135207
479410	3494.085819135207
479977	3494.085819135207
480549	3494.085819135207
485373	3494.085819135207
485944	3494.085819135207
486511	3494.085819135207
487082	3494.085819135207
487645	3494.085819135207
488218	3494.085819135207
488788	3494.085819135207
489354	3494.085819135207
489921	3494.085819135207
490494	3494.085819135207
491067	3494.085819135207
491633	3494.085819135207
492198	3494.085819135207
492767	3494.085819135207
493334	3494.085819135207
493901	3494.085819135207
494476	3494.085819135207
495048	3494.085819135207
495620	3494.085819135207
496186	3494.085819135207
499015	3494.085819135207
499583	3494.085819135207
500149	3494.085819135207
