500	91120.75505608218
1088	19037.381049196134
1670	13950.360918804516
2251	11670.840509987424
2831	9045.014665719775
3407	8606.26031425764
3979	8125.83909078262
4550	7609.507918474492
5121	6216.001212468091
5688	6216.001212468091
6254	6216.001212468091
6816	6216.001212468091
7381	6216.001212468091
7941	6216.001212468091
8502	6216.001212468091
9062	6216.001212468091
9619	6216.001212468091
10176	6216.001212468091
10737	6216.001212468091
11294	6200.111050386825
11850	6200.111050386825
12406	6064.806534616565
12962	6064.806534616565
13516	5964.702210481213
14070	5964.702210481213
14626	5964.702210481213
15180	5964.702210481213
15735	5964.702210481213
16289	5964.702210481213
16846	5964.702210481213
17404	5964.702210481213
17961	5841.149638345876
18519	5841.149638345876
19080	5841.149638345876
19637	5841.149638345876
20193	5841.149638345876
20749	5841.149638345876
21305	5726.947393630755
21862	5310.165098124766
22422	5310.165098124766
22981	5310.165098124766
23541	5310.165098124766
24102	5310.165098124766
24660	5310.165098124766
25218	5310.165098124766
25778	5310.165098124766
26335	5310.165098124766
26896	5310.165098124766
27455	5310.165098124766
47451	3962.5255373434275
48010	3962.5255373434275
48568	3962.5255373434275
49124	3962.5255373434275
49679	3962.5255373434275
50235	3962.5255373434275
50791	3962.5255373434275
51350	3962.5255373434275
51909	3962.5255373434275
52468	3962.5255373434275
53025	3962.5255373434275
53585	3962.5255373434275
54144	3962.5255373434275
54706	3962.5255373434275
55263	3962.5255373434275
55820	3962.5255373434275
56375	3962.5255373434275
56938	3962.5255373434275
57496	3962.5255373434275
58056	3962.5255373434275
58615	3962.5255373434275
59173	3962.5255373434275
75640	3962.5255373434275
76199	3962.5255373434275
76756	3962.5255373434275
77313	3962.5255373434275
77874	3962.5255373434275
78436	3962.5255373434275
78996	3962.5255373434275
79554	3962.5255373434275
80110	3962.5255373434275
80667	3962.5255373434275
81226	3962.5255373434275
81787	3962.5255373434275
82344	3962.5255373434275
82900	3962.5255373434275
83457	3962.5255373434275
84015	3962.5255373434275
84573	3962.5255373434275
85132	3962.5255373434275
85692	3962.5255373434275
86255	3962.5255373434275
98243	3930.6510621446896
117214	3687.688621220321
136444	3687.688621220321
137005	3687.688621220321
137565	3687.688621220321
138123	3687.688621220321
138681	3687.688621220321
139241	3687.688621220321
139800	3687.688621220321
140359	3687.688621220321
140921	3687.688621220321
141480	3687.688621220321
142036	3687.688621220321
142594	3687.688621220321
143150	3687.688621220321
143707	3687.688621220321
144266	3687.688621220321
144823	3687.688621220321
145380	3687.688621220321
145936	3687.688621220321
163401	3687.688621220321
163961	3687.688621220321
164518	3687.688621220321
165079	3687.688621220321
165639	3687.688621220321
166195	3687.688621220321
166750	3687.688621220321
167309	3687.688621220321
167869	3687.688621220321
168426	3687.688621220321
168983	3687.688621220321
169543	3687.688621220321
170098	3687.688621220321
170653	3687.688621220321
171210	3687.688621220321
171764	3687.688621220321
172322	3687.688621220321
172878	3687.688621220321
173435	3687.688621220321
173990	3687.688621220321
189312	3687.688621220321
189867	3687.688621220321
190426	3687.688621220321
190987	3687.688621220321
191550	3687.688621220321
192111	3687.688621220321
192670	3687.688621220321
193231	3687.688621220321
193790	3687.688621220321
194350	3687.688621220321
194914	3687.688621220321
195473	3687.688621220321
196033	3687.688621220321
196593	3687.688621220321
197152	3687.688621220321
197712	3687.688621220321
198272	3687.688621220321
198834	3687.688621220321
199390	3687.688621220321
199949	3687.688621220321
211015	3685.723768451182
229898	3685.7235594204258
230458	3685.7235594204258
231017	3685.7235594204258
231573	3685.7235594204258
232132	3685.7235594204258
232690	3685.7235594204258
233251	3685.7235594204258
233809	3685.7235594204258
234369	3685.7235594204258
234926	3685.7235594204258
235486	3685.7235594204258
236046	3685.7235594204258
236606	3685.7235594204258
237165	3685.7235594204258
237728	3685.7235594204258
238294	3685.7235594204258
238855	3685.7235594204258
239416	3685.7235594204258
239977	3685.7235594204258
256429	3685.7235594204258
256990	3685.7235594204258
257554	3685.7235594204258
258110	3685.7235594204258
258671	3685.7235594204258
259226	3685.7235594204258
259782	3685.7235594204258
260341	3685.7235594204258
260898	3685.7235594204258
261457	3685.7235594204258
262013	3685.7235594204258
262571	3685.7235594204258
263130	3685.7235594204258
263691	3685.7235594204258
264251	3685.7235594204258
264811	3685.7235594204258
265370	3685.7235594204258
265932	3685.7235594204258
266495	3685.7235594204258
267061	3685.7235594204258
282669	3638.9887693745623
299215	3638.777802603507
299776	3638.777802603507
300339	3638.777802603507
300897	3638.777802603507
301458	3638.777802603507
302020	3638.777802603507
302580	3638.777802603507
303141	3638.777802603507
303701	3638.777802603507
304258	3638.777802603507
304815	3638.777802603507
305377	3638.777802603507
305938	3638.777802603507
306498	3638.777802603507
307059	3638.777802603507
307620	3638.777802603507
308178	3638.777802603507
308738	3638.777802603507
309295	3638.777802603507
315514	3623.127747913033
327032	3622.5086819309827
338625	3622.5082338156785
339188	3622.5082338156785
339749	3622.5082338156785
340312	3622.5082338156785
340872	3622.5082338156785
341438	3622.5082338156785
342001	3622.5082338156785
342566	3622.5082338156785
343131	3622.5082338156785
343699	3622.5082338156785
344263	3622.5082338156785
344825	3622.5082338156785
345390	3622.5082338156785
345952	3622.5082338156785
346516	3622.5082338156785
347080	3622.5082338156785
347643	3622.5082338156785
348207	3622.5082338156785
348771	3622.5082338156785
349335	3622.5082338156785
349899	3622.5082338156785
350463	3622.5082338156785
351028	3622.5082338156785
351587	3622.5082338156785
367656	3593.432332682061
368223	3593.432332682061
368786	3593.432332682061
369348	3593.432332682061
369912	3593.432332682061
370478	3593.432332682061
371042	3593.432332682061
371605	3593.432332682061
372169	3593.432332682061
372734	3593.432332682061
373298	3593.432332682061
373862	3593.432332682061
374422	3593.432332682061
374985	3593.432332682061
375544	3593.432332682061
376105	3593.432332682061
376666	3593.432332682061
377228	3593.432332682061
395378	3579.815062043217
395941	3579.815062043217
396504	3579.815062043217
397067	3579.815062043217
397629	3579.815062043217
398192	3579.815062043217
398752	3579.815062043217
399315	3579.815062043217
399884	3579.815062043217
400450	3579.815062043217
401012	3579.815062043217
401574	3579.815062043217
402136	3579.815062043217
402702	3579.815062043217
403265	3579.815062043217
403829	3579.815062043217
404393	3579.815062043217
404954	3579.815062043217
405516	3579.815062043217
406077	3579.815062043217
406639	3579.815062043217
407206	3579.815062043217
407766	3579.815062043217
408329	3579.815062043217
408890	3579.815062043217
409454	3579.815062043217
419862	3576.288009785851
432160	3576.288007772582
432727	3576.288007772582
433288	3576.288007772582
433850	3576.288007772582
434412	3576.288007772582
434972	3576.288007772582
435532	3576.288007772582
436094	3576.288007772582
436656	3576.288007772582
437221	3576.288007772582
437784	3576.288007772582
438348	3576.288007772582
438911	3576.288007772582
439474	3576.288007772582
440036	3576.288007772582
440603	3576.288007772582
441169	3576.288007772582
441736	3576.288007772582
442299	3576.288007772582
448988	3575.7529101605173
457878	3575.7529067463465
458448	3575.7529067463465
459011	3575.7529067463465
459577	3575.7529067463465
460140	3575.7529067463465
460706	3575.7529067463465
461270	3575.7529067463465
461834	3575.7529067463465
462394	3575.7529067463465
462958	3575.7529067463465
463521	3575.7529067463465
464083	3575.7529067463465
464643	3575.7529067463465
465202	3575.7529067463465
465764	3575.7529067463465
466326	3575.7529067463465
466885	3575.7529067463465
467441	3575.7529067463465
468000	3575.7529067463465
472128	3575.548217365694
479523	3574.7364208546983
485340	3574.7357253064815
485903	3574.7357253064815
486467	3574.7357253064815
487030	3574.7357253064815
487596	3574.7357253064815
488158	3574.7357253064815
488720	3574.7357253064815
489280	3574.7357253064815
489838	3574.7357253064815
490401	3574.7357253064815
490962	3574.7357253064815
491525	3574.7357253064815
492086	3574.7357253064815
492648	3574.7357253064815
493214	3574.7357253064815
493776	3574.7357253064815
494335	3574.7357253064815
494899	3574.7357253064815
495465	3574.7357253064815
496024	3574.7357253064815
496584	3574.7357253064815
497152	3574.7357253064815
497715	3574.7357253064815
498274	3574.7357253064815
498839	3574.7357253064815
499400	3574.7357253064815
499966	3574.7357253064815
500528	3574.7357253064815
