300	647944.2184718704
30631	8619.718414915946
60950	674.4154976798038
88542	305.1321335874138
94275	303.7778439924708
98638	302.7924201231944
99999	302.7307758607242
100834	302.70588622374464
101671	302.6827343767499
102509	302.6605658852146
103348	302.6390222565385
104189	302.61792840180874
105028	302.59719851294994
105867	302.57679191066103
106704	302.5566896385719
107539	302.5368842451792
108375	302.51736928721795
109210	302.4981374317805
110047	302.4791808466895
110883	302.46049619249004
111720	302.4420682085131
112561	302.423886795228
113400	302.4059421397733
114240	302.3882243773451
115077	302.37072392682194
115916	302.35343190702736
116756	302.3363405670898
117595	302.3194381437669
118431	302.3027192156393
119273	302.2861782979503
120110	302.2698102544792
120948	302.25360595950866
121787	302.23756225357283
122626	302.22167481630834
123464	302.2059394372453
124304	302.19035229858446
125142	302.1749099700819
125982	302.1596093773399
126818	302.14445344927236
127656	302.1294337379728
128491	302.1145480360227
129327	302.0997943165575
130165	302.0851675021934
131002	302.07066927957266
131837	302.0562981533605
132672	302.0420601907996
133508	302.02793857669633
134346	302.0139399802591
135184	302.00006301691207
136022	301.9863062738761
136859	301.97266866815886
137700	301.9591492329958
138538	301.9457470560116
139376	301.9324611796347
140214	301.9192906627757
141052	301.90623460083003
141894	301.8932921159933
142734	301.88046244988715
143574	301.8677448149816
144412	301.8551384083675
145253	301.84264245385936
146090	301.8302561425661
146930	301.8179786749184
147769	301.80580925855094
148609	301.7937471114594
149450	301.78179145694077
150288	301.7699415248351
151127	301.7581945919307
151964	301.74654937123074
152805	301.7350077189025
153640	301.7235651340169
154467	301.71222470104215
155293	301.7009872057174
156118	301.6898482364851
156944	301.67880886455475
157769	301.6678679552504
158595	301.65702499228917
159418	301.64627920390086
160242	301.6356298026102
161067	301.6250760051111
161894	301.6146170456517
162721	301.6042526729074
163545	301.59398227051577
164371	301.58380505078907
165199	301.5737202326253
166028	301.56372704057435
166852	301.55382497833466
167673	301.54400015898176
168497	301.5342642004077
169320	301.52461633628496
170144	301.5150558073779
170967	301.50558186084095
171792	301.4961937495582
172615	301.48689073168134
173437	301.4776720702059
174258	301.46853703269073
175082	301.4594848909742
175906	301.450514921034
176726	301.44162640282326
177548	301.43281862018137
178371	301.4240908607294
179193	301.4154424158748
180014	301.4068725807626
180838	301.3983806794747
181660	301.3899663400373
182482	301.3816288252616
183308	301.37336882971937
184131	301.3651839353144
184952	301.35707557940987
185774	301.34903817355547
186597	301.3410732812441
187418	301.3331802480694
188244	301.32535842175974
189068	301.3176071656045
189891	301.30992584730836
190717	301.30231383997506
191542	301.2947705257093
192364	301.28729528677957
193183	301.279880279842
194006	301.2725340174618
194828	301.2652559022277
195650	301.2580453377482
196471	301.2508924002699
197291	301.24380572873184
198113	301.236781783131
198934	301.22982300892414
199756	301.22292881800587
200576	301.21608902965374
201397	301.20931081409583
202219	301.2025935870599
203041	301.19593676681245
203864	301.18933729767866
204689	301.1828007707052
205515	301.17632158624383
206342	301.1699005555112
207169	301.1635370954343
207993	301.1572306444888
208819	301.1509806422739
209643	301.1447865300189
210467	301.1386477512959
211290	301.1325637525754
212114	301.12653398373084
212942	301.12055789845846
213764	301.1146349545406
214587	301.10876461404035
215411	301.10294634351783
216236	301.0971796168701
217061	301.0914639141594
217886	301.0857987143729
218713	301.08018350048076
219537	301.0746177604622
220361	301.06910098735847
221184	301.06361464192565
222008	301.0581763615513
222832	301.0527856308692
223653	301.0474419504638
224477	301.04214483049725
225298	301.03689378831916
226121	301.0316883473979
226946	301.02652803683907
227767	301.0214114481806
228589	301.0163389146169
229412	301.01130983461366
230234	301.0063236768519
231058	301.0013799683648
231884	300.99647945013834
232709	300.99162165530544
233534	300.98680569536197
234360	300.9820308246663
235185	300.9772964422096
236008	300.9726020454779
236835	300.96794819192206
237659	300.96333429458343
238486	300.9587601903342
239311	300.9542207359808
240136	300.9497193446861
240960	300.9452567218586
241783	300.94083261058324
242605	300.93644153595136
243428	300.93208654235406
244250	300.9277672402515
245074	300.923473687758
245897	300.9192153547294
246719	300.9149920172693
247541	300.9108077748196
248361	300.9066545242535
249183	300.9025359592451
250004	300.89845162017633
250828	300.8944010596167
251652	300.8903838463642
252475	300.8863995651855
253295	300.88244781551924
254119	300.8785282100348
254944	300.8746403733148
255767	300.8707839406987
256592	300.8669585572305
257418	300.8631638770386
258242	300.85939986509726
259064	300.85566666074294
259884	300.8519638881579
260704	300.8482911792795
261526	300.8446481736061
262349	300.841034517822
263170	300.8374498652584
263993	300.83389387535544
264814	300.83036621025707
265634	300.8268527967013
266456	300.8233673713432
267279	300.8199103966976
268104	300.81648071372
268930	300.8130779893789
269751	300.809701894482
270576	300.80635210446593
271398	300.80302829959464
272220	300.79973016518517
273043	300.79645739250265
273866	300.79320967574074
274687	300.78998671364985
275512	300.78678820915275
276338	300.78361386907363
277166	300.7804634039143
277991	300.7773365277346
278810	300.7742329586222
279631	300.7711523540648
280452	300.76809370394056
281275	300.7650568069805
282099	300.76204146044444
282924	300.75905244959273
283743	300.7560849980816
284565	300.7531324258126
285388	300.7502006206008
286211	300.74728933426655
287036	300.74441610280707
287861	300.7415626162034
288683	300.7387239963624
289505	300.7359101626304
290333	300.73311072697936
291156	300.730335433817
291985	300.72758019688035
292812	300.72484345413324
293636	300.7221250358146
294458	300.71942477349495
295281	300.7167424998903
296102	300.7140780489551
296927	300.7114312561201
297750	300.70880195856876
298573	300.70618999556183
299399	300.70359520869386
300223	300.7010174421586
