300	342919.18461767794
617	342919.18461767794
931	325519.7532007019
1238	325519.7532007019
1550	313875.3820042872
1859	313875.3820042872
2169	308327.9471181395
2478	242352.90977058548
2785	242352.90977058548
3091	242352.90977058548
3399	242352.90977058548
3709	242352.90977058548
4017	242352.90977058548
4325	242352.90977058548
4633	242352.90977058548
4939	242352.90977058548
5246	166615.77850239078
5553	166615.77850239078
5861	166615.77850239078
6168	166615.77850239078
6474	166615.77850239078
6782	166615.77850239078
7090	166615.77850239078
7397	166615.77850239078
7704	166615.77850239078
8012	166615.77850239078
8320	166615.77850239078
8630	166615.77850239078
8942	166615.77850239078
9252	166615.77850239078
9560	166615.77850239078
9868	166615.77850239078
10176	166615.77850239078
10485	166615.77850239078
10795	166615.77850239078
11105	166615.77850239078
11414	166615.77850239078
76900	300.0000471857734
114586	300.00000001238107
114897	300.00000001238107
115208	300.00000001238107
115518	300.00000001238107
115827	300.00000001238107
116136	300.00000001238107
116445	300.00000001238107
116752	300.00000001238107
117058	300.00000001238107
117365	300.00000001238107
117672	300.00000001238107
117978	300.00000001238107
118284	300.00000001238107
118594	300.00000001238107
118901	300.00000001238107
119208	300.00000001238107
119517	300.00000001238107
119826	300.00000001238107
120137	300.00000001238107
120445	300.00000001238107
120754	300.00000001238107
121065	300.00000001238107
121374	300.00000001238107
157292	300.00000001238107
157602	300.00000001238107
157911	300.00000001238107
158220	300.00000001238107
158530	300.00000001238107
158839	300.00000001238107
159147	300.00000001238107
159455	300.00000001238107
159764	300.00000001238107
160074	300.00000001238107
160382	300.00000001238107
160689	300.00000001238107
160996	300.00000001238107
161303	300.00000001238107
161610	300.00000001238107
161921	300.00000001238107
162228	300.00000001238107
162536	300.00000001238107
162842	300.00000001238107
163148	300.00000001238107
197643	300.00000001238107
197950	300.00000001238107
198258	300.00000001238107
198566	300.00000001238107
198873	300.00000001238107
199182	300.00000001238107
199489	300.00000001238107
199798	300.00000001238107
200105	300.00000001238107
200412	300.00000001238107
200720	300.00000001238107
201031	300.00000001238107
201339	300.00000001238107
201646	300.00000001238107
201955	300.00000001238107
202263	300.00000001238107
202573	300.00000001238107
202884	300.00000001238107
203193	300.00000001238107
203502	300.00000001238107
238336	300.00000001238107
238644	300.00000001238107
238952	300.00000001238107
239263	300.00000001238107
239571	300.00000001238107
239880	300.00000001238107
240187	300.00000001238107
240494	300.00000001238107
240804	300.00000001238107
241114	300.00000001238107
277095	300.00000001238107
277402	300.00000001238107
277711	300.00000001238107
278020	300.00000001238107
278329	300.00000001238107
278640	300.00000001238107
278952	300.00000001238107
279261	300.00000001238107
279571	300.00000001238107
279879	300.00000001238107
280188	300.00000001238107
280495	300.00000001238107
280801	300.00000001238107
281109	300.00000001238107
281419	300.00000001238107
281728	300.00000001238107
282037	300.00000001238107
282346	300.00000001238107
282654	300.00000001238107
282961	300.00000001238107
319844	300.00000001238107
