74.09564655402275	-4.140263168750252	98.36194417233867	28.930562480846277	44.636679147213215	-11.15390469577757	24.06420497138781	17.49117422692983	60.130858872253555	2.7495841962942364	-34.43431279489009	-44.489610643213084	-28.857239458505134	-45.826953655113826	11.10093897700024	97.29268220977252	98.55969785822694	-47.38216518863298	-18.045083746369954	13.856908514813512	-32.03597105203417	-85.80348063749979	-57.990784326988766	73.63029477631312	-9.368238645802592	-90.1550897929239	19.11598076920795	-51.47879954371788	79.22002190697495	46.14673750915102	
47.93846078641788	57.95660180235504	44.059047946096385	-61.04561307011162	-53.862516329499115	57.865731471579856	-11.110824568771157	1.6410631851740263	-76.30229066316124	-61.75004984947812	80.41586036418776	53.547334326804254	-38.40723800715787	-11.02021773710075	17.177327053188833	50.30922429355775	-36.22081826309811	46.65041307736065	-39.07291072908134	-74.36374654886212	61.06921304791559	-11.034134834610752	20.08664206465187	49.478856288102506	7.663529367056103	87.75438897941878	-26.344704288995693	2.62822131183513	-33.79760024769152	-71.21027816874076	
47.93846078641788	57.95660180235504	44.059047946096385	-61.04561307011162	-53.862516329499115	57.865731471579856	-11.110824568771157	1.6410631851740263	-76.30229066316124	-61.75004984947812	80.41586036418776	53.547334326804254	-38.40723800715787	-11.02021773710075	17.177327053188833	50.30922429355775	-36.22081826309811	46.65041307736065	-39.07291072908134	-74.36374654886212	61.06921304791559	-11.034134834610752	20.08664206465187	49.478856288102506	7.663529367056103	87.75438897941878	-26.344704288995693	2.62822131183513	-33.79760024769152	-71.21027816874076	
47.93846078641788	57.95660180235504	44.059047946096385	-61.04561307011162	-53.862516329499115	57.865731471579856	-11.110824568771157	1.6410631851740263	-76.30229066316124	-61.75004984947812	80.41586036418776	53.547334326804254	-38.40723800715787	-11.02021773710075	17.177327053188833	50.30922429355775	-36.22081826309811	46.65041307736065	-39.07291072908134	-74.36374654886212	61.06921304791559	-11.034134834610752	20.08664206465187	49.478856288102506	7.663529367056103	87.75438897941878	-26.344704288995693	2.62822131183513	-33.79760024769152	-71.21027816874076	
62.592488915075684	60.50762608808268	-17.129898007189635	-22.369780966502862	-36.91259810913915	47.713691078665015	12.750177450887023	29.03296106051082	-36.65891342036559	-53.73913071785887	64.31623586680146	53.38727409481445	-44.803681800599904	-37.480766856306495	30.498992517334823	52.40808304631831	6.363072626033272	46.90999006439346	-31.779687541304508	-47.755435430572426	57.58962684285787	-27.797334590753223	-2.2389447837926313	47.82910557311369	-48.414731488385684	40.76323433698791	-3.396929309424391	40.837227088174316	4.300698385695911	-51.4710921727376	
62.592488915075684	60.50762608808268	-17.129898007189635	-22.369780966502862	-36.91259810913915	47.713691078665015	12.750177450887023	29.03296106051082	-36.65891342036559	-53.73913071785887	64.31623586680146	53.38727409481445	-44.803681800599904	-37.480766856306495	30.498992517334823	52.40808304631831	6.363072626033272	46.90999006439346	-31.779687541304508	-47.755435430572426	57.58962684285787	-27.797334590753223	-2.2389447837926313	47.82910557311369	-48.414731488385684	40.76323433698791	-3.396929309424391	40.837227088174316	4.300698385695911	-51.4710921727376	
62.592488915075684	60.50762608808268	-17.129898007189635	-22.369780966502862	-36.91259810913915	47.713691078665015	12.750177450887023	29.03296106051082	-36.65891342036559	-53.73913071785887	64.31623586680146	53.38727409481445	-44.803681800599904	-37.480766856306495	30.498992517334823	52.40808304631831	6.363072626033272	46.90999006439346	-31.779687541304508	-47.755435430572426	57.58962684285787	-27.797334590753223	-2.2389447837926313	47.82910557311369	-48.414731488385684	40.76323433698791	-3.396929309424391	40.837227088174316	4.300698385695911	-51.4710921727376	
62.592488915075684	60.50762608808268	-17.129898007189635	-22.369780966502862	-36.91259810913915	47.713691078665015	12.750177450887023	29.03296106051082	-36.65891342036559	-53.73913071785887	64.31623586680146	53.38727409481445	-44.803681800599904	-37.480766856306495	30.498992517334823	52.40808304631831	6.363072626033272	46.90999006439346	-31.779687541304508	-47.755435430572426	57.58962684285787	-27.797334590753223	-2.2389447837926313	47.82910557311369	-48.414731488385684	40.76323433698791	-3.396929309424391	40.837227088174316	4.300698385695911	-51.4710921727376	
62.592488915075684	60.50762608808268	-17.129898007189635	-22.369780966502862	-36.91259810913915	47.713691078665015	12.750177450887023	29.03296106051082	-36.65891342036559	-53.73913071785887	64.31623586680146	53.38727409481445	-44.803681800599904	-37.480766856306495	30.498992517334823	52.40808304631831	6.363072626033272	46.90999006439346	-31.779687541304508	-47.755435430572426	57.58962684285787	-27.797334590753223	-2.2389447837926313	47.82910557311369	-48.414731488385684	40.76323433698791	-3.396929309424391	40.837227088174316	4.300698385695911	-51.4710921727376	
-7.347662817869736	3.2734093792784478	15.068694184362485	25.593779653277863	-22.54544902497574	39.61998623529261	-10.902557169095243	-11.05144712482856	-47.13842763578798	-94.62346326643011	47.935370123389916	24.66791127494627	-14.30131583526299	-21.66335516710616	29.18312293061892	22.136493967569024	-10.787912255662185	31.85812091513808	-10.728417958274434	-14.715450719792297	73.82325200335147	6.969215194866184	-10.115846052973431	49.526372965684004	-28.70326805090248	37.80924821227231	5.472434211592546	-40.69084715448995	-9.44201208776796	-58.76878057531941	
-7.347662817869736	3.2734093792784478	15.068694184362485	25.593779653277863	-22.54544902497574	39.61998623529261	-10.902557169095243	-11.05144712482856	-47.13842763578798	-94.62346326643011	47.935370123389916	24.66791127494627	-14.30131583526299	-21.66335516710616	29.18312293061892	22.136493967569024	-10.787912255662185	31.85812091513808	-10.728417958274434	-14.715450719792297	73.82325200335147	6.969215194866184	-10.115846052973431	49.526372965684004	-28.70326805090248	37.80924821227231	5.472434211592546	-40.69084715448995	-9.44201208776796	-58.76878057531941	
-7.347662817869736	3.2734093792784478	15.068694184362485	25.593779653277863	-22.54544902497574	39.61998623529261	-10.902557169095243	-11.05144712482856	-47.13842763578798	-94.62346326643011	47.935370123389916	24.66791127494627	-14.30131583526299	-21.66335516710616	29.18312293061892	22.136493967569024	-10.787912255662185	31.85812091513808	-10.728417958274434	-14.715450719792297	73.82325200335147	6.969215194866184	-10.115846052973431	49.526372965684004	-28.70326805090248	37.80924821227231	5.472434211592546	-40.69084715448995	-9.44201208776796	-58.76878057531941	
-7.347662817869736	3.2734093792784478	15.068694184362485	25.593779653277863	-22.54544902497574	39.61998623529261	-10.902557169095243	-11.05144712482856	-47.13842763578798	-94.62346326643011	47.935370123389916	24.66791127494627	-14.30131583526299	-21.66335516710616	29.18312293061892	22.136493967569024	-10.787912255662185	31.85812091513808	-10.728417958274434	-14.715450719792297	73.82325200335147	6.969215194866184	-10.115846052973431	49.526372965684004	-28.70326805090248	37.80924821227231	5.472434211592546	-40.69084715448995	-9.44201208776796	-58.76878057531941	
-7.347662817869736	3.2734093792784478	15.068694184362485	25.593779653277863	-22.54544902497574	39.61998623529261	-10.902557169095243	-11.05144712482856	-47.13842763578798	-94.62346326643011	47.935370123389916	24.66791127494627	-14.30131583526299	-21.66335516710616	29.18312293061892	22.136493967569024	-10.787912255662185	31.85812091513808	-10.728417958274434	-14.715450719792297	73.82325200335147	6.969215194866184	-10.115846052973431	49.526372965684004	-28.70326805090248	37.80924821227231	5.472434211592546	-40.69084715448995	-9.44201208776796	-58.76878057531941	
-7.347662817869736	3.2734093792784478	15.068694184362485	25.593779653277863	-22.54544902497574	39.61998623529261	-10.902557169095243	-11.05144712482856	-47.13842763578798	-94.62346326643011	47.935370123389916	24.66791127494627	-14.30131583526299	-21.66335516710616	29.18312293061892	22.136493967569024	-10.787912255662185	31.85812091513808	-10.728417958274434	-14.715450719792297	73.82325200335147	6.969215194866184	-10.115846052973431	49.526372965684004	-28.70326805090248	37.80924821227231	5.472434211592546	-40.69084715448995	-9.44201208776796	-58.76878057531941	
-7.347662817869736	3.2734093792784478	15.068694184362485	25.593779653277863	-22.54544902497574	39.61998623529261	-10.902557169095243	-11.05144712482856	-47.13842763578798	-94.62346326643011	47.935370123389916	24.66791127494627	-14.30131583526299	-21.66335516710616	29.18312293061892	22.136493967569024	-10.787912255662185	31.85812091513808	-10.728417958274434	-14.715450719792297	73.82325200335147	6.969215194866184	-10.115846052973431	49.526372965684004	-28.70326805090248	37.80924821227231	5.472434211592546	-40.69084715448995	-9.44201208776796	-58.76878057531941	
-26.949152484620896	6.042980133014662	17.056577878173258	47.52069003036454	-28.010888771766417	36.887842418596314	-3.3242504408250895	3.160546331425369	-48.98770997522352	-87.62368642795033	48.135764620972054	26.832332401759572	-21.06705986832453	-19.346536047932258	29.65447022690933	20.303625469594003	-7.4021358322975175	29.68311272540064	-16.549606969987444	-20.560174362933083	78.7988155315658	4.980092937573517	-9.157881663879955	49.864937796729386	-35.517812457258785	37.73895712556435	1.4395929549492745	-65.14688126954276	-14.929573410437483	-61.82775668475495	
-26.949152484620896	6.042980133014662	17.056577878173258	47.52069003036454	-28.010888771766417	36.887842418596314	-3.3242504408250895	3.160546331425369	-48.98770997522352	-87.62368642795033	48.135764620972054	26.832332401759572	-21.06705986832453	-19.346536047932258	29.65447022690933	20.303625469594003	-7.4021358322975175	29.68311272540064	-16.549606969987444	-20.560174362933083	78.7988155315658	4.980092937573517	-9.157881663879955	49.864937796729386	-35.517812457258785	37.73895712556435	1.4395929549492745	-65.14688126954276	-14.929573410437483	-61.82775668475495	
-26.949152484620896	6.042980133014662	17.056577878173258	47.52069003036454	-28.010888771766417	36.887842418596314	-3.3242504408250895	3.160546331425369	-48.98770997522352	-87.62368642795033	48.135764620972054	26.832332401759572	-21.06705986832453	-19.346536047932258	29.65447022690933	20.303625469594003	-7.4021358322975175	29.68311272540064	-16.549606969987444	-20.560174362933083	78.7988155315658	4.980092937573517	-9.157881663879955	49.864937796729386	-35.517812457258785	37.73895712556435	1.4395929549492745	-65.14688126954276	-14.929573410437483	-61.82775668475495	
-26.949152484620896	6.042980133014662	17.056577878173258	47.52069003036454	-28.010888771766417	36.887842418596314	-3.3242504408250895	3.160546331425369	-48.98770997522352	-87.62368642795033	48.135764620972054	26.832332401759572	-21.06705986832453	-19.346536047932258	29.65447022690933	20.303625469594003	-7.4021358322975175	29.68311272540064	-16.549606969987444	-20.560174362933083	78.7988155315658	4.980092937573517	-9.157881663879955	49.864937796729386	-35.517812457258785	37.73895712556435	1.4395929549492745	-65.14688126954276	-14.929573410437483	-61.82775668475495	
-26.949152484620896	6.042980133014662	17.056577878173258	47.52069003036454	-28.010888771766417	36.887842418596314	-3.3242504408250895	3.160546331425369	-48.98770997522352	-87.62368642795033	48.135764620972054	26.832332401759572	-21.06705986832453	-19.346536047932258	29.65447022690933	20.303625469594003	-7.4021358322975175	29.68311272540064	-16.549606969987444	-20.560174362933083	78.7988155315658	4.980092937573517	-9.157881663879955	49.864937796729386	-35.517812457258785	37.73895712556435	1.4395929549492745	-65.14688126954276	-14.929573410437483	-61.82775668475495	
-26.949152484620896	6.042980133014662	17.056577878173258	47.52069003036454	-28.010888771766417	36.887842418596314	-3.3242504408250895	3.160546331425369	-48.98770997522352	-87.62368642795033	48.135764620972054	26.832332401759572	-21.06705986832453	-19.346536047932258	29.65447022690933	20.303625469594003	-7.4021358322975175	29.68311272540064	-16.549606969987444	-20.560174362933083	78.7988155315658	4.980092937573517	-9.157881663879955	49.864937796729386	-35.517812457258785	37.73895712556435	1.4395929549492745	-65.14688126954276	-14.929573410437483	-61.82775668475495	
-26.949152484620896	6.042980133014662	17.056577878173258	47.52069003036454	-28.010888771766417	36.887842418596314	-3.3242504408250895	3.160546331425369	-48.98770997522352	-87.62368642795033	48.135764620972054	26.832332401759572	-21.06705986832453	-19.346536047932258	29.65447022690933	20.303625469594003	-7.4021358322975175	29.68311272540064	-16.549606969987444	-20.560174362933083	78.7988155315658	4.980092937573517	-9.157881663879955	49.864937796729386	-35.517812457258785	37.73895712556435	1.4395929549492745	-65.14688126954276	-14.929573410437483	-61.82775668475495	
-41.19684876420261	9.256093576363252	13.877249116663727	55.5783625549016	-30.51938384945815	32.84722460288646	-6.1806271869987315	0.6837740944857167	-50.36458726114828	-73.4696269383549	52.99624571258933	29.651187530090773	-28.78041861854547	-18.684583661642662	29.263023432139835	16.420401795660553	-5.035417057496902	31.63817099529862	-10.098936334626101	-27.146682219102527	86.83177220217878	3.365104942073355	-9.597729476620358	50.003629972894984	-41.35609650982401	36.901158020777466	2.424285836367581	-71.1468948533045	-11.664875620295255	-62.5972715724072	
-41.19684876420261	9.256093576363252	13.877249116663727	55.5783625549016	-30.51938384945815	32.84722460288646	-6.1806271869987315	0.6837740944857167	-50.36458726114828	-73.4696269383549	52.99624571258933	29.651187530090773	-28.78041861854547	-18.684583661642662	29.263023432139835	16.420401795660553	-5.035417057496902	31.63817099529862	-10.098936334626101	-27.146682219102527	86.83177220217878	3.365104942073355	-9.597729476620358	50.003629972894984	-41.35609650982401	36.901158020777466	2.424285836367581	-71.1468948533045	-11.664875620295255	-62.5972715724072	
-41.19684876420261	9.256093576363252	13.877249116663727	55.5783625549016	-30.51938384945815	32.84722460288646	-6.1806271869987315	0.6837740944857167	-50.36458726114828	-73.4696269383549	52.99624571258933	29.651187530090773	-28.78041861854547	-18.684583661642662	29.263023432139835	16.420401795660553	-5.035417057496902	31.63817099529862	-10.098936334626101	-27.146682219102527	86.83177220217878	3.365104942073355	-9.597729476620358	50.003629972894984	-41.35609650982401	36.901158020777466	2.424285836367581	-71.1468948533045	-11.664875620295255	-62.5972715724072	
-41.19684876420261	9.256093576363252	13.877249116663727	55.5783625549016	-30.51938384945815	32.84722460288646	-6.1806271869987315	0.6837740944857167	-50.36458726114828	-73.4696269383549	52.99624571258933	29.651187530090773	-28.78041861854547	-18.684583661642662	29.263023432139835	16.420401795660553	-5.035417057496902	31.63817099529862	-10.098936334626101	-27.146682219102527	86.83177220217878	3.365104942073355	-9.597729476620358	50.003629972894984	-41.35609650982401	36.901158020777466	2.424285836367581	-71.1468948533045	-11.664875620295255	-62.5972715724072	
-41.19684876420261	9.256093576363252	13.877249116663727	55.5783625549016	-30.51938384945815	32.84722460288646	-6.1806271869987315	0.6837740944857167	-50.36458726114828	-73.4696269383549	52.99624571258933	29.651187530090773	-28.78041861854547	-18.684583661642662	29.263023432139835	16.420401795660553	-5.035417057496902	31.63817099529862	-10.098936334626101	-27.146682219102527	86.83177220217878	3.365104942073355	-9.597729476620358	50.003629972894984	-41.35609650982401	36.901158020777466	2.424285836367581	-71.1468948533045	-11.664875620295255	-62.5972715724072	
-41.19684876420261	9.256093576363252	13.877249116663727	55.5783625549016	-30.51938384945815	32.84722460288646	-6.1806271869987315	0.6837740944857167	-50.36458726114828	-73.4696269383549	52.99624571258933	29.651187530090773	-28.78041861854547	-18.684583661642662	29.263023432139835	16.420401795660553	-5.035417057496902	31.63817099529862	-10.098936334626101	-27.146682219102527	86.83177220217878	3.365104942073355	-9.597729476620358	50.003629972894984	-41.35609650982401	36.901158020777466	2.424285836367581	-71.1468948533045	-11.664875620295255	-62.5972715724072	
-41.19684876420261	9.256093576363252	13.877249116663727	55.5783625549016	-30.51938384945815	32.84722460288646	-6.1806271869987315	0.6837740944857167	-50.36458726114828	-73.4696269383549	52.99624571258933	29.651187530090773	-28.78041861854547	-18.684583661642662	29.263023432139835	16.420401795660553	-5.035417057496902	31.63817099529862	-10.098936334626101	-27.146682219102527	86.83177220217878	3.365104942073355	-9.597729476620358	50.003629972894984	-41.35609650982401	36.901158020777466	2.424285836367581	-71.1468948533045	-11.664875620295255	-62.5972715724072	
-41.19684876420261	9.256093576363252	13.877249116663727	55.5783625549016	-30.51938384945815	32.84722460288646	-6.1806271869987315	0.6837740944857167	-50.36458726114828	-73.4696269383549	52.99624571258933	29.651187530090773	-28.78041861854547	-18.684583661642662	29.263023432139835	16.420401795660553	-5.035417057496902	31.63817099529862	-10.098936334626101	-27.146682219102527	86.83177220217878	3.365104942073355	-9.597729476620358	50.003629972894984	-41.35609650982401	36.901158020777466	2.424285836367581	-71.1468948533045	-11.664875620295255	-62.5972715724072	
-41.19684876420261	9.256093576363252	13.877249116663727	55.5783625549016	-30.51938384945815	32.84722460288646	-6.1806271869987315	0.6837740944857167	-50.36458726114828	-73.4696269383549	52.99624571258933	29.651187530090773	-28.78041861854547	-18.684583661642662	29.263023432139835	16.420401795660553	-5.035417057496902	31.63817099529862	-10.098936334626101	-27.146682219102527	86.83177220217878	3.365104942073355	-9.597729476620358	50.003629972894984	-41.35609650982401	36.901158020777466	2.424285836367581	-71.1468948533045	-11.664875620295255	-62.5972715724072	
-41.19684876420261	9.256093576363252	13.877249116663727	55.5783625549016	-30.51938384945815	32.84722460288646	-6.1806271869987315	0.6837740944857167	-50.36458726114828	-73.4696269383549	52.99624571258933	29.651187530090773	-28.78041861854547	-18.684583661642662	29.263023432139835	16.420401795660553	-5.035417057496902	31.63817099529862	-10.098936334626101	-27.146682219102527	86.83177220217878	3.365104942073355	-9.597729476620358	50.003629972894984	-41.35609650982401	36.901158020777466	2.424285836367581	-71.1468948533045	-11.664875620295255	-62.5972715724072	
-41.19684876420261	9.256093576363252	13.877249116663727	55.5783625549016	-30.51938384945815	32.84722460288646	-6.1806271869987315	0.6837740944857167	-50.36458726114828	-73.4696269383549	52.99624571258933	29.651187530090773	-28.78041861854547	-18.684583661642662	29.263023432139835	16.420401795660553	-5.035417057496902	31.63817099529862	-10.098936334626101	-27.146682219102527	86.83177220217878	3.365104942073355	-9.597729476620358	50.003629972894984	-41.35609650982401	36.901158020777466	2.424285836367581	-71.1468948533045	-11.664875620295255	-62.5972715724072	
-41.19684876420261	9.256093576363252	13.877249116663727	55.5783625549016	-30.51938384945815	32.84722460288646	-6.1806271869987315	0.6837740944857167	-50.36458726114828	-73.4696269383549	52.99624571258933	29.651187530090773	-28.78041861854547	-18.684583661642662	29.263023432139835	16.420401795660553	-5.035417057496902	31.63817099529862	-10.098936334626101	-27.146682219102527	86.83177220217878	3.365104942073355	-9.597729476620358	50.003629972894984	-41.35609650982401	36.901158020777466	2.424285836367581	-71.1468948533045	-11.664875620295255	-62.5972715724072	
-41.19684876420261	9.256093576363252	13.877249116663727	55.5783625549016	-30.51938384945815	32.84722460288646	-6.1806271869987315	0.6837740944857167	-50.36458726114828	-73.4696269383549	52.99624571258933	29.651187530090773	-28.78041861854547	-18.684583661642662	29.263023432139835	16.420401795660553	-5.035417057496902	31.63817099529862	-10.098936334626101	-27.146682219102527	86.83177220217878	3.365104942073355	-9.597729476620358	50.003629972894984	-41.35609650982401	36.901158020777466	2.424285836367581	-71.1468948533045	-11.664875620295255	-62.5972715724072	
-41.19684876420261	9.256093576363252	13.877249116663727	55.5783625549016	-30.51938384945815	32.84722460288646	-6.1806271869987315	0.6837740944857167	-50.36458726114828	-73.4696269383549	52.99624571258933	29.651187530090773	-28.78041861854547	-18.684583661642662	29.263023432139835	16.420401795660553	-5.035417057496902	31.63817099529862	-10.098936334626101	-27.146682219102527	86.83177220217878	3.365104942073355	-9.597729476620358	50.003629972894984	-41.35609650982401	36.901158020777466	2.424285836367581	-71.1468948533045	-11.664875620295255	-62.5972715724072	
-41.19684876420261	9.256093576363252	13.877249116663727	55.5783625549016	-30.51938384945815	32.84722460288646	-6.1806271869987315	0.6837740944857167	-50.36458726114828	-73.4696269383549	52.99624571258933	29.651187530090773	-28.78041861854547	-18.684583661642662	29.263023432139835	16.420401795660553	-5.035417057496902	31.63817099529862	-10.098936334626101	-27.146682219102527	86.83177220217878	3.365104942073355	-9.597729476620358	50.003629972894984	-41.35609650982401	36.901158020777466	2.424285836367581	-71.1468948533045	-11.664875620295255	-62.5972715724072	
1.5141275569827073	7.526683073917693	6.656994571792701	69.54877994695838	-30.48721231833158	6.417265821788922	-8.910953363129417	-10.085121952442679	-13.81652640976752	-49.45442951160475	-7.768610976451628	33.50488211184327	-11.479899224804381	23.233823405403818	24.99769048936136	19.183876570584886	5.718963985292206	-18.34708709791094	1.4167147700696106	-26.21809176586969	8.328110198489531	-5.396146617871521	3.6570235050603586	16.543251645099403	-19.689694440038778	-14.88818305082981	-22.90641375238369	-52.014437203008725	2.0354505825960003	-9.369999067344626	
1.5141275569827073	7.526683073917693	6.656994571792701	69.54877994695838	-30.48721231833158	6.417265821788922	-8.910953363129417	-10.085121952442679	-13.81652640976752	-49.45442951160475	-7.768610976451628	33.50488211184327	-11.479899224804381	23.233823405403818	24.99769048936136	19.183876570584886	5.718963985292206	-18.34708709791094	1.4167147700696106	-26.21809176586969	8.328110198489531	-5.396146617871521	3.6570235050603586	16.543251645099403	-19.689694440038778	-14.88818305082981	-22.90641375238369	-52.014437203008725	2.0354505825960003	-9.369999067344626	
1.5141275569827073	7.526683073917693	6.656994571792701	69.54877994695838	-30.48721231833158	6.417265821788922	-8.910953363129417	-10.085121952442679	-13.81652640976752	-49.45442951160475	-7.768610976451628	33.50488211184327	-11.479899224804381	23.233823405403818	24.99769048936136	19.183876570584886	5.718963985292206	-18.34708709791094	1.4167147700696106	-26.21809176586969	8.328110198489531	-5.396146617871521	3.6570235050603586	16.543251645099403	-19.689694440038778	-14.88818305082981	-22.90641375238369	-52.014437203008725	2.0354505825960003	-9.369999067344626	
1.5141275569827073	7.526683073917693	6.656994571792701	69.54877994695838	-30.48721231833158	6.417265821788922	-8.910953363129417	-10.085121952442679	-13.81652640976752	-49.45442951160475	-7.768610976451628	33.50488211184327	-11.479899224804381	23.233823405403818	24.99769048936136	19.183876570584886	5.718963985292206	-18.34708709791094	1.4167147700696106	-26.21809176586969	8.328110198489531	-5.396146617871521	3.6570235050603586	16.543251645099403	-19.689694440038778	-14.88818305082981	-22.90641375238369	-52.014437203008725	2.0354505825960003	-9.369999067344626	
1.5141275569827073	7.526683073917693	6.656994571792701	69.54877994695838	-30.48721231833158	6.417265821788922	-8.910953363129417	-10.085121952442679	-13.81652640976752	-49.45442951160475	-7.768610976451628	33.50488211184327	-11.479899224804381	23.233823405403818	24.99769048936136	19.183876570584886	5.718963985292206	-18.34708709791094	1.4167147700696106	-26.21809176586969	8.328110198489531	-5.396146617871521	3.6570235050603586	16.543251645099403	-19.689694440038778	-14.88818305082981	-22.90641375238369	-52.014437203008725	2.0354505825960003	-9.369999067344626	
1.5141275569827073	7.526683073917693	6.656994571792701	69.54877994695838	-30.48721231833158	6.417265821788922	-8.910953363129417	-10.085121952442679	-13.81652640976752	-49.45442951160475	-7.768610976451628	33.50488211184327	-11.479899224804381	23.233823405403818	24.99769048936136	19.183876570584886	5.718963985292206	-18.34708709791094	1.4167147700696106	-26.21809176586969	8.328110198489531	-5.396146617871521	3.6570235050603586	16.543251645099403	-19.689694440038778	-14.88818305082981	-22.90641375238369	-52.014437203008725	2.0354505825960003	-9.369999067344626	
1.5141275569827073	7.526683073917693	6.656994571792701	69.54877994695838	-30.48721231833158	6.417265821788922	-8.910953363129417	-10.085121952442679	-13.81652640976752	-49.45442951160475	-7.768610976451628	33.50488211184327	-11.479899224804381	23.233823405403818	24.99769048936136	19.183876570584886	5.718963985292206	-18.34708709791094	1.4167147700696106	-26.21809176586969	8.328110198489531	-5.396146617871521	3.6570235050603586	16.543251645099403	-19.689694440038778	-14.88818305082981	-22.90641375238369	-52.014437203008725	2.0354505825960003	-9.369999067344626	
1.5141275569827073	7.526683073917693	6.656994571792701	69.54877994695838	-30.48721231833158	6.417265821788922	-8.910953363129417	-10.085121952442679	-13.81652640976752	-49.45442951160475	-7.768610976451628	33.50488211184327	-11.479899224804381	23.233823405403818	24.99769048936136	19.183876570584886	5.718963985292206	-18.34708709791094	1.4167147700696106	-26.21809176586969	8.328110198489531	-5.396146617871521	3.6570235050603586	16.543251645099403	-19.689694440038778	-14.88818305082981	-22.90641375238369	-52.014437203008725	2.0354505825960003	-9.369999067344626	
1.5141275569827073	7.526683073917693	6.656994571792701	69.54877994695838	-30.48721231833158	6.417265821788922	-8.910953363129417	-10.085121952442679	-13.81652640976752	-49.45442951160475	-7.768610976451628	33.50488211184327	-11.479899224804381	23.233823405403818	24.99769048936136	19.183876570584886	5.718963985292206	-18.34708709791094	1.4167147700696106	-26.21809176586969	8.328110198489531	-5.396146617871521	3.6570235050603586	16.543251645099403	-19.689694440038778	-14.88818305082981	-22.90641375238369	-52.014437203008725	2.0354505825960003	-9.369999067344626	
1.5141275569827073	7.526683073917693	6.656994571792701	69.54877994695838	-30.48721231833158	6.417265821788922	-8.910953363129417	-10.085121952442679	-13.81652640976752	-49.45442951160475	-7.768610976451628	33.50488211184327	-11.479899224804381	23.233823405403818	24.99769048936136	19.183876570584886	5.718963985292206	-18.34708709791094	1.4167147700696106	-26.21809176586969	8.328110198489531	-5.396146617871521	3.6570235050603586	16.543251645099403	-19.689694440038778	-14.88818305082981	-22.90641375238369	-52.014437203008725	2.0354505825960003	-9.369999067344626	
1.5141275569827073	7.526683073917693	6.656994571792701	69.54877994695838	-30.48721231833158	6.417265821788922	-8.910953363129417	-10.085121952442679	-13.81652640976752	-49.45442951160475	-7.768610976451628	33.50488211184327	-11.479899224804381	23.233823405403818	24.99769048936136	19.183876570584886	5.718963985292206	-18.34708709791094	1.4167147700696106	-26.21809176586969	8.328110198489531	-5.396146617871521	3.6570235050603586	16.543251645099403	-19.689694440038778	-14.88818305082981	-22.90641375238369	-52.014437203008725	2.0354505825960003	-9.369999067344626	
1.5141275569827073	7.526683073917693	6.656994571792701	69.54877994695838	-30.48721231833158	6.417265821788922	-8.910953363129417	-10.085121952442679	-13.81652640976752	-49.45442951160475	-7.768610976451628	33.50488211184327	-11.479899224804381	23.233823405403818	24.99769048936136	19.183876570584886	5.718963985292206	-18.34708709791094	1.4167147700696106	-26.21809176586969	8.328110198489531	-5.396146617871521	3.6570235050603586	16.543251645099403	-19.689694440038778	-14.88818305082981	-22.90641375238369	-52.014437203008725	2.0354505825960003	-9.369999067344626	
1.5141275569827073	7.526683073917693	6.656994571792701	69.54877994695838	-30.48721231833158	6.417265821788922	-8.910953363129417	-10.085121952442679	-13.81652640976752	-49.45442951160475	-7.768610976451628	33.50488211184327	-11.479899224804381	23.233823405403818	24.99769048936136	19.183876570584886	5.718963985292206	-18.34708709791094	1.4167147700696106	-26.21809176586969	8.328110198489531	-5.396146617871521	3.6570235050603586	16.543251645099403	-19.689694440038778	-14.88818305082981	-22.90641375238369	-52.014437203008725	2.0354505825960003	-9.369999067344626	
1.5141275569827073	7.526683073917693	6.656994571792701	69.54877994695838	-30.48721231833158	6.417265821788922	-8.910953363129417	-10.085121952442679	-13.81652640976752	-49.45442951160475	-7.768610976451628	33.50488211184327	-11.479899224804381	23.233823405403818	24.99769048936136	19.183876570584886	5.718963985292206	-18.34708709791094	1.4167147700696106	-26.21809176586969	8.328110198489531	-5.396146617871521	3.6570235050603586	16.543251645099403	-19.689694440038778	-14.88818305082981	-22.90641375238369	-52.014437203008725	2.0354505825960003	-9.369999067344626	
1.5141275569827073	7.526683073917693	6.656994571792701	69.54877994695838	-30.48721231833158	6.417265821788922	-8.910953363129417	-10.085121952442679	-13.81652640976752	-49.45442951160475	-7.768610976451628	33.50488211184327	-11.479899224804381	23.233823405403818	24.99769048936136	19.183876570584886	5.718963985292206	-18.34708709791094	1.4167147700696106	-26.21809176586969	8.328110198489531	-5.396146617871521	3.6570235050603586	16.543251645099403	-19.689694440038778	-14.88818305082981	-22.90641375238369	-52.014437203008725	2.0354505825960003	-9.369999067344626	
1.5141275569827073	7.526683073917693	6.656994571792701	69.54877994695838	-30.48721231833158	6.417265821788922	-8.910953363129417	-10.085121952442679	-13.81652640976752	-49.45442951160475	-7.768610976451628	33.50488211184327	-11.479899224804381	23.233823405403818	24.99769048936136	19.183876570584886	5.718963985292206	-18.34708709791094	1.4167147700696106	-26.21809176586969	8.328110198489531	-5.396146617871521	3.6570235050603586	16.543251645099403	-19.689694440038778	-14.88818305082981	-22.90641375238369	-52.014437203008725	2.0354505825960003	-9.369999067344626	
1.5141275569827073	7.526683073917693	6.656994571792701	69.54877994695838	-30.48721231833158	6.417265821788922	-8.910953363129417	-10.085121952442679	-13.81652640976752	-49.45442951160475	-7.768610976451628	33.50488211184327	-11.479899224804381	23.233823405403818	24.99769048936136	19.183876570584886	5.718963985292206	-18.34708709791094	1.4167147700696106	-26.21809176586969	8.328110198489531	-5.396146617871521	3.6570235050603586	16.543251645099403	-19.689694440038778	-14.88818305082981	-22.90641375238369	-52.014437203008725	2.0354505825960003	-9.369999067344626	
1.5141275569827073	7.526683073917693	6.656994571792701	69.54877994695838	-30.48721231833158	6.417265821788922	-8.910953363129417	-10.085121952442679	-13.81652640976752	-49.45442951160475	-7.768610976451628	33.50488211184327	-11.479899224804381	23.233823405403818	24.99769048936136	19.183876570584886	5.718963985292206	-18.34708709791094	1.4167147700696106	-26.21809176586969	8.328110198489531	-5.396146617871521	3.6570235050603586	16.543251645099403	-19.689694440038778	-14.88818305082981	-22.90641375238369	-52.014437203008725	2.0354505825960003	-9.369999067344626	
1.5141275569827073	7.526683073917693	6.656994571792701	69.54877994695838	-30.48721231833158	6.417265821788922	-8.910953363129417	-10.085121952442679	-13.81652640976752	-49.45442951160475	-7.768610976451628	33.50488211184327	-11.479899224804381	23.233823405403818	24.99769048936136	19.183876570584886	5.718963985292206	-18.34708709791094	1.4167147700696106	-26.21809176586969	8.328110198489531	-5.396146617871521	3.6570235050603586	16.543251645099403	-19.689694440038778	-14.88818305082981	-22.90641375238369	-52.014437203008725	2.0354505825960003	-9.369999067344626	
1.5141275569827073	7.526683073917693	6.656994571792701	69.54877994695838	-30.48721231833158	6.417265821788922	-8.910953363129417	-10.085121952442679	-13.81652640976752	-49.45442951160475	-7.768610976451628	33.50488211184327	-11.479899224804381	23.233823405403818	24.99769048936136	19.183876570584886	5.718963985292206	-18.34708709791094	1.4167147700696106	-26.21809176586969	8.328110198489531	-5.396146617871521	3.6570235050603586	16.543251645099403	-19.689694440038778	-14.88818305082981	-22.90641375238369	-52.014437203008725	2.0354505825960003	-9.369999067344626	
1.5141275569827073	7.526683073917693	6.656994571792701	69.54877994695838	-30.48721231833158	6.417265821788922	-8.910953363129417	-10.085121952442679	-13.81652640976752	-49.45442951160475	-7.768610976451628	33.50488211184327	-11.479899224804381	23.233823405403818	24.99769048936136	19.183876570584886	5.718963985292206	-18.34708709791094	1.4167147700696106	-26.21809176586969	8.328110198489531	-5.396146617871521	3.6570235050603586	16.543251645099403	-19.689694440038778	-14.88818305082981	-22.90641375238369	-52.014437203008725	2.0354505825960003	-9.369999067344626	
-55.93672503835139	4.542501650399667	35.30074698085469	8.278616976825266	-47.436539070826896	7.302078351004279	6.386992013537706	-2.497705792954492	-61.05299088268516	-47.1345617383113	-21.07606430268421	12.479573101109304	-13.239016147926025	46.10720721420118	61.015682846786085	34.82546389516347	32.64811304810754	77.81485904124315	22.196309180147285	-74.08414704129396	-6.175480140479878	33.08360956150406	36.785630033493746	11.413151788861406	-37.03354565011355	-32.98852558300561	-60.282184826527306	-53.88746400848131	63.539679183060656	-66.10831001523377	
-55.93815132159779	4.542997505206168	35.3001421658796	8.279407041833743	-47.43697026361266	7.302040196320318	6.387718734519492	-2.4977222684399445	-61.05342866818032	-47.13402106061503	-21.076139162277318	12.479836885607128	-13.239343403194018	46.10813127863617	61.01473816494554	34.82551702964161	32.64813415700281	77.8163617248899	22.195894089780428	-74.0835745446425	-6.176338888562816	33.0834250887439	36.78543685467511	11.411893507962981	-37.03413424593322	-32.98983044337181	-60.28273910627131	-53.88800850621067	63.540935124561614	-66.10808814574341	
-55.93815132159779	4.542997505206168	35.3001421658796	8.279407041833743	-47.43697026361266	7.302040196320318	6.387718734519492	-2.4977222684399445	-61.05342866818032	-47.13402106061503	-21.076139162277318	12.479836885607128	-13.239343403194018	46.10813127863617	61.01473816494554	34.82551702964161	32.64813415700281	77.8163617248899	22.195894089780428	-74.0835745446425	-6.176338888562816	33.0834250887439	36.78543685467511	11.411893507962981	-37.03413424593322	-32.98983044337181	-60.28273910627131	-53.88800850621067	63.540935124561614	-66.10808814574341	
-55.93815132159779	4.542997505206168	35.3001421658796	8.279407041833743	-47.43697026361266	7.302040196320318	6.387718734519492	-2.4977222684399445	-61.05342866818032	-47.13402106061503	-21.076139162277318	12.479836885607128	-13.239343403194018	46.10813127863617	61.01473816494554	34.82551702964161	32.64813415700281	77.8163617248899	22.195894089780428	-74.0835745446425	-6.176338888562816	33.0834250887439	36.78543685467511	11.411893507962981	-37.03413424593322	-32.98983044337181	-60.28273910627131	-53.88800850621067	63.540935124561614	-66.10808814574341	
-55.93815132159779	4.542997505206168	35.3001421658796	8.279407041833743	-47.43697026361266	7.302040196320318	6.387718734519492	-2.4977222684399445	-61.05342866818032	-47.13402106061503	-21.076139162277318	12.479836885607128	-13.239343403194018	46.10813127863617	61.01473816494554	34.82551702964161	32.64813415700281	77.8163617248899	22.195894089780428	-74.0835745446425	-6.176338888562816	33.0834250887439	36.78543685467511	11.411893507962981	-37.03413424593322	-32.98983044337181	-60.28273910627131	-53.88800850621067	63.540935124561614	-66.10808814574341	
-55.93815132159779	4.542997505206168	35.3001421658796	8.279407041833743	-47.43697026361266	7.302040196320318	6.387718734519492	-2.4977222684399445	-61.05342866818032	-47.13402106061503	-21.076139162277318	12.479836885607128	-13.239343403194018	46.10813127863617	61.01473816494554	34.82551702964161	32.64813415700281	77.8163617248899	22.195894089780428	-74.0835745446425	-6.176338888562816	33.0834250887439	36.78543685467511	11.411893507962981	-37.03413424593322	-32.98983044337181	-60.28273910627131	-53.88800850621067	63.540935124561614	-66.10808814574341	
-55.93815132159779	4.542997505206168	35.3001421658796	8.279407041833743	-47.43697026361266	7.302040196320318	6.387718734519492	-2.4977222684399445	-61.05342866818032	-47.13402106061503	-21.076139162277318	12.479836885607128	-13.239343403194018	46.10813127863617	61.01473816494554	34.82551702964161	32.64813415700281	77.8163617248899	22.195894089780428	-74.0835745446425	-6.176338888562816	33.0834250887439	36.78543685467511	11.411893507962981	-37.03413424593322	-32.98983044337181	-60.28273910627131	-53.88800850621067	63.540935124561614	-66.10808814574341	
-55.93815132159779	4.542997505206168	35.3001421658796	8.279407041833743	-47.43697026361266	7.302040196320318	6.387718734519492	-2.4977222684399445	-61.05342866818032	-47.13402106061503	-21.076139162277318	12.479836885607128	-13.239343403194018	46.10813127863617	61.01473816494554	34.82551702964161	32.64813415700281	77.8163617248899	22.195894089780428	-74.0835745446425	-6.176338888562816	33.0834250887439	36.78543685467511	11.411893507962981	-37.03413424593322	-32.98983044337181	-60.28273910627131	-53.88800850621067	63.540935124561614	-66.10808814574341	
-55.93815132159779	4.542997505206168	35.3001421658796	8.279407041833743	-47.43697026361266	7.302040196320318	6.387718734519492	-2.4977222684399445	-61.05342866818032	-47.13402106061503	-21.076139162277318	12.479836885607128	-13.239343403194018	46.10813127863617	61.01473816494554	34.82551702964161	32.64813415700281	77.8163617248899	22.195894089780428	-74.0835745446425	-6.176338888562816	33.0834250887439	36.78543685467511	11.411893507962981	-37.03413424593322	-32.98983044337181	-60.28273910627131	-53.88800850621067	63.540935124561614	-66.10808814574341	
-55.93815132159779	4.542997505206168	35.3001421658796	8.279407041833743	-47.43697026361266	7.302040196320318	6.387718734519492	-2.4977222684399445	-61.05342866818032	-47.13402106061503	-21.076139162277318	12.479836885607128	-13.239343403194018	46.10813127863617	61.01473816494554	34.82551702964161	32.64813415700281	77.8163617248899	22.195894089780428	-74.0835745446425	-6.176338888562816	33.0834250887439	36.78543685467511	11.411893507962981	-37.03413424593322	-32.98983044337181	-60.28273910627131	-53.88800850621067	63.540935124561614	-66.10808814574341	
-55.93815132159779	4.542997505206168	35.3001421658796	8.279407041833743	-47.43697026361266	7.302040196320318	6.387718734519492	-2.4977222684399445	-61.05342866818032	-47.13402106061503	-21.076139162277318	12.479836885607128	-13.239343403194018	46.10813127863617	61.01473816494554	34.82551702964161	32.64813415700281	77.8163617248899	22.195894089780428	-74.0835745446425	-6.176338888562816	33.0834250887439	36.78543685467511	11.411893507962981	-37.03413424593322	-32.98983044337181	-60.28273910627131	-53.88800850621067	63.540935124561614	-66.10808814574341	
-55.93815132159779	4.542997505206168	35.3001421658796	8.279407041833743	-47.43697026361266	7.302040196320318	6.387718734519492	-2.4977222684399445	-61.05342866818032	-47.13402106061503	-21.076139162277318	12.479836885607128	-13.239343403194018	46.10813127863617	61.01473816494554	34.82551702964161	32.64813415700281	77.8163617248899	22.195894089780428	-74.0835745446425	-6.176338888562816	33.0834250887439	36.78543685467511	11.411893507962981	-37.03413424593322	-32.98983044337181	-60.28273910627131	-53.88800850621067	63.540935124561614	-66.10808814574341	
-55.93815132159779	4.542997505206168	35.3001421658796	8.279407041833743	-47.43697026361266	7.302040196320318	6.387718734519492	-2.4977222684399445	-61.05342866818032	-47.13402106061503	-21.076139162277318	12.479836885607128	-13.239343403194018	46.10813127863617	61.01473816494554	34.82551702964161	32.64813415700281	77.8163617248899	22.195894089780428	-74.0835745446425	-6.176338888562816	33.0834250887439	36.78543685467511	11.411893507962981	-37.03413424593322	-32.98983044337181	-60.28273910627131	-53.88800850621067	63.540935124561614	-66.10808814574341	
-55.93815132159779	4.542997505206168	35.3001421658796	8.279407041833743	-47.43697026361266	7.302040196320318	6.387718734519492	-2.4977222684399445	-61.05342866818032	-47.13402106061503	-21.076139162277318	12.479836885607128	-13.239343403194018	46.10813127863617	61.01473816494554	34.82551702964161	32.64813415700281	77.8163617248899	22.195894089780428	-74.0835745446425	-6.176338888562816	33.0834250887439	36.78543685467511	11.411893507962981	-37.03413424593322	-32.98983044337181	-60.28273910627131	-53.88800850621067	63.540935124561614	-66.10808814574341	
-55.93815132159779	4.542997505206168	35.3001421658796	8.279407041833743	-47.43697026361266	7.302040196320318	6.387718734519492	-2.4977222684399445	-61.05342866818032	-47.13402106061503	-21.076139162277318	12.479836885607128	-13.239343403194018	46.10813127863617	61.01473816494554	34.82551702964161	32.64813415700281	77.8163617248899	22.195894089780428	-74.0835745446425	-6.176338888562816	33.0834250887439	36.78543685467511	11.411893507962981	-37.03413424593322	-32.98983044337181	-60.28273910627131	-53.88800850621067	63.540935124561614	-66.10808814574341	
-55.93815132159779	4.542997505206168	35.3001421658796	8.279407041833743	-47.43697026361266	7.302040196320318	6.387718734519492	-2.4977222684399445	-61.05342866818032	-47.13402106061503	-21.076139162277318	12.479836885607128	-13.239343403194018	46.10813127863617	61.01473816494554	34.82551702964161	32.64813415700281	77.8163617248899	22.195894089780428	-74.0835745446425	-6.176338888562816	33.0834250887439	36.78543685467511	11.411893507962981	-37.03413424593322	-32.98983044337181	-60.28273910627131	-53.88800850621067	63.540935124561614	-66.10808814574341	
-55.93815132159779	4.542997505206168	35.3001421658796	8.279407041833743	-47.43697026361266	7.302040196320318	6.387718734519492	-2.4977222684399445	-61.05342866818032	-47.13402106061503	-21.076139162277318	12.479836885607128	-13.239343403194018	46.10813127863617	61.01473816494554	34.82551702964161	32.64813415700281	77.8163617248899	22.195894089780428	-74.0835745446425	-6.176338888562816	33.0834250887439	36.78543685467511	11.411893507962981	-37.03413424593322	-32.98983044337181	-60.28273910627131	-53.88800850621067	63.540935124561614	-66.10808814574341	
-55.93815132159779	4.542997505206168	35.3001421658796	8.279407041833743	-47.43697026361266	7.302040196320318	6.387718734519492	-2.4977222684399445	-61.05342866818032	-47.13402106061503	-21.076139162277318	12.479836885607128	-13.239343403194018	46.10813127863617	61.01473816494554	34.82551702964161	32.64813415700281	77.8163617248899	22.195894089780428	-74.0835745446425	-6.176338888562816	33.0834250887439	36.78543685467511	11.411893507962981	-37.03413424593322	-32.98983044337181	-60.28273910627131	-53.88800850621067	63.540935124561614	-66.10808814574341	
-55.93815132159779	4.542997505206168	35.3001421658796	8.279407041833743	-47.43697026361266	7.302040196320318	6.387718734519492	-2.4977222684399445	-61.05342866818032	-47.13402106061503	-21.076139162277318	12.479836885607128	-13.239343403194018	46.10813127863617	61.01473816494554	34.82551702964161	32.64813415700281	77.8163617248899	22.195894089780428	-74.0835745446425	-6.176338888562816	33.0834250887439	36.78543685467511	11.411893507962981	-37.03413424593322	-32.98983044337181	-60.28273910627131	-53.88800850621067	63.540935124561614	-66.10808814574341	
-55.93815132159779	4.542997505206168	35.3001421658796	8.279407041833743	-47.43697026361266	7.302040196320318	6.387718734519492	-2.4977222684399445	-61.05342866818032	-47.13402106061503	-21.076139162277318	12.479836885607128	-13.239343403194018	46.10813127863617	61.01473816494554	34.82551702964161	32.64813415700281	77.8163617248899	22.195894089780428	-74.0835745446425	-6.176338888562816	33.0834250887439	36.78543685467511	11.411893507962981	-37.03413424593322	-32.98983044337181	-60.28273910627131	-53.88800850621067	63.540935124561614	-66.10808814574341	
-55.93815132159779	4.542997505206168	35.3001421658796	8.279407041833743	-47.43697026361266	7.302040196320318	6.387718734519492	-2.4977222684399445	-61.05342866818032	-47.13402106061503	-21.076139162277318	12.479836885607128	-13.239343403194018	46.10813127863617	61.01473816494554	34.82551702964161	32.64813415700281	77.8163617248899	22.195894089780428	-74.0835745446425	-6.176338888562816	33.0834250887439	36.78543685467511	11.411893507962981	-37.03413424593322	-32.98983044337181	-60.28273910627131	-53.88800850621067	63.540935124561614	-66.10808814574341	
-55.93815132159779	4.542997505206168	35.3001421658796	8.279407041833743	-47.43697026361266	7.302040196320318	6.387718734519492	-2.4977222684399445	-61.05342866818032	-47.13402106061503	-21.076139162277318	12.479836885607128	-13.239343403194018	46.10813127863617	61.01473816494554	34.82551702964161	32.64813415700281	77.8163617248899	22.195894089780428	-74.0835745446425	-6.176338888562816	33.0834250887439	36.78543685467511	11.411893507962981	-37.03413424593322	-32.98983044337181	-60.28273910627131	-53.88800850621067	63.540935124561614	-66.10808814574341	
-55.93815132159779	4.542997505206168	35.3001421658796	8.279407041833743	-47.43697026361266	7.302040196320318	6.387718734519492	-2.4977222684399445	-61.05342866818032	-47.13402106061503	-21.076139162277318	12.479836885607128	-13.239343403194018	46.10813127863617	61.01473816494554	34.82551702964161	32.64813415700281	77.8163617248899	22.195894089780428	-74.0835745446425	-6.176338888562816	33.0834250887439	36.78543685467511	11.411893507962981	-37.03413424593322	-32.98983044337181	-60.28273910627131	-53.88800850621067	63.540935124561614	-66.10808814574341	
-55.93815132159779	4.542997505206168	35.3001421658796	8.279407041833743	-47.43697026361266	7.302040196320318	6.387718734519492	-2.4977222684399445	-61.05342866818032	-47.13402106061503	-21.076139162277318	12.479836885607128	-13.239343403194018	46.10813127863617	61.01473816494554	34.82551702964161	32.64813415700281	77.8163617248899	22.195894089780428	-74.0835745446425	-6.176338888562816	33.0834250887439	36.78543685467511	11.411893507962981	-37.03413424593322	-32.98983044337181	-60.28273910627131	-53.88800850621067	63.540935124561614	-66.10808814574341	
-55.93815132159779	4.542997505206168	35.3001421658796	8.279407041833743	-47.43697026361266	7.302040196320318	6.387718734519492	-2.4977222684399445	-61.05342866818032	-47.13402106061503	-21.076139162277318	12.479836885607128	-13.239343403194018	46.10813127863617	61.01473816494554	34.82551702964161	32.64813415700281	77.8163617248899	22.195894089780428	-74.0835745446425	-6.176338888562816	33.0834250887439	36.78543685467511	11.411893507962981	-37.03413424593322	-32.98983044337181	-60.28273910627131	-53.88800850621067	63.540935124561614	-66.10808814574341	
-55.93815132159779	4.542997505206168	35.3001421658796	8.279407041833743	-47.43697026361266	7.302040196320318	6.387718734519492	-2.4977222684399445	-61.05342866818032	-47.13402106061503	-21.076139162277318	12.479836885607128	-13.239343403194018	46.10813127863617	61.01473816494554	34.82551702964161	32.64813415700281	77.8163617248899	22.195894089780428	-74.0835745446425	-6.176338888562816	33.0834250887439	36.78543685467511	11.411893507962981	-37.03413424593322	-32.98983044337181	-60.28273910627131	-53.88800850621067	63.540935124561614	-66.10808814574341	
-55.93815132159779	4.542997505206168	35.3001421658796	8.279407041833743	-47.43697026361266	7.302040196320318	6.387718734519492	-2.4977222684399445	-61.05342866818032	-47.13402106061503	-21.076139162277318	12.479836885607128	-13.239343403194018	46.10813127863617	61.01473816494554	34.82551702964161	32.64813415700281	77.8163617248899	22.195894089780428	-74.0835745446425	-6.176338888562816	33.0834250887439	36.78543685467511	11.411893507962981	-37.03413424593322	-32.98983044337181	-60.28273910627131	-53.88800850621067	63.540935124561614	-66.10808814574341	
-55.93815132159779	4.542997505206168	35.3001421658796	8.279407041833743	-47.43697026361266	7.302040196320318	6.387718734519492	-2.4977222684399445	-61.05342866818032	-47.13402106061503	-21.076139162277318	12.479836885607128	-13.239343403194018	46.10813127863617	61.01473816494554	34.82551702964161	32.64813415700281	77.8163617248899	22.195894089780428	-74.0835745446425	-6.176338888562816	33.0834250887439	36.78543685467511	11.411893507962981	-37.03413424593322	-32.98983044337181	-60.28273910627131	-53.88800850621067	63.540935124561614	-66.10808814574341	
-55.93815132159779	4.542997505206168	35.3001421658796	8.279407041833743	-47.43697026361266	7.302040196320318	6.387718734519492	-2.4977222684399445	-61.05342866818032	-47.13402106061503	-21.076139162277318	12.479836885607128	-13.239343403194018	46.10813127863617	61.01473816494554	34.82551702964161	32.64813415700281	77.8163617248899	22.195894089780428	-74.0835745446425	-6.176338888562816	33.0834250887439	36.78543685467511	11.411893507962981	-37.03413424593322	-32.98983044337181	-60.28273910627131	-53.88800850621067	63.540935124561614	-66.10808814574341	
-55.93815132159779	4.542997505206168	35.3001421658796	8.279407041833743	-47.43697026361266	7.302040196320318	6.387718734519492	-2.4977222684399445	-61.05342866818032	-47.13402106061503	-21.076139162277318	12.479836885607128	-13.239343403194018	46.10813127863617	61.01473816494554	34.82551702964161	32.64813415700281	77.8163617248899	22.195894089780428	-74.0835745446425	-6.176338888562816	33.0834250887439	36.78543685467511	11.411893507962981	-37.03413424593322	-32.98983044337181	-60.28273910627131	-53.88800850621067	63.540935124561614	-66.10808814574341	
-55.93815132159779	4.542997505206168	35.3001421658796	8.279407041833743	-47.43697026361266	7.302040196320318	6.387718734519492	-2.4977222684399445	-61.05342866818032	-47.13402106061503	-21.076139162277318	12.479836885607128	-13.239343403194018	46.10813127863617	61.01473816494554	34.82551702964161	32.64813415700281	77.8163617248899	22.195894089780428	-74.0835745446425	-6.176338888562816	33.0834250887439	36.78543685467511	11.411893507962981	-37.03413424593322	-32.98983044337181	-60.28273910627131	-53.88800850621067	63.540935124561614	-66.10808814574341	
-55.93815132159779	4.542997505206168	35.3001421658796	8.279407041833743	-47.43697026361266	7.302040196320318	6.387718734519492	-2.4977222684399445	-61.05342866818032	-47.13402106061503	-21.076139162277318	12.479836885607128	-13.239343403194018	46.10813127863617	61.01473816494554	34.82551702964161	32.64813415700281	77.8163617248899	22.195894089780428	-74.0835745446425	-6.176338888562816	33.0834250887439	36.78543685467511	11.411893507962981	-37.03413424593322	-32.98983044337181	-60.28273910627131	-53.88800850621067	63.540935124561614	-66.10808814574341	
-55.93815132159779	4.542997505206168	35.3001421658796	8.279407041833743	-47.43697026361266	7.302040196320318	6.387718734519492	-2.4977222684399445	-61.05342866818032	-47.13402106061503	-21.076139162277318	12.479836885607128	-13.239343403194018	46.10813127863617	61.01473816494554	34.82551702964161	32.64813415700281	77.8163617248899	22.195894089780428	-74.0835745446425	-6.176338888562816	33.0834250887439	36.78543685467511	11.411893507962981	-37.03413424593322	-32.98983044337181	-60.28273910627131	-53.88800850621067	63.540935124561614	-66.10808814574341	
-55.93815132159779	4.542997505206168	35.3001421658796	8.279407041833743	-47.43697026361266	7.302040196320318	6.387718734519492	-2.4977222684399445	-61.05342866818032	-47.13402106061503	-21.076139162277318	12.479836885607128	-13.239343403194018	46.10813127863617	61.01473816494554	34.82551702964161	32.64813415700281	77.8163617248899	22.195894089780428	-74.0835745446425	-6.176338888562816	33.0834250887439	36.78543685467511	11.411893507962981	-37.03413424593322	-32.98983044337181	-60.28273910627131	-53.88800850621067	63.540935124561614	-66.10808814574341	
-55.93815132159779	4.542997505206168	35.3001421658796	8.279407041833743	-47.43697026361266	7.302040196320318	6.387718734519492	-2.4977222684399445	-61.05342866818032	-47.13402106061503	-21.076139162277318	12.479836885607128	-13.239343403194018	46.10813127863617	61.01473816494554	34.82551702964161	32.64813415700281	77.8163617248899	22.195894089780428	-74.0835745446425	-6.176338888562816	33.0834250887439	36.78543685467511	11.411893507962981	-37.03413424593322	-32.98983044337181	-60.28273910627131	-53.88800850621067	63.540935124561614	-66.10808814574341	
-55.93815132159779	4.542997505206168	35.3001421658796	8.279407041833743	-47.43697026361266	7.302040196320318	6.387718734519492	-2.4977222684399445	-61.05342866818032	-47.13402106061503	-21.076139162277318	12.479836885607128	-13.239343403194018	46.10813127863617	61.01473816494554	34.82551702964161	32.64813415700281	77.8163617248899	22.195894089780428	-74.0835745446425	-6.176338888562816	33.0834250887439	36.78543685467511	11.411893507962981	-37.03413424593322	-32.98983044337181	-60.28273910627131	-53.88800850621067	63.540935124561614	-66.10808814574341	
-55.93815132159779	4.542997505206168	35.3001421658796	8.279407041833743	-47.43697026361266	7.302040196320318	6.387718734519492	-2.4977222684399445	-61.05342866818032	-47.13402106061503	-21.076139162277318	12.479836885607128	-13.239343403194018	46.10813127863617	61.01473816494554	34.82551702964161	32.64813415700281	77.8163617248899	22.195894089780428	-74.0835745446425	-6.176338888562816	33.0834250887439	36.78543685467511	11.411893507962981	-37.03413424593322	-32.98983044337181	-60.28273910627131	-53.88800850621067	63.540935124561614	-66.10808814574341	
-55.93815132159779	4.542997505206168	35.3001421658796	8.279407041833743	-47.43697026361266	7.302040196320318	6.387718734519492	-2.4977222684399445	-61.05342866818032	-47.13402106061503	-21.076139162277318	12.479836885607128	-13.239343403194018	46.10813127863617	61.01473816494554	34.82551702964161	32.64813415700281	77.8163617248899	22.195894089780428	-74.0835745446425	-6.176338888562816	33.0834250887439	36.78543685467511	11.411893507962981	-37.03413424593322	-32.98983044337181	-60.28273910627131	-53.88800850621067	63.540935124561614	-66.10808814574341	
-55.93815132159779	4.542997505206168	35.3001421658796	8.279407041833743	-47.43697026361266	7.302040196320318	6.387718734519492	-2.4977222684399445	-61.05342866818032	-47.13402106061503	-21.076139162277318	12.479836885607128	-13.239343403194018	46.10813127863617	61.01473816494554	34.82551702964161	32.64813415700281	77.8163617248899	22.195894089780428	-74.0835745446425	-6.176338888562816	33.0834250887439	36.78543685467511	11.411893507962981	-37.03413424593322	-32.98983044337181	-60.28273910627131	-53.88800850621067	63.540935124561614	-66.10808814574341	
-55.93815132159779	4.542997505206168	35.3001421658796	8.279407041833743	-47.43697026361266	7.302040196320318	6.387718734519492	-2.4977222684399445	-61.05342866818032	-47.13402106061503	-21.076139162277318	12.479836885607128	-13.239343403194018	46.10813127863617	61.01473816494554	34.82551702964161	32.64813415700281	77.8163617248899	22.195894089780428	-74.0835745446425	-6.176338888562816	33.0834250887439	36.78543685467511	11.411893507962981	-37.03413424593322	-32.98983044337181	-60.28273910627131	-53.88800850621067	63.540935124561614	-66.10808814574341	
-55.93815132159779	4.542997505206168	35.3001421658796	8.279407041833743	-47.43697026361266	7.302040196320318	6.387718734519492	-2.4977222684399445	-61.05342866818032	-47.13402106061503	-21.076139162277318	12.479836885607128	-13.239343403194018	46.10813127863617	61.01473816494554	34.82551702964161	32.64813415700281	77.8163617248899	22.195894089780428	-74.0835745446425	-6.176338888562816	33.0834250887439	36.78543685467511	11.411893507962981	-37.03413424593322	-32.98983044337181	-60.28273910627131	-53.88800850621067	63.540935124561614	-66.10808814574341	
-55.93815132159779	4.542997505206168	35.3001421658796	8.279407041833743	-47.43697026361266	7.302040196320318	6.387718734519492	-2.4977222684399445	-61.05342866818032	-47.13402106061503	-21.076139162277318	12.479836885607128	-13.239343403194018	46.10813127863617	61.01473816494554	34.82551702964161	32.64813415700281	77.8163617248899	22.195894089780428	-74.0835745446425	-6.176338888562816	33.0834250887439	36.78543685467511	11.411893507962981	-37.03413424593322	-32.98983044337181	-60.28273910627131	-53.88800850621067	63.540935124561614	-66.10808814574341	
-55.93815132159779	4.542997505206168	35.3001421658796	8.279407041833743	-47.43697026361266	7.302040196320318	6.387718734519492	-2.4977222684399445	-61.05342866818032	-47.13402106061503	-21.076139162277318	12.479836885607128	-13.239343403194018	46.10813127863617	61.01473816494554	34.82551702964161	32.64813415700281	77.8163617248899	22.195894089780428	-74.0835745446425	-6.176338888562816	33.0834250887439	36.78543685467511	11.411893507962981	-37.03413424593322	-32.98983044337181	-60.28273910627131	-53.88800850621067	63.540935124561614	-66.10808814574341	
-55.93815132159779	4.542997505206168	35.3001421658796	8.279407041833743	-47.43697026361266	7.302040196320318	6.387718734519492	-2.4977222684399445	-61.05342866818032	-47.13402106061503	-21.076139162277318	12.479836885607128	-13.239343403194018	46.10813127863617	61.01473816494554	34.82551702964161	32.64813415700281	77.8163617248899	22.195894089780428	-74.0835745446425	-6.176338888562816	33.0834250887439	36.78543685467511	11.411893507962981	-37.03413424593322	-32.98983044337181	-60.28273910627131	-53.88800850621067	63.540935124561614	-66.10808814574341	
-55.93815132159779	4.542997505206168	35.3001421658796	8.279407041833743	-47.43697026361266	7.302040196320318	6.387718734519492	-2.4977222684399445	-61.05342866818032	-47.13402106061503	-21.076139162277318	12.479836885607128	-13.239343403194018	46.10813127863617	61.01473816494554	34.82551702964161	32.64813415700281	77.8163617248899	22.195894089780428	-74.0835745446425	-6.176338888562816	33.0834250887439	36.78543685467511	11.411893507962981	-37.03413424593322	-32.98983044337181	-60.28273910627131	-53.88800850621067	63.540935124561614	-66.10808814574341	
-55.93815132159779	4.542997505206168	35.3001421658796	8.279407041833743	-47.43697026361266	7.302040196320318	6.387718734519492	-2.4977222684399445	-61.05342866818032	-47.13402106061503	-21.076139162277318	12.479836885607128	-13.239343403194018	46.10813127863617	61.01473816494554	34.82551702964161	32.64813415700281	77.8163617248899	22.195894089780428	-74.0835745446425	-6.176338888562816	33.0834250887439	36.78543685467511	11.411893507962981	-37.03413424593322	-32.98983044337181	-60.28273910627131	-53.88800850621067	63.540935124561614	-66.10808814574341	
-55.93815132159779	4.542997505206168	35.3001421658796	8.279407041833743	-47.43697026361266	7.302040196320318	6.387718734519492	-2.4977222684399445	-61.05342866818032	-47.13402106061503	-21.076139162277318	12.479836885607128	-13.239343403194018	46.10813127863617	61.01473816494554	34.82551702964161	32.64813415700281	77.8163617248899	22.195894089780428	-74.0835745446425	-6.176338888562816	33.0834250887439	36.78543685467511	11.411893507962981	-37.03413424593322	-32.98983044337181	-60.28273910627131	-53.88800850621067	63.540935124561614	-66.10808814574341	
-55.93815132159779	4.542997505206168	35.3001421658796	8.279407041833743	-47.43697026361266	7.302040196320318	6.387718734519492	-2.4977222684399445	-61.05342866818032	-47.13402106061503	-21.076139162277318	12.479836885607128	-13.239343403194018	46.10813127863617	61.01473816494554	34.82551702964161	32.64813415700281	77.8163617248899	22.195894089780428	-74.0835745446425	-6.176338888562816	33.0834250887439	36.78543685467511	11.411893507962981	-37.03413424593322	-32.98983044337181	-60.28273910627131	-53.88800850621067	63.540935124561614	-66.10808814574341	
-55.93815132159779	4.542997505206168	35.3001421658796	8.279407041833743	-47.43697026361266	7.302040196320318	6.387718734519492	-2.4977222684399445	-61.05342866818032	-47.13402106061503	-21.076139162277318	12.479836885607128	-13.239343403194018	46.10813127863617	61.01473816494554	34.82551702964161	32.64813415700281	77.8163617248899	22.195894089780428	-74.0835745446425	-6.176338888562816	33.0834250887439	36.78543685467511	11.411893507962981	-37.03413424593322	-32.98983044337181	-60.28273910627131	-53.88800850621067	63.540935124561614	-66.10808814574341	
-55.93815132159779	4.542997505206168	35.3001421658796	8.279407041833743	-47.43697026361266	7.302040196320318	6.387718734519492	-2.4977222684399445	-61.05342866818032	-47.13402106061503	-21.076139162277318	12.479836885607128	-13.239343403194018	46.10813127863617	61.01473816494554	34.82551702964161	32.64813415700281	77.8163617248899	22.195894089780428	-74.0835745446425	-6.176338888562816	33.0834250887439	36.78543685467511	11.411893507962981	-37.03413424593322	-32.98983044337181	-60.28273910627131	-53.88800850621067	63.540935124561614	-66.10808814574341	
-55.93815132159779	4.542997505206168	35.3001421658796	8.279407041833743	-47.43697026361266	7.302040196320318	6.387718734519492	-2.4977222684399445	-61.05342866818032	-47.13402106061503	-21.076139162277318	12.479836885607128	-13.239343403194018	46.10813127863617	61.01473816494554	34.82551702964161	32.64813415700281	77.8163617248899	22.195894089780428	-74.0835745446425	-6.176338888562816	33.0834250887439	36.78543685467511	11.411893507962981	-37.03413424593322	-32.98983044337181	-60.28273910627131	-53.88800850621067	63.540935124561614	-66.10808814574341	
-55.93815132159779	4.542997505206168	35.3001421658796	8.279407041833743	-47.43697026361266	7.302040196320318	6.387718734519492	-2.4977222684399445	-61.05342866818032	-47.13402106061503	-21.076139162277318	12.479836885607128	-13.239343403194018	46.10813127863617	61.01473816494554	34.82551702964161	32.64813415700281	77.8163617248899	22.195894089780428	-74.0835745446425	-6.176338888562816	33.0834250887439	36.78543685467511	11.411893507962981	-37.03413424593322	-32.98983044337181	-60.28273910627131	-53.88800850621067	63.540935124561614	-66.10808814574341	
-55.93815132159779	4.542997505206168	35.3001421658796	8.279407041833743	-47.43697026361266	7.302040196320318	6.387718734519492	-2.4977222684399445	-61.05342866818032	-47.13402106061503	-21.076139162277318	12.479836885607128	-13.239343403194018	46.10813127863617	61.01473816494554	34.82551702964161	32.64813415700281	77.8163617248899	22.195894089780428	-74.0835745446425	-6.176338888562816	33.0834250887439	36.78543685467511	11.411893507962981	-37.03413424593322	-32.98983044337181	-60.28273910627131	-53.88800850621067	63.540935124561614	-66.10808814574341	
-55.93815132159779	4.542997505206168	35.3001421658796	8.279407041833743	-47.43697026361266	7.302040196320318	6.387718734519492	-2.4977222684399445	-61.05342866818032	-47.13402106061503	-21.076139162277318	12.479836885607128	-13.239343403194018	46.10813127863617	61.01473816494554	34.82551702964161	32.64813415700281	77.8163617248899	22.195894089780428	-74.0835745446425	-6.176338888562816	33.0834250887439	36.78543685467511	11.411893507962981	-37.03413424593322	-32.98983044337181	-60.28273910627131	-53.88800850621067	63.540935124561614	-66.10808814574341	
-55.93815132159779	4.542997505206168	35.3001421658796	8.279407041833743	-47.43697026361266	7.302040196320318	6.387718734519492	-2.4977222684399445	-61.05342866818032	-47.13402106061503	-21.076139162277318	12.479836885607128	-13.239343403194018	46.10813127863617	61.01473816494554	34.82551702964161	32.64813415700281	77.8163617248899	22.195894089780428	-74.0835745446425	-6.176338888562816	33.0834250887439	36.78543685467511	11.411893507962981	-37.03413424593322	-32.98983044337181	-60.28273910627131	-53.88800850621067	63.540935124561614	-66.10808814574341	
-55.93815132159779	4.542997505206168	35.3001421658796	8.279407041833743	-47.43697026361266	7.302040196320318	6.387718734519492	-2.4977222684399445	-61.05342866818032	-47.13402106061503	-21.076139162277318	12.479836885607128	-13.239343403194018	46.10813127863617	61.01473816494554	34.82551702964161	32.64813415700281	77.8163617248899	22.195894089780428	-74.0835745446425	-6.176338888562816	33.0834250887439	36.78543685467511	11.411893507962981	-37.03413424593322	-32.98983044337181	-60.28273910627131	-53.88800850621067	63.540935124561614	-66.10808814574341	
-55.93815132159779	4.542997505206168	35.3001421658796	8.279407041833743	-47.43697026361266	7.302040196320318	6.387718734519492	-2.4977222684399445	-61.05342866818032	-47.13402106061503	-21.076139162277318	12.479836885607128	-13.239343403194018	46.10813127863617	61.01473816494554	34.82551702964161	32.64813415700281	77.8163617248899	22.195894089780428	-74.0835745446425	-6.176338888562816	33.0834250887439	36.78543685467511	11.411893507962981	-37.03413424593322	-32.98983044337181	-60.28273910627131	-53.88800850621067	63.540935124561614	-66.10808814574341	
-55.93815132159779	4.542997505206168	35.3001421658796	8.279407041833743	-47.43697026361266	7.302040196320318	6.387718734519492	-2.4977222684399445	-61.05342866818032	-47.13402106061503	-21.076139162277318	12.479836885607128	-13.239343403194018	46.10813127863617	61.01473816494554	34.82551702964161	32.64813415700281	77.8163617248899	22.195894089780428	-74.0835745446425	-6.176338888562816	33.0834250887439	36.78543685467511	11.411893507962981	-37.03413424593322	-32.98983044337181	-60.28273910627131	-53.88800850621067	63.540935124561614	-66.10808814574341	
-55.93815132159779	4.542997505206168	35.3001421658796	8.279407041833743	-47.43697026361266	7.302040196320318	6.387718734519492	-2.4977222684399445	-61.05342866818032	-47.13402106061503	-21.076139162277318	12.479836885607128	-13.239343403194018	46.10813127863617	61.01473816494554	34.82551702964161	32.64813415700281	77.8163617248899	22.195894089780428	-74.0835745446425	-6.176338888562816	33.0834250887439	36.78543685467511	11.411893507962981	-37.03413424593322	-32.98983044337181	-60.28273910627131	-53.88800850621067	63.540935124561614	-66.10808814574341	
-55.93815132159779	4.542997505206168	35.3001421658796	8.279407041833743	-47.43697026361266	7.302040196320318	6.387718734519492	-2.4977222684399445	-61.05342866818032	-47.13402106061503	-21.076139162277318	12.479836885607128	-13.239343403194018	46.10813127863617	61.01473816494554	34.82551702964161	32.64813415700281	77.8163617248899	22.195894089780428	-74.0835745446425	-6.176338888562816	33.0834250887439	36.78543685467511	11.411893507962981	-37.03413424593322	-32.98983044337181	-60.28273910627131	-53.88800850621067	63.540935124561614	-66.10808814574341	
-55.93815132159779	4.542997505206168	35.3001421658796	8.279407041833743	-47.43697026361266	7.302040196320318	6.387718734519492	-2.4977222684399445	-61.05342866818032	-47.13402106061503	-21.076139162277318	12.479836885607128	-13.239343403194018	46.10813127863617	61.01473816494554	34.82551702964161	32.64813415700281	77.8163617248899	22.195894089780428	-74.0835745446425	-6.176338888562816	33.0834250887439	36.78543685467511	11.411893507962981	-37.03413424593322	-32.98983044337181	-60.28273910627131	-53.88800850621067	63.540935124561614	-66.10808814574341	
-55.93815132159779	4.542997505206168	35.3001421658796	8.279407041833743	-47.43697026361266	7.302040196320318	6.387718734519492	-2.4977222684399445	-61.05342866818032	-47.13402106061503	-21.076139162277318	12.479836885607128	-13.239343403194018	46.10813127863617	61.01473816494554	34.82551702964161	32.64813415700281	77.8163617248899	22.195894089780428	-74.0835745446425	-6.176338888562816	33.0834250887439	36.78543685467511	11.411893507962981	-37.03413424593322	-32.98983044337181	-60.28273910627131	-53.88800850621067	63.540935124561614	-66.10808814574341	
-55.93815132159779	4.542997505206168	35.3001421658796	8.279407041833743	-47.43697026361266	7.302040196320318	6.387718734519492	-2.4977222684399445	-61.05342866818032	-47.13402106061503	-21.076139162277318	12.479836885607128	-13.239343403194018	46.10813127863617	61.01473816494554	34.82551702964161	32.64813415700281	77.8163617248899	22.195894089780428	-74.0835745446425	-6.176338888562816	33.0834250887439	36.78543685467511	11.411893507962981	-37.03413424593322	-32.98983044337181	-60.28273910627131	-53.88800850621067	63.540935124561614	-66.10808814574341	
-55.93815132159779	4.542997505206168	35.3001421658796	8.279407041833743	-47.43697026361266	7.302040196320318	6.387718734519492	-2.4977222684399445	-61.05342866818032	-47.13402106061503	-21.076139162277318	12.479836885607128	-13.239343403194018	46.10813127863617	61.01473816494554	34.82551702964161	32.64813415700281	77.8163617248899	22.195894089780428	-74.0835745446425	-6.176338888562816	33.0834250887439	36.78543685467511	11.411893507962981	-37.03413424593322	-32.98983044337181	-60.28273910627131	-53.88800850621067	63.540935124561614	-66.10808814574341	
-55.93815132159779	4.542997505206168	35.3001421658796	8.279407041833743	-47.43697026361266	7.302040196320318	6.387718734519492	-2.4977222684399445	-61.05342866818032	-47.13402106061503	-21.076139162277318	12.479836885607128	-13.239343403194018	46.10813127863617	61.01473816494554	34.82551702964161	32.64813415700281	77.8163617248899	22.195894089780428	-74.0835745446425	-6.176338888562816	33.0834250887439	36.78543685467511	11.411893507962981	-37.03413424593322	-32.98983044337181	-60.28273910627131	-53.88800850621067	63.540935124561614	-66.10808814574341	
-55.93815132159779	4.542997505206168	35.3001421658796	8.279407041833743	-47.43697026361266	7.302040196320318	6.387718734519492	-2.4977222684399445	-61.05342866818032	-47.13402106061503	-21.076139162277318	12.479836885607128	-13.239343403194018	46.10813127863617	61.01473816494554	34.82551702964161	32.64813415700281	77.8163617248899	22.195894089780428	-74.0835745446425	-6.176338888562816	33.0834250887439	36.78543685467511	11.411893507962981	-37.03413424593322	-32.98983044337181	-60.28273910627131	-53.88800850621067	63.540935124561614	-66.10808814574341	
-55.93815132159779	4.542997505206168	35.3001421658796	8.279407041833743	-47.43697026361266	7.302040196320318	6.387718734519492	-2.4977222684399445	-61.05342866818032	-47.13402106061503	-21.076139162277318	12.479836885607128	-13.239343403194018	46.10813127863617	61.01473816494554	34.82551702964161	32.64813415700281	77.8163617248899	22.195894089780428	-74.0835745446425	-6.176338888562816	33.0834250887439	36.78543685467511	11.411893507962981	-37.03413424593322	-32.98983044337181	-60.28273910627131	-53.88800850621067	63.540935124561614	-66.10808814574341	
-55.93815132159779	4.542997505206168	35.3001421658796	8.279407041833743	-47.43697026361266	7.302040196320318	6.387718734519492	-2.4977222684399445	-61.05342866818032	-47.13402106061503	-21.076139162277318	12.479836885607128	-13.239343403194018	46.10813127863617	61.01473816494554	34.82551702964161	32.64813415700281	77.8163617248899	22.195894089780428	-74.0835745446425	-6.176338888562816	33.0834250887439	36.78543685467511	11.411893507962981	-37.03413424593322	-32.98983044337181	-60.28273910627131	-53.88800850621067	63.540935124561614	-66.10808814574341	
-55.93815132159779	4.542997505206168	35.3001421658796	8.279407041833743	-47.43697026361266	7.302040196320318	6.387718734519492	-2.4977222684399445	-61.05342866818032	-47.13402106061503	-21.076139162277318	12.479836885607128	-13.239343403194018	46.10813127863617	61.01473816494554	34.82551702964161	32.64813415700281	77.8163617248899	22.195894089780428	-74.0835745446425	-6.176338888562816	33.0834250887439	36.78543685467511	11.411893507962981	-37.03413424593322	-32.98983044337181	-60.28273910627131	-53.88800850621067	63.540935124561614	-66.10808814574341	
-55.93815132159779	4.542997505206168	35.3001421658796	8.279407041833743	-47.43697026361266	7.302040196320318	6.387718734519492	-2.4977222684399445	-61.05342866818032	-47.13402106061503	-21.076139162277318	12.479836885607128	-13.239343403194018	46.10813127863617	61.01473816494554	34.82551702964161	32.64813415700281	77.8163617248899	22.195894089780428	-74.0835745446425	-6.176338888562816	33.0834250887439	36.78543685467511	11.411893507962981	-37.03413424593322	-32.98983044337181	-60.28273910627131	-53.88800850621067	63.540935124561614	-66.10808814574341	
-55.93815132159779	4.542997505206168	35.3001421658796	8.279407041833743	-47.43697026361266	7.302040196320318	6.387718734519492	-2.4977222684399445	-61.05342866818032	-47.13402106061503	-21.076139162277318	12.479836885607128	-13.239343403194018	46.10813127863617	61.01473816494554	34.82551702964161	32.64813415700281	77.8163617248899	22.195894089780428	-74.0835745446425	-6.176338888562816	33.0834250887439	36.78543685467511	11.411893507962981	-37.03413424593322	-32.98983044337181	-60.28273910627131	-53.88800850621067	63.540935124561614	-66.10808814574341	
-55.93815132159779	4.542997505206168	35.3001421658796	8.279407041833743	-47.43697026361266	7.302040196320318	6.387718734519492	-2.4977222684399445	-61.05342866818032	-47.13402106061503	-21.076139162277318	12.479836885607128	-13.239343403194018	46.10813127863617	61.01473816494554	34.82551702964161	32.64813415700281	77.8163617248899	22.195894089780428	-74.0835745446425	-6.176338888562816	33.0834250887439	36.78543685467511	11.411893507962981	-37.03413424593322	-32.98983044337181	-60.28273910627131	-53.88800850621067	63.540935124561614	-66.10808814574341	
-55.93815132159779	4.542997505206168	35.3001421658796	8.279407041833743	-47.43697026361266	7.302040196320318	6.387718734519492	-2.4977222684399445	-61.05342866818032	-47.13402106061503	-21.076139162277318	12.479836885607128	-13.239343403194018	46.10813127863617	61.01473816494554	34.82551702964161	32.64813415700281	77.8163617248899	22.195894089780428	-74.0835745446425	-6.176338888562816	33.0834250887439	36.78543685467511	11.411893507962981	-37.03413424593322	-32.98983044337181	-60.28273910627131	-53.88800850621067	63.540935124561614	-66.10808814574341	
-55.93815132159779	4.542997505206168	35.3001421658796	8.279407041833743	-47.43697026361266	7.302040196320318	6.387718734519492	-2.4977222684399445	-61.05342866818032	-47.13402106061503	-21.076139162277318	12.479836885607128	-13.239343403194018	46.10813127863617	61.01473816494554	34.82551702964161	32.64813415700281	77.8163617248899	22.195894089780428	-74.0835745446425	-6.176338888562816	33.0834250887439	36.78543685467511	11.411893507962981	-37.03413424593322	-32.98983044337181	-60.28273910627131	-53.88800850621067	63.540935124561614	-66.10808814574341	
-55.93815132159779	4.542997505206168	35.3001421658796	8.279407041833743	-47.43697026361266	7.302040196320318	6.387718734519492	-2.4977222684399445	-61.05342866818032	-47.13402106061503	-21.076139162277318	12.479836885607128	-13.239343403194018	46.10813127863617	61.01473816494554	34.82551702964161	32.64813415700281	77.8163617248899	22.195894089780428	-74.0835745446425	-6.176338888562816	33.0834250887439	36.78543685467511	11.411893507962981	-37.03413424593322	-32.98983044337181	-60.28273910627131	-53.88800850621067	63.540935124561614	-66.10808814574341	
-55.93815132159779	4.542997505206168	35.3001421658796	8.279407041833743	-47.43697026361266	7.302040196320318	6.387718734519492	-2.4977222684399445	-61.05342866818032	-47.13402106061503	-21.076139162277318	12.479836885607128	-13.239343403194018	46.10813127863617	61.01473816494554	34.82551702964161	32.64813415700281	77.8163617248899	22.195894089780428	-74.0835745446425	-6.176338888562816	33.0834250887439	36.78543685467511	11.411893507962981	-37.03413424593322	-32.98983044337181	-60.28273910627131	-53.88800850621067	63.540935124561614	-66.10808814574341	
-55.93815132159779	4.542997505206168	35.3001421658796	8.279407041833743	-47.43697026361266	7.302040196320318	6.387718734519492	-2.4977222684399445	-61.05342866818032	-47.13402106061503	-21.076139162277318	12.479836885607128	-13.239343403194018	46.10813127863617	61.01473816494554	34.82551702964161	32.64813415700281	77.8163617248899	22.195894089780428	-74.0835745446425	-6.176338888562816	33.0834250887439	36.78543685467511	11.411893507962981	-37.03413424593322	-32.98983044337181	-60.28273910627131	-53.88800850621067	63.540935124561614	-66.10808814574341	
-55.93815132159779	4.542997505206168	35.3001421658796	8.279407041833743	-47.43697026361266	7.302040196320318	6.387718734519492	-2.4977222684399445	-61.05342866818032	-47.13402106061503	-21.076139162277318	12.479836885607128	-13.239343403194018	46.10813127863617	61.01473816494554	34.82551702964161	32.64813415700281	77.8163617248899	22.195894089780428	-74.0835745446425	-6.176338888562816	33.0834250887439	36.78543685467511	11.411893507962981	-37.03413424593322	-32.98983044337181	-60.28273910627131	-53.88800850621067	63.540935124561614	-66.10808814574341	
-55.93815132159779	4.542997505206168	35.3001421658796	8.279407041833743	-47.43697026361266	7.302040196320318	6.387718734519492	-2.4977222684399445	-61.05342866818032	-47.13402106061503	-21.076139162277318	12.479836885607128	-13.239343403194018	46.10813127863617	61.01473816494554	34.82551702964161	32.64813415700281	77.8163617248899	22.195894089780428	-74.0835745446425	-6.176338888562816	33.0834250887439	36.78543685467511	11.411893507962981	-37.03413424593322	-32.98983044337181	-60.28273910627131	-53.88800850621067	63.540935124561614	-66.10808814574341	
-55.93815132159779	4.542997505206168	35.3001421658796	8.279407041833743	-47.43697026361266	7.302040196320318	6.387718734519492	-2.4977222684399445	-61.05342866818032	-47.13402106061503	-21.076139162277318	12.479836885607128	-13.239343403194018	46.10813127863617	61.01473816494554	34.82551702964161	32.64813415700281	77.8163617248899	22.195894089780428	-74.0835745446425	-6.176338888562816	33.0834250887439	36.78543685467511	11.411893507962981	-37.03413424593322	-32.98983044337181	-60.28273910627131	-53.88800850621067	63.540935124561614	-66.10808814574341	
-55.93815132159779	4.542997505206168	35.3001421658796	8.279407041833743	-47.43697026361266	7.302040196320318	6.387718734519492	-2.4977222684399445	-61.05342866818032	-47.13402106061503	-21.076139162277318	12.479836885607128	-13.239343403194018	46.10813127863617	61.01473816494554	34.82551702964161	32.64813415700281	77.8163617248899	22.195894089780428	-74.0835745446425	-6.176338888562816	33.0834250887439	36.78543685467511	11.411893507962981	-37.03413424593322	-32.98983044337181	-60.28273910627131	-53.88800850621067	63.540935124561614	-66.10808814574341	
-55.93815132159779	4.542997505206168	35.3001421658796	8.279407041833743	-47.43697026361266	7.302040196320318	6.387718734519492	-2.4977222684399445	-61.05342866818032	-47.13402106061503	-21.076139162277318	12.479836885607128	-13.239343403194018	46.10813127863617	61.01473816494554	34.82551702964161	32.64813415700281	77.8163617248899	22.195894089780428	-74.0835745446425	-6.176338888562816	33.0834250887439	36.78543685467511	11.411893507962981	-37.03413424593322	-32.98983044337181	-60.28273910627131	-53.88800850621067	63.540935124561614	-66.10808814574341	
-55.93815132159779	4.542997505206168	35.3001421658796	8.279407041833743	-47.43697026361266	7.302040196320318	6.387718734519492	-2.4977222684399445	-61.05342866818032	-47.13402106061503	-21.076139162277318	12.479836885607128	-13.239343403194018	46.10813127863617	61.01473816494554	34.82551702964161	32.64813415700281	77.8163617248899	22.195894089780428	-74.0835745446425	-6.176338888562816	33.0834250887439	36.78543685467511	11.411893507962981	-37.03413424593322	-32.98983044337181	-60.28273910627131	-53.88800850621067	63.540935124561614	-66.10808814574341	
-55.93815132159779	4.542997505206168	35.3001421658796	8.279407041833743	-47.43697026361266	7.302040196320318	6.387718734519492	-2.4977222684399445	-61.05342866818032	-47.13402106061503	-21.076139162277318	12.479836885607128	-13.239343403194018	46.10813127863617	61.01473816494554	34.82551702964161	32.64813415700281	77.8163617248899	22.195894089780428	-74.0835745446425	-6.176338888562816	33.0834250887439	36.78543685467511	11.411893507962981	-37.03413424593322	-32.98983044337181	-60.28273910627131	-53.88800850621067	63.540935124561614	-66.10808814574341	
-55.93815132159779	4.542997505206168	35.3001421658796	8.279407041833743	-47.43697026361266	7.302040196320318	6.387718734519492	-2.4977222684399445	-61.05342866818032	-47.13402106061503	-21.076139162277318	12.479836885607128	-13.239343403194018	46.10813127863617	61.01473816494554	34.82551702964161	32.64813415700281	77.8163617248899	22.195894089780428	-74.0835745446425	-6.176338888562816	33.0834250887439	36.78543685467511	11.411893507962981	-37.03413424593322	-32.98983044337181	-60.28273910627131	-53.88800850621067	63.540935124561614	-66.10808814574341	
-55.93815132159779	4.542997505206168	35.3001421658796	8.279407041833743	-47.43697026361266	7.302040196320318	6.387718734519492	-2.4977222684399445	-61.05342866818032	-47.13402106061503	-21.076139162277318	12.479836885607128	-13.239343403194018	46.10813127863617	61.01473816494554	34.82551702964161	32.64813415700281	77.8163617248899	22.195894089780428	-74.0835745446425	-6.176338888562816	33.0834250887439	36.78543685467511	11.411893507962981	-37.03413424593322	-32.98983044337181	-60.28273910627131	-53.88800850621067	63.540935124561614	-66.10808814574341	
-55.93815132159779	4.542997505206168	35.3001421658796	8.279407041833743	-47.43697026361266	7.302040196320318	6.387718734519492	-2.4977222684399445	-61.05342866818032	-47.13402106061503	-21.076139162277318	12.479836885607128	-13.239343403194018	46.10813127863617	61.01473816494554	34.82551702964161	32.64813415700281	77.8163617248899	22.195894089780428	-74.0835745446425	-6.176338888562816	33.0834250887439	36.78543685467511	11.411893507962981	-37.03413424593322	-32.98983044337181	-60.28273910627131	-53.88800850621067	63.540935124561614	-66.10808814574341	
-55.93815132159779	4.542997505206168	35.3001421658796	8.279407041833743	-47.43697026361266	7.302040196320318	6.387718734519492	-2.4977222684399445	-61.05342866818032	-47.13402106061503	-21.076139162277318	12.479836885607128	-13.239343403194018	46.10813127863617	61.01473816494554	34.82551702964161	32.64813415700281	77.8163617248899	22.195894089780428	-74.0835745446425	-6.176338888562816	33.0834250887439	36.78543685467511	11.411893507962981	-37.03413424593322	-32.98983044337181	-60.28273910627131	-53.88800850621067	63.540935124561614	-66.10808814574341	
-55.93815132159779	4.542997505206168	35.3001421658796	8.279407041833743	-47.43697026361266	7.302040196320318	6.387718734519492	-2.4977222684399445	-61.05342866818032	-47.13402106061503	-21.076139162277318	12.479836885607128	-13.239343403194018	46.10813127863617	61.01473816494554	34.82551702964161	32.64813415700281	77.8163617248899	22.195894089780428	-74.0835745446425	-6.176338888562816	33.0834250887439	36.78543685467511	11.411893507962981	-37.03413424593322	-32.98983044337181	-60.28273910627131	-53.88800850621067	63.540935124561614	-66.10808814574341	
-55.93815132159779	4.542997505206168	35.3001421658796	8.279407041833743	-47.43697026361266	7.302040196320318	6.387718734519492	-2.4977222684399445	-61.05342866818032	-47.13402106061503	-21.076139162277318	12.479836885607128	-13.239343403194018	46.10813127863617	61.01473816494554	34.82551702964161	32.64813415700281	77.8163617248899	22.195894089780428	-74.0835745446425	-6.176338888562816	33.0834250887439	36.78543685467511	11.411893507962981	-37.03413424593322	-32.98983044337181	-60.28273910627131	-53.88800850621067	63.540935124561614	-66.10808814574341	
-55.93815132159779	4.542997505206168	35.3001421658796	8.279407041833743	-47.43697026361266	7.302040196320318	6.387718734519492	-2.4977222684399445	-61.05342866818032	-47.13402106061503	-21.076139162277318	12.479836885607128	-13.239343403194018	46.10813127863617	61.01473816494554	34.82551702964161	32.64813415700281	77.8163617248899	22.195894089780428	-74.0835745446425	-6.176338888562816	33.0834250887439	36.78543685467511	11.411893507962981	-37.03413424593322	-32.98983044337181	-60.28273910627131	-53.88800850621067	63.540935124561614	-66.10808814574341	
-55.93815132159779	4.542997505206168	35.3001421658796	8.279407041833743	-47.43697026361266	7.302040196320318	6.387718734519492	-2.4977222684399445	-61.05342866818032	-47.13402106061503	-21.076139162277318	12.479836885607128	-13.239343403194018	46.10813127863617	61.01473816494554	34.82551702964161	32.64813415700281	77.8163617248899	22.195894089780428	-74.0835745446425	-6.176338888562816	33.0834250887439	36.78543685467511	11.411893507962981	-37.03413424593322	-32.98983044337181	-60.28273910627131	-53.88800850621067	63.540935124561614	-66.10808814574341	
-55.93815132159779	4.542997505206168	35.3001421658796	8.279407041833743	-47.43697026361266	7.302040196320318	6.387718734519492	-2.4977222684399445	-61.05342866818032	-47.13402106061503	-21.076139162277318	12.479836885607128	-13.239343403194018	46.10813127863617	61.01473816494554	34.82551702964161	32.64813415700281	77.8163617248899	22.195894089780428	-74.0835745446425	-6.176338888562816	33.0834250887439	36.78543685467511	11.411893507962981	-37.03413424593322	-32.98983044337181	-60.28273910627131	-53.88800850621067	63.540935124561614	-66.10808814574341	
