9.390529245667437	-4.247606813264056	-77.94955636070442	-17.1275779951839	-65.93946382985405	-19.250627685251345	-93.9777241239031	13.425311049955596	60.89385408517464	74.76323494309136	86.57598012018028	-49.6443959230165	60.03462189892147	-28.338914201814333	42.987558710757526	-5.763471976380401	48.62143391415856	-19.983906632819284	91.87736699415649	-6.801955659350838	59.78729485685872	-63.99062380845402	45.57430560747201	-57.89265117939129	-18.2821054280696	-24.07220155323577	33.09808307381374	15.5094168305544	-44.99123515646293	86.61148532893841	
-32.74624204593344	15.730050836254032	88.02445640282535	23.041464850581768	-62.5862476034624	24.707296259758124	-28.859744294595785	82.516322966096	-0.4500582152156909	87.08596910423911	-50.13843886898633	17.210139125637085	-76.95188665073593	19.954152453838482	39.35006553436745	-52.995620394431874	-44.89836084227997	-8.283958680178927	90.53749918005053	-25.92389434196302	-30.02552213149955	-76.69214339273134	16.06216575196032	42.141262796824606	6.559433903416586	56.01009156042266	10.259522181041547	-29.68018258235721	-17.28245851738287	10.726108192403998	
-32.74624204593344	15.730050836254032	88.02445640282535	23.041464850581768	-62.5862476034624	24.707296259758124	-28.859744294595785	82.516322966096	-0.4500582152156909	87.08596910423911	-50.13843886898633	17.210139125637085	-76.95188665073593	19.954152453838482	39.35006553436745	-52.995620394431874	-44.89836084227997	-8.283958680178927	90.53749918005053	-25.92389434196302	-30.02552213149955	-76.69214339273134	16.06216575196032	42.141262796824606	6.559433903416586	56.01009156042266	10.259522181041547	-29.68018258235721	-17.28245851738287	10.726108192403998	
55.507175217485305	-4.418674691743483	68.84840435236498	-2.792776805823153	-22.742096747677458	-19.904304918388245	-54.12258741695347	47.74488066664861	-3.2681162412880007	-16.193964336743747	-32.74187112574957	-74.24142155721736	-33.097745300339994	14.796645701454164	14.813805385219728	-24.90563451302106	48.89796591750619	5.179297213203984	-40.673198917790195	-23.26389964908917	-55.06232581864886	40.824533780245034	56.958525938095804	65.21785096733191	60.18238427644754	-14.423373850517962	-33.40889098240369	20.79534450617119	9.760748685664566	-82.98839908342788	
55.507175217485305	-4.418674691743483	68.84840435236498	-2.792776805823153	-22.742096747677458	-19.904304918388245	-54.12258741695347	47.74488066664861	-3.2681162412880007	-16.193964336743747	-32.74187112574957	-74.24142155721736	-33.097745300339994	14.796645701454164	14.813805385219728	-24.90563451302106	48.89796591750619	5.179297213203984	-40.673198917790195	-23.26389964908917	-55.06232581864886	40.824533780245034	56.958525938095804	65.21785096733191	60.18238427644754	-14.423373850517962	-33.40889098240369	20.79534450617119	9.760748685664566	-82.98839908342788	
55.507175217485305	-4.418674691743483	68.84840435236498	-2.792776805823153	-22.742096747677458	-19.904304918388245	-54.12258741695347	47.74488066664861	-3.2681162412880007	-16.193964336743747	-32.74187112574957	-74.24142155721736	-33.097745300339994	14.796645701454164	14.813805385219728	-24.90563451302106	48.89796591750619	5.179297213203984	-40.673198917790195	-23.26389964908917	-55.06232581864886	40.824533780245034	56.958525938095804	65.21785096733191	60.18238427644754	-14.423373850517962	-33.40889098240369	20.79534450617119	9.760748685664566	-82.98839908342788	
55.507175217485305	-4.418674691743483	68.84840435236498	-2.792776805823153	-22.742096747677458	-19.904304918388245	-54.12258741695347	47.74488066664861	-3.2681162412880007	-16.193964336743747	-32.74187112574957	-74.24142155721736	-33.097745300339994	14.796645701454164	14.813805385219728	-24.90563451302106	48.89796591750619	5.179297213203984	-40.673198917790195	-23.26389964908917	-55.06232581864886	40.824533780245034	56.958525938095804	65.21785096733191	60.18238427644754	-14.423373850517962	-33.40889098240369	20.79534450617119	9.760748685664566	-82.98839908342788	
55.507175217485305	-4.418674691743483	68.84840435236498	-2.792776805823153	-22.742096747677458	-19.904304918388245	-54.12258741695347	47.74488066664861	-3.2681162412880007	-16.193964336743747	-32.74187112574957	-74.24142155721736	-33.097745300339994	14.796645701454164	14.813805385219728	-24.90563451302106	48.89796591750619	5.179297213203984	-40.673198917790195	-23.26389964908917	-55.06232581864886	40.824533780245034	56.958525938095804	65.21785096733191	60.18238427644754	-14.423373850517962	-33.40889098240369	20.79534450617119	9.760748685664566	-82.98839908342788	
55.507175217485305	-4.418674691743483	68.84840435236498	-2.792776805823153	-22.742096747677458	-19.904304918388245	-54.12258741695347	47.74488066664861	-3.2681162412880007	-16.193964336743747	-32.74187112574957	-74.24142155721736	-33.097745300339994	14.796645701454164	14.813805385219728	-24.90563451302106	48.89796591750619	5.179297213203984	-40.673198917790195	-23.26389964908917	-55.06232581864886	40.824533780245034	56.958525938095804	65.21785096733191	60.18238427644754	-14.423373850517962	-33.40889098240369	20.79534450617119	9.760748685664566	-82.98839908342788	
55.507175217485305	-4.418674691743483	68.84840435236498	-2.792776805823153	-22.742096747677458	-19.904304918388245	-54.12258741695347	47.74488066664861	-3.2681162412880007	-16.193964336743747	-32.74187112574957	-74.24142155721736	-33.097745300339994	14.796645701454164	14.813805385219728	-24.90563451302106	48.89796591750619	5.179297213203984	-40.673198917790195	-23.26389964908917	-55.06232581864886	40.824533780245034	56.958525938095804	65.21785096733191	60.18238427644754	-14.423373850517962	-33.40889098240369	20.79534450617119	9.760748685664566	-82.98839908342788	
55.507175217485305	-4.418674691743483	68.84840435236498	-2.792776805823153	-22.742096747677458	-19.904304918388245	-54.12258741695347	47.74488066664861	-3.2681162412880007	-16.193964336743747	-32.74187112574957	-74.24142155721736	-33.097745300339994	14.796645701454164	14.813805385219728	-24.90563451302106	48.89796591750619	5.179297213203984	-40.673198917790195	-23.26389964908917	-55.06232581864886	40.824533780245034	56.958525938095804	65.21785096733191	60.18238427644754	-14.423373850517962	-33.40889098240369	20.79534450617119	9.760748685664566	-82.98839908342788	
55.507175217485305	-4.418674691743483	68.84840435236498	-2.792776805823153	-22.742096747677458	-19.904304918388245	-54.12258741695347	47.74488066664861	-3.2681162412880007	-16.193964336743747	-32.74187112574957	-74.24142155721736	-33.097745300339994	14.796645701454164	14.813805385219728	-24.90563451302106	48.89796591750619	5.179297213203984	-40.673198917790195	-23.26389964908917	-55.06232581864886	40.824533780245034	56.958525938095804	65.21785096733191	60.18238427644754	-14.423373850517962	-33.40889098240369	20.79534450617119	9.760748685664566	-82.98839908342788	
55.507175217485305	-4.418674691743483	68.84840435236498	-2.792776805823153	-22.742096747677458	-19.904304918388245	-54.12258741695347	47.74488066664861	-3.2681162412880007	-16.193964336743747	-32.74187112574957	-74.24142155721736	-33.097745300339994	14.796645701454164	14.813805385219728	-24.90563451302106	48.89796591750619	5.179297213203984	-40.673198917790195	-23.26389964908917	-55.06232581864886	40.824533780245034	56.958525938095804	65.21785096733191	60.18238427644754	-14.423373850517962	-33.40889098240369	20.79534450617119	9.760748685664566	-82.98839908342788	
55.507175217485305	-4.418674691743483	68.84840435236498	-2.792776805823153	-22.742096747677458	-19.904304918388245	-54.12258741695347	47.74488066664861	-3.2681162412880007	-16.193964336743747	-32.74187112574957	-74.24142155721736	-33.097745300339994	14.796645701454164	14.813805385219728	-24.90563451302106	48.89796591750619	5.179297213203984	-40.673198917790195	-23.26389964908917	-55.06232581864886	40.824533780245034	56.958525938095804	65.21785096733191	60.18238427644754	-14.423373850517962	-33.40889098240369	20.79534450617119	9.760748685664566	-82.98839908342788	
-69.58737915033825	21.033845509162127	53.922226549783566	-72.72379993932756	-39.49875042385166	-1.1598841083272973	-32.116358691109056	35.073324034203516	8.781419014419052	48.56150362088384	-16.58261750556448	-46.00187887076524	-23.057939853377555	45.98680557465036	21.64433116717523	-66.39725918966874	35.75469871796486	28.07874309660758	24.215213470519593	11.52826656720892	30.83599694459953	-49.9213204651256	97.49188313310708	16.905549707896938	35.119401703753184	53.43266019459744	60.07255943546484	22.369697590571796	10.91412424246765	-33.83825006580387	
-69.58737915033825	21.033845509162127	53.922226549783566	-72.72379993932756	-39.49875042385166	-1.1598841083272973	-32.116358691109056	35.073324034203516	8.781419014419052	48.56150362088384	-16.58261750556448	-46.00187887076524	-23.057939853377555	45.98680557465036	21.64433116717523	-66.39725918966874	35.75469871796486	28.07874309660758	24.215213470519593	11.52826656720892	30.83599694459953	-49.9213204651256	97.49188313310708	16.905549707896938	35.119401703753184	53.43266019459744	60.07255943546484	22.369697590571796	10.91412424246765	-33.83825006580387	
-18.558205198563677	19.205150798246017	57.94662776621305	19.450488724788563	-28.021738049678653	16.290480639507038	-8.489242405108703	6.1703374686674834	-12.406119642216622	25.301971652407985	-17.26227188347715	-15.206619192837818	-22.216904649593445	45.44788134533354	32.228830314776864	-14.338810981975215	5.205519708279894	21.211547842080805	48.094672921918274	-23.14672641493574	-0.8920211006593561	-0.7546690945258172	50.85940003998783	60.119574872436075	5.0381792225392985	10.334355936593155	-66.35704127479906	34.3663595817267	-29.142477164522695	21.960668570324078	
-18.558205198563677	19.205150798246017	57.94662776621305	19.450488724788563	-28.021738049678653	16.290480639507038	-8.489242405108703	6.1703374686674834	-12.406119642216622	25.301971652407985	-17.26227188347715	-15.206619192837818	-22.216904649593445	45.44788134533354	32.228830314776864	-14.338810981975215	5.205519708279894	21.211547842080805	48.094672921918274	-23.14672641493574	-0.8920211006593561	-0.7546690945258172	50.85940003998783	60.119574872436075	5.0381792225392985	10.334355936593155	-66.35704127479906	34.3663595817267	-29.142477164522695	21.960668570324078	
-18.558205198563677	19.205150798246017	57.94662776621305	19.450488724788563	-28.021738049678653	16.290480639507038	-8.489242405108703	6.1703374686674834	-12.406119642216622	25.301971652407985	-17.26227188347715	-15.206619192837818	-22.216904649593445	45.44788134533354	32.228830314776864	-14.338810981975215	5.205519708279894	21.211547842080805	48.094672921918274	-23.14672641493574	-0.8920211006593561	-0.7546690945258172	50.85940003998783	60.119574872436075	5.0381792225392985	10.334355936593155	-66.35704127479906	34.3663595817267	-29.142477164522695	21.960668570324078	
-18.558205198563677	19.205150798246017	57.94662776621305	19.450488724788563	-28.021738049678653	16.290480639507038	-8.489242405108703	6.1703374686674834	-12.406119642216622	25.301971652407985	-17.26227188347715	-15.206619192837818	-22.216904649593445	45.44788134533354	32.228830314776864	-14.338810981975215	5.205519708279894	21.211547842080805	48.094672921918274	-23.14672641493574	-0.8920211006593561	-0.7546690945258172	50.85940003998783	60.119574872436075	5.0381792225392985	10.334355936593155	-66.35704127479906	34.3663595817267	-29.142477164522695	21.960668570324078	
-18.558205198563677	19.205150798246017	57.94662776621305	19.450488724788563	-28.021738049678653	16.290480639507038	-8.489242405108703	6.1703374686674834	-12.406119642216622	25.301971652407985	-17.26227188347715	-15.206619192837818	-22.216904649593445	45.44788134533354	32.228830314776864	-14.338810981975215	5.205519708279894	21.211547842080805	48.094672921918274	-23.14672641493574	-0.8920211006593561	-0.7546690945258172	50.85940003998783	60.119574872436075	5.0381792225392985	10.334355936593155	-66.35704127479906	34.3663595817267	-29.142477164522695	21.960668570324078	
-18.558205198563677	19.205150798246017	57.94662776621305	19.450488724788563	-28.021738049678653	16.290480639507038	-8.489242405108703	6.1703374686674834	-12.406119642216622	25.301971652407985	-17.26227188347715	-15.206619192837818	-22.216904649593445	45.44788134533354	32.228830314776864	-14.338810981975215	5.205519708279894	21.211547842080805	48.094672921918274	-23.14672641493574	-0.8920211006593561	-0.7546690945258172	50.85940003998783	60.119574872436075	5.0381792225392985	10.334355936593155	-66.35704127479906	34.3663595817267	-29.142477164522695	21.960668570324078	
-18.558205198563677	19.205150798246017	57.94662776621305	19.450488724788563	-28.021738049678653	16.290480639507038	-8.489242405108703	6.1703374686674834	-12.406119642216622	25.301971652407985	-17.26227188347715	-15.206619192837818	-22.216904649593445	45.44788134533354	32.228830314776864	-14.338810981975215	5.205519708279894	21.211547842080805	48.094672921918274	-23.14672641493574	-0.8920211006593561	-0.7546690945258172	50.85940003998783	60.119574872436075	5.0381792225392985	10.334355936593155	-66.35704127479906	34.3663595817267	-29.142477164522695	21.960668570324078	
-36.466325781222224	16.409602697284107	59.00101400166898	18.34444259829061	-26.792669320687082	13.831802750110802	-9.97055513296911	39.81335009052688	-11.75094401239662	2.6548685068055775	-13.141224632057606	-17.609107628436668	-55.65929008575385	44.84854084280938	36.75288172094393	-4.005757686890014	-12.286750507977498	19.67063999742723	55.227863420671824	-56.64860397074315	-16.302567169216907	0.15992872193833563	52.22724419023799	60.72946327575823	5.115430173268026	-19.71960009079773	-68.76871736133553	34.36686242217043	-27.56152906318641	20.637185753357397	
-36.466325781222224	16.409602697284107	59.00101400166898	18.34444259829061	-26.792669320687082	13.831802750110802	-9.97055513296911	39.81335009052688	-11.75094401239662	2.6548685068055775	-13.141224632057606	-17.609107628436668	-55.65929008575385	44.84854084280938	36.75288172094393	-4.005757686890014	-12.286750507977498	19.67063999742723	55.227863420671824	-56.64860397074315	-16.302567169216907	0.15992872193833563	52.22724419023799	60.72946327575823	5.115430173268026	-19.71960009079773	-68.76871736133553	34.36686242217043	-27.56152906318641	20.637185753357397	
-36.466325781222224	16.409602697284107	59.00101400166898	18.34444259829061	-26.792669320687082	13.831802750110802	-9.97055513296911	39.81335009052688	-11.75094401239662	2.6548685068055775	-13.141224632057606	-17.609107628436668	-55.65929008575385	44.84854084280938	36.75288172094393	-4.005757686890014	-12.286750507977498	19.67063999742723	55.227863420671824	-56.64860397074315	-16.302567169216907	0.15992872193833563	52.22724419023799	60.72946327575823	5.115430173268026	-19.71960009079773	-68.76871736133553	34.36686242217043	-27.56152906318641	20.637185753357397	
-36.466325781222224	16.409602697284107	59.00101400166898	18.34444259829061	-26.792669320687082	13.831802750110802	-9.97055513296911	39.81335009052688	-11.75094401239662	2.6548685068055775	-13.141224632057606	-17.609107628436668	-55.65929008575385	44.84854084280938	36.75288172094393	-4.005757686890014	-12.286750507977498	19.67063999742723	55.227863420671824	-56.64860397074315	-16.302567169216907	0.15992872193833563	52.22724419023799	60.72946327575823	5.115430173268026	-19.71960009079773	-68.76871736133553	34.36686242217043	-27.56152906318641	20.637185753357397	
-36.466325781222224	16.409602697284107	59.00101400166898	18.34444259829061	-26.792669320687082	13.831802750110802	-9.97055513296911	39.81335009052688	-11.75094401239662	2.6548685068055775	-13.141224632057606	-17.609107628436668	-55.65929008575385	44.84854084280938	36.75288172094393	-4.005757686890014	-12.286750507977498	19.67063999742723	55.227863420671824	-56.64860397074315	-16.302567169216907	0.15992872193833563	52.22724419023799	60.72946327575823	5.115430173268026	-19.71960009079773	-68.76871736133553	34.36686242217043	-27.56152906318641	20.637185753357397	
-82.27201169619266	12.388117083713873	54.381996488300736	19.92914814910206	-24.72382884473472	-6.6888045283176325	-14.3274195416245	33.630715455619	-15.780240937659363	9.77822722105553	-8.995472338528476	0.12690865867279832	-56.0744593582197	55.522959343242725	58.457062803935145	16.174636080862797	0.5425586279664003	29.176381307925745	56.22709797107022	-68.21090416686852	-12.718275243047444	-11.379515801651866	73.0208193809447	64.86317353595504	4.442808391074662	-20.82493651763726	-75.47925680314519	38.02334514841507	-43.37396595877552	20.127657931425794	
-82.27201169619266	12.388117083713873	54.381996488300736	19.92914814910206	-24.72382884473472	-6.6888045283176325	-14.3274195416245	33.630715455619	-15.780240937659363	9.77822722105553	-8.995472338528476	0.12690865867279832	-56.0744593582197	55.522959343242725	58.457062803935145	16.174636080862797	0.5425586279664003	29.176381307925745	56.22709797107022	-68.21090416686852	-12.718275243047444	-11.379515801651866	73.0208193809447	64.86317353595504	4.442808391074662	-20.82493651763726	-75.47925680314519	38.02334514841507	-43.37396595877552	20.127657931425794	
-82.27201169619266	12.388117083713873	54.381996488300736	19.92914814910206	-24.72382884473472	-6.6888045283176325	-14.3274195416245	33.630715455619	-15.780240937659363	9.77822722105553	-8.995472338528476	0.12690865867279832	-56.0744593582197	55.522959343242725	58.457062803935145	16.174636080862797	0.5425586279664003	29.176381307925745	56.22709797107022	-68.21090416686852	-12.718275243047444	-11.379515801651866	73.0208193809447	64.86317353595504	4.442808391074662	-20.82493651763726	-75.47925680314519	38.02334514841507	-43.37396595877552	20.127657931425794	
-82.27201169619266	12.388117083713873	54.381996488300736	19.92914814910206	-24.72382884473472	-6.6888045283176325	-14.3274195416245	33.630715455619	-15.780240937659363	9.77822722105553	-8.995472338528476	0.12690865867279832	-56.0744593582197	55.522959343242725	58.457062803935145	16.174636080862797	0.5425586279664003	29.176381307925745	56.22709797107022	-68.21090416686852	-12.718275243047444	-11.379515801651866	73.0208193809447	64.86317353595504	4.442808391074662	-20.82493651763726	-75.47925680314519	38.02334514841507	-43.37396595877552	20.127657931425794	
-82.27201169619266	12.388117083713873	54.381996488300736	19.92914814910206	-24.72382884473472	-6.6888045283176325	-14.3274195416245	33.630715455619	-15.780240937659363	9.77822722105553	-8.995472338528476	0.12690865867279832	-56.0744593582197	55.522959343242725	58.457062803935145	16.174636080862797	0.5425586279664003	29.176381307925745	56.22709797107022	-68.21090416686852	-12.718275243047444	-11.379515801651866	73.0208193809447	64.86317353595504	4.442808391074662	-20.82493651763726	-75.47925680314519	38.02334514841507	-43.37396595877552	20.127657931425794	
-82.27201169619266	12.388117083713873	54.381996488300736	19.92914814910206	-24.72382884473472	-6.6888045283176325	-14.3274195416245	33.630715455619	-15.780240937659363	9.77822722105553	-8.995472338528476	0.12690865867279832	-56.0744593582197	55.522959343242725	58.457062803935145	16.174636080862797	0.5425586279664003	29.176381307925745	56.22709797107022	-68.21090416686852	-12.718275243047444	-11.379515801651866	73.0208193809447	64.86317353595504	4.442808391074662	-20.82493651763726	-75.47925680314519	38.02334514841507	-43.37396595877552	20.127657931425794	
-82.27201169619266	12.388117083713873	54.381996488300736	19.92914814910206	-24.72382884473472	-6.6888045283176325	-14.3274195416245	33.630715455619	-15.780240937659363	9.77822722105553	-8.995472338528476	0.12690865867279832	-56.0744593582197	55.522959343242725	58.457062803935145	16.174636080862797	0.5425586279664003	29.176381307925745	56.22709797107022	-68.21090416686852	-12.718275243047444	-11.379515801651866	73.0208193809447	64.86317353595504	4.442808391074662	-20.82493651763726	-75.47925680314519	38.02334514841507	-43.37396595877552	20.127657931425794	
-82.27201169619266	12.388117083713873	54.381996488300736	19.92914814910206	-24.72382884473472	-6.6888045283176325	-14.3274195416245	33.630715455619	-15.780240937659363	9.77822722105553	-8.995472338528476	0.12690865867279832	-56.0744593582197	55.522959343242725	58.457062803935145	16.174636080862797	0.5425586279664003	29.176381307925745	56.22709797107022	-68.21090416686852	-12.718275243047444	-11.379515801651866	73.0208193809447	64.86317353595504	4.442808391074662	-20.82493651763726	-75.47925680314519	38.02334514841507	-43.37396595877552	20.127657931425794	
-82.27201169619266	12.388117083713873	54.381996488300736	19.92914814910206	-24.72382884473472	-6.6888045283176325	-14.3274195416245	33.630715455619	-15.780240937659363	9.77822722105553	-8.995472338528476	0.12690865867279832	-56.0744593582197	55.522959343242725	58.457062803935145	16.174636080862797	0.5425586279664003	29.176381307925745	56.22709797107022	-68.21090416686852	-12.718275243047444	-11.379515801651866	73.0208193809447	64.86317353595504	4.442808391074662	-20.82493651763726	-75.47925680314519	38.02334514841507	-43.37396595877552	20.127657931425794	
-82.27201169619266	12.388117083713873	54.381996488300736	19.92914814910206	-24.72382884473472	-6.6888045283176325	-14.3274195416245	33.630715455619	-15.780240937659363	9.77822722105553	-8.995472338528476	0.12690865867279832	-56.0744593582197	55.522959343242725	58.457062803935145	16.174636080862797	0.5425586279664003	29.176381307925745	56.22709797107022	-68.21090416686852	-12.718275243047444	-11.379515801651866	73.0208193809447	64.86317353595504	4.442808391074662	-20.82493651763726	-75.47925680314519	38.02334514841507	-43.37396595877552	20.127657931425794	
-82.27201169619266	12.388117083713873	54.381996488300736	19.92914814910206	-24.72382884473472	-6.6888045283176325	-14.3274195416245	33.630715455619	-15.780240937659363	9.77822722105553	-8.995472338528476	0.12690865867279832	-56.0744593582197	55.522959343242725	58.457062803935145	16.174636080862797	0.5425586279664003	29.176381307925745	56.22709797107022	-68.21090416686852	-12.718275243047444	-11.379515801651866	73.0208193809447	64.86317353595504	4.442808391074662	-20.82493651763726	-75.47925680314519	38.02334514841507	-43.37396595877552	20.127657931425794	
-82.27201169619266	12.388117083713873	54.381996488300736	19.92914814910206	-24.72382884473472	-6.6888045283176325	-14.3274195416245	33.630715455619	-15.780240937659363	9.77822722105553	-8.995472338528476	0.12690865867279832	-56.0744593582197	55.522959343242725	58.457062803935145	16.174636080862797	0.5425586279664003	29.176381307925745	56.22709797107022	-68.21090416686852	-12.718275243047444	-11.379515801651866	73.0208193809447	64.86317353595504	4.442808391074662	-20.82493651763726	-75.47925680314519	38.02334514841507	-43.37396595877552	20.127657931425794	
-82.27201169619266	12.388117083713873	54.381996488300736	19.92914814910206	-24.72382884473472	-6.6888045283176325	-14.3274195416245	33.630715455619	-15.780240937659363	9.77822722105553	-8.995472338528476	0.12690865867279832	-56.0744593582197	55.522959343242725	58.457062803935145	16.174636080862797	0.5425586279664003	29.176381307925745	56.22709797107022	-68.21090416686852	-12.718275243047444	-11.379515801651866	73.0208193809447	64.86317353595504	4.442808391074662	-20.82493651763726	-75.47925680314519	38.02334514841507	-43.37396595877552	20.127657931425794	
-82.27201169619266	12.388117083713873	54.381996488300736	19.92914814910206	-24.72382884473472	-6.6888045283176325	-14.3274195416245	33.630715455619	-15.780240937659363	9.77822722105553	-8.995472338528476	0.12690865867279832	-56.0744593582197	55.522959343242725	58.457062803935145	16.174636080862797	0.5425586279664003	29.176381307925745	56.22709797107022	-68.21090416686852	-12.718275243047444	-11.379515801651866	73.0208193809447	64.86317353595504	4.442808391074662	-20.82493651763726	-75.47925680314519	38.02334514841507	-43.37396595877552	20.127657931425794	
-82.27201169619266	12.388117083713873	54.381996488300736	19.92914814910206	-24.72382884473472	-6.6888045283176325	-14.3274195416245	33.630715455619	-15.780240937659363	9.77822722105553	-8.995472338528476	0.12690865867279832	-56.0744593582197	55.522959343242725	58.457062803935145	16.174636080862797	0.5425586279664003	29.176381307925745	56.22709797107022	-68.21090416686852	-12.718275243047444	-11.379515801651866	73.0208193809447	64.86317353595504	4.442808391074662	-20.82493651763726	-75.47925680314519	38.02334514841507	-43.37396595877552	20.127657931425794	
-82.27201169619266	12.388117083713873	54.381996488300736	19.92914814910206	-24.72382884473472	-6.6888045283176325	-14.3274195416245	33.630715455619	-15.780240937659363	9.77822722105553	-8.995472338528476	0.12690865867279832	-56.0744593582197	55.522959343242725	58.457062803935145	16.174636080862797	0.5425586279664003	29.176381307925745	56.22709797107022	-68.21090416686852	-12.718275243047444	-11.379515801651866	73.0208193809447	64.86317353595504	4.442808391074662	-20.82493651763726	-75.47925680314519	38.02334514841507	-43.37396595877552	20.127657931425794	
-55.93820088635607	4.543078952387381	35.30086342147063	8.279597706615084	-47.43707143315493	7.302146407540885	6.387855393462895	-2.497855489053203	-61.05306209846572	-47.13395249293558	-21.07671418915283	12.47971619927187	-13.239271089359626	46.10792729358096	61.01590455532993	34.825386683138454	32.64800708518599	77.81663554571576	22.195623354829607	-74.08376542268432	-6.176602171127667	33.08341034401624	36.78541887874641	11.412028431128746	-37.033633341207995	-32.99000336897266	-60.28304739854166	-53.88826617136277	63.54072090882656	-66.10811818969104	
-55.938200668545946	4.543078982545708	35.30086315004571	8.27959807454665	-47.437070383645214	7.302146743973786	6.387855091879617	-2.497855096994942	-61.053063246492634	-47.13395224362676	-21.076713700587963	12.479716404348482	-13.239271217364962	46.10792734116409	61.01590475571525	34.825386667724196	32.648007289592414	77.81663551823814	22.19562328580055	-74.08376535566578	-6.176602273665981	33.08341077829612	36.785419430978855	11.41202823878565	-37.03363311133454	-32.9900030854844	-60.28304686909551	-53.888266249104234	63.54072139739142	-66.1081174625398	
-55.938200668545946	4.543078982545708	35.30086315004571	8.27959807454665	-47.437070383645214	7.302146743973786	6.387855091879617	-2.497855096994942	-61.053063246492634	-47.13395224362676	-21.076713700587963	12.479716404348482	-13.239271217364962	46.10792734116409	61.01590475571525	34.825386667724196	32.648007289592414	77.81663551823814	22.19562328580055	-74.08376535566578	-6.176602273665981	33.08341077829612	36.785419430978855	11.41202823878565	-37.03363311133454	-32.9900030854844	-60.28304686909551	-53.888266249104234	63.54072139739142	-66.1081174625398	
-55.938200668545946	4.543078982545708	35.30086315004571	8.27959807454665	-47.437070383645214	7.302146743973786	6.387855091879617	-2.497855096994942	-61.053063246492634	-47.13395224362676	-21.076713700587963	12.479716404348482	-13.239271217364962	46.10792734116409	61.01590475571525	34.825386667724196	32.648007289592414	77.81663551823814	22.19562328580055	-74.08376535566578	-6.176602273665981	33.08341077829612	36.785419430978855	11.41202823878565	-37.03363311133454	-32.9900030854844	-60.28304686909551	-53.888266249104234	63.54072139739142	-66.1081174625398	
-55.938200668545946	4.543078982545708	35.30086315004571	8.27959807454665	-47.437070383645214	7.302146743973786	6.387855091879617	-2.497855096994942	-61.053063246492634	-47.13395224362676	-21.076713700587963	12.479716404348482	-13.239271217364962	46.10792734116409	61.01590475571525	34.825386667724196	32.648007289592414	77.81663551823814	22.19562328580055	-74.08376535566578	-6.176602273665981	33.08341077829612	36.785419430978855	11.41202823878565	-37.03363311133454	-32.9900030854844	-60.28304686909551	-53.888266249104234	63.54072139739142	-66.1081174625398	
-55.938200668545946	4.543078982545708	35.30086315004571	8.27959807454665	-47.437070383645214	7.302146743973786	6.387855091879617	-2.497855096994942	-61.053063246492634	-47.13395224362676	-21.076713700587963	12.479716404348482	-13.239271217364962	46.10792734116409	61.01590475571525	34.825386667724196	32.648007289592414	77.81663551823814	22.19562328580055	-74.08376535566578	-6.176602273665981	33.08341077829612	36.785419430978855	11.41202823878565	-37.03363311133454	-32.9900030854844	-60.28304686909551	-53.888266249104234	63.54072139739142	-66.1081174625398	
-55.938200668545946	4.543078982545708	35.30086315004571	8.27959807454665	-47.437070383645214	7.302146743973786	6.387855091879617	-2.497855096994942	-61.053063246492634	-47.13395224362676	-21.076713700587963	12.479716404348482	-13.239271217364962	46.10792734116409	61.01590475571525	34.825386667724196	32.648007289592414	77.81663551823814	22.19562328580055	-74.08376535566578	-6.176602273665981	33.08341077829612	36.785419430978855	11.41202823878565	-37.03363311133454	-32.9900030854844	-60.28304686909551	-53.888266249104234	63.54072139739142	-66.1081174625398	
-55.938200668545946	4.543078982545708	35.30086315004571	8.27959807454665	-47.437070383645214	7.302146743973786	6.387855091879617	-2.497855096994942	-61.053063246492634	-47.13395224362676	-21.076713700587963	12.479716404348482	-13.239271217364962	46.10792734116409	61.01590475571525	34.825386667724196	32.648007289592414	77.81663551823814	22.19562328580055	-74.08376535566578	-6.176602273665981	33.08341077829612	36.785419430978855	11.41202823878565	-37.03363311133454	-32.9900030854844	-60.28304686909551	-53.888266249104234	63.54072139739142	-66.1081174625398	
-55.938200668545946	4.543078982545708	35.30086315004571	8.27959807454665	-47.437070383645214	7.302146743973786	6.387855091879617	-2.497855096994942	-61.053063246492634	-47.13395224362676	-21.076713700587963	12.479716404348482	-13.239271217364962	46.10792734116409	61.01590475571525	34.825386667724196	32.648007289592414	77.81663551823814	22.19562328580055	-74.08376535566578	-6.176602273665981	33.08341077829612	36.785419430978855	11.41202823878565	-37.03363311133454	-32.9900030854844	-60.28304686909551	-53.888266249104234	63.54072139739142	-66.1081174625398	
-55.938200668545946	4.543078982545708	35.30086315004571	8.27959807454665	-47.437070383645214	7.302146743973786	6.387855091879617	-2.497855096994942	-61.053063246492634	-47.13395224362676	-21.076713700587963	12.479716404348482	-13.239271217364962	46.10792734116409	61.01590475571525	34.825386667724196	32.648007289592414	77.81663551823814	22.19562328580055	-74.08376535566578	-6.176602273665981	33.08341077829612	36.785419430978855	11.41202823878565	-37.03363311133454	-32.9900030854844	-60.28304686909551	-53.888266249104234	63.54072139739142	-66.1081174625398	
-55.938200668545946	4.543078982545708	35.30086315004571	8.27959807454665	-47.437070383645214	7.302146743973786	6.387855091879617	-2.497855096994942	-61.053063246492634	-47.13395224362676	-21.076713700587963	12.479716404348482	-13.239271217364962	46.10792734116409	61.01590475571525	34.825386667724196	32.648007289592414	77.81663551823814	22.19562328580055	-74.08376535566578	-6.176602273665981	33.08341077829612	36.785419430978855	11.41202823878565	-37.03363311133454	-32.9900030854844	-60.28304686909551	-53.888266249104234	63.54072139739142	-66.1081174625398	
-55.938200668545946	4.543078982545708	35.30086315004571	8.27959807454665	-47.437070383645214	7.302146743973786	6.387855091879617	-2.497855096994942	-61.053063246492634	-47.13395224362676	-21.076713700587963	12.479716404348482	-13.239271217364962	46.10792734116409	61.01590475571525	34.825386667724196	32.648007289592414	77.81663551823814	22.19562328580055	-74.08376535566578	-6.176602273665981	33.08341077829612	36.785419430978855	11.41202823878565	-37.03363311133454	-32.9900030854844	-60.28304686909551	-53.888266249104234	63.54072139739142	-66.1081174625398	
-55.938200668545946	4.543078982545708	35.30086315004571	8.27959807454665	-47.437070383645214	7.302146743973786	6.387855091879617	-2.497855096994942	-61.053063246492634	-47.13395224362676	-21.076713700587963	12.479716404348482	-13.239271217364962	46.10792734116409	61.01590475571525	34.825386667724196	32.648007289592414	77.81663551823814	22.19562328580055	-74.08376535566578	-6.176602273665981	33.08341077829612	36.785419430978855	11.41202823878565	-37.03363311133454	-32.9900030854844	-60.28304686909551	-53.888266249104234	63.54072139739142	-66.1081174625398	
-55.938200668545946	4.543078982545708	35.30086315004571	8.27959807454665	-47.437070383645214	7.302146743973786	6.387855091879617	-2.497855096994942	-61.053063246492634	-47.13395224362676	-21.076713700587963	12.479716404348482	-13.239271217364962	46.10792734116409	61.01590475571525	34.825386667724196	32.648007289592414	77.81663551823814	22.19562328580055	-74.08376535566578	-6.176602273665981	33.08341077829612	36.785419430978855	11.41202823878565	-37.03363311133454	-32.9900030854844	-60.28304686909551	-53.888266249104234	63.54072139739142	-66.1081174625398	
-55.938200668545946	4.543078982545708	35.30086315004571	8.27959807454665	-47.437070383645214	7.302146743973786	6.387855091879617	-2.497855096994942	-61.053063246492634	-47.13395224362676	-21.076713700587963	12.479716404348482	-13.239271217364962	46.10792734116409	61.01590475571525	34.825386667724196	32.648007289592414	77.81663551823814	22.19562328580055	-74.08376535566578	-6.176602273665981	33.08341077829612	36.785419430978855	11.41202823878565	-37.03363311133454	-32.9900030854844	-60.28304686909551	-53.888266249104234	63.54072139739142	-66.1081174625398	
-55.938200668545946	4.543078982545708	35.30086315004571	8.27959807454665	-47.437070383645214	7.302146743973786	6.387855091879617	-2.497855096994942	-61.053063246492634	-47.13395224362676	-21.076713700587963	12.479716404348482	-13.239271217364962	46.10792734116409	61.01590475571525	34.825386667724196	32.648007289592414	77.81663551823814	22.19562328580055	-74.08376535566578	-6.176602273665981	33.08341077829612	36.785419430978855	11.41202823878565	-37.03363311133454	-32.9900030854844	-60.28304686909551	-53.888266249104234	63.54072139739142	-66.1081174625398	
-55.938200668545946	4.543078982545708	35.30086315004571	8.27959807454665	-47.437070383645214	7.302146743973786	6.387855091879617	-2.497855096994942	-61.053063246492634	-47.13395224362676	-21.076713700587963	12.479716404348482	-13.239271217364962	46.10792734116409	61.01590475571525	34.825386667724196	32.648007289592414	77.81663551823814	22.19562328580055	-74.08376535566578	-6.176602273665981	33.08341077829612	36.785419430978855	11.41202823878565	-37.03363311133454	-32.9900030854844	-60.28304686909551	-53.888266249104234	63.54072139739142	-66.1081174625398	
-55.938200668545946	4.543078982545708	35.30086315004571	8.27959807454665	-47.437070383645214	7.302146743973786	6.387855091879617	-2.497855096994942	-61.053063246492634	-47.13395224362676	-21.076713700587963	12.479716404348482	-13.239271217364962	46.10792734116409	61.01590475571525	34.825386667724196	32.648007289592414	77.81663551823814	22.19562328580055	-74.08376535566578	-6.176602273665981	33.08341077829612	36.785419430978855	11.41202823878565	-37.03363311133454	-32.9900030854844	-60.28304686909551	-53.888266249104234	63.54072139739142	-66.1081174625398	
-55.938200668545946	4.543078982545708	35.30086315004571	8.27959807454665	-47.437070383645214	7.302146743973786	6.387855091879617	-2.497855096994942	-61.053063246492634	-47.13395224362676	-21.076713700587963	12.479716404348482	-13.239271217364962	46.10792734116409	61.01590475571525	34.825386667724196	32.648007289592414	77.81663551823814	22.19562328580055	-74.08376535566578	-6.176602273665981	33.08341077829612	36.785419430978855	11.41202823878565	-37.03363311133454	-32.9900030854844	-60.28304686909551	-53.888266249104234	63.54072139739142	-66.1081174625398	
-55.938200668545946	4.543078982545708	35.30086315004571	8.27959807454665	-47.437070383645214	7.302146743973786	6.387855091879617	-2.497855096994942	-61.053063246492634	-47.13395224362676	-21.076713700587963	12.479716404348482	-13.239271217364962	46.10792734116409	61.01590475571525	34.825386667724196	32.648007289592414	77.81663551823814	22.19562328580055	-74.08376535566578	-6.176602273665981	33.08341077829612	36.785419430978855	11.41202823878565	-37.03363311133454	-32.9900030854844	-60.28304686909551	-53.888266249104234	63.54072139739142	-66.1081174625398	
-55.938200668545946	4.543078982545708	35.30086315004571	8.27959807454665	-47.437070383645214	7.302146743973786	6.387855091879617	-2.497855096994942	-61.053063246492634	-47.13395224362676	-21.076713700587963	12.479716404348482	-13.239271217364962	46.10792734116409	61.01590475571525	34.825386667724196	32.648007289592414	77.81663551823814	22.19562328580055	-74.08376535566578	-6.176602273665981	33.08341077829612	36.785419430978855	11.41202823878565	-37.03363311133454	-32.9900030854844	-60.28304686909551	-53.888266249104234	63.54072139739142	-66.1081174625398	
-55.938200668545946	4.543078982545708	35.30086315004571	8.27959807454665	-47.437070383645214	7.302146743973786	6.387855091879617	-2.497855096994942	-61.053063246492634	-47.13395224362676	-21.076713700587963	12.479716404348482	-13.239271217364962	46.10792734116409	61.01590475571525	34.825386667724196	32.648007289592414	77.81663551823814	22.19562328580055	-74.08376535566578	-6.176602273665981	33.08341077829612	36.785419430978855	11.41202823878565	-37.03363311133454	-32.9900030854844	-60.28304686909551	-53.888266249104234	63.54072139739142	-66.1081174625398	
-55.938200668545946	4.543078982545708	35.30086315004571	8.27959807454665	-47.437070383645214	7.302146743973786	6.387855091879617	-2.497855096994942	-61.053063246492634	-47.13395224362676	-21.076713700587963	12.479716404348482	-13.239271217364962	46.10792734116409	61.01590475571525	34.825386667724196	32.648007289592414	77.81663551823814	22.19562328580055	-74.08376535566578	-6.176602273665981	33.08341077829612	36.785419430978855	11.41202823878565	-37.03363311133454	-32.9900030854844	-60.28304686909551	-53.888266249104234	63.54072139739142	-66.1081174625398	
-55.938200668545946	4.543078982545708	35.30086315004571	8.27959807454665	-47.437070383645214	7.302146743973786	6.387855091879617	-2.497855096994942	-61.053063246492634	-47.13395224362676	-21.076713700587963	12.479716404348482	-13.239271217364962	46.10792734116409	61.01590475571525	34.825386667724196	32.648007289592414	77.81663551823814	22.19562328580055	-74.08376535566578	-6.176602273665981	33.08341077829612	36.785419430978855	11.41202823878565	-37.03363311133454	-32.9900030854844	-60.28304686909551	-53.888266249104234	63.54072139739142	-66.1081174625398	
-55.938200668545946	4.543078982545708	35.30086315004571	8.27959807454665	-47.437070383645214	7.302146743973786	6.387855091879617	-2.497855096994942	-61.053063246492634	-47.13395224362676	-21.076713700587963	12.479716404348482	-13.239271217364962	46.10792734116409	61.01590475571525	34.825386667724196	32.648007289592414	77.81663551823814	22.19562328580055	-74.08376535566578	-6.176602273665981	33.08341077829612	36.785419430978855	11.41202823878565	-37.03363311133454	-32.9900030854844	-60.28304686909551	-53.888266249104234	63.54072139739142	-66.1081174625398	
-55.938200668545946	4.543078982545708	35.30086315004571	8.27959807454665	-47.437070383645214	7.302146743973786	6.387855091879617	-2.497855096994942	-61.053063246492634	-47.13395224362676	-21.076713700587963	12.479716404348482	-13.239271217364962	46.10792734116409	61.01590475571525	34.825386667724196	32.648007289592414	77.81663551823814	22.19562328580055	-74.08376535566578	-6.176602273665981	33.08341077829612	36.785419430978855	11.41202823878565	-37.03363311133454	-32.9900030854844	-60.28304686909551	-53.888266249104234	63.54072139739142	-66.1081174625398	
-55.938200668545946	4.543078982545708	35.30086315004571	8.27959807454665	-47.437070383645214	7.302146743973786	6.387855091879617	-2.497855096994942	-61.053063246492634	-47.13395224362676	-21.076713700587963	12.479716404348482	-13.239271217364962	46.10792734116409	61.01590475571525	34.825386667724196	32.648007289592414	77.81663551823814	22.19562328580055	-74.08376535566578	-6.176602273665981	33.08341077829612	36.785419430978855	11.41202823878565	-37.03363311133454	-32.9900030854844	-60.28304686909551	-53.888266249104234	63.54072139739142	-66.1081174625398	
-55.938200668545946	4.543078982545708	35.30086315004571	8.27959807454665	-47.437070383645214	7.302146743973786	6.387855091879617	-2.497855096994942	-61.053063246492634	-47.13395224362676	-21.076713700587963	12.479716404348482	-13.239271217364962	46.10792734116409	61.01590475571525	34.825386667724196	32.648007289592414	77.81663551823814	22.19562328580055	-74.08376535566578	-6.176602273665981	33.08341077829612	36.785419430978855	11.41202823878565	-37.03363311133454	-32.9900030854844	-60.28304686909551	-53.888266249104234	63.54072139739142	-66.1081174625398	
-55.938200668545946	4.543078982545708	35.30086315004571	8.27959807454665	-47.437070383645214	7.302146743973786	6.387855091879617	-2.497855096994942	-61.053063246492634	-47.13395224362676	-21.076713700587963	12.479716404348482	-13.239271217364962	46.10792734116409	61.01590475571525	34.825386667724196	32.648007289592414	77.81663551823814	22.19562328580055	-74.08376535566578	-6.176602273665981	33.08341077829612	36.785419430978855	11.41202823878565	-37.03363311133454	-32.9900030854844	-60.28304686909551	-53.888266249104234	63.54072139739142	-66.1081174625398	
-55.938200668545946	4.543078982545708	35.30086315004571	8.27959807454665	-47.437070383645214	7.302146743973786	6.387855091879617	-2.497855096994942	-61.053063246492634	-47.13395224362676	-21.076713700587963	12.479716404348482	-13.239271217364962	46.10792734116409	61.01590475571525	34.825386667724196	32.648007289592414	77.81663551823814	22.19562328580055	-74.08376535566578	-6.176602273665981	33.08341077829612	36.785419430978855	11.41202823878565	-37.03363311133454	-32.9900030854844	-60.28304686909551	-53.888266249104234	63.54072139739142	-66.1081174625398	
-55.938200668545946	4.543078982545708	35.30086315004571	8.27959807454665	-47.437070383645214	7.302146743973786	6.387855091879617	-2.497855096994942	-61.053063246492634	-47.13395224362676	-21.076713700587963	12.479716404348482	-13.239271217364962	46.10792734116409	61.01590475571525	34.825386667724196	32.648007289592414	77.81663551823814	22.19562328580055	-74.08376535566578	-6.176602273665981	33.08341077829612	36.785419430978855	11.41202823878565	-37.03363311133454	-32.9900030854844	-60.28304686909551	-53.888266249104234	63.54072139739142	-66.1081174625398	
-55.938200668545946	4.543078982545708	35.30086315004571	8.27959807454665	-47.437070383645214	7.302146743973786	6.387855091879617	-2.497855096994942	-61.053063246492634	-47.13395224362676	-21.076713700587963	12.479716404348482	-13.239271217364962	46.10792734116409	61.01590475571525	34.825386667724196	32.648007289592414	77.81663551823814	22.19562328580055	-74.08376535566578	-6.176602273665981	33.08341077829612	36.785419430978855	11.41202823878565	-37.03363311133454	-32.9900030854844	-60.28304686909551	-53.888266249104234	63.54072139739142	-66.1081174625398	
-55.938200668545946	4.543078982545708	35.30086315004571	8.27959807454665	-47.437070383645214	7.302146743973786	6.387855091879617	-2.497855096994942	-61.053063246492634	-47.13395224362676	-21.076713700587963	12.479716404348482	-13.239271217364962	46.10792734116409	61.01590475571525	34.825386667724196	32.648007289592414	77.81663551823814	22.19562328580055	-74.08376535566578	-6.176602273665981	33.08341077829612	36.785419430978855	11.41202823878565	-37.03363311133454	-32.9900030854844	-60.28304686909551	-53.888266249104234	63.54072139739142	-66.1081174625398	
-55.938200668545946	4.543078982545708	35.30086315004571	8.27959807454665	-47.437070383645214	7.302146743973786	6.387855091879617	-2.497855096994942	-61.053063246492634	-47.13395224362676	-21.076713700587963	12.479716404348482	-13.239271217364962	46.10792734116409	61.01590475571525	34.825386667724196	32.648007289592414	77.81663551823814	22.19562328580055	-74.08376535566578	-6.176602273665981	33.08341077829612	36.785419430978855	11.41202823878565	-37.03363311133454	-32.9900030854844	-60.28304686909551	-53.888266249104234	63.54072139739142	-66.1081174625398	
-55.938200668545946	4.543078982545708	35.30086315004571	8.27959807454665	-47.437070383645214	7.302146743973786	6.387855091879617	-2.497855096994942	-61.053063246492634	-47.13395224362676	-21.076713700587963	12.479716404348482	-13.239271217364962	46.10792734116409	61.01590475571525	34.825386667724196	32.648007289592414	77.81663551823814	22.19562328580055	-74.08376535566578	-6.176602273665981	33.08341077829612	36.785419430978855	11.41202823878565	-37.03363311133454	-32.9900030854844	-60.28304686909551	-53.888266249104234	63.54072139739142	-66.1081174625398	
-55.938200668545946	4.543078982545708	35.30086315004571	8.27959807454665	-47.437070383645214	7.302146743973786	6.387855091879617	-2.497855096994942	-61.053063246492634	-47.13395224362676	-21.076713700587963	12.479716404348482	-13.239271217364962	46.10792734116409	61.01590475571525	34.825386667724196	32.648007289592414	77.81663551823814	22.19562328580055	-74.08376535566578	-6.176602273665981	33.08341077829612	36.785419430978855	11.41202823878565	-37.03363311133454	-32.9900030854844	-60.28304686909551	-53.888266249104234	63.54072139739142	-66.1081174625398	
-55.938200668545946	4.543078982545708	35.30086315004571	8.27959807454665	-47.437070383645214	7.302146743973786	6.387855091879617	-2.497855096994942	-61.053063246492634	-47.13395224362676	-21.076713700587963	12.479716404348482	-13.239271217364962	46.10792734116409	61.01590475571525	34.825386667724196	32.648007289592414	77.81663551823814	22.19562328580055	-74.08376535566578	-6.176602273665981	33.08341077829612	36.785419430978855	11.41202823878565	-37.03363311133454	-32.9900030854844	-60.28304686909551	-53.888266249104234	63.54072139739142	-66.1081174625398	
-55.938200668545946	4.543078982545708	35.30086315004571	8.27959807454665	-47.437070383645214	7.302146743973786	6.387855091879617	-2.497855096994942	-61.053063246492634	-47.13395224362676	-21.076713700587963	12.479716404348482	-13.239271217364962	46.10792734116409	61.01590475571525	34.825386667724196	32.648007289592414	77.81663551823814	22.19562328580055	-74.08376535566578	-6.176602273665981	33.08341077829612	36.785419430978855	11.41202823878565	-37.03363311133454	-32.9900030854844	-60.28304686909551	-53.888266249104234	63.54072139739142	-66.1081174625398	
-55.938200668545946	4.543078982545708	35.30086315004571	8.27959807454665	-47.437070383645214	7.302146743973786	6.387855091879617	-2.497855096994942	-61.053063246492634	-47.13395224362676	-21.076713700587963	12.479716404348482	-13.239271217364962	46.10792734116409	61.01590475571525	34.825386667724196	32.648007289592414	77.81663551823814	22.19562328580055	-74.08376535566578	-6.176602273665981	33.08341077829612	36.785419430978855	11.41202823878565	-37.03363311133454	-32.9900030854844	-60.28304686909551	-53.888266249104234	63.54072139739142	-66.1081174625398	
-55.938200668545946	4.543078982545708	35.30086315004571	8.27959807454665	-47.437070383645214	7.302146743973786	6.387855091879617	-2.497855096994942	-61.053063246492634	-47.13395224362676	-21.076713700587963	12.479716404348482	-13.239271217364962	46.10792734116409	61.01590475571525	34.825386667724196	32.648007289592414	77.81663551823814	22.19562328580055	-74.08376535566578	-6.176602273665981	33.08341077829612	36.785419430978855	11.41202823878565	-37.03363311133454	-32.9900030854844	-60.28304686909551	-53.888266249104234	63.54072139739142	-66.1081174625398	
-55.938200668545946	4.543078982545708	35.30086315004571	8.27959807454665	-47.437070383645214	7.302146743973786	6.387855091879617	-2.497855096994942	-61.053063246492634	-47.13395224362676	-21.076713700587963	12.479716404348482	-13.239271217364962	46.10792734116409	61.01590475571525	34.825386667724196	32.648007289592414	77.81663551823814	22.19562328580055	-74.08376535566578	-6.176602273665981	33.08341077829612	36.785419430978855	11.41202823878565	-37.03363311133454	-32.9900030854844	-60.28304686909551	-53.888266249104234	63.54072139739142	-66.1081174625398	
-55.938200668545946	4.543078982545708	35.30086315004571	8.27959807454665	-47.437070383645214	7.302146743973786	6.387855091879617	-2.497855096994942	-61.053063246492634	-47.13395224362676	-21.076713700587963	12.479716404348482	-13.239271217364962	46.10792734116409	61.01590475571525	34.825386667724196	32.648007289592414	77.81663551823814	22.19562328580055	-74.08376535566578	-6.176602273665981	33.08341077829612	36.785419430978855	11.41202823878565	-37.03363311133454	-32.9900030854844	-60.28304686909551	-53.888266249104234	63.54072139739142	-66.1081174625398	
-55.938200668545946	4.543078982545708	35.30086315004571	8.27959807454665	-47.437070383645214	7.302146743973786	6.387855091879617	-2.497855096994942	-61.053063246492634	-47.13395224362676	-21.076713700587963	12.479716404348482	-13.239271217364962	46.10792734116409	61.01590475571525	34.825386667724196	32.648007289592414	77.81663551823814	22.19562328580055	-74.08376535566578	-6.176602273665981	33.08341077829612	36.785419430978855	11.41202823878565	-37.03363311133454	-32.9900030854844	-60.28304686909551	-53.888266249104234	63.54072139739142	-66.1081174625398	
-55.938200668545946	4.543078982545708	35.30086315004571	8.27959807454665	-47.437070383645214	7.302146743973786	6.387855091879617	-2.497855096994942	-61.053063246492634	-47.13395224362676	-21.076713700587963	12.479716404348482	-13.239271217364962	46.10792734116409	61.01590475571525	34.825386667724196	32.648007289592414	77.81663551823814	22.19562328580055	-74.08376535566578	-6.176602273665981	33.08341077829612	36.785419430978855	11.41202823878565	-37.03363311133454	-32.9900030854844	-60.28304686909551	-53.888266249104234	63.54072139739142	-66.1081174625398	
-55.938200668545946	4.543078982545708	35.30086315004571	8.27959807454665	-47.437070383645214	7.302146743973786	6.387855091879617	-2.497855096994942	-61.053063246492634	-47.13395224362676	-21.076713700587963	12.479716404348482	-13.239271217364962	46.10792734116409	61.01590475571525	34.825386667724196	32.648007289592414	77.81663551823814	22.19562328580055	-74.08376535566578	-6.176602273665981	33.08341077829612	36.785419430978855	11.41202823878565	-37.03363311133454	-32.9900030854844	-60.28304686909551	-53.888266249104234	63.54072139739142	-66.1081174625398	
-55.938200668545946	4.543078982545708	35.30086315004571	8.27959807454665	-47.437070383645214	7.302146743973786	6.387855091879617	-2.497855096994942	-61.053063246492634	-47.13395224362676	-21.076713700587963	12.479716404348482	-13.239271217364962	46.10792734116409	61.01590475571525	34.825386667724196	32.648007289592414	77.81663551823814	22.19562328580055	-74.08376535566578	-6.176602273665981	33.08341077829612	36.785419430978855	11.41202823878565	-37.03363311133454	-32.9900030854844	-60.28304686909551	-53.888266249104234	63.54072139739142	-66.1081174625398	
-55.938200668545946	4.543078982545708	35.30086315004571	8.27959807454665	-47.437070383645214	7.302146743973786	6.387855091879617	-2.497855096994942	-61.053063246492634	-47.13395224362676	-21.076713700587963	12.479716404348482	-13.239271217364962	46.10792734116409	61.01590475571525	34.825386667724196	32.648007289592414	77.81663551823814	22.19562328580055	-74.08376535566578	-6.176602273665981	33.08341077829612	36.785419430978855	11.41202823878565	-37.03363311133454	-32.9900030854844	-60.28304686909551	-53.888266249104234	63.54072139739142	-66.1081174625398	
-55.938200668545946	4.543078982545708	35.30086315004571	8.27959807454665	-47.437070383645214	7.302146743973786	6.387855091879617	-2.497855096994942	-61.053063246492634	-47.13395224362676	-21.076713700587963	12.479716404348482	-13.239271217364962	46.10792734116409	61.01590475571525	34.825386667724196	32.648007289592414	77.81663551823814	22.19562328580055	-74.08376535566578	-6.176602273665981	33.08341077829612	36.785419430978855	11.41202823878565	-37.03363311133454	-32.9900030854844	-60.28304686909551	-53.888266249104234	63.54072139739142	-66.1081174625398	
-55.938200668545946	4.543078982545708	35.30086315004571	8.27959807454665	-47.437070383645214	7.302146743973786	6.387855091879617	-2.497855096994942	-61.053063246492634	-47.13395224362676	-21.076713700587963	12.479716404348482	-13.239271217364962	46.10792734116409	61.01590475571525	34.825386667724196	32.648007289592414	77.81663551823814	22.19562328580055	-74.08376535566578	-6.176602273665981	33.08341077829612	36.785419430978855	11.41202823878565	-37.03363311133454	-32.9900030854844	-60.28304686909551	-53.888266249104234	63.54072139739142	-66.1081174625398	
-55.938200668545946	4.543078982545708	35.30086315004571	8.27959807454665	-47.437070383645214	7.302146743973786	6.387855091879617	-2.497855096994942	-61.053063246492634	-47.13395224362676	-21.076713700587963	12.479716404348482	-13.239271217364962	46.10792734116409	61.01590475571525	34.825386667724196	32.648007289592414	77.81663551823814	22.19562328580055	-74.08376535566578	-6.176602273665981	33.08341077829612	36.785419430978855	11.41202823878565	-37.03363311133454	-32.9900030854844	-60.28304686909551	-53.888266249104234	63.54072139739142	-66.1081174625398	
-55.938200668545946	4.543078982545708	35.30086315004571	8.27959807454665	-47.437070383645214	7.302146743973786	6.387855091879617	-2.497855096994942	-61.053063246492634	-47.13395224362676	-21.076713700587963	12.479716404348482	-13.239271217364962	46.10792734116409	61.01590475571525	34.825386667724196	32.648007289592414	77.81663551823814	22.19562328580055	-74.08376535566578	-6.176602273665981	33.08341077829612	36.785419430978855	11.41202823878565	-37.03363311133454	-32.9900030854844	-60.28304686909551	-53.888266249104234	63.54072139739142	-66.1081174625398	
-55.938200668545946	4.543078982545708	35.30086315004571	8.27959807454665	-47.437070383645214	7.302146743973786	6.387855091879617	-2.497855096994942	-61.053063246492634	-47.13395224362676	-21.076713700587963	12.479716404348482	-13.239271217364962	46.10792734116409	61.01590475571525	34.825386667724196	32.648007289592414	77.81663551823814	22.19562328580055	-74.08376535566578	-6.176602273665981	33.08341077829612	36.785419430978855	11.41202823878565	-37.03363311133454	-32.9900030854844	-60.28304686909551	-53.888266249104234	63.54072139739142	-66.1081174625398	
-55.938200668545946	4.543078982545708	35.30086315004571	8.27959807454665	-47.437070383645214	7.302146743973786	6.387855091879617	-2.497855096994942	-61.053063246492634	-47.13395224362676	-21.076713700587963	12.479716404348482	-13.239271217364962	46.10792734116409	61.01590475571525	34.825386667724196	32.648007289592414	77.81663551823814	22.19562328580055	-74.08376535566578	-6.176602273665981	33.08341077829612	36.785419430978855	11.41202823878565	-37.03363311133454	-32.9900030854844	-60.28304686909551	-53.888266249104234	63.54072139739142	-66.1081174625398	
-55.938200668545946	4.543078982545708	35.30086315004571	8.27959807454665	-47.437070383645214	7.302146743973786	6.387855091879617	-2.497855096994942	-61.053063246492634	-47.13395224362676	-21.076713700587963	12.479716404348482	-13.239271217364962	46.10792734116409	61.01590475571525	34.825386667724196	32.648007289592414	77.81663551823814	22.19562328580055	-74.08376535566578	-6.176602273665981	33.08341077829612	36.785419430978855	11.41202823878565	-37.03363311133454	-32.9900030854844	-60.28304686909551	-53.888266249104234	63.54072139739142	-66.1081174625398	
-55.938200668545946	4.543078982545708	35.30086315004571	8.27959807454665	-47.437070383645214	7.302146743973786	6.387855091879617	-2.497855096994942	-61.053063246492634	-47.13395224362676	-21.076713700587963	12.479716404348482	-13.239271217364962	46.10792734116409	61.01590475571525	34.825386667724196	32.648007289592414	77.81663551823814	22.19562328580055	-74.08376535566578	-6.176602273665981	33.08341077829612	36.785419430978855	11.41202823878565	-37.03363311133454	-32.9900030854844	-60.28304686909551	-53.888266249104234	63.54072139739142	-66.1081174625398	
-55.938200668545946	4.543078982545708	35.30086315004571	8.27959807454665	-47.437070383645214	7.302146743973786	6.387855091879617	-2.497855096994942	-61.053063246492634	-47.13395224362676	-21.076713700587963	12.479716404348482	-13.239271217364962	46.10792734116409	61.01590475571525	34.825386667724196	32.648007289592414	77.81663551823814	22.19562328580055	-74.08376535566578	-6.176602273665981	33.08341077829612	36.785419430978855	11.41202823878565	-37.03363311133454	-32.9900030854844	-60.28304686909551	-53.888266249104234	63.54072139739142	-66.1081174625398	
-55.938200668545946	4.543078982545708	35.30086315004571	8.27959807454665	-47.437070383645214	7.302146743973786	6.387855091879617	-2.497855096994942	-61.053063246492634	-47.13395224362676	-21.076713700587963	12.479716404348482	-13.239271217364962	46.10792734116409	61.01590475571525	34.825386667724196	32.648007289592414	77.81663551823814	22.19562328580055	-74.08376535566578	-6.176602273665981	33.08341077829612	36.785419430978855	11.41202823878565	-37.03363311133454	-32.9900030854844	-60.28304686909551	-53.888266249104234	63.54072139739142	-66.1081174625398	
-55.938200668545946	4.543078982545708	35.30086315004571	8.27959807454665	-47.437070383645214	7.302146743973786	6.387855091879617	-2.497855096994942	-61.053063246492634	-47.13395224362676	-21.076713700587963	12.479716404348482	-13.239271217364962	46.10792734116409	61.01590475571525	34.825386667724196	32.648007289592414	77.81663551823814	22.19562328580055	-74.08376535566578	-6.176602273665981	33.08341077829612	36.785419430978855	11.41202823878565	-37.03363311133454	-32.9900030854844	-60.28304686909551	-53.888266249104234	63.54072139739142	-66.1081174625398	
-55.938200668545946	4.543078982545708	35.30086315004571	8.27959807454665	-47.437070383645214	7.302146743973786	6.387855091879617	-2.497855096994942	-61.053063246492634	-47.13395224362676	-21.076713700587963	12.479716404348482	-13.239271217364962	46.10792734116409	61.01590475571525	34.825386667724196	32.648007289592414	77.81663551823814	22.19562328580055	-74.08376535566578	-6.176602273665981	33.08341077829612	36.785419430978855	11.41202823878565	-37.03363311133454	-32.9900030854844	-60.28304686909551	-53.888266249104234	63.54072139739142	-66.1081174625398	
-55.938200668545946	4.543078982545708	35.30086315004571	8.27959807454665	-47.437070383645214	7.302146743973786	6.387855091879617	-2.497855096994942	-61.053063246492634	-47.13395224362676	-21.076713700587963	12.479716404348482	-13.239271217364962	46.10792734116409	61.01590475571525	34.825386667724196	32.648007289592414	77.81663551823814	22.19562328580055	-74.08376535566578	-6.176602273665981	33.08341077829612	36.785419430978855	11.41202823878565	-37.03363311133454	-32.9900030854844	-60.28304686909551	-53.888266249104234	63.54072139739142	-66.1081174625398	
-55.938200668545946	4.543078982545708	35.30086315004571	8.27959807454665	-47.437070383645214	7.302146743973786	6.387855091879617	-2.497855096994942	-61.053063246492634	-47.13395224362676	-21.076713700587963	12.479716404348482	-13.239271217364962	46.10792734116409	61.01590475571525	34.825386667724196	32.648007289592414	77.81663551823814	22.19562328580055	-74.08376535566578	-6.176602273665981	33.08341077829612	36.785419430978855	11.41202823878565	-37.03363311133454	-32.9900030854844	-60.28304686909551	-53.888266249104234	63.54072139739142	-66.1081174625398	
-55.938200668545946	4.543078982545708	35.30086315004571	8.27959807454665	-47.437070383645214	7.302146743973786	6.387855091879617	-2.497855096994942	-61.053063246492634	-47.13395224362676	-21.076713700587963	12.479716404348482	-13.239271217364962	46.10792734116409	61.01590475571525	34.825386667724196	32.648007289592414	77.81663551823814	22.19562328580055	-74.08376535566578	-6.176602273665981	33.08341077829612	36.785419430978855	11.41202823878565	-37.03363311133454	-32.9900030854844	-60.28304686909551	-53.888266249104234	63.54072139739142	-66.1081174625398	
-55.938200668545946	4.543078982545708	35.30086315004571	8.27959807454665	-47.437070383645214	7.302146743973786	6.387855091879617	-2.497855096994942	-61.053063246492634	-47.13395224362676	-21.076713700587963	12.479716404348482	-13.239271217364962	46.10792734116409	61.01590475571525	34.825386667724196	32.648007289592414	77.81663551823814	22.19562328580055	-74.08376535566578	-6.176602273665981	33.08341077829612	36.785419430978855	11.41202823878565	-37.03363311133454	-32.9900030854844	-60.28304686909551	-53.888266249104234	63.54072139739142	-66.1081174625398	
-55.938200668545946	4.543078982545708	35.30086315004571	8.27959807454665	-47.437070383645214	7.302146743973786	6.387855091879617	-2.497855096994942	-61.053063246492634	-47.13395224362676	-21.076713700587963	12.479716404348482	-13.239271217364962	46.10792734116409	61.01590475571525	34.825386667724196	32.648007289592414	77.81663551823814	22.19562328580055	-74.08376535566578	-6.176602273665981	33.08341077829612	36.785419430978855	11.41202823878565	-37.03363311133454	-32.9900030854844	-60.28304686909551	-53.888266249104234	63.54072139739142	-66.1081174625398	
-55.938200668545946	4.543078982545708	35.30086315004571	8.27959807454665	-47.437070383645214	7.302146743973786	6.387855091879617	-2.497855096994942	-61.053063246492634	-47.13395224362676	-21.076713700587963	12.479716404348482	-13.239271217364962	46.10792734116409	61.01590475571525	34.825386667724196	32.648007289592414	77.81663551823814	22.19562328580055	-74.08376535566578	-6.176602273665981	33.08341077829612	36.785419430978855	11.41202823878565	-37.03363311133454	-32.9900030854844	-60.28304686909551	-53.888266249104234	63.54072139739142	-66.1081174625398	
-55.938200668545946	4.543078982545708	35.30086315004571	8.27959807454665	-47.437070383645214	7.302146743973786	6.387855091879617	-2.497855096994942	-61.053063246492634	-47.13395224362676	-21.076713700587963	12.479716404348482	-13.239271217364962	46.10792734116409	61.01590475571525	34.825386667724196	32.648007289592414	77.81663551823814	22.19562328580055	-74.08376535566578	-6.176602273665981	33.08341077829612	36.785419430978855	11.41202823878565	-37.03363311133454	-32.9900030854844	-60.28304686909551	-53.888266249104234	63.54072139739142	-66.1081174625398	
-55.938200668545946	4.543078982545708	35.30086315004571	8.27959807454665	-47.437070383645214	7.302146743973786	6.387855091879617	-2.497855096994942	-61.053063246492634	-47.13395224362676	-21.076713700587963	12.479716404348482	-13.239271217364962	46.10792734116409	61.01590475571525	34.825386667724196	32.648007289592414	77.81663551823814	22.19562328580055	-74.08376535566578	-6.176602273665981	33.08341077829612	36.785419430978855	11.41202823878565	-37.03363311133454	-32.9900030854844	-60.28304686909551	-53.888266249104234	63.54072139739142	-66.1081174625398	
-55.938200668545946	4.543078982545708	35.30086315004571	8.27959807454665	-47.437070383645214	7.302146743973786	6.387855091879617	-2.497855096994942	-61.053063246492634	-47.13395224362676	-21.076713700587963	12.479716404348482	-13.239271217364962	46.10792734116409	61.01590475571525	34.825386667724196	32.648007289592414	77.81663551823814	22.19562328580055	-74.08376535566578	-6.176602273665981	33.08341077829612	36.785419430978855	11.41202823878565	-37.03363311133454	-32.9900030854844	-60.28304686909551	-53.888266249104234	63.54072139739142	-66.1081174625398	
-55.938200668545946	4.543078982545708	35.30086315004571	8.27959807454665	-47.437070383645214	7.302146743973786	6.387855091879617	-2.497855096994942	-61.053063246492634	-47.13395224362676	-21.076713700587963	12.479716404348482	-13.239271217364962	46.10792734116409	61.01590475571525	34.825386667724196	32.648007289592414	77.81663551823814	22.19562328580055	-74.08376535566578	-6.176602273665981	33.08341077829612	36.785419430978855	11.41202823878565	-37.03363311133454	-32.9900030854844	-60.28304686909551	-53.888266249104234	63.54072139739142	-66.1081174625398	
-55.938200668545946	4.543078982545708	35.30086315004571	8.27959807454665	-47.437070383645214	7.302146743973786	6.387855091879617	-2.497855096994942	-61.053063246492634	-47.13395224362676	-21.076713700587963	12.479716404348482	-13.239271217364962	46.10792734116409	61.01590475571525	34.825386667724196	32.648007289592414	77.81663551823814	22.19562328580055	-74.08376535566578	-6.176602273665981	33.08341077829612	36.785419430978855	11.41202823878565	-37.03363311133454	-32.9900030854844	-60.28304686909551	-53.888266249104234	63.54072139739142	-66.1081174625398	
-55.938200668545946	4.543078982545708	35.30086315004571	8.27959807454665	-47.437070383645214	7.302146743973786	6.387855091879617	-2.497855096994942	-61.053063246492634	-47.13395224362676	-21.076713700587963	12.479716404348482	-13.239271217364962	46.10792734116409	61.01590475571525	34.825386667724196	32.648007289592414	77.81663551823814	22.19562328580055	-74.08376535566578	-6.176602273665981	33.08341077829612	36.785419430978855	11.41202823878565	-37.03363311133454	-32.9900030854844	-60.28304686909551	-53.888266249104234	63.54072139739142	-66.1081174625398	
-55.938200668545946	4.543078982545708	35.30086315004571	8.27959807454665	-47.437070383645214	7.302146743973786	6.387855091879617	-2.497855096994942	-61.053063246492634	-47.13395224362676	-21.076713700587963	12.479716404348482	-13.239271217364962	46.10792734116409	61.01590475571525	34.825386667724196	32.648007289592414	77.81663551823814	22.19562328580055	-74.08376535566578	-6.176602273665981	33.08341077829612	36.785419430978855	11.41202823878565	-37.03363311133454	-32.9900030854844	-60.28304686909551	-53.888266249104234	63.54072139739142	-66.1081174625398	
-55.938200668545946	4.543078982545708	35.30086315004571	8.27959807454665	-47.437070383645214	7.302146743973786	6.387855091879617	-2.497855096994942	-61.053063246492634	-47.13395224362676	-21.076713700587963	12.479716404348482	-13.239271217364962	46.10792734116409	61.01590475571525	34.825386667724196	32.648007289592414	77.81663551823814	22.19562328580055	-74.08376535566578	-6.176602273665981	33.08341077829612	36.785419430978855	11.41202823878565	-37.03363311133454	-32.9900030854844	-60.28304686909551	-53.888266249104234	63.54072139739142	-66.1081174625398	
-55.938200668545946	4.543078982545708	35.30086315004571	8.27959807454665	-47.437070383645214	7.302146743973786	6.387855091879617	-2.497855096994942	-61.053063246492634	-47.13395224362676	-21.076713700587963	12.479716404348482	-13.239271217364962	46.10792734116409	61.01590475571525	34.825386667724196	32.648007289592414	77.81663551823814	22.19562328580055	-74.08376535566578	-6.176602273665981	33.08341077829612	36.785419430978855	11.41202823878565	-37.03363311133454	-32.9900030854844	-60.28304686909551	-53.888266249104234	63.54072139739142	-66.1081174625398	
-55.938200668545946	4.543078982545708	35.30086315004571	8.27959807454665	-47.437070383645214	7.302146743973786	6.387855091879617	-2.497855096994942	-61.053063246492634	-47.13395224362676	-21.076713700587963	12.479716404348482	-13.239271217364962	46.10792734116409	61.01590475571525	34.825386667724196	32.648007289592414	77.81663551823814	22.19562328580055	-74.08376535566578	-6.176602273665981	33.08341077829612	36.785419430978855	11.41202823878565	-37.03363311133454	-32.9900030854844	-60.28304686909551	-53.888266249104234	63.54072139739142	-66.1081174625398	
-55.938200668545946	4.543078982545708	35.30086315004571	8.27959807454665	-47.437070383645214	7.302146743973786	6.387855091879617	-2.497855096994942	-61.053063246492634	-47.13395224362676	-21.076713700587963	12.479716404348482	-13.239271217364962	46.10792734116409	61.01590475571525	34.825386667724196	32.648007289592414	77.81663551823814	22.19562328580055	-74.08376535566578	-6.176602273665981	33.08341077829612	36.785419430978855	11.41202823878565	-37.03363311133454	-32.9900030854844	-60.28304686909551	-53.888266249104234	63.54072139739142	-66.1081174625398	
-55.938200668545946	4.543078982545708	35.30086315004571	8.27959807454665	-47.437070383645214	7.302146743973786	6.387855091879617	-2.497855096994942	-61.053063246492634	-47.13395224362676	-21.076713700587963	12.479716404348482	-13.239271217364962	46.10792734116409	61.01590475571525	34.825386667724196	32.648007289592414	77.81663551823814	22.19562328580055	-74.08376535566578	-6.176602273665981	33.08341077829612	36.785419430978855	11.41202823878565	-37.03363311133454	-32.9900030854844	-60.28304686909551	-53.888266249104234	63.54072139739142	-66.1081174625398	
-55.938200668545946	4.543078982545708	35.30086315004571	8.27959807454665	-47.437070383645214	7.302146743973786	6.387855091879617	-2.497855096994942	-61.053063246492634	-47.13395224362676	-21.076713700587963	12.479716404348482	-13.239271217364962	46.10792734116409	61.01590475571525	34.825386667724196	32.648007289592414	77.81663551823814	22.19562328580055	-74.08376535566578	-6.176602273665981	33.08341077829612	36.785419430978855	11.41202823878565	-37.03363311133454	-32.9900030854844	-60.28304686909551	-53.888266249104234	63.54072139739142	-66.1081174625398	
-55.938200668545946	4.543078982545708	35.30086315004571	8.27959807454665	-47.437070383645214	7.302146743973786	6.387855091879617	-2.497855096994942	-61.053063246492634	-47.13395224362676	-21.076713700587963	12.479716404348482	-13.239271217364962	46.10792734116409	61.01590475571525	34.825386667724196	32.648007289592414	77.81663551823814	22.19562328580055	-74.08376535566578	-6.176602273665981	33.08341077829612	36.785419430978855	11.41202823878565	-37.03363311133454	-32.9900030854844	-60.28304686909551	-53.888266249104234	63.54072139739142	-66.1081174625398	
-55.938200668545946	4.543078982545708	35.30086315004571	8.27959807454665	-47.437070383645214	7.302146743973786	6.387855091879617	-2.497855096994942	-61.053063246492634	-47.13395224362676	-21.076713700587963	12.479716404348482	-13.239271217364962	46.10792734116409	61.01590475571525	34.825386667724196	32.648007289592414	77.81663551823814	22.19562328580055	-74.08376535566578	-6.176602273665981	33.08341077829612	36.785419430978855	11.41202823878565	-37.03363311133454	-32.9900030854844	-60.28304686909551	-53.888266249104234	63.54072139739142	-66.1081174625398	
-55.938200668545946	4.543078982545708	35.30086315004571	8.27959807454665	-47.437070383645214	7.302146743973786	6.387855091879617	-2.497855096994942	-61.053063246492634	-47.13395224362676	-21.076713700587963	12.479716404348482	-13.239271217364962	46.10792734116409	61.01590475571525	34.825386667724196	32.648007289592414	77.81663551823814	22.19562328580055	-74.08376535566578	-6.176602273665981	33.08341077829612	36.785419430978855	11.41202823878565	-37.03363311133454	-32.9900030854844	-60.28304686909551	-53.888266249104234	63.54072139739142	-66.1081174625398	
-55.938200668545946	4.543078982545708	35.30086315004571	8.27959807454665	-47.437070383645214	7.302146743973786	6.387855091879617	-2.497855096994942	-61.053063246492634	-47.13395224362676	-21.076713700587963	12.479716404348482	-13.239271217364962	46.10792734116409	61.01590475571525	34.825386667724196	32.648007289592414	77.81663551823814	22.19562328580055	-74.08376535566578	-6.176602273665981	33.08341077829612	36.785419430978855	11.41202823878565	-37.03363311133454	-32.9900030854844	-60.28304686909551	-53.888266249104234	63.54072139739142	-66.1081174625398	
-55.938200668545946	4.543078982545708	35.30086315004571	8.27959807454665	-47.437070383645214	7.302146743973786	6.387855091879617	-2.497855096994942	-61.053063246492634	-47.13395224362676	-21.076713700587963	12.479716404348482	-13.239271217364962	46.10792734116409	61.01590475571525	34.825386667724196	32.648007289592414	77.81663551823814	22.19562328580055	-74.08376535566578	-6.176602273665981	33.08341077829612	36.785419430978855	11.41202823878565	-37.03363311133454	-32.9900030854844	-60.28304686909551	-53.888266249104234	63.54072139739142	-66.1081174625398	
-55.938200668545946	4.543078982545708	35.30086315004571	8.27959807454665	-47.437070383645214	7.302146743973786	6.387855091879617	-2.497855096994942	-61.053063246492634	-47.13395224362676	-21.076713700587963	12.479716404348482	-13.239271217364962	46.10792734116409	61.01590475571525	34.825386667724196	32.648007289592414	77.81663551823814	22.19562328580055	-74.08376535566578	-6.176602273665981	33.08341077829612	36.785419430978855	11.41202823878565	-37.03363311133454	-32.9900030854844	-60.28304686909551	-53.888266249104234	63.54072139739142	-66.1081174625398	
-55.938200668545946	4.543078982545708	35.30086315004571	8.27959807454665	-47.437070383645214	7.302146743973786	6.387855091879617	-2.497855096994942	-61.053063246492634	-47.13395224362676	-21.076713700587963	12.479716404348482	-13.239271217364962	46.10792734116409	61.01590475571525	34.825386667724196	32.648007289592414	77.81663551823814	22.19562328580055	-74.08376535566578	-6.176602273665981	33.08341077829612	36.785419430978855	11.41202823878565	-37.03363311133454	-32.9900030854844	-60.28304686909551	-53.888266249104234	63.54072139739142	-66.1081174625398	
-55.938200668545946	4.543078982545708	35.30086315004571	8.27959807454665	-47.437070383645214	7.302146743973786	6.387855091879617	-2.497855096994942	-61.053063246492634	-47.13395224362676	-21.076713700587963	12.479716404348482	-13.239271217364962	46.10792734116409	61.01590475571525	34.825386667724196	32.648007289592414	77.81663551823814	22.19562328580055	-74.08376535566578	-6.176602273665981	33.08341077829612	36.785419430978855	11.41202823878565	-37.03363311133454	-32.9900030854844	-60.28304686909551	-53.888266249104234	63.54072139739142	-66.1081174625398	
-55.938200668545946	4.543078982545708	35.30086315004571	8.27959807454665	-47.437070383645214	7.302146743973786	6.387855091879617	-2.497855096994942	-61.053063246492634	-47.13395224362676	-21.076713700587963	12.479716404348482	-13.239271217364962	46.10792734116409	61.01590475571525	34.825386667724196	32.648007289592414	77.81663551823814	22.19562328580055	-74.08376535566578	-6.176602273665981	33.08341077829612	36.785419430978855	11.41202823878565	-37.03363311133454	-32.9900030854844	-60.28304686909551	-53.888266249104234	63.54072139739142	-66.1081174625398	
-55.938200668545946	4.543078982545708	35.30086315004571	8.27959807454665	-47.437070383645214	7.302146743973786	6.387855091879617	-2.497855096994942	-61.053063246492634	-47.13395224362676	-21.076713700587963	12.479716404348482	-13.239271217364962	46.10792734116409	61.01590475571525	34.825386667724196	32.648007289592414	77.81663551823814	22.19562328580055	-74.08376535566578	-6.176602273665981	33.08341077829612	36.785419430978855	11.41202823878565	-37.03363311133454	-32.9900030854844	-60.28304686909551	-53.888266249104234	63.54072139739142	-66.1081174625398	
-55.938200668545946	4.543078982545708	35.30086315004571	8.27959807454665	-47.437070383645214	7.302146743973786	6.387855091879617	-2.497855096994942	-61.053063246492634	-47.13395224362676	-21.076713700587963	12.479716404348482	-13.239271217364962	46.10792734116409	61.01590475571525	34.825386667724196	32.648007289592414	77.81663551823814	22.19562328580055	-74.08376535566578	-6.176602273665981	33.08341077829612	36.785419430978855	11.41202823878565	-37.03363311133454	-32.9900030854844	-60.28304686909551	-53.888266249104234	63.54072139739142	-66.1081174625398	
-55.938200668545946	4.543078982545708	35.30086315004571	8.27959807454665	-47.437070383645214	7.302146743973786	6.387855091879617	-2.497855096994942	-61.053063246492634	-47.13395224362676	-21.076713700587963	12.479716404348482	-13.239271217364962	46.10792734116409	61.01590475571525	34.825386667724196	32.648007289592414	77.81663551823814	22.19562328580055	-74.08376535566578	-6.176602273665981	33.08341077829612	36.785419430978855	11.41202823878565	-37.03363311133454	-32.9900030854844	-60.28304686909551	-53.888266249104234	63.54072139739142	-66.1081174625398	
-55.938200668545946	4.543078982545708	35.30086315004571	8.27959807454665	-47.437070383645214	7.302146743973786	6.387855091879617	-2.497855096994942	-61.053063246492634	-47.13395224362676	-21.076713700587963	12.479716404348482	-13.239271217364962	46.10792734116409	61.01590475571525	34.825386667724196	32.648007289592414	77.81663551823814	22.19562328580055	-74.08376535566578	-6.176602273665981	33.08341077829612	36.785419430978855	11.41202823878565	-37.03363311133454	-32.9900030854844	-60.28304686909551	-53.888266249104234	63.54072139739142	-66.1081174625398	
-55.938200668545946	4.543078982545708	35.30086315004571	8.27959807454665	-47.437070383645214	7.302146743973786	6.387855091879617	-2.497855096994942	-61.053063246492634	-47.13395224362676	-21.076713700587963	12.479716404348482	-13.239271217364962	46.10792734116409	61.01590475571525	34.825386667724196	32.648007289592414	77.81663551823814	22.19562328580055	-74.08376535566578	-6.176602273665981	33.08341077829612	36.785419430978855	11.41202823878565	-37.03363311133454	-32.9900030854844	-60.28304686909551	-53.888266249104234	63.54072139739142	-66.1081174625398	
-55.938200668545946	4.543078982545708	35.30086315004571	8.27959807454665	-47.437070383645214	7.302146743973786	6.387855091879617	-2.497855096994942	-61.053063246492634	-47.13395224362676	-21.076713700587963	12.479716404348482	-13.239271217364962	46.10792734116409	61.01590475571525	34.825386667724196	32.648007289592414	77.81663551823814	22.19562328580055	-74.08376535566578	-6.176602273665981	33.08341077829612	36.785419430978855	11.41202823878565	-37.03363311133454	-32.9900030854844	-60.28304686909551	-53.888266249104234	63.54072139739142	-66.1081174625398	
-55.938200668545946	4.543078982545708	35.30086315004571	8.27959807454665	-47.437070383645214	7.302146743973786	6.387855091879617	-2.497855096994942	-61.053063246492634	-47.13395224362676	-21.076713700587963	12.479716404348482	-13.239271217364962	46.10792734116409	61.01590475571525	34.825386667724196	32.648007289592414	77.81663551823814	22.19562328580055	-74.08376535566578	-6.176602273665981	33.08341077829612	36.785419430978855	11.41202823878565	-37.03363311133454	-32.9900030854844	-60.28304686909551	-53.888266249104234	63.54072139739142	-66.1081174625398	
-55.938200668545946	4.543078982545708	35.30086315004571	8.27959807454665	-47.437070383645214	7.302146743973786	6.387855091879617	-2.497855096994942	-61.053063246492634	-47.13395224362676	-21.076713700587963	12.479716404348482	-13.239271217364962	46.10792734116409	61.01590475571525	34.825386667724196	32.648007289592414	77.81663551823814	22.19562328580055	-74.08376535566578	-6.176602273665981	33.08341077829612	36.785419430978855	11.41202823878565	-37.03363311133454	-32.9900030854844	-60.28304686909551	-53.888266249104234	63.54072139739142	-66.1081174625398	
-55.938200668545946	4.543078982545708	35.30086315004571	8.27959807454665	-47.437070383645214	7.302146743973786	6.387855091879617	-2.497855096994942	-61.053063246492634	-47.13395224362676	-21.076713700587963	12.479716404348482	-13.239271217364962	46.10792734116409	61.01590475571525	34.825386667724196	32.648007289592414	77.81663551823814	22.19562328580055	-74.08376535566578	-6.176602273665981	33.08341077829612	36.785419430978855	11.41202823878565	-37.03363311133454	-32.9900030854844	-60.28304686909551	-53.888266249104234	63.54072139739142	-66.1081174625398	
-55.938200668545946	4.543078982545708	35.30086315004571	8.27959807454665	-47.437070383645214	7.302146743973786	6.387855091879617	-2.497855096994942	-61.053063246492634	-47.13395224362676	-21.076713700587963	12.479716404348482	-13.239271217364962	46.10792734116409	61.01590475571525	34.825386667724196	32.648007289592414	77.81663551823814	22.19562328580055	-74.08376535566578	-6.176602273665981	33.08341077829612	36.785419430978855	11.41202823878565	-37.03363311133454	-32.9900030854844	-60.28304686909551	-53.888266249104234	63.54072139739142	-66.1081174625398	
-55.938376009040155	4.5432907186804705	35.299960074810215	8.279447586339352	-47.43675504565135	7.302012702693098	6.3877398523715	-2.497992793573819	-61.05365271724038	-47.13390834754037	-21.07620634821596	12.479621216885148	-13.238980794204119	46.108272554823245	61.01460952692823	34.82550587828803	32.6480643073292	77.81634553693327	22.195895353810208	-74.08403401406257	-6.176384431392298	33.08376350066593	36.78536808297187	11.412406954262892	-37.03394464313831	-32.989921862944534	-60.282854440890354	-53.88791504012685	63.540857763645015	-66.10822283891223	
-55.938376009040155	4.543288493559466	35.29996099004858	8.2794473260422	-47.436757615036136	7.302013617931549	6.387738408142018	-2.497991609641511	-61.05365167605178	-47.1339087589778	-21.076206516149604	12.479621980983236	-13.238984110893625	46.10827244566637	61.01460998874576	34.825505970651534	32.64806544088131	77.81634604073456	22.195895345413525	-74.08403287211297	-6.176384414598933	33.08376224956027	36.785367696724485	11.412405476446809	-37.033947539993704	-32.98992098129289	-60.28285471798087	-53.887915359200775	63.540857990355434	-66.10822337630027	
