300	328729.08862346737
618	328729.08862346737
935	225516.48399471206
1247	225516.48399471206
1555	225516.48399471206
1864	152435.31739568125
2170	152435.31739568125
2477	152435.31739568125
2784	152435.31739568125
3091	152435.31739568125
3399	152435.31739568125
3706	152435.31739568125
4015	152435.31739568125
4323	152435.31739568125
4629	152435.31739568125
4937	152435.31739568125
5243	152435.31739568125
5549	152435.31739568125
5857	152435.31739568125
6163	152435.31739568125
6470	152435.31739568125
6778	152435.31739568125
7086	152435.31739568125
7397	152435.31739568125
7709	152435.31739568125
8022	152435.31739568125
74223	300.0000053278059
78561	300.00000402176636
85230	300.00000161634506
119107	300.0000015901769
119419	300.0000015901769
119729	300.0000015901769
120037	300.0000015901769
120345	300.0000015901769
120654	300.0000015901769
120965	300.0000015901769
121275	300.0000015901769
121583	300.0000015901769
121890	300.0000015901769
122199	300.0000015901769
122506	300.0000015901769
122814	300.0000015901769
123120	300.0000015901769
123427	300.0000015901769
123734	300.0000015901769
124040	300.0000015901769
124347	300.0000015901769
124657	300.0000015901769
124965	300.0000015901769
125274	300.0000015901769
125582	300.0000015901769
161164	300.0000015901769
161475	300.0000015901769
161786	300.0000015901769
162095	300.0000015901769
162405	300.0000015901769
162712	300.0000015901769
163019	300.0000015901769
163328	300.0000015901769
163638	300.0000015901769
163948	300.0000015901769
164256	300.0000015901769
164567	300.0000015901769
164875	300.0000015901769
165183	300.0000015901769
165492	300.0000015901769
165800	300.0000015901769
166109	300.0000015901769
166416	300.0000015901769
166723	300.0000015901769
167030	300.0000015901769
202143	300.0000015901769
202452	300.0000015901769
202761	300.0000015901769
203069	300.0000015901769
203377	300.0000015901769
203687	300.0000015901769
203997	300.0000015901769
204307	300.0000015901769
204615	300.0000015901769
204924	300.0000015901769
205233	300.0000015901769
205539	300.0000015901769
205847	300.0000015901769
206154	300.0000015901769
206461	300.0000015901769
206768	300.0000015901769
207076	300.0000015901769
207386	300.0000015901769
207697	300.0000015901769
208006	300.0000015901769
242129	300.0000015901769
242439	300.0000015901769
242751	300.0000015901769
243059	300.0000015901769
243369	300.0000015901769
243676	300.0000015901769
243982	300.0000015901769
244288	300.0000015901769
244596	300.0000015901769
244906	300.0000015901769
245216	300.0000015901769
245528	300.0000015901769
245838	300.0000015901769
246145	300.0000015901769
246453	300.0000015901769
246760	300.0000015901769
247068	300.0000015901769
247378	300.0000015901769
247684	300.0000015901769
247991	300.0000015901769
281804	300.0000015901769
282111	300.0000015901769
282419	300.0000015901769
282730	300.0000015901769
283038	300.0000015901769
283348	300.0000015901769
283657	300.0000015901769
283964	300.0000015901769
284273	300.0000015901769
284580	300.0000015901769
319599	300.0000015901769
