74.09564655402275	-4.140263168750252	98.36194417233867	28.930562480846277	44.636679147213215	-11.15390469577757	24.06420497138781	17.49117422692983	60.130858872253555	2.7495841962942364	-34.43431279489009	-44.489610643213084	-28.857239458505134	-45.826953655113826	11.10093897700024	97.29268220977252	98.55969785822694	-47.38216518863298	-18.045083746369954	13.856908514813512	-32.03597105203417	-85.80348063749979	-57.990784326988766	73.63029477631312	-9.368238645802592	-90.1550897929239	19.11598076920795	-51.47879954371788	79.22002190697495	46.14673750915102	
47.93846078641788	57.95660180235504	44.059047946096385	-61.04561307011162	-53.862516329499115	57.865731471579856	-11.110824568771157	1.6410631851740263	-76.30229066316124	-61.75004984947812	80.41586036418776	53.547334326804254	-38.40723800715787	-11.02021773710075	17.177327053188833	50.30922429355775	-36.22081826309811	46.65041307736065	-39.07291072908134	-74.36374654886212	61.06921304791559	-11.034134834610752	20.08664206465187	49.478856288102506	7.663529367056103	87.75438897941878	-26.344704288995693	2.62822131183513	-33.79760024769152	-71.21027816874076	
-45.29563631080733	-12.140134954627982	3.240380694153108	37.45688257558885	-38.57097787899055	65.70139106722954	-8.742915917193457	-20.70878692915626	-34.67416316318852	-75.63030810601077	-32.27499972231067	3.6986789997160407	-3.067059483911777	-5.176023722131546	-31.90116209085898	6.383303186576094	-3.289863694892695	86.29039106965406	-24.043995085152204	69.92294774855486	61.707092334760375	94.36202480246456	-12.879678310638607	62.85468822005325	-50.456354215855235	-50.67422667399486	65.40185543351757	-48.774032640597426	5.239051001882853	-10.635022599960053	
-45.29563631080733	-12.140134954627982	3.240380694153108	37.45688257558885	-38.57097787899055	65.70139106722954	-8.742915917193457	-20.70878692915626	-34.67416316318852	-75.63030810601077	-32.27499972231067	3.6986789997160407	-3.067059483911777	-5.176023722131546	-31.90116209085898	6.383303186576094	-3.289863694892695	86.29039106965406	-24.043995085152204	69.92294774855486	61.707092334760375	94.36202480246456	-12.879678310638607	62.85468822005325	-50.456354215855235	-50.67422667399486	65.40185543351757	-48.774032640597426	5.239051001882853	-10.635022599960053	
-45.29563631080733	-12.140134954627982	3.240380694153108	37.45688257558885	-38.57097787899055	65.70139106722954	-8.742915917193457	-20.70878692915626	-34.67416316318852	-75.63030810601077	-32.27499972231067	3.6986789997160407	-3.067059483911777	-5.176023722131546	-31.90116209085898	6.383303186576094	-3.289863694892695	86.29039106965406	-24.043995085152204	69.92294774855486	61.707092334760375	94.36202480246456	-12.879678310638607	62.85468822005325	-50.456354215855235	-50.67422667399486	65.40185543351757	-48.774032640597426	5.239051001882853	-10.635022599960053	
-45.29563631080733	-12.140134954627982	3.240380694153108	37.45688257558885	-38.57097787899055	65.70139106722954	-8.742915917193457	-20.70878692915626	-34.67416316318852	-75.63030810601077	-32.27499972231067	3.6986789997160407	-3.067059483911777	-5.176023722131546	-31.90116209085898	6.383303186576094	-3.289863694892695	86.29039106965406	-24.043995085152204	69.92294774855486	61.707092334760375	94.36202480246456	-12.879678310638607	62.85468822005325	-50.456354215855235	-50.67422667399486	65.40185543351757	-48.774032640597426	5.239051001882853	-10.635022599960053	
-45.29563631080733	-12.140134954627982	3.240380694153108	37.45688257558885	-38.57097787899055	65.70139106722954	-8.742915917193457	-20.70878692915626	-34.67416316318852	-75.63030810601077	-32.27499972231067	3.6986789997160407	-3.067059483911777	-5.176023722131546	-31.90116209085898	6.383303186576094	-3.289863694892695	86.29039106965406	-24.043995085152204	69.92294774855486	61.707092334760375	94.36202480246456	-12.879678310638607	62.85468822005325	-50.456354215855235	-50.67422667399486	65.40185543351757	-48.774032640597426	5.239051001882853	-10.635022599960053	
-45.29563631080733	-12.140134954627982	3.240380694153108	37.45688257558885	-38.57097787899055	65.70139106722954	-8.742915917193457	-20.70878692915626	-34.67416316318852	-75.63030810601077	-32.27499972231067	3.6986789997160407	-3.067059483911777	-5.176023722131546	-31.90116209085898	6.383303186576094	-3.289863694892695	86.29039106965406	-24.043995085152204	69.92294774855486	61.707092334760375	94.36202480246456	-12.879678310638607	62.85468822005325	-50.456354215855235	-50.67422667399486	65.40185543351757	-48.774032640597426	5.239051001882853	-10.635022599960053	
-45.29563631080733	-12.140134954627982	3.240380694153108	37.45688257558885	-38.57097787899055	65.70139106722954	-8.742915917193457	-20.70878692915626	-34.67416316318852	-75.63030810601077	-32.27499972231067	3.6986789997160407	-3.067059483911777	-5.176023722131546	-31.90116209085898	6.383303186576094	-3.289863694892695	86.29039106965406	-24.043995085152204	69.92294774855486	61.707092334760375	94.36202480246456	-12.879678310638607	62.85468822005325	-50.456354215855235	-50.67422667399486	65.40185543351757	-48.774032640597426	5.239051001882853	-10.635022599960053	
-45.29563631080733	-12.140134954627982	3.240380694153108	37.45688257558885	-38.57097787899055	65.70139106722954	-8.742915917193457	-20.70878692915626	-34.67416316318852	-75.63030810601077	-32.27499972231067	3.6986789997160407	-3.067059483911777	-5.176023722131546	-31.90116209085898	6.383303186576094	-3.289863694892695	86.29039106965406	-24.043995085152204	69.92294774855486	61.707092334760375	94.36202480246456	-12.879678310638607	62.85468822005325	-50.456354215855235	-50.67422667399486	65.40185543351757	-48.774032640597426	5.239051001882853	-10.635022599960053	
18.60138474064543	82.66230548922444	46.05514665063296	29.367907442984023	-34.54945972059772	17.20840205402951	-9.21397664161135	-20.500441048223376	-32.15518784794379	-2.5473896613622244	50.038792363037345	-22.812593893402592	41.923427325627244	86.63257766561163	43.13101637999972	14.641459496018749	-3.091279157994383	70.76462128174208	58.0766051316659	-23.288023234111932	-11.87358028924889	0.7087567471366008	14.442034839230324	-33.54901919444106	-93.89651876519189	-0.6786378069065364	-63.35291729465874	32.455577738231966	49.44816163351538	-23.665811920351484	
18.60138474064543	82.66230548922444	46.05514665063296	29.367907442984023	-34.54945972059772	17.20840205402951	-9.21397664161135	-20.500441048223376	-32.15518784794379	-2.5473896613622244	50.038792363037345	-22.812593893402592	41.923427325627244	86.63257766561163	43.13101637999972	14.641459496018749	-3.091279157994383	70.76462128174208	58.0766051316659	-23.288023234111932	-11.87358028924889	0.7087567471366008	14.442034839230324	-33.54901919444106	-93.89651876519189	-0.6786378069065364	-63.35291729465874	32.455577738231966	49.44816163351538	-23.665811920351484	
18.60138474064543	82.66230548922444	46.05514665063296	29.367907442984023	-34.54945972059772	17.20840205402951	-9.21397664161135	-20.500441048223376	-32.15518784794379	-2.5473896613622244	50.038792363037345	-22.812593893402592	41.923427325627244	86.63257766561163	43.13101637999972	14.641459496018749	-3.091279157994383	70.76462128174208	58.0766051316659	-23.288023234111932	-11.87358028924889	0.7087567471366008	14.442034839230324	-33.54901919444106	-93.89651876519189	-0.6786378069065364	-63.35291729465874	32.455577738231966	49.44816163351538	-23.665811920351484	
18.60138474064543	82.66230548922444	46.05514665063296	29.367907442984023	-34.54945972059772	17.20840205402951	-9.21397664161135	-20.500441048223376	-32.15518784794379	-2.5473896613622244	50.038792363037345	-22.812593893402592	41.923427325627244	86.63257766561163	43.13101637999972	14.641459496018749	-3.091279157994383	70.76462128174208	58.0766051316659	-23.288023234111932	-11.87358028924889	0.7087567471366008	14.442034839230324	-33.54901919444106	-93.89651876519189	-0.6786378069065364	-63.35291729465874	32.455577738231966	49.44816163351538	-23.665811920351484	
10.1670255590968	69.9886928236344	38.5036306634984	-33.187324339297334	-51.24606486988973	45.29538098511215	-10.392868106541208	3.166743738644965	-75.73981039215509	13.009120077407388	72.59313376192023	56.93859251188522	-53.873927271396234	-5.024976454449543	16.332328366676713	61.06376314872088	-21.563161862922392	53.286804665188356	-33.537000898718915	-23.826864636541544	39.3815585030161	-1.4625150235150113	15.626023939219195	47.22630655939232	-5.544284648005561	56.30337541036064	-29.33777731429072	2.6015016638132034	-31.443094757021306	-97.46356795719757	
10.1670255590968	69.9886928236344	38.5036306634984	-33.187324339297334	-51.24606486988973	45.29538098511215	-10.392868106541208	3.166743738644965	-75.73981039215509	13.009120077407388	72.59313376192023	56.93859251188522	-53.873927271396234	-5.024976454449543	16.332328366676713	61.06376314872088	-21.563161862922392	53.286804665188356	-33.537000898718915	-23.826864636541544	39.3815585030161	-1.4625150235150113	15.626023939219195	47.22630655939232	-5.544284648005561	56.30337541036064	-29.33777731429072	2.6015016638132034	-31.443094757021306	-97.46356795719757	
10.1670255590968	69.9886928236344	38.5036306634984	-33.187324339297334	-51.24606486988973	45.29538098511215	-10.392868106541208	3.166743738644965	-75.73981039215509	13.009120077407388	72.59313376192023	56.93859251188522	-53.873927271396234	-5.024976454449543	16.332328366676713	61.06376314872088	-21.563161862922392	53.286804665188356	-33.537000898718915	-23.826864636541544	39.3815585030161	-1.4625150235150113	15.626023939219195	47.22630655939232	-5.544284648005561	56.30337541036064	-29.33777731429072	2.6015016638132034	-31.443094757021306	-97.46356795719757	
10.1670255590968	69.9886928236344	38.5036306634984	-33.187324339297334	-51.24606486988973	45.29538098511215	-10.392868106541208	3.166743738644965	-75.73981039215509	13.009120077407388	72.59313376192023	56.93859251188522	-53.873927271396234	-5.024976454449543	16.332328366676713	61.06376314872088	-21.563161862922392	53.286804665188356	-33.537000898718915	-23.826864636541544	39.3815585030161	-1.4625150235150113	15.626023939219195	47.22630655939232	-5.544284648005561	56.30337541036064	-29.33777731429072	2.6015016638132034	-31.443094757021306	-97.46356795719757	
10.1670255590968	69.9886928236344	38.5036306634984	-33.187324339297334	-51.24606486988973	45.29538098511215	-10.392868106541208	3.166743738644965	-75.73981039215509	13.009120077407388	72.59313376192023	56.93859251188522	-53.873927271396234	-5.024976454449543	16.332328366676713	61.06376314872088	-21.563161862922392	53.286804665188356	-33.537000898718915	-23.826864636541544	39.3815585030161	-1.4625150235150113	15.626023939219195	47.22630655939232	-5.544284648005561	56.30337541036064	-29.33777731429072	2.6015016638132034	-31.443094757021306	-97.46356795719757	
10.1670255590968	69.9886928236344	38.5036306634984	-33.187324339297334	-51.24606486988973	45.29538098511215	-10.392868106541208	3.166743738644965	-75.73981039215509	13.009120077407388	72.59313376192023	56.93859251188522	-53.873927271396234	-5.024976454449543	16.332328366676713	61.06376314872088	-21.563161862922392	53.286804665188356	-33.537000898718915	-23.826864636541544	39.3815585030161	-1.4625150235150113	15.626023939219195	47.22630655939232	-5.544284648005561	56.30337541036064	-29.33777731429072	2.6015016638132034	-31.443094757021306	-97.46356795719757	
16.709531973479482	86.52654430059788	47.52544602422375	12.647653546438569	-35.56379717989448	14.140635589853497	-9.677247268439878	-10.245837950284422	-33.29980416416906	-5.691529920585664	46.310651274516374	-18.14568355302338	28.853511415060098	78.49594471915466	50.615258632661245	31.258301331343652	3.2323855057615987	74.87408425479748	84.99127915549388	-23.530774255571213	-20.714118547307294	0.8767563271450224	14.212534934612425	-12.990642318194169	-96.303291765459	2.9487800266815007	-69.04642723589504	19.440550087329896	75.98003909077988	-26.960439771390806	
16.709531973479482	86.52654430059788	47.52544602422375	12.647653546438569	-35.56379717989448	14.140635589853497	-9.677247268439878	-10.245837950284422	-33.29980416416906	-5.691529920585664	46.310651274516374	-18.14568355302338	28.853511415060098	78.49594471915466	50.615258632661245	31.258301331343652	3.2323855057615987	74.87408425479748	84.99127915549388	-23.530774255571213	-20.714118547307294	0.8767563271450224	14.212534934612425	-12.990642318194169	-96.303291765459	2.9487800266815007	-69.04642723589504	19.440550087329896	75.98003909077988	-26.960439771390806	
16.709531973479482	86.52654430059788	47.52544602422375	12.647653546438569	-35.56379717989448	14.140635589853497	-9.677247268439878	-10.245837950284422	-33.29980416416906	-5.691529920585664	46.310651274516374	-18.14568355302338	28.853511415060098	78.49594471915466	50.615258632661245	31.258301331343652	3.2323855057615987	74.87408425479748	84.99127915549388	-23.530774255571213	-20.714118547307294	0.8767563271450224	14.212534934612425	-12.990642318194169	-96.303291765459	2.9487800266815007	-69.04642723589504	19.440550087329896	75.98003909077988	-26.960439771390806	
16.709531973479482	86.52654430059788	47.52544602422375	12.647653546438569	-35.56379717989448	14.140635589853497	-9.677247268439878	-10.245837950284422	-33.29980416416906	-5.691529920585664	46.310651274516374	-18.14568355302338	28.853511415060098	78.49594471915466	50.615258632661245	31.258301331343652	3.2323855057615987	74.87408425479748	84.99127915549388	-23.530774255571213	-20.714118547307294	0.8767563271450224	14.212534934612425	-12.990642318194169	-96.303291765459	2.9487800266815007	-69.04642723589504	19.440550087329896	75.98003909077988	-26.960439771390806	
17.095973048519927	86.52753178299858	51.61494453819541	15.37551987853585	-33.83171518039221	10.600903709810515	-12.845618538788127	-8.443368687238326	-31.65258810361317	-15.677775335993818	40.83137569578252	-24.54228426097761	12.387471805568289	41.15070496453467	52.964295439452144	22.82973317384658	1.255015773057119	82.32022929499175	81.65612890484275	-36.875111285201534	-10.698416400298228	-1.3115682143448382	14.705431036458785	-29.353072202646132	-95.1392629254432	2.980045995327796	-73.65596546141126	9.599218050516438	81.77963850128948	-28.859329461916726	
17.095973048519927	86.52753178299858	51.61494453819541	15.37551987853585	-33.83171518039221	10.600903709810515	-12.845618538788127	-8.443368687238326	-31.65258810361317	-15.677775335993818	40.83137569578252	-24.54228426097761	12.387471805568289	41.15070496453467	52.964295439452144	22.82973317384658	1.255015773057119	82.32022929499175	81.65612890484275	-36.875111285201534	-10.698416400298228	-1.3115682143448382	14.705431036458785	-29.353072202646132	-95.1392629254432	2.980045995327796	-73.65596546141126	9.599218050516438	81.77963850128948	-28.859329461916726	
17.095973048519927	86.52753178299858	51.61494453819541	15.37551987853585	-33.83171518039221	10.600903709810515	-12.845618538788127	-8.443368687238326	-31.65258810361317	-15.677775335993818	40.83137569578252	-24.54228426097761	12.387471805568289	41.15070496453467	52.964295439452144	22.82973317384658	1.255015773057119	82.32022929499175	81.65612890484275	-36.875111285201534	-10.698416400298228	-1.3115682143448382	14.705431036458785	-29.353072202646132	-95.1392629254432	2.980045995327796	-73.65596546141126	9.599218050516438	81.77963850128948	-28.859329461916726	
17.095973048519927	86.52753178299858	51.61494453819541	15.37551987853585	-33.83171518039221	10.600903709810515	-12.845618538788127	-8.443368687238326	-31.65258810361317	-15.677775335993818	40.83137569578252	-24.54228426097761	12.387471805568289	41.15070496453467	52.964295439452144	22.82973317384658	1.255015773057119	82.32022929499175	81.65612890484275	-36.875111285201534	-10.698416400298228	-1.3115682143448382	14.705431036458785	-29.353072202646132	-95.1392629254432	2.980045995327796	-73.65596546141126	9.599218050516438	81.77963850128948	-28.859329461916726	
17.095973048519927	86.52753178299858	51.61494453819541	15.37551987853585	-33.83171518039221	10.600903709810515	-12.845618538788127	-8.443368687238326	-31.65258810361317	-15.677775335993818	40.83137569578252	-24.54228426097761	12.387471805568289	41.15070496453467	52.964295439452144	22.82973317384658	1.255015773057119	82.32022929499175	81.65612890484275	-36.875111285201534	-10.698416400298228	-1.3115682143448382	14.705431036458785	-29.353072202646132	-95.1392629254432	2.980045995327796	-73.65596546141126	9.599218050516438	81.77963850128948	-28.859329461916726	
17.095973048519927	86.52753178299858	51.61494453819541	15.37551987853585	-33.83171518039221	10.600903709810515	-12.845618538788127	-8.443368687238326	-31.65258810361317	-15.677775335993818	40.83137569578252	-24.54228426097761	12.387471805568289	41.15070496453467	52.964295439452144	22.82973317384658	1.255015773057119	82.32022929499175	81.65612890484275	-36.875111285201534	-10.698416400298228	-1.3115682143448382	14.705431036458785	-29.353072202646132	-95.1392629254432	2.980045995327796	-73.65596546141126	9.599218050516438	81.77963850128948	-28.859329461916726	
17.095973048519927	86.52753178299858	51.61494453819541	15.37551987853585	-33.83171518039221	10.600903709810515	-12.845618538788127	-8.443368687238326	-31.65258810361317	-15.677775335993818	40.83137569578252	-24.54228426097761	12.387471805568289	41.15070496453467	52.964295439452144	22.82973317384658	1.255015773057119	82.32022929499175	81.65612890484275	-36.875111285201534	-10.698416400298228	-1.3115682143448382	14.705431036458785	-29.353072202646132	-95.1392629254432	2.980045995327796	-73.65596546141126	9.599218050516438	81.77963850128948	-28.859329461916726	
17.095973048519927	86.52753178299858	51.61494453819541	15.37551987853585	-33.83171518039221	10.600903709810515	-12.845618538788127	-8.443368687238326	-31.65258810361317	-15.677775335993818	40.83137569578252	-24.54228426097761	12.387471805568289	41.15070496453467	52.964295439452144	22.82973317384658	1.255015773057119	82.32022929499175	81.65612890484275	-36.875111285201534	-10.698416400298228	-1.3115682143448382	14.705431036458785	-29.353072202646132	-95.1392629254432	2.980045995327796	-73.65596546141126	9.599218050516438	81.77963850128948	-28.859329461916726	
17.095973048519927	86.52753178299858	51.61494453819541	15.37551987853585	-33.83171518039221	10.600903709810515	-12.845618538788127	-8.443368687238326	-31.65258810361317	-15.677775335993818	40.83137569578252	-24.54228426097761	12.387471805568289	41.15070496453467	52.964295439452144	22.82973317384658	1.255015773057119	82.32022929499175	81.65612890484275	-36.875111285201534	-10.698416400298228	-1.3115682143448382	14.705431036458785	-29.353072202646132	-95.1392629254432	2.980045995327796	-73.65596546141126	9.599218050516438	81.77963850128948	-28.859329461916726	
17.095973048519927	86.52753178299858	51.61494453819541	15.37551987853585	-33.83171518039221	10.600903709810515	-12.845618538788127	-8.443368687238326	-31.65258810361317	-15.677775335993818	40.83137569578252	-24.54228426097761	12.387471805568289	41.15070496453467	52.964295439452144	22.82973317384658	1.255015773057119	82.32022929499175	81.65612890484275	-36.875111285201534	-10.698416400298228	-1.3115682143448382	14.705431036458785	-29.353072202646132	-95.1392629254432	2.980045995327796	-73.65596546141126	9.599218050516438	81.77963850128948	-28.859329461916726	
17.095973048519927	86.52753178299858	51.61494453819541	15.37551987853585	-33.83171518039221	10.600903709810515	-12.845618538788127	-8.443368687238326	-31.65258810361317	-15.677775335993818	40.83137569578252	-24.54228426097761	12.387471805568289	41.15070496453467	52.964295439452144	22.82973317384658	1.255015773057119	82.32022929499175	81.65612890484275	-36.875111285201534	-10.698416400298228	-1.3115682143448382	14.705431036458785	-29.353072202646132	-95.1392629254432	2.980045995327796	-73.65596546141126	9.599218050516438	81.77963850128948	-28.859329461916726	
17.57012820218185	78.93621159495714	56.55597625749383	38.14638252406045	-35.5618532228341	7.077443609081559	-12.639873214394278	-4.458216644027662	-34.91522633512529	-5.324059992715579	51.48973129302507	-20.079238006006758	-21.260231817171295	27.49766211423428	48.23071311534413	41.1588554266377	-0.16924706311985727	78.17533220524331	56.94904814794237	-41.15444406059861	-26.700347939745058	-1.5580812733954632	14.773206920720977	-22.764134464663492	-99.5444756270515	0.5789920599108207	-58.20983866652461	11.254161848405975	64.41856516332416	-54.88222252349402	
17.57012820218185	78.93621159495714	56.55597625749383	38.14638252406045	-35.5618532228341	7.077443609081559	-12.639873214394278	-4.458216644027662	-34.91522633512529	-5.324059992715579	51.48973129302507	-20.079238006006758	-21.260231817171295	27.49766211423428	48.23071311534413	41.1588554266377	-0.16924706311985727	78.17533220524331	56.94904814794237	-41.15444406059861	-26.700347939745058	-1.5580812733954632	14.773206920720977	-22.764134464663492	-99.5444756270515	0.5789920599108207	-58.20983866652461	11.254161848405975	64.41856516332416	-54.88222252349402	
17.57012820218185	78.93621159495714	56.55597625749383	38.14638252406045	-35.5618532228341	7.077443609081559	-12.639873214394278	-4.458216644027662	-34.91522633512529	-5.324059992715579	51.48973129302507	-20.079238006006758	-21.260231817171295	27.49766211423428	48.23071311534413	41.1588554266377	-0.16924706311985727	78.17533220524331	56.94904814794237	-41.15444406059861	-26.700347939745058	-1.5580812733954632	14.773206920720977	-22.764134464663492	-99.5444756270515	0.5789920599108207	-58.20983866652461	11.254161848405975	64.41856516332416	-54.88222252349402	
17.57012820218185	78.93621159495714	56.55597625749383	38.14638252406045	-35.5618532228341	7.077443609081559	-12.639873214394278	-4.458216644027662	-34.91522633512529	-5.324059992715579	51.48973129302507	-20.079238006006758	-21.260231817171295	27.49766211423428	48.23071311534413	41.1588554266377	-0.16924706311985727	78.17533220524331	56.94904814794237	-41.15444406059861	-26.700347939745058	-1.5580812733954632	14.773206920720977	-22.764134464663492	-99.5444756270515	0.5789920599108207	-58.20983866652461	11.254161848405975	64.41856516332416	-54.88222252349402	
17.57012820218185	78.93621159495714	56.55597625749383	38.14638252406045	-35.5618532228341	7.077443609081559	-12.639873214394278	-4.458216644027662	-34.91522633512529	-5.324059992715579	51.48973129302507	-20.079238006006758	-21.260231817171295	27.49766211423428	48.23071311534413	41.1588554266377	-0.16924706311985727	78.17533220524331	56.94904814794237	-41.15444406059861	-26.700347939745058	-1.5580812733954632	14.773206920720977	-22.764134464663492	-99.5444756270515	0.5789920599108207	-58.20983866652461	11.254161848405975	64.41856516332416	-54.88222252349402	
17.57012820218185	78.93621159495714	56.55597625749383	38.14638252406045	-35.5618532228341	7.077443609081559	-12.639873214394278	-4.458216644027662	-34.91522633512529	-5.324059992715579	51.48973129302507	-20.079238006006758	-21.260231817171295	27.49766211423428	48.23071311534413	41.1588554266377	-0.16924706311985727	78.17533220524331	56.94904814794237	-41.15444406059861	-26.700347939745058	-1.5580812733954632	14.773206920720977	-22.764134464663492	-99.5444756270515	0.5789920599108207	-58.20983866652461	11.254161848405975	64.41856516332416	-54.88222252349402	
17.57012820218185	78.93621159495714	56.55597625749383	38.14638252406045	-35.5618532228341	7.077443609081559	-12.639873214394278	-4.458216644027662	-34.91522633512529	-5.324059992715579	51.48973129302507	-20.079238006006758	-21.260231817171295	27.49766211423428	48.23071311534413	41.1588554266377	-0.16924706311985727	78.17533220524331	56.94904814794237	-41.15444406059861	-26.700347939745058	-1.5580812733954632	14.773206920720977	-22.764134464663492	-99.5444756270515	0.5789920599108207	-58.20983866652461	11.254161848405975	64.41856516332416	-54.88222252349402	
17.57012820218185	78.93621159495714	56.55597625749383	38.14638252406045	-35.5618532228341	7.077443609081559	-12.639873214394278	-4.458216644027662	-34.91522633512529	-5.324059992715579	51.48973129302507	-20.079238006006758	-21.260231817171295	27.49766211423428	48.23071311534413	41.1588554266377	-0.16924706311985727	78.17533220524331	56.94904814794237	-41.15444406059861	-26.700347939745058	-1.5580812733954632	14.773206920720977	-22.764134464663492	-99.5444756270515	0.5789920599108207	-58.20983866652461	11.254161848405975	64.41856516332416	-54.88222252349402	
17.57012820218185	78.93621159495714	56.55597625749383	38.14638252406045	-35.5618532228341	7.077443609081559	-12.639873214394278	-4.458216644027662	-34.91522633512529	-5.324059992715579	51.48973129302507	-20.079238006006758	-21.260231817171295	27.49766211423428	48.23071311534413	41.1588554266377	-0.16924706311985727	78.17533220524331	56.94904814794237	-41.15444406059861	-26.700347939745058	-1.5580812733954632	14.773206920720977	-22.764134464663492	-99.5444756270515	0.5789920599108207	-58.20983866652461	11.254161848405975	64.41856516332416	-54.88222252349402	
17.57012820218185	78.93621159495714	56.55597625749383	38.14638252406045	-35.5618532228341	7.077443609081559	-12.639873214394278	-4.458216644027662	-34.91522633512529	-5.324059992715579	51.48973129302507	-20.079238006006758	-21.260231817171295	27.49766211423428	48.23071311534413	41.1588554266377	-0.16924706311985727	78.17533220524331	56.94904814794237	-41.15444406059861	-26.700347939745058	-1.5580812733954632	14.773206920720977	-22.764134464663492	-99.5444756270515	0.5789920599108207	-58.20983866652461	11.254161848405975	64.41856516332416	-54.88222252349402	
17.57012820218185	78.93621159495714	56.55597625749383	38.14638252406045	-35.5618532228341	7.077443609081559	-12.639873214394278	-4.458216644027662	-34.91522633512529	-5.324059992715579	51.48973129302507	-20.079238006006758	-21.260231817171295	27.49766211423428	48.23071311534413	41.1588554266377	-0.16924706311985727	78.17533220524331	56.94904814794237	-41.15444406059861	-26.700347939745058	-1.5580812733954632	14.773206920720977	-22.764134464663492	-99.5444756270515	0.5789920599108207	-58.20983866652461	11.254161848405975	64.41856516332416	-54.88222252349402	
17.57012820218185	78.93621159495714	56.55597625749383	38.14638252406045	-35.5618532228341	7.077443609081559	-12.639873214394278	-4.458216644027662	-34.91522633512529	-5.324059992715579	51.48973129302507	-20.079238006006758	-21.260231817171295	27.49766211423428	48.23071311534413	41.1588554266377	-0.16924706311985727	78.17533220524331	56.94904814794237	-41.15444406059861	-26.700347939745058	-1.5580812733954632	14.773206920720977	-22.764134464663492	-99.5444756270515	0.5789920599108207	-58.20983866652461	11.254161848405975	64.41856516332416	-54.88222252349402	
-55.938133920233845	4.5434589302622825	35.299716071919505	8.27946988009985	-47.43683416644502	7.3017630297513465	6.3876600075763585	-2.4983359705662647	-61.05299230155387	-47.13379635881135	-21.075898043790662	12.479970724475683	-13.239367376091218	46.10811104889447	61.01489057553826	34.825668875386796	32.64775283025612	77.81679187090305	22.195669322126335	-74.08323379132231	-6.176368243858964	33.08384362579765	36.785495888695635	11.411616332702476	-37.03412078145872	-32.990394419801675	-60.28261956998105	-53.888060701534755	63.541147930406815	-66.1081839774006	
-55.93813433046135	4.54345836914645	35.29971726016469	8.279469446296051	-47.436835592810766	7.301763810126728	6.387659889694881	-2.4983348506922285	-61.05299230155387	-47.13379678789989	-21.075898656774292	12.479970408553351	-13.239367484542168	46.108111171491196	61.014889658420444	34.825668807015546	32.64775347624656	77.81679164221283	22.195669612114745	-74.0832346636458	-6.176368128335116	33.08384315191415	36.78549519319498	11.411617256893177	-37.034121924908945	-32.990393519187265	-60.28262025369356	-53.888060562434625	63.541147397582584	-66.10818462810676	
-55.93813433046135	4.54345836914645	35.29971726016469	8.279469446296051	-47.436835592810766	7.301763810126728	6.387659889694881	-2.4983348506922285	-61.05299230155387	-47.13379678789989	-21.075898656774292	12.479970408553351	-13.239367484542168	46.108111171491196	61.014889658420444	34.825668807015546	32.64775347624656	77.81679164221283	22.195669612114745	-74.0832346636458	-6.176368128335116	33.08384315191415	36.78549519319498	11.411617256893177	-37.034121924908945	-32.990393519187265	-60.28262025369356	-53.888060562434625	63.541147397582584	-66.10818462810676	
-55.93813433046135	4.54345836914645	35.29971726016469	8.279469446296051	-47.436835592810766	7.301763810126728	6.387659889694881	-2.4983348506922285	-61.05299230155387	-47.13379678789989	-21.075898656774292	12.479970408553351	-13.239367484542168	46.108111171491196	61.014889658420444	34.825668807015546	32.64775347624656	77.81679164221283	22.195669612114745	-74.0832346636458	-6.176368128335116	33.08384315191415	36.78549519319498	11.411617256893177	-37.034121924908945	-32.990393519187265	-60.28262025369356	-53.888060562434625	63.541147397582584	-66.10818462810676	
-55.93813433046135	4.54345836914645	35.29971726016469	8.279469446296051	-47.436835592810766	7.301763810126728	6.387659889694881	-2.4983348506922285	-61.05299230155387	-47.13379678789989	-21.075898656774292	12.479970408553351	-13.239367484542168	46.108111171491196	61.014889658420444	34.825668807015546	32.64775347624656	77.81679164221283	22.195669612114745	-74.0832346636458	-6.176368128335116	33.08384315191415	36.78549519319498	11.411617256893177	-37.034121924908945	-32.990393519187265	-60.28262025369356	-53.888060562434625	63.541147397582584	-66.10818462810676	
-55.93813433046135	4.54345836914645	35.29971726016469	8.279469446296051	-47.436835592810766	7.301763810126728	6.387659889694881	-2.4983348506922285	-61.05299230155387	-47.13379678789989	-21.075898656774292	12.479970408553351	-13.239367484542168	46.108111171491196	61.014889658420444	34.825668807015546	32.64775347624656	77.81679164221283	22.195669612114745	-74.0832346636458	-6.176368128335116	33.08384315191415	36.78549519319498	11.411617256893177	-37.034121924908945	-32.990393519187265	-60.28262025369356	-53.888060562434625	63.541147397582584	-66.10818462810676	
-55.93813433046135	4.54345836914645	35.29971726016469	8.279469446296051	-47.436835592810766	7.301763810126728	6.387659889694881	-2.4983348506922285	-61.05299230155387	-47.13379678789989	-21.075898656774292	12.479970408553351	-13.239367484542168	46.108111171491196	61.014889658420444	34.825668807015546	32.64775347624656	77.81679164221283	22.195669612114745	-74.0832346636458	-6.176368128335116	33.08384315191415	36.78549519319498	11.411617256893177	-37.034121924908945	-32.990393519187265	-60.28262025369356	-53.888060562434625	63.541147397582584	-66.10818462810676	
-55.93813433046135	4.54345836914645	35.29971726016469	8.279469446296051	-47.436835592810766	7.301763810126728	6.387659889694881	-2.4983348506922285	-61.05299230155387	-47.13379678789989	-21.075898656774292	12.479970408553351	-13.239367484542168	46.108111171491196	61.014889658420444	34.825668807015546	32.64775347624656	77.81679164221283	22.195669612114745	-74.0832346636458	-6.176368128335116	33.08384315191415	36.78549519319498	11.411617256893177	-37.034121924908945	-32.990393519187265	-60.28262025369356	-53.888060562434625	63.541147397582584	-66.10818462810676	
-55.93813433046135	4.54345836914645	35.29971726016469	8.279469446296051	-47.436835592810766	7.301763810126728	6.387659889694881	-2.4983348506922285	-61.05299230155387	-47.13379678789989	-21.075898656774292	12.479970408553351	-13.239367484542168	46.108111171491196	61.014889658420444	34.825668807015546	32.64775347624656	77.81679164221283	22.195669612114745	-74.0832346636458	-6.176368128335116	33.08384315191415	36.78549519319498	11.411617256893177	-37.034121924908945	-32.990393519187265	-60.28262025369356	-53.888060562434625	63.541147397582584	-66.10818462810676	
-55.93813433046135	4.54345836914645	35.29971726016469	8.279469446296051	-47.436835592810766	7.301763810126728	6.387659889694881	-2.4983348506922285	-61.05299230155387	-47.13379678789989	-21.075898656774292	12.479970408553351	-13.239367484542168	46.108111171491196	61.014889658420444	34.825668807015546	32.64775347624656	77.81679164221283	22.195669612114745	-74.0832346636458	-6.176368128335116	33.08384315191415	36.78549519319498	11.411617256893177	-37.034121924908945	-32.990393519187265	-60.28262025369356	-53.888060562434625	63.541147397582584	-66.10818462810676	
-55.93813433046135	4.54345836914645	35.29971726016469	8.279469446296051	-47.436835592810766	7.301763810126728	6.387659889694881	-2.4983348506922285	-61.05299230155387	-47.13379678789989	-21.075898656774292	12.479970408553351	-13.239367484542168	46.108111171491196	61.014889658420444	34.825668807015546	32.64775347624656	77.81679164221283	22.195669612114745	-74.0832346636458	-6.176368128335116	33.08384315191415	36.78549519319498	11.411617256893177	-37.034121924908945	-32.990393519187265	-60.28262025369356	-53.888060562434625	63.541147397582584	-66.10818462810676	
-55.93813433046135	4.54345836914645	35.29971726016469	8.279469446296051	-47.436835592810766	7.301763810126728	6.387659889694881	-2.4983348506922285	-61.05299230155387	-47.13379678789989	-21.075898656774292	12.479970408553351	-13.239367484542168	46.108111171491196	61.014889658420444	34.825668807015546	32.64775347624656	77.81679164221283	22.195669612114745	-74.0832346636458	-6.176368128335116	33.08384315191415	36.78549519319498	11.411617256893177	-37.034121924908945	-32.990393519187265	-60.28262025369356	-53.888060562434625	63.541147397582584	-66.10818462810676	
-55.93813433046135	4.54345836914645	35.29971726016469	8.279469446296051	-47.436835592810766	7.301763810126728	6.387659889694881	-2.4983348506922285	-61.05299230155387	-47.13379678789989	-21.075898656774292	12.479970408553351	-13.239367484542168	46.108111171491196	61.014889658420444	34.825668807015546	32.64775347624656	77.81679164221283	22.195669612114745	-74.0832346636458	-6.176368128335116	33.08384315191415	36.78549519319498	11.411617256893177	-37.034121924908945	-32.990393519187265	-60.28262025369356	-53.888060562434625	63.541147397582584	-66.10818462810676	
-55.93813433046135	4.54345836914645	35.29971726016469	8.279469446296051	-47.436835592810766	7.301763810126728	6.387659889694881	-2.4983348506922285	-61.05299230155387	-47.13379678789989	-21.075898656774292	12.479970408553351	-13.239367484542168	46.108111171491196	61.014889658420444	34.825668807015546	32.64775347624656	77.81679164221283	22.195669612114745	-74.0832346636458	-6.176368128335116	33.08384315191415	36.78549519319498	11.411617256893177	-37.034121924908945	-32.990393519187265	-60.28262025369356	-53.888060562434625	63.541147397582584	-66.10818462810676	
-55.93813433046135	4.54345836914645	35.29971726016469	8.279469446296051	-47.436835592810766	7.301763810126728	6.387659889694881	-2.4983348506922285	-61.05299230155387	-47.13379678789989	-21.075898656774292	12.479970408553351	-13.239367484542168	46.108111171491196	61.014889658420444	34.825668807015546	32.64775347624656	77.81679164221283	22.195669612114745	-74.0832346636458	-6.176368128335116	33.08384315191415	36.78549519319498	11.411617256893177	-37.034121924908945	-32.990393519187265	-60.28262025369356	-53.888060562434625	63.541147397582584	-66.10818462810676	
-55.93813433046135	4.54345836914645	35.29971726016469	8.279469446296051	-47.436835592810766	7.301763810126728	6.387659889694881	-2.4983348506922285	-61.05299230155387	-47.13379678789989	-21.075898656774292	12.479970408553351	-13.239367484542168	46.108111171491196	61.014889658420444	34.825668807015546	32.64775347624656	77.81679164221283	22.195669612114745	-74.0832346636458	-6.176368128335116	33.08384315191415	36.78549519319498	11.411617256893177	-37.034121924908945	-32.990393519187265	-60.28262025369356	-53.888060562434625	63.541147397582584	-66.10818462810676	
-55.93813433046135	4.54345836914645	35.29971726016469	8.279469446296051	-47.436835592810766	7.301763810126728	6.387659889694881	-2.4983348506922285	-61.05299230155387	-47.13379678789989	-21.075898656774292	12.479970408553351	-13.239367484542168	46.108111171491196	61.014889658420444	34.825668807015546	32.64775347624656	77.81679164221283	22.195669612114745	-74.0832346636458	-6.176368128335116	33.08384315191415	36.78549519319498	11.411617256893177	-37.034121924908945	-32.990393519187265	-60.28262025369356	-53.888060562434625	63.541147397582584	-66.10818462810676	
-55.93813433046135	4.54345836914645	35.29971726016469	8.279469446296051	-47.436835592810766	7.301763810126728	6.387659889694881	-2.4983348506922285	-61.05299230155387	-47.13379678789989	-21.075898656774292	12.479970408553351	-13.239367484542168	46.108111171491196	61.014889658420444	34.825668807015546	32.64775347624656	77.81679164221283	22.195669612114745	-74.0832346636458	-6.176368128335116	33.08384315191415	36.78549519319498	11.411617256893177	-37.034121924908945	-32.990393519187265	-60.28262025369356	-53.888060562434625	63.541147397582584	-66.10818462810676	
-55.93813433046135	4.54345836914645	35.29971726016469	8.279469446296051	-47.436835592810766	7.301763810126728	6.387659889694881	-2.4983348506922285	-61.05299230155387	-47.13379678789989	-21.075898656774292	12.479970408553351	-13.239367484542168	46.108111171491196	61.014889658420444	34.825668807015546	32.64775347624656	77.81679164221283	22.195669612114745	-74.0832346636458	-6.176368128335116	33.08384315191415	36.78549519319498	11.411617256893177	-37.034121924908945	-32.990393519187265	-60.28262025369356	-53.888060562434625	63.541147397582584	-66.10818462810676	
-55.93813433046135	4.54345836914645	35.29971726016469	8.279469446296051	-47.436835592810766	7.301763810126728	6.387659889694881	-2.4983348506922285	-61.05299230155387	-47.13379678789989	-21.075898656774292	12.479970408553351	-13.239367484542168	46.108111171491196	61.014889658420444	34.825668807015546	32.64775347624656	77.81679164221283	22.195669612114745	-74.0832346636458	-6.176368128335116	33.08384315191415	36.78549519319498	11.411617256893177	-37.034121924908945	-32.990393519187265	-60.28262025369356	-53.888060562434625	63.541147397582584	-66.10818462810676	
-55.93813433046135	4.54345836914645	35.29971726016469	8.279469446296051	-47.436835592810766	7.301763810126728	6.387659889694881	-2.4983348506922285	-61.05299230155387	-47.13379678789989	-21.075898656774292	12.479970408553351	-13.239367484542168	46.108111171491196	61.014889658420444	34.825668807015546	32.64775347624656	77.81679164221283	22.195669612114745	-74.0832346636458	-6.176368128335116	33.08384315191415	36.78549519319498	11.411617256893177	-37.034121924908945	-32.990393519187265	-60.28262025369356	-53.888060562434625	63.541147397582584	-66.10818462810676	
-55.93813433046135	4.54345836914645	35.29971726016469	8.279469446296051	-47.436835592810766	7.301763810126728	6.387659889694881	-2.4983348506922285	-61.05299230155387	-47.13379678789989	-21.075898656774292	12.479970408553351	-13.239367484542168	46.108111171491196	61.014889658420444	34.825668807015546	32.64775347624656	77.81679164221283	22.195669612114745	-74.0832346636458	-6.176368128335116	33.08384315191415	36.78549519319498	11.411617256893177	-37.034121924908945	-32.990393519187265	-60.28262025369356	-53.888060562434625	63.541147397582584	-66.10818462810676	
-55.93813433046135	4.54345836914645	35.29971726016469	8.279469446296051	-47.436835592810766	7.301763810126728	6.387659889694881	-2.4983348506922285	-61.05299230155387	-47.13379678789989	-21.075898656774292	12.479970408553351	-13.239367484542168	46.108111171491196	61.014889658420444	34.825668807015546	32.64775347624656	77.81679164221283	22.195669612114745	-74.0832346636458	-6.176368128335116	33.08384315191415	36.78549519319498	11.411617256893177	-37.034121924908945	-32.990393519187265	-60.28262025369356	-53.888060562434625	63.541147397582584	-66.10818462810676	
-55.93813433046135	4.54345836914645	35.29971726016469	8.279469446296051	-47.436835592810766	7.301763810126728	6.387659889694881	-2.4983348506922285	-61.05299230155387	-47.13379678789989	-21.075898656774292	12.479970408553351	-13.239367484542168	46.108111171491196	61.014889658420444	34.825668807015546	32.64775347624656	77.81679164221283	22.195669612114745	-74.0832346636458	-6.176368128335116	33.08384315191415	36.78549519319498	11.411617256893177	-37.034121924908945	-32.990393519187265	-60.28262025369356	-53.888060562434625	63.541147397582584	-66.10818462810676	
-55.938455653615044	4.543044768727897	35.29996551536321	8.279458088986354	-47.43728531383484	7.302164674151515	6.387647308810962	-2.4978578846800477	-61.053917366488676	-47.1340473828257	-21.07620465955173	12.48004675996327	-13.2396334236667	46.10823422982571	61.01411536295008	34.82547937081949	32.64838228339467	77.81668526078303	22.195828830418918	-74.08394662850074	-6.176524712205088	33.08378039517864	36.78537036064911	11.412167650156674	-37.03410945989295	-32.98918782833276	-60.28302972789709	-53.888267678533644	63.54110263632576	-66.10800720127374	
-55.93845576782473	4.543044846646661	35.299965449185635	8.279457816804396	-47.43728539815788	7.30216432405077	6.387647464648489	-2.4978580511913777	-61.053916327927716	-47.134047534393694	-21.076204893308002	12.480046289248591	-13.239633116261194	46.10823424370165	61.014115385365066	34.82547941991898	32.64838194076562	77.81668519674017	22.195828926483138	-74.08394653884073	-6.176524572378266	33.08377996609179	36.78536998066175	11.412167733412332	-37.034109703255645	-32.98918834707955	-60.28302997873144	-53.88826751308971	63.54110232998764	-66.10800790147566	
-55.93845576782473	4.543044846646661	35.299965449185635	8.279457816804396	-47.43728539815788	7.30216432405077	6.387647464648489	-2.4978580511913777	-61.053916327927716	-47.134047534393694	-21.076204893308002	12.480046289248591	-13.239633116261194	46.10823424370165	61.014115385365066	34.82547941991898	32.64838194076562	77.81668519674017	22.195828926483138	-74.08394653884073	-6.176524572378266	33.08377996609179	36.78536998066175	11.412167733412332	-37.034109703255645	-32.98918834707955	-60.28302997873144	-53.88826751308971	63.54110232998764	-66.10800790147566	
-55.93845576782473	4.543044846646661	35.299965449185635	8.279457816804396	-47.43728539815788	7.30216432405077	6.387647464648489	-2.4978580511913777	-61.053916327927716	-47.134047534393694	-21.076204893308002	12.480046289248591	-13.239633116261194	46.10823424370165	61.014115385365066	34.82547941991898	32.64838194076562	77.81668519674017	22.195828926483138	-74.08394653884073	-6.176524572378266	33.08377996609179	36.78536998066175	11.412167733412332	-37.034109703255645	-32.98918834707955	-60.28302997873144	-53.88826751308971	63.54110232998764	-66.10800790147566	
-55.93845576782473	4.543044846646661	35.299965449185635	8.279457816804396	-47.43728539815788	7.30216432405077	6.387647464648489	-2.4978580511913777	-61.053916327927716	-47.134047534393694	-21.076204893308002	12.480046289248591	-13.239633116261194	46.10823424370165	61.014115385365066	34.82547941991898	32.64838194076562	77.81668519674017	22.195828926483138	-74.08394653884073	-6.176524572378266	33.08377996609179	36.78536998066175	11.412167733412332	-37.034109703255645	-32.98918834707955	-60.28302997873144	-53.88826751308971	63.54110232998764	-66.10800790147566	
-55.93845576782473	4.543044846646661	35.299965449185635	8.279457816804396	-47.43728539815788	7.30216432405077	6.387647464648489	-2.4978580511913777	-61.053916327927716	-47.134047534393694	-21.076204893308002	12.480046289248591	-13.239633116261194	46.10823424370165	61.014115385365066	34.82547941991898	32.64838194076562	77.81668519674017	22.195828926483138	-74.08394653884073	-6.176524572378266	33.08377996609179	36.78536998066175	11.412167733412332	-37.034109703255645	-32.98918834707955	-60.28302997873144	-53.88826751308971	63.54110232998764	-66.10800790147566	
-55.93845576782473	4.543044846646661	35.299965449185635	8.279457816804396	-47.43728539815788	7.30216432405077	6.387647464648489	-2.4978580511913777	-61.053916327927716	-47.134047534393694	-21.076204893308002	12.480046289248591	-13.239633116261194	46.10823424370165	61.014115385365066	34.82547941991898	32.64838194076562	77.81668519674017	22.195828926483138	-74.08394653884073	-6.176524572378266	33.08377996609179	36.78536998066175	11.412167733412332	-37.034109703255645	-32.98918834707955	-60.28302997873144	-53.88826751308971	63.54110232998764	-66.10800790147566	
-55.93845576782473	4.543044846646661	35.299965449185635	8.279457816804396	-47.43728539815788	7.30216432405077	6.387647464648489	-2.4978580511913777	-61.053916327927716	-47.134047534393694	-21.076204893308002	12.480046289248591	-13.239633116261194	46.10823424370165	61.014115385365066	34.82547941991898	32.64838194076562	77.81668519674017	22.195828926483138	-74.08394653884073	-6.176524572378266	33.08377996609179	36.78536998066175	11.412167733412332	-37.034109703255645	-32.98918834707955	-60.28302997873144	-53.88826751308971	63.54110232998764	-66.10800790147566	
-55.93845576782473	4.543044846646661	35.299965449185635	8.279457816804396	-47.43728539815788	7.30216432405077	6.387647464648489	-2.4978580511913777	-61.053916327927716	-47.134047534393694	-21.076204893308002	12.480046289248591	-13.239633116261194	46.10823424370165	61.014115385365066	34.82547941991898	32.64838194076562	77.81668519674017	22.195828926483138	-74.08394653884073	-6.176524572378266	33.08377996609179	36.78536998066175	11.412167733412332	-37.034109703255645	-32.98918834707955	-60.28302997873144	-53.88826751308971	63.54110232998764	-66.10800790147566	
-55.93845576782473	4.543044846646661	35.299965449185635	8.279457816804396	-47.43728539815788	7.30216432405077	6.387647464648489	-2.4978580511913777	-61.053916327927716	-47.134047534393694	-21.076204893308002	12.480046289248591	-13.239633116261194	46.10823424370165	61.014115385365066	34.82547941991898	32.64838194076562	77.81668519674017	22.195828926483138	-74.08394653884073	-6.176524572378266	33.08377996609179	36.78536998066175	11.412167733412332	-37.034109703255645	-32.98918834707955	-60.28302997873144	-53.88826751308971	63.54110232998764	-66.10800790147566	
-55.93845576782473	4.543044846646661	35.299965449185635	8.279457816804396	-47.43728539815788	7.30216432405077	6.387647464648489	-2.4978580511913777	-61.053916327927716	-47.134047534393694	-21.076204893308002	12.480046289248591	-13.239633116261194	46.10823424370165	61.014115385365066	34.82547941991898	32.64838194076562	77.81668519674017	22.195828926483138	-74.08394653884073	-6.176524572378266	33.08377996609179	36.78536998066175	11.412167733412332	-37.034109703255645	-32.98918834707955	-60.28302997873144	-53.88826751308971	63.54110232998764	-66.10800790147566	
-55.93845576782473	4.543044846646661	35.299965449185635	8.279457816804396	-47.43728539815788	7.30216432405077	6.387647464648489	-2.4978580511913777	-61.053916327927716	-47.134047534393694	-21.076204893308002	12.480046289248591	-13.239633116261194	46.10823424370165	61.014115385365066	34.82547941991898	32.64838194076562	77.81668519674017	22.195828926483138	-74.08394653884073	-6.176524572378266	33.08377996609179	36.78536998066175	11.412167733412332	-37.034109703255645	-32.98918834707955	-60.28302997873144	-53.88826751308971	63.54110232998764	-66.10800790147566	
-55.93845576782473	4.543044846646661	35.299965449185635	8.279457816804396	-47.43728539815788	7.30216432405077	6.387647464648489	-2.4978580511913777	-61.053916327927716	-47.134047534393694	-21.076204893308002	12.480046289248591	-13.239633116261194	46.10823424370165	61.014115385365066	34.82547941991898	32.64838194076562	77.81668519674017	22.195828926483138	-74.08394653884073	-6.176524572378266	33.08377996609179	36.78536998066175	11.412167733412332	-37.034109703255645	-32.98918834707955	-60.28302997873144	-53.88826751308971	63.54110232998764	-66.10800790147566	
-55.93845576782473	4.543044846646661	35.299965449185635	8.279457816804396	-47.43728539815788	7.30216432405077	6.387647464648489	-2.4978580511913777	-61.053916327927716	-47.134047534393694	-21.076204893308002	12.480046289248591	-13.239633116261194	46.10823424370165	61.014115385365066	34.82547941991898	32.64838194076562	77.81668519674017	22.195828926483138	-74.08394653884073	-6.176524572378266	33.08377996609179	36.78536998066175	11.412167733412332	-37.034109703255645	-32.98918834707955	-60.28302997873144	-53.88826751308971	63.54110232998764	-66.10800790147566	
-55.93845576782473	4.543044846646661	35.299965449185635	8.279457816804396	-47.43728539815788	7.30216432405077	6.387647464648489	-2.4978580511913777	-61.053916327927716	-47.134047534393694	-21.076204893308002	12.480046289248591	-13.239633116261194	46.10823424370165	61.014115385365066	34.82547941991898	32.64838194076562	77.81668519674017	22.195828926483138	-74.08394653884073	-6.176524572378266	33.08377996609179	36.78536998066175	11.412167733412332	-37.034109703255645	-32.98918834707955	-60.28302997873144	-53.88826751308971	63.54110232998764	-66.10800790147566	
-55.93845576782473	4.543044846646661	35.299965449185635	8.279457816804396	-47.43728539815788	7.30216432405077	6.387647464648489	-2.4978580511913777	-61.053916327927716	-47.134047534393694	-21.076204893308002	12.480046289248591	-13.239633116261194	46.10823424370165	61.014115385365066	34.82547941991898	32.64838194076562	77.81668519674017	22.195828926483138	-74.08394653884073	-6.176524572378266	33.08377996609179	36.78536998066175	11.412167733412332	-37.034109703255645	-32.98918834707955	-60.28302997873144	-53.88826751308971	63.54110232998764	-66.10800790147566	
-55.93845576782473	4.543044846646661	35.299965449185635	8.279457816804396	-47.43728539815788	7.30216432405077	6.387647464648489	-2.4978580511913777	-61.053916327927716	-47.134047534393694	-21.076204893308002	12.480046289248591	-13.239633116261194	46.10823424370165	61.014115385365066	34.82547941991898	32.64838194076562	77.81668519674017	22.195828926483138	-74.08394653884073	-6.176524572378266	33.08377996609179	36.78536998066175	11.412167733412332	-37.034109703255645	-32.98918834707955	-60.28302997873144	-53.88826751308971	63.54110232998764	-66.10800790147566	
-55.93845576782473	4.543044846646661	35.299965449185635	8.279457816804396	-47.43728539815788	7.30216432405077	6.387647464648489	-2.4978580511913777	-61.053916327927716	-47.134047534393694	-21.076204893308002	12.480046289248591	-13.239633116261194	46.10823424370165	61.014115385365066	34.82547941991898	32.64838194076562	77.81668519674017	22.195828926483138	-74.08394653884073	-6.176524572378266	33.08377996609179	36.78536998066175	11.412167733412332	-37.034109703255645	-32.98918834707955	-60.28302997873144	-53.88826751308971	63.54110232998764	-66.10800790147566	
-55.93845576782473	4.543044846646661	35.299965449185635	8.279457816804396	-47.43728539815788	7.30216432405077	6.387647464648489	-2.4978580511913777	-61.053916327927716	-47.134047534393694	-21.076204893308002	12.480046289248591	-13.239633116261194	46.10823424370165	61.014115385365066	34.82547941991898	32.64838194076562	77.81668519674017	22.195828926483138	-74.08394653884073	-6.176524572378266	33.08377996609179	36.78536998066175	11.412167733412332	-37.034109703255645	-32.98918834707955	-60.28302997873144	-53.88826751308971	63.54110232998764	-66.10800790147566	
-55.93845576782473	4.543044846646661	35.299965449185635	8.279457816804396	-47.43728539815788	7.30216432405077	6.387647464648489	-2.4978580511913777	-61.053916327927716	-47.134047534393694	-21.076204893308002	12.480046289248591	-13.239633116261194	46.10823424370165	61.014115385365066	34.82547941991898	32.64838194076562	77.81668519674017	22.195828926483138	-74.08394653884073	-6.176524572378266	33.08377996609179	36.78536998066175	11.412167733412332	-37.034109703255645	-32.98918834707955	-60.28302997873144	-53.88826751308971	63.54110232998764	-66.10800790147566	
-55.93845576782473	4.543044846646661	35.299965449185635	8.279457816804396	-47.43728539815788	7.30216432405077	6.387647464648489	-2.4978580511913777	-61.053916327927716	-47.134047534393694	-21.076204893308002	12.480046289248591	-13.239633116261194	46.10823424370165	61.014115385365066	34.82547941991898	32.64838194076562	77.81668519674017	22.195828926483138	-74.08394653884073	-6.176524572378266	33.08377996609179	36.78536998066175	11.412167733412332	-37.034109703255645	-32.98918834707955	-60.28302997873144	-53.88826751308971	63.54110232998764	-66.10800790147566	
-55.93845576782473	4.543044846646661	35.299965449185635	8.279457816804396	-47.43728539815788	7.30216432405077	6.387647464648489	-2.4978580511913777	-61.053916327927716	-47.134047534393694	-21.076204893308002	12.480046289248591	-13.239633116261194	46.10823424370165	61.014115385365066	34.82547941991898	32.64838194076562	77.81668519674017	22.195828926483138	-74.08394653884073	-6.176524572378266	33.08377996609179	36.78536998066175	11.412167733412332	-37.034109703255645	-32.98918834707955	-60.28302997873144	-53.88826751308971	63.54110232998764	-66.10800790147566	
-55.93845576782473	4.543044846646661	35.299965449185635	8.279457816804396	-47.43728539815788	7.30216432405077	6.387647464648489	-2.4978580511913777	-61.053916327927716	-47.134047534393694	-21.076204893308002	12.480046289248591	-13.239633116261194	46.10823424370165	61.014115385365066	34.82547941991898	32.64838194076562	77.81668519674017	22.195828926483138	-74.08394653884073	-6.176524572378266	33.08377996609179	36.78536998066175	11.412167733412332	-37.034109703255645	-32.98918834707955	-60.28302997873144	-53.88826751308971	63.54110232998764	-66.10800790147566	
-55.93845576782473	4.543044846646661	35.299965449185635	8.279457816804396	-47.43728539815788	7.30216432405077	6.387647464648489	-2.4978580511913777	-61.053916327927716	-47.134047534393694	-21.076204893308002	12.480046289248591	-13.239633116261194	46.10823424370165	61.014115385365066	34.82547941991898	32.64838194076562	77.81668519674017	22.195828926483138	-74.08394653884073	-6.176524572378266	33.08377996609179	36.78536998066175	11.412167733412332	-37.034109703255645	-32.98918834707955	-60.28302997873144	-53.88826751308971	63.54110232998764	-66.10800790147566	
-55.93845576782473	4.543044846646661	35.299965449185635	8.279457816804396	-47.43728539815788	7.30216432405077	6.387647464648489	-2.4978580511913777	-61.053916327927716	-47.134047534393694	-21.076204893308002	12.480046289248591	-13.239633116261194	46.10823424370165	61.014115385365066	34.82547941991898	32.64838194076562	77.81668519674017	22.195828926483138	-74.08394653884073	-6.176524572378266	33.08377996609179	36.78536998066175	11.412167733412332	-37.034109703255645	-32.98918834707955	-60.28302997873144	-53.88826751308971	63.54110232998764	-66.10800790147566	
-55.93845576782473	4.543044846646661	35.299965449185635	8.279457816804396	-47.43728539815788	7.30216432405077	6.387647464648489	-2.4978580511913777	-61.053916327927716	-47.134047534393694	-21.076204893308002	12.480046289248591	-13.239633116261194	46.10823424370165	61.014115385365066	34.82547941991898	32.64838194076562	77.81668519674017	22.195828926483138	-74.08394653884073	-6.176524572378266	33.08377996609179	36.78536998066175	11.412167733412332	-37.034109703255645	-32.98918834707955	-60.28302997873144	-53.88826751308971	63.54110232998764	-66.10800790147566	
-55.93845576782473	4.543044846646661	35.299965449185635	8.279457816804396	-47.43728539815788	7.30216432405077	6.387647464648489	-2.4978580511913777	-61.053916327927716	-47.134047534393694	-21.076204893308002	12.480046289248591	-13.239633116261194	46.10823424370165	61.014115385365066	34.82547941991898	32.64838194076562	77.81668519674017	22.195828926483138	-74.08394653884073	-6.176524572378266	33.08377996609179	36.78536998066175	11.412167733412332	-37.034109703255645	-32.98918834707955	-60.28302997873144	-53.88826751308971	63.54110232998764	-66.10800790147566	
-55.93845576782473	4.543044846646661	35.299965449185635	8.279457816804396	-47.43728539815788	7.30216432405077	6.387647464648489	-2.4978580511913777	-61.053916327927716	-47.134047534393694	-21.076204893308002	12.480046289248591	-13.239633116261194	46.10823424370165	61.014115385365066	34.82547941991898	32.64838194076562	77.81668519674017	22.195828926483138	-74.08394653884073	-6.176524572378266	33.08377996609179	36.78536998066175	11.412167733412332	-37.034109703255645	-32.98918834707955	-60.28302997873144	-53.88826751308971	63.54110232998764	-66.10800790147566	
-55.93845576782473	4.543044846646661	35.299965449185635	8.279457816804396	-47.43728539815788	7.30216432405077	6.387647464648489	-2.4978580511913777	-61.053916327927716	-47.134047534393694	-21.076204893308002	12.480046289248591	-13.239633116261194	46.10823424370165	61.014115385365066	34.82547941991898	32.64838194076562	77.81668519674017	22.195828926483138	-74.08394653884073	-6.176524572378266	33.08377996609179	36.78536998066175	11.412167733412332	-37.034109703255645	-32.98918834707955	-60.28302997873144	-53.88826751308971	63.54110232998764	-66.10800790147566	
-55.93845576782473	4.543044846646661	35.299965449185635	8.279457816804396	-47.43728539815788	7.30216432405077	6.387647464648489	-2.4978580511913777	-61.053916327927716	-47.134047534393694	-21.076204893308002	12.480046289248591	-13.239633116261194	46.10823424370165	61.014115385365066	34.82547941991898	32.64838194076562	77.81668519674017	22.195828926483138	-74.08394653884073	-6.176524572378266	33.08377996609179	36.78536998066175	11.412167733412332	-37.034109703255645	-32.98918834707955	-60.28302997873144	-53.88826751308971	63.54110232998764	-66.10800790147566	
-55.93845576782473	4.543044846646661	35.299965449185635	8.279457816804396	-47.43728539815788	7.30216432405077	6.387647464648489	-2.4978580511913777	-61.053916327927716	-47.134047534393694	-21.076204893308002	12.480046289248591	-13.239633116261194	46.10823424370165	61.014115385365066	34.82547941991898	32.64838194076562	77.81668519674017	22.195828926483138	-74.08394653884073	-6.176524572378266	33.08377996609179	36.78536998066175	11.412167733412332	-37.034109703255645	-32.98918834707955	-60.28302997873144	-53.88826751308971	63.54110232998764	-66.10800790147566	
-55.93845576782473	4.543044846646661	35.299965449185635	8.279457816804396	-47.43728539815788	7.30216432405077	6.387647464648489	-2.4978580511913777	-61.053916327927716	-47.134047534393694	-21.076204893308002	12.480046289248591	-13.239633116261194	46.10823424370165	61.014115385365066	34.82547941991898	32.64838194076562	77.81668519674017	22.195828926483138	-74.08394653884073	-6.176524572378266	33.08377996609179	36.78536998066175	11.412167733412332	-37.034109703255645	-32.98918834707955	-60.28302997873144	-53.88826751308971	63.54110232998764	-66.10800790147566	
-55.93845576782473	4.543044846646661	35.299965449185635	8.279457816804396	-47.43728539815788	7.30216432405077	6.387647464648489	-2.4978580511913777	-61.053916327927716	-47.134047534393694	-21.076204893308002	12.480046289248591	-13.239633116261194	46.10823424370165	61.014115385365066	34.82547941991898	32.64838194076562	77.81668519674017	22.195828926483138	-74.08394653884073	-6.176524572378266	33.08377996609179	36.78536998066175	11.412167733412332	-37.034109703255645	-32.98918834707955	-60.28302997873144	-53.88826751308971	63.54110232998764	-66.10800790147566	
-55.93845576782473	4.543044846646661	35.299965449185635	8.279457816804396	-47.43728539815788	7.30216432405077	6.387647464648489	-2.4978580511913777	-61.053916327927716	-47.134047534393694	-21.076204893308002	12.480046289248591	-13.239633116261194	46.10823424370165	61.014115385365066	34.82547941991898	32.64838194076562	77.81668519674017	22.195828926483138	-74.08394653884073	-6.176524572378266	33.08377996609179	36.78536998066175	11.412167733412332	-37.034109703255645	-32.98918834707955	-60.28302997873144	-53.88826751308971	63.54110232998764	-66.10800790147566	
-55.93845576782473	4.543044846646661	35.299965449185635	8.279457816804396	-47.43728539815788	7.30216432405077	6.387647464648489	-2.4978580511913777	-61.053916327927716	-47.134047534393694	-21.076204893308002	12.480046289248591	-13.239633116261194	46.10823424370165	61.014115385365066	34.82547941991898	32.64838194076562	77.81668519674017	22.195828926483138	-74.08394653884073	-6.176524572378266	33.08377996609179	36.78536998066175	11.412167733412332	-37.034109703255645	-32.98918834707955	-60.28302997873144	-53.88826751308971	63.54110232998764	-66.10800790147566	
-55.93845576782473	4.543044846646661	35.299965449185635	8.279457816804396	-47.43728539815788	7.30216432405077	6.387647464648489	-2.4978580511913777	-61.053916327927716	-47.134047534393694	-21.076204893308002	12.480046289248591	-13.239633116261194	46.10823424370165	61.014115385365066	34.82547941991898	32.64838194076562	77.81668519674017	22.195828926483138	-74.08394653884073	-6.176524572378266	33.08377996609179	36.78536998066175	11.412167733412332	-37.034109703255645	-32.98918834707955	-60.28302997873144	-53.88826751308971	63.54110232998764	-66.10800790147566	
-55.93845576782473	4.543044846646661	35.299965449185635	8.279457816804396	-47.43728539815788	7.30216432405077	6.387647464648489	-2.4978580511913777	-61.053916327927716	-47.134047534393694	-21.076204893308002	12.480046289248591	-13.239633116261194	46.10823424370165	61.014115385365066	34.82547941991898	32.64838194076562	77.81668519674017	22.195828926483138	-74.08394653884073	-6.176524572378266	33.08377996609179	36.78536998066175	11.412167733412332	-37.034109703255645	-32.98918834707955	-60.28302997873144	-53.88826751308971	63.54110232998764	-66.10800790147566	
-55.93845576782473	4.543044846646661	35.299965449185635	8.279457816804396	-47.43728539815788	7.30216432405077	6.387647464648489	-2.4978580511913777	-61.053916327927716	-47.134047534393694	-21.076204893308002	12.480046289248591	-13.239633116261194	46.10823424370165	61.014115385365066	34.82547941991898	32.64838194076562	77.81668519674017	22.195828926483138	-74.08394653884073	-6.176524572378266	33.08377996609179	36.78536998066175	11.412167733412332	-37.034109703255645	-32.98918834707955	-60.28302997873144	-53.88826751308971	63.54110232998764	-66.10800790147566	
-55.93845576782473	4.543044846646661	35.299965449185635	8.279457816804396	-47.43728539815788	7.30216432405077	6.387647464648489	-2.4978580511913777	-61.053916327927716	-47.134047534393694	-21.076204893308002	12.480046289248591	-13.239633116261194	46.10823424370165	61.014115385365066	34.82547941991898	32.64838194076562	77.81668519674017	22.195828926483138	-74.08394653884073	-6.176524572378266	33.08377996609179	36.78536998066175	11.412167733412332	-37.034109703255645	-32.98918834707955	-60.28302997873144	-53.88826751308971	63.54110232998764	-66.10800790147566	
-55.93845576782473	4.543044846646661	35.299965449185635	8.279457816804396	-47.43728539815788	7.30216432405077	6.387647464648489	-2.4978580511913777	-61.053916327927716	-47.134047534393694	-21.076204893308002	12.480046289248591	-13.239633116261194	46.10823424370165	61.014115385365066	34.82547941991898	32.64838194076562	77.81668519674017	22.195828926483138	-74.08394653884073	-6.176524572378266	33.08377996609179	36.78536998066175	11.412167733412332	-37.034109703255645	-32.98918834707955	-60.28302997873144	-53.88826751308971	63.54110232998764	-66.10800790147566	
-55.93845576782473	4.543044846646661	35.299965449185635	8.279457816804396	-47.43728539815788	7.30216432405077	6.387647464648489	-2.4978580511913777	-61.053916327927716	-47.134047534393694	-21.076204893308002	12.480046289248591	-13.239633116261194	46.10823424370165	61.014115385365066	34.82547941991898	32.64838194076562	77.81668519674017	22.195828926483138	-74.08394653884073	-6.176524572378266	33.08377996609179	36.78536998066175	11.412167733412332	-37.034109703255645	-32.98918834707955	-60.28302997873144	-53.88826751308971	63.54110232998764	-66.10800790147566	
-55.93845576782473	4.543044846646661	35.299965449185635	8.279457816804396	-47.43728539815788	7.30216432405077	6.387647464648489	-2.4978580511913777	-61.053916327927716	-47.134047534393694	-21.076204893308002	12.480046289248591	-13.239633116261194	46.10823424370165	61.014115385365066	34.82547941991898	32.64838194076562	77.81668519674017	22.195828926483138	-74.08394653884073	-6.176524572378266	33.08377996609179	36.78536998066175	11.412167733412332	-37.034109703255645	-32.98918834707955	-60.28302997873144	-53.88826751308971	63.54110232998764	-66.10800790147566	
-55.93845576782473	4.543044846646661	35.299965449185635	8.279457816804396	-47.43728539815788	7.30216432405077	6.387647464648489	-2.4978580511913777	-61.053916327927716	-47.134047534393694	-21.076204893308002	12.480046289248591	-13.239633116261194	46.10823424370165	61.014115385365066	34.82547941991898	32.64838194076562	77.81668519674017	22.195828926483138	-74.08394653884073	-6.176524572378266	33.08377996609179	36.78536998066175	11.412167733412332	-37.034109703255645	-32.98918834707955	-60.28302997873144	-53.88826751308971	63.54110232998764	-66.10800790147566	
-55.93845576782473	4.543044846646661	35.299965449185635	8.279457816804396	-47.43728539815788	7.30216432405077	6.387647464648489	-2.4978580511913777	-61.053916327927716	-47.134047534393694	-21.076204893308002	12.480046289248591	-13.239633116261194	46.10823424370165	61.014115385365066	34.82547941991898	32.64838194076562	77.81668519674017	22.195828926483138	-74.08394653884073	-6.176524572378266	33.08377996609179	36.78536998066175	11.412167733412332	-37.034109703255645	-32.98918834707955	-60.28302997873144	-53.88826751308971	63.54110232998764	-66.10800790147566	
-55.93845576782473	4.543044846646661	35.299965449185635	8.279457816804396	-47.43728539815788	7.30216432405077	6.387647464648489	-2.4978580511913777	-61.053916327927716	-47.134047534393694	-21.076204893308002	12.480046289248591	-13.239633116261194	46.10823424370165	61.014115385365066	34.82547941991898	32.64838194076562	77.81668519674017	22.195828926483138	-74.08394653884073	-6.176524572378266	33.08377996609179	36.78536998066175	11.412167733412332	-37.034109703255645	-32.98918834707955	-60.28302997873144	-53.88826751308971	63.54110232998764	-66.10800790147566	
-55.93845576782473	4.543044846646661	35.299965449185635	8.279457816804396	-47.43728539815788	7.30216432405077	6.387647464648489	-2.4978580511913777	-61.053916327927716	-47.134047534393694	-21.076204893308002	12.480046289248591	-13.239633116261194	46.10823424370165	61.014115385365066	34.82547941991898	32.64838194076562	77.81668519674017	22.195828926483138	-74.08394653884073	-6.176524572378266	33.08377996609179	36.78536998066175	11.412167733412332	-37.034109703255645	-32.98918834707955	-60.28302997873144	-53.88826751308971	63.54110232998764	-66.10800790147566	
-55.93845576782473	4.543044846646661	35.299965449185635	8.279457816804396	-47.43728539815788	7.30216432405077	6.387647464648489	-2.4978580511913777	-61.053916327927716	-47.134047534393694	-21.076204893308002	12.480046289248591	-13.239633116261194	46.10823424370165	61.014115385365066	34.82547941991898	32.64838194076562	77.81668519674017	22.195828926483138	-74.08394653884073	-6.176524572378266	33.08377996609179	36.78536998066175	11.412167733412332	-37.034109703255645	-32.98918834707955	-60.28302997873144	-53.88826751308971	63.54110232998764	-66.10800790147566	
-55.93845576782473	4.543044846646661	35.299965449185635	8.279457816804396	-47.43728539815788	7.30216432405077	6.387647464648489	-2.4978580511913777	-61.053916327927716	-47.134047534393694	-21.076204893308002	12.480046289248591	-13.239633116261194	46.10823424370165	61.014115385365066	34.82547941991898	32.64838194076562	77.81668519674017	22.195828926483138	-74.08394653884073	-6.176524572378266	33.08377996609179	36.78536998066175	11.412167733412332	-37.034109703255645	-32.98918834707955	-60.28302997873144	-53.88826751308971	63.54110232998764	-66.10800790147566	
-55.93845576782473	4.543044846646661	35.299965449185635	8.279457816804396	-47.43728539815788	7.30216432405077	6.387647464648489	-2.4978580511913777	-61.053916327927716	-47.134047534393694	-21.076204893308002	12.480046289248591	-13.239633116261194	46.10823424370165	61.014115385365066	34.82547941991898	32.64838194076562	77.81668519674017	22.195828926483138	-74.08394653884073	-6.176524572378266	33.08377996609179	36.78536998066175	11.412167733412332	-37.034109703255645	-32.98918834707955	-60.28302997873144	-53.88826751308971	63.54110232998764	-66.10800790147566	
-55.93845576782473	4.543044846646661	35.299965449185635	8.279457816804396	-47.43728539815788	7.30216432405077	6.387647464648489	-2.4978580511913777	-61.053916327927716	-47.134047534393694	-21.076204893308002	12.480046289248591	-13.239633116261194	46.10823424370165	61.014115385365066	34.82547941991898	32.64838194076562	77.81668519674017	22.195828926483138	-74.08394653884073	-6.176524572378266	33.08377996609179	36.78536998066175	11.412167733412332	-37.034109703255645	-32.98918834707955	-60.28302997873144	-53.88826751308971	63.54110232998764	-66.10800790147566	
-55.93845576782473	4.543044846646661	35.299965449185635	8.279457816804396	-47.43728539815788	7.30216432405077	6.387647464648489	-2.4978580511913777	-61.053916327927716	-47.134047534393694	-21.076204893308002	12.480046289248591	-13.239633116261194	46.10823424370165	61.014115385365066	34.82547941991898	32.64838194076562	77.81668519674017	22.195828926483138	-74.08394653884073	-6.176524572378266	33.08377996609179	36.78536998066175	11.412167733412332	-37.034109703255645	-32.98918834707955	-60.28302997873144	-53.88826751308971	63.54110232998764	-66.10800790147566	
-55.93845576782473	4.543044846646661	35.299965449185635	8.279457816804396	-47.43728539815788	7.30216432405077	6.387647464648489	-2.4978580511913777	-61.053916327927716	-47.134047534393694	-21.076204893308002	12.480046289248591	-13.239633116261194	46.10823424370165	61.014115385365066	34.82547941991898	32.64838194076562	77.81668519674017	22.195828926483138	-74.08394653884073	-6.176524572378266	33.08377996609179	36.78536998066175	11.412167733412332	-37.034109703255645	-32.98918834707955	-60.28302997873144	-53.88826751308971	63.54110232998764	-66.10800790147566	
-55.93845576782473	4.543044846646661	35.299965449185635	8.279457816804396	-47.43728539815788	7.30216432405077	6.387647464648489	-2.4978580511913777	-61.053916327927716	-47.134047534393694	-21.076204893308002	12.480046289248591	-13.239633116261194	46.10823424370165	61.014115385365066	34.82547941991898	32.64838194076562	77.81668519674017	22.195828926483138	-74.08394653884073	-6.176524572378266	33.08377996609179	36.78536998066175	11.412167733412332	-37.034109703255645	-32.98918834707955	-60.28302997873144	-53.88826751308971	63.54110232998764	-66.10800790147566	
-55.93845576782473	4.543044846646661	35.299965449185635	8.279457816804396	-47.43728539815788	7.30216432405077	6.387647464648489	-2.4978580511913777	-61.053916327927716	-47.134047534393694	-21.076204893308002	12.480046289248591	-13.239633116261194	46.10823424370165	61.014115385365066	34.82547941991898	32.64838194076562	77.81668519674017	22.195828926483138	-74.08394653884073	-6.176524572378266	33.08377996609179	36.78536998066175	11.412167733412332	-37.034109703255645	-32.98918834707955	-60.28302997873144	-53.88826751308971	63.54110232998764	-66.10800790147566	
-55.93845576782473	4.543044846646661	35.299965449185635	8.279457816804396	-47.43728539815788	7.30216432405077	6.387647464648489	-2.4978580511913777	-61.053916327927716	-47.134047534393694	-21.076204893308002	12.480046289248591	-13.239633116261194	46.10823424370165	61.014115385365066	34.82547941991898	32.64838194076562	77.81668519674017	22.195828926483138	-74.08394653884073	-6.176524572378266	33.08377996609179	36.78536998066175	11.412167733412332	-37.034109703255645	-32.98918834707955	-60.28302997873144	-53.88826751308971	63.54110232998764	-66.10800790147566	
-55.93845576782473	4.543044846646661	35.299965449185635	8.279457816804396	-47.43728539815788	7.30216432405077	6.387647464648489	-2.4978580511913777	-61.053916327927716	-47.134047534393694	-21.076204893308002	12.480046289248591	-13.239633116261194	46.10823424370165	61.014115385365066	34.82547941991898	32.64838194076562	77.81668519674017	22.195828926483138	-74.08394653884073	-6.176524572378266	33.08377996609179	36.78536998066175	11.412167733412332	-37.034109703255645	-32.98918834707955	-60.28302997873144	-53.88826751308971	63.54110232998764	-66.10800790147566	
-55.93845576782473	4.543044846646661	35.299965449185635	8.279457816804396	-47.43728539815788	7.30216432405077	6.387647464648489	-2.4978580511913777	-61.053916327927716	-47.134047534393694	-21.076204893308002	12.480046289248591	-13.239633116261194	46.10823424370165	61.014115385365066	34.82547941991898	32.64838194076562	77.81668519674017	22.195828926483138	-74.08394653884073	-6.176524572378266	33.08377996609179	36.78536998066175	11.412167733412332	-37.034109703255645	-32.98918834707955	-60.28302997873144	-53.88826751308971	63.54110232998764	-66.10800790147566	
-55.93845576782473	4.543044846646661	35.299965449185635	8.279457816804396	-47.43728539815788	7.30216432405077	6.387647464648489	-2.4978580511913777	-61.053916327927716	-47.134047534393694	-21.076204893308002	12.480046289248591	-13.239633116261194	46.10823424370165	61.014115385365066	34.82547941991898	32.64838194076562	77.81668519674017	22.195828926483138	-74.08394653884073	-6.176524572378266	33.08377996609179	36.78536998066175	11.412167733412332	-37.034109703255645	-32.98918834707955	-60.28302997873144	-53.88826751308971	63.54110232998764	-66.10800790147566	
-55.93845576782473	4.543044846646661	35.299965449185635	8.279457816804396	-47.43728539815788	7.30216432405077	6.387647464648489	-2.4978580511913777	-61.053916327927716	-47.134047534393694	-21.076204893308002	12.480046289248591	-13.239633116261194	46.10823424370165	61.014115385365066	34.82547941991898	32.64838194076562	77.81668519674017	22.195828926483138	-74.08394653884073	-6.176524572378266	33.08377996609179	36.78536998066175	11.412167733412332	-37.034109703255645	-32.98918834707955	-60.28302997873144	-53.88826751308971	63.54110232998764	-66.10800790147566	
-55.93845576782473	4.543044846646661	35.299965449185635	8.279457816804396	-47.43728539815788	7.30216432405077	6.387647464648489	-2.4978580511913777	-61.053916327927716	-47.134047534393694	-21.076204893308002	12.480046289248591	-13.239633116261194	46.10823424370165	61.014115385365066	34.82547941991898	32.64838194076562	77.81668519674017	22.195828926483138	-74.08394653884073	-6.176524572378266	33.08377996609179	36.78536998066175	11.412167733412332	-37.034109703255645	-32.98918834707955	-60.28302997873144	-53.88826751308971	63.54110232998764	-66.10800790147566	
-55.93845576782473	4.543044846646661	35.299965449185635	8.279457816804396	-47.43728539815788	7.30216432405077	6.387647464648489	-2.4978580511913777	-61.053916327927716	-47.134047534393694	-21.076204893308002	12.480046289248591	-13.239633116261194	46.10823424370165	61.014115385365066	34.82547941991898	32.64838194076562	77.81668519674017	22.195828926483138	-74.08394653884073	-6.176524572378266	33.08377996609179	36.78536998066175	11.412167733412332	-37.034109703255645	-32.98918834707955	-60.28302997873144	-53.88826751308971	63.54110232998764	-66.10800790147566	
-55.93845576782473	4.543044846646661	35.299965449185635	8.279457816804396	-47.43728539815788	7.30216432405077	6.387647464648489	-2.4978580511913777	-61.053916327927716	-47.134047534393694	-21.076204893308002	12.480046289248591	-13.239633116261194	46.10823424370165	61.014115385365066	34.82547941991898	32.64838194076562	77.81668519674017	22.195828926483138	-74.08394653884073	-6.176524572378266	33.08377996609179	36.78536998066175	11.412167733412332	-37.034109703255645	-32.98918834707955	-60.28302997873144	-53.88826751308971	63.54110232998764	-66.10800790147566	
-55.93845576782473	4.543044846646661	35.299965449185635	8.279457816804396	-47.43728539815788	7.30216432405077	6.387647464648489	-2.4978580511913777	-61.053916327927716	-47.134047534393694	-21.076204893308002	12.480046289248591	-13.239633116261194	46.10823424370165	61.014115385365066	34.82547941991898	32.64838194076562	77.81668519674017	22.195828926483138	-74.08394653884073	-6.176524572378266	33.08377996609179	36.78536998066175	11.412167733412332	-37.034109703255645	-32.98918834707955	-60.28302997873144	-53.88826751308971	63.54110232998764	-66.10800790147566	
-55.93845576782473	4.543044846646661	35.299965449185635	8.279457816804396	-47.43728539815788	7.30216432405077	6.387647464648489	-2.4978580511913777	-61.053916327927716	-47.134047534393694	-21.076204893308002	12.480046289248591	-13.239633116261194	46.10823424370165	61.014115385365066	34.82547941991898	32.64838194076562	77.81668519674017	22.195828926483138	-74.08394653884073	-6.176524572378266	33.08377996609179	36.78536998066175	11.412167733412332	-37.034109703255645	-32.98918834707955	-60.28302997873144	-53.88826751308971	63.54110232998764	-66.10800790147566	
-55.93845576782473	4.543044846646661	35.299965449185635	8.279457816804396	-47.43728539815788	7.30216432405077	6.387647464648489	-2.4978580511913777	-61.053916327927716	-47.134047534393694	-21.076204893308002	12.480046289248591	-13.239633116261194	46.10823424370165	61.014115385365066	34.82547941991898	32.64838194076562	77.81668519674017	22.195828926483138	-74.08394653884073	-6.176524572378266	33.08377996609179	36.78536998066175	11.412167733412332	-37.034109703255645	-32.98918834707955	-60.28302997873144	-53.88826751308971	63.54110232998764	-66.10800790147566	
-55.93845576782473	4.543044846646661	35.299965449185635	8.279457816804396	-47.43728539815788	7.30216432405077	6.387647464648489	-2.4978580511913777	-61.053916327927716	-47.134047534393694	-21.076204893308002	12.480046289248591	-13.239633116261194	46.10823424370165	61.014115385365066	34.82547941991898	32.64838194076562	77.81668519674017	22.195828926483138	-74.08394653884073	-6.176524572378266	33.08377996609179	36.78536998066175	11.412167733412332	-37.034109703255645	-32.98918834707955	-60.28302997873144	-53.88826751308971	63.54110232998764	-66.10800790147566	
-55.93845576782473	4.543044846646661	35.299965449185635	8.279457816804396	-47.43728539815788	7.30216432405077	6.387647464648489	-2.4978580511913777	-61.053916327927716	-47.134047534393694	-21.076204893308002	12.480046289248591	-13.239633116261194	46.10823424370165	61.014115385365066	34.82547941991898	32.64838194076562	77.81668519674017	22.195828926483138	-74.08394653884073	-6.176524572378266	33.08377996609179	36.78536998066175	11.412167733412332	-37.034109703255645	-32.98918834707955	-60.28302997873144	-53.88826751308971	63.54110232998764	-66.10800790147566	
-55.93845576782473	4.543044846646661	35.299965449185635	8.279457816804396	-47.43728539815788	7.30216432405077	6.387647464648489	-2.4978580511913777	-61.053916327927716	-47.134047534393694	-21.076204893308002	12.480046289248591	-13.239633116261194	46.10823424370165	61.014115385365066	34.82547941991898	32.64838194076562	77.81668519674017	22.195828926483138	-74.08394653884073	-6.176524572378266	33.08377996609179	36.78536998066175	11.412167733412332	-37.034109703255645	-32.98918834707955	-60.28302997873144	-53.88826751308971	63.54110232998764	-66.10800790147566	
-55.93845576782473	4.543044846646661	35.299965449185635	8.279457816804396	-47.43728539815788	7.30216432405077	6.387647464648489	-2.4978580511913777	-61.053916327927716	-47.134047534393694	-21.076204893308002	12.480046289248591	-13.239633116261194	46.10823424370165	61.014115385365066	34.82547941991898	32.64838194076562	77.81668519674017	22.195828926483138	-74.08394653884073	-6.176524572378266	33.08377996609179	36.78536998066175	11.412167733412332	-37.034109703255645	-32.98918834707955	-60.28302997873144	-53.88826751308971	63.54110232998764	-66.10800790147566	
-55.93845576782473	4.543044846646661	35.299965449185635	8.279457816804396	-47.43728539815788	7.30216432405077	6.387647464648489	-2.4978580511913777	-61.053916327927716	-47.134047534393694	-21.076204893308002	12.480046289248591	-13.239633116261194	46.10823424370165	61.014115385365066	34.82547941991898	32.64838194076562	77.81668519674017	22.195828926483138	-74.08394653884073	-6.176524572378266	33.08377996609179	36.78536998066175	11.412167733412332	-37.034109703255645	-32.98918834707955	-60.28302997873144	-53.88826751308971	63.54110232998764	-66.10800790147566	
-55.93845576782473	4.543044846646661	35.299965449185635	8.279457816804396	-47.43728539815788	7.30216432405077	6.387647464648489	-2.4978580511913777	-61.053916327927716	-47.134047534393694	-21.076204893308002	12.480046289248591	-13.239633116261194	46.10823424370165	61.014115385365066	34.82547941991898	32.64838194076562	77.81668519674017	22.195828926483138	-74.08394653884073	-6.176524572378266	33.08377996609179	36.78536998066175	11.412167733412332	-37.034109703255645	-32.98918834707955	-60.28302997873144	-53.88826751308971	63.54110232998764	-66.10800790147566	
-55.93845576782473	4.543044846646661	35.299965449185635	8.279457816804396	-47.43728539815788	7.30216432405077	6.387647464648489	-2.4978580511913777	-61.053916327927716	-47.134047534393694	-21.076204893308002	12.480046289248591	-13.239633116261194	46.10823424370165	61.014115385365066	34.82547941991898	32.64838194076562	77.81668519674017	22.195828926483138	-74.08394653884073	-6.176524572378266	33.08377996609179	36.78536998066175	11.412167733412332	-37.034109703255645	-32.98918834707955	-60.28302997873144	-53.88826751308971	63.54110232998764	-66.10800790147566	
-55.93845576782473	4.543044846646661	35.299965449185635	8.279457816804396	-47.43728539815788	7.30216432405077	6.387647464648489	-2.4978580511913777	-61.053916327927716	-47.134047534393694	-21.076204893308002	12.480046289248591	-13.239633116261194	46.10823424370165	61.014115385365066	34.82547941991898	32.64838194076562	77.81668519674017	22.195828926483138	-74.08394653884073	-6.176524572378266	33.08377996609179	36.78536998066175	11.412167733412332	-37.034109703255645	-32.98918834707955	-60.28302997873144	-53.88826751308971	63.54110232998764	-66.10800790147566	
-55.93845576782473	4.543044846646661	35.299965449185635	8.279457816804396	-47.43728539815788	7.30216432405077	6.387647464648489	-2.4978580511913777	-61.053916327927716	-47.134047534393694	-21.076204893308002	12.480046289248591	-13.239633116261194	46.10823424370165	61.014115385365066	34.82547941991898	32.64838194076562	77.81668519674017	22.195828926483138	-74.08394653884073	-6.176524572378266	33.08377996609179	36.78536998066175	11.412167733412332	-37.034109703255645	-32.98918834707955	-60.28302997873144	-53.88826751308971	63.54110232998764	-66.10800790147566	
-55.93845576782473	4.543044846646661	35.299965449185635	8.279457816804396	-47.43728539815788	7.30216432405077	6.387647464648489	-2.4978580511913777	-61.053916327927716	-47.134047534393694	-21.076204893308002	12.480046289248591	-13.239633116261194	46.10823424370165	61.014115385365066	34.82547941991898	32.64838194076562	77.81668519674017	22.195828926483138	-74.08394653884073	-6.176524572378266	33.08377996609179	36.78536998066175	11.412167733412332	-37.034109703255645	-32.98918834707955	-60.28302997873144	-53.88826751308971	63.54110232998764	-66.10800790147566	
-55.93845576782473	4.543044846646661	35.299965449185635	8.279457816804396	-47.43728539815788	7.30216432405077	6.387647464648489	-2.4978580511913777	-61.053916327927716	-47.134047534393694	-21.076204893308002	12.480046289248591	-13.239633116261194	46.10823424370165	61.014115385365066	34.82547941991898	32.64838194076562	77.81668519674017	22.195828926483138	-74.08394653884073	-6.176524572378266	33.08377996609179	36.78536998066175	11.412167733412332	-37.034109703255645	-32.98918834707955	-60.28302997873144	-53.88826751308971	63.54110232998764	-66.10800790147566	
-55.93845576782473	4.543044846646661	35.299965449185635	8.279457816804396	-47.43728539815788	7.30216432405077	6.387647464648489	-2.4978580511913777	-61.053916327927716	-47.134047534393694	-21.076204893308002	12.480046289248591	-13.239633116261194	46.10823424370165	61.014115385365066	34.82547941991898	32.64838194076562	77.81668519674017	22.195828926483138	-74.08394653884073	-6.176524572378266	33.08377996609179	36.78536998066175	11.412167733412332	-37.034109703255645	-32.98918834707955	-60.28302997873144	-53.88826751308971	63.54110232998764	-66.10800790147566	
-55.93845576782473	4.543044846646661	35.299965449185635	8.279457816804396	-47.43728539815788	7.30216432405077	6.387647464648489	-2.4978580511913777	-61.053916327927716	-47.134047534393694	-21.076204893308002	12.480046289248591	-13.239633116261194	46.10823424370165	61.014115385365066	34.82547941991898	32.64838194076562	77.81668519674017	22.195828926483138	-74.08394653884073	-6.176524572378266	33.08377996609179	36.78536998066175	11.412167733412332	-37.034109703255645	-32.98918834707955	-60.28302997873144	-53.88826751308971	63.54110232998764	-66.10800790147566	
-55.93845576782473	4.543044846646661	35.299965449185635	8.279457816804396	-47.43728539815788	7.30216432405077	6.387647464648489	-2.4978580511913777	-61.053916327927716	-47.134047534393694	-21.076204893308002	12.480046289248591	-13.239633116261194	46.10823424370165	61.014115385365066	34.82547941991898	32.64838194076562	77.81668519674017	22.195828926483138	-74.08394653884073	-6.176524572378266	33.08377996609179	36.78536998066175	11.412167733412332	-37.034109703255645	-32.98918834707955	-60.28302997873144	-53.88826751308971	63.54110232998764	-66.10800790147566	
-55.93845576782473	4.543044846646661	35.299965449185635	8.279457816804396	-47.43728539815788	7.30216432405077	6.387647464648489	-2.4978580511913777	-61.053916327927716	-47.134047534393694	-21.076204893308002	12.480046289248591	-13.239633116261194	46.10823424370165	61.014115385365066	34.82547941991898	32.64838194076562	77.81668519674017	22.195828926483138	-74.08394653884073	-6.176524572378266	33.08377996609179	36.78536998066175	11.412167733412332	-37.034109703255645	-32.98918834707955	-60.28302997873144	-53.88826751308971	63.54110232998764	-66.10800790147566	
-55.93845576782473	4.543044846646661	35.299965449185635	8.279457816804396	-47.43728539815788	7.30216432405077	6.387647464648489	-2.4978580511913777	-61.053916327927716	-47.134047534393694	-21.076204893308002	12.480046289248591	-13.239633116261194	46.10823424370165	61.014115385365066	34.82547941991898	32.64838194076562	77.81668519674017	22.195828926483138	-74.08394653884073	-6.176524572378266	33.08377996609179	36.78536998066175	11.412167733412332	-37.034109703255645	-32.98918834707955	-60.28302997873144	-53.88826751308971	63.54110232998764	-66.10800790147566	
