300	340203.7790769281
618	340203.7790769281
933	202970.00566715852
1241	202970.00566715852
1551	202970.00566715852
1861	202970.00566715852
2169	202970.00566715852
2476	202970.00566715852
2782	202970.00566715852
3091	150828.8534828143
3400	150828.8534828143
3706	150828.8534828143
4014	150828.8534828143
4321	150828.8534828143
4627	150828.8534828143
4935	150828.8534828143
5242	150828.8534828143
5550	150828.8534828143
5859	150828.8534828143
6166	150828.8534828143
6472	150828.8534828143
6779	150828.8534828143
7087	150828.8534828143
7396	150828.8534828143
7703	150828.8534828143
8014	150828.8534828143
8325	150828.8534828143
8636	150828.8534828143
8945	150828.8534828143
9252	150828.8534828143
72227	300.000070306939
78392	300.0000001730202
116640	300.00000016928067
116951	300.00000016928067
117261	300.00000016928067
117569	300.00000016928067
117878	300.00000016928067
118185	300.00000016928067
118495	300.00000016928067
118806	300.00000016928067
119114	300.00000016928067
119425	300.00000016928067
119733	300.00000016928067
120039	300.00000016928067
120348	300.00000016928067
120656	300.00000016928067
120966	300.00000016928067
121279	300.00000016928067
121592	300.00000016928067
121899	300.00000016928067
122208	300.00000016928067
158067	300.00000016928067
158377	300.00000016928067
158687	300.00000016928067
158996	300.00000016928067
159306	300.00000016928067
159615	300.00000016928067
159921	300.00000016928067
160227	300.00000016928067
160534	300.00000016928067
160842	300.00000016928067
161149	300.00000016928067
161458	300.00000016928067
161766	300.00000016928067
162076	300.00000016928067
162384	300.00000016928067
162693	300.00000016928067
163002	300.00000016928067
163314	300.00000016928067
163623	300.00000016928067
163930	300.00000016928067
199229	300.00000016928067
199537	300.00000016928067
199848	300.00000016928067
200159	300.00000016928067
200471	300.00000016928067
200784	300.00000016928067
201095	300.00000016928067
201404	300.00000016928067
201713	300.00000016928067
202022	300.00000016928067
202330	300.00000016928067
202636	300.00000016928067
202943	300.00000016928067
203250	300.00000016928067
203558	300.00000016928067
203868	300.00000016928067
204177	300.00000016928067
204483	300.00000016928067
204791	300.00000016928067
205100	300.00000016928067
240989	300.00000016928067
241298	300.00000016928067
241606	300.00000016928067
241915	300.00000016928067
242222	300.00000016928067
242529	300.00000016928067
242838	300.00000016928067
243147	300.00000016928067
243456	300.00000016928067
243767	300.00000016928067
244078	300.00000016928067
244388	300.00000016928067
244698	300.00000016928067
245007	300.00000016928067
245316	300.00000016928067
245624	300.00000016928067
245933	300.00000016928067
246243	300.00000016928067
246551	300.00000016928067
246858	300.00000016928067
282498	300.00000016928067
282807	300.00000016928067
283114	300.00000016928067
283420	300.00000016928067
283730	300.00000016928067
284037	300.00000016928067
284347	300.00000016928067
284657	300.00000016928067
284964	300.00000016928067
285271	300.00000016928067
285577	300.00000016928067
285887	300.00000016928067
286196	300.00000016928067
286507	300.00000016928067
286813	300.00000016928067
287124	300.00000016928067
287433	300.00000016928067
287741	300.00000016928067
288054	300.00000016928067
288365	300.00000016928067
291744	300.00000012305634
326951	300.000000121707
