300	707506.5348407188
620	259845.4304957926
938	259845.4304957926
1247	259845.4304957926
1557	259845.4304957926
1867	259845.4304957926
2177	259845.4304957926
2486	259845.4304957926
2795	259845.4304957926
3103	170923.06897258965
3413	170923.06897258965
3721	170923.06897258965
4027	170923.06897258965
4335	170923.06897258965
4641	170923.06897258965
4948	170923.06897258965
5254	170923.06897258965
5561	170923.06897258965
5867	170923.06897258965
6174	170923.06897258965
6482	170923.06897258965
6790	170923.06897258965
7098	170923.06897258965
7408	170923.06897258965
7718	170923.06897258965
8027	170923.06897258965
8335	170923.06897258965
8643	170923.06897258965
8951	170923.06897258965
9260	170923.06897258965
74870	300.0000010375226
110758	300.0000010315488
111067	300.0000010315488
111374	300.0000010315488
111682	300.0000010315488
111990	300.0000010315488
112297	300.0000010315488
112604	300.0000010315488
112910	300.0000010315488
113216	300.0000010315488
113523	300.0000010315488
113833	300.0000010315488
114144	300.0000010315488
114454	300.0000010315488
114764	300.0000010315488
115073	300.0000010315488
115382	300.0000010315488
115692	300.0000010315488
115998	300.0000010315488
116308	300.0000010315488
116618	300.0000010315488
151452	300.0000010315488
151763	300.0000010315488
152071	300.0000010315488
152380	300.0000010315488
152687	300.0000010315488
152996	300.0000010315488
153305	300.0000010315488
153614	300.0000010315488
153922	300.0000010315488
154230	300.0000010315488
154538	300.0000010315488
154847	300.0000010315488
155154	300.0000010315488
155463	300.0000010315488
155772	300.0000010315488
156080	300.0000010315488
156389	300.0000010315488
156697	300.0000010315488
157004	300.0000010315488
157311	300.0000010315488
192890	300.0000010315488
193198	300.0000010315488
193506	300.0000010315488
193814	300.0000010315488
194122	300.0000010315488
194429	300.0000010315488
194736	300.0000010315488
195046	300.0000010315488
195356	300.0000010315488
195666	300.0000010315488
195975	300.0000010315488
196284	300.0000010315488
196595	300.0000010315488
196904	300.0000010315488
197212	300.0000010315488
197518	300.0000010315488
197825	300.0000010315488
198133	300.0000010315488
198441	300.0000010315488
198748	300.0000010315488
234295	300.0000010315488
234603	300.0000010315488
234911	300.0000010315488
235222	300.0000010315488
235532	300.0000010315488
235840	300.0000010315488
236148	300.0000010315488
236457	300.0000010315488
236768	300.0000010315488
237077	300.0000010315488
237388	300.0000010315488
237696	300.0000010315488
238004	300.0000010315488
238316	300.0000010315488
238625	300.0000010315488
238935	300.0000010315488
239242	300.0000010315488
239551	300.0000010315488
239861	300.0000010315488
240167	300.0000010315488
273326	300.0000010315488
273633	300.0000010315488
273942	300.0000010315488
274248	300.0000010315488
274556	300.0000010315488
274865	300.0000010315488
275175	300.0000010315488
275483	300.0000010315488
275791	300.0000010315488
276100	300.0000010315488
276407	300.0000010315488
276716	300.0000010315488
277024	300.0000010315488
277331	300.0000010315488
277638	300.0000010315488
277947	300.0000010315488
278258	300.0000010315488
278566	300.0000010315488
278877	300.0000010315488
279186	300.0000010315488
314147	300.0000010315488
