500	220776221.50513348
1082	81757617.56516932
1658	24429338.180615596
2221	24429338.180615596
2783	24429338.180615596
3345	24429338.180615596
3901	23843329.545716323
4461	23843329.545716323
5018	23843329.545716323
5571	23843329.545716323
6128	15144154.2903268
6684	12032076.05498748
7237	12032076.05498748
7793	12032076.05498748
8351	12032076.05498748
8903	12032076.05498748
9460	5432100.690336468
10014	5432100.690336468
10568	5432100.690336468
11122	5432100.690336468
11677	5432100.690336468
12231	5432100.690336468
12786	5432100.690336468
13344	5432100.690336468
13899	5432100.690336468
14452	5432100.690336468
15006	5432100.690336468
15560	5432100.690336468
16116	5432100.690336468
16671	5432100.690336468
17223	5432100.690336468
17777	5432100.690336468
18333	5432100.690336468
18888	5432100.690336468
19445	5432100.690336468
19999	5432100.690336468
20553	5432100.690336468
135339	1864.4556815733533
215984	1785.5310576779466
216538	1785.5310576779466
217095	1785.5310576779466
217651	1785.5310576779466
218207	1785.5310576779466
218765	1785.5310576779466
219321	1785.5310576779466
219877	1785.5310576779466
220432	1785.5310576779466
220986	1785.5310576779466
221540	1785.5310576779466
222095	1785.5310576779466
222654	1785.5310576779466
223208	1785.5310576779466
223765	1785.5310576779466
224319	1785.5310576779466
224873	1785.5310576779466
225433	1785.5310576779466
225994	1785.5310576779466
226549	1785.5310576779466
227110	1785.5310576779466
227668	1785.5310576779466
228229	1785.5310576779466
293834	1785.5310576779466
294393	1785.5310576779466
294950	1785.5310576779466
295506	1785.5310576779466
296062	1785.5310576779466
296617	1785.5310576779466
297173	1785.5310576779466
297728	1785.5310576779466
298282	1785.5310576779466
298835	1785.5310576779466
299390	1785.5310576779466
299949	1785.5310576779466
300507	1785.5310576779466
301060	1785.5310576779466
301614	1785.5310576779466
302166	1785.5310576779466
302719	1785.5310576779466
303274	1785.5310576779466
303831	1785.5310576779466
304385	1785.5310576779466
369984	1785.5310576779466
370538	1785.5310576779466
371095	1785.5310576779466
371654	1785.5310576779466
372209	1785.5310576779466
372765	1785.5310576779466
373321	1785.5310576779466
373878	1785.5310576779466
374435	1785.5310576779466
374995	1785.5310576779466
375555	1785.5310576779466
376112	1785.5310576779466
376668	1785.5310576779466
377227	1785.5310576779466
377784	1785.5310576779466
378338	1785.5310576779466
378892	1785.5310576779466
379446	1785.5310576779466
380002	1785.5310576779466
380563	1785.5310576779466
445027	1785.5310576779466
445581	1785.5310576779466
446137	1785.5310576779466
446693	1785.5310576779466
447253	1785.5310576779466
447811	1785.5310576779466
448369	1785.5310576779466
448924	1785.5310576779466
449480	1785.5310576779466
450035	1785.5310576779466
515634	1785.5310576779466
