500	179736797.24755213
1083	48544460.43973441
1659	17772753.102067687
2234	9194635.032402813
2806	7750071.832264822
3377	7750071.832264822
3950	2996819.1501468197
4517	2996819.1501468197
5082	2779974.258269466
5644	2581244.5687273243
6204	2581244.5687273243
6765	2581244.5687273243
7322	2581244.5687273243
7879	1867267.5702188862
8437	1647279.0398801777
8995	1011089.0631849787
9554	1011089.0631849787
10110	1011089.0631849787
10665	819560.466538572
11223	819560.466538572
11781	819560.466538572
12339	819560.466538572
12896	586601.9422823834
13452	586601.9422823834
14008	586601.9422823834
14563	586601.9422823834
15118	586601.9422823834
15677	315230.50640190125
16234	315230.50640190125
16794	315230.50640190125
17355	315230.50640190125
17912	315230.50640190125
18468	315230.50640190125
19023	315230.50640190125
19578	315230.50640190125
20133	315230.50640190125
20687	315230.50640190125
21243	315230.50640190125
21797	315230.50640190125
22352	315230.50640190125
22905	315230.50640190125
23460	315230.50640190125
137536	1861.769671992238
168234	1744.2651184456342
229565	1658.5220542818336
230120	1658.5220542818336
230674	1658.5220542818336
231227	1658.5220542818336
231780	1658.5220542818336
232335	1658.5220542818336
232890	1658.5220542818336
233447	1658.5220542818336
234004	1658.5220542818336
234562	1658.5220542818336
235118	1658.5220542818336
235674	1658.5220542818336
236229	1658.5220542818336
236784	1658.5220542818336
237341	1658.5220542818336
237900	1658.5220542818336
238455	1658.5220542818336
239010	1658.5220542818336
239566	1658.5220542818336
240126	1658.5220542818336
240687	1658.5220542818336
241251	1658.5220542818336
241814	1658.5220542818336
242377	1658.5220542818336
242938	1658.5220542818336
243498	1658.5220542818336
244057	1658.5220542818336
292357	1658.5220542818336
292914	1658.5220542818336
293472	1658.5220542818336
294029	1658.5220542818336
294592	1658.5220542818336
295155	1658.5220542818336
295715	1658.5220542818336
296273	1658.5220542818336
296832	1658.5220542818336
297389	1658.5220542818336
362992	1658.5220542818336
363550	1658.5220542818336
364109	1658.5220542818336
364667	1658.5220542818336
365224	1658.5220542818336
365780	1658.5220542818336
366339	1658.5220542818336
366897	1658.5220542818336
367452	1658.5220542818336
368012	1658.5220542818336
368568	1658.5220542818336
369123	1658.5220542818336
369679	1658.5220542818336
370237	1658.5220542818336
370796	1658.5220542818336
371352	1658.5220542818336
371908	1658.5220542818336
372462	1658.5220542818336
373018	1658.5220542818336
373572	1658.5220542818336
420200	1658.5220542818336
420757	1658.5220542818336
421314	1658.5220542818336
421871	1658.5220542818336
422426	1658.5220542818336
422983	1658.5220542818336
423540	1658.5220542818336
424097	1658.5220542818336
424657	1658.5220542818336
425214	1658.5220542818336
425774	1658.5220542818336
426332	1658.5220542818336
426894	1658.5220542818336
427452	1658.5220542818336
428013	1658.5220542818336
428572	1658.5220542818336
429130	1658.5220542818336
429691	1658.5220542818336
430250	1658.5220542818336
430808	1658.5220542818336
450489	1658.5220542818336
451046	1658.5220542818336
451604	1658.5220542818336
452165	1658.5220542818336
452723	1658.5220542818336
453280	1658.5220542818336
453839	1658.5220542818336
454394	1658.5220542818336
454956	1658.5220542818336
455517	1658.5220542818336
456077	1658.5220542818336
456637	1658.5220542818336
457194	1658.5220542818336
457752	1658.5220542818336
458312	1658.5220542818336
458868	1658.5220542818336
459427	1658.5220542818336
459988	1658.5220542818336
460546	1658.5220542818336
461106	1658.5220542818336
495599	1653.5924653025272
521333	1645.1221401362484
