500	285815957.37586224
1088	63160930.43940808
1669	16253848.423604967
2245	16253848.423604967
2816	16253848.423604967
3390	7731481.096976452
3957	7731481.096976452
4521	5652217.956985817
5086	5652217.956985817
5654	3354683.4169195755
6221	2855956.316903714
6785	1535354.2063688417
7347	1514898.6552828345
7909	1514898.6552828345
8471	1514898.6552828345
9030	839030.1782397132
9588	839030.1782397132
10146	839030.1782397132
10704	825524.2423313073
11263	329390.709670946
11824	329390.709670946
12384	329390.709670946
12941	329390.709670946
13495	329390.709670946
14053	266371.6822505795
14608	266371.6822505795
15163	266371.6822505795
15720	266371.6822505795
16276	266371.6822505795
16829	266371.6822505795
17386	266371.6822505795
17939	266371.6822505795
18495	266371.6822505795
19055	266371.6822505795
19613	266371.6822505795
20168	193563.86096337432
20725	193563.86096337432
21283	193563.86096337432
21842	193563.86096337432
22396	193563.86096337432
22953	193563.86096337432
23507	193563.86096337432
24066	193563.86096337432
24622	193563.86096337432
25179	193563.86096337432
140782	1801.4874038002706
221479	1712.672804521826
222036	1712.672804521826
222593	1712.672804521826
223146	1712.672804521826
223698	1712.672804521826
224254	1712.672804521826
224808	1712.672804521826
225363	1712.672804521826
225918	1712.672804521826
226472	1712.672804521826
227026	1712.672804521826
227579	1712.672804521826
228133	1712.672804521826
228690	1712.672804521826
229245	1712.672804521826
229801	1712.672804521826
230362	1712.672804521826
230919	1712.672804521826
231474	1712.672804521826
232029	1712.672804521826
232588	1712.672804521826
233148	1712.672804521826
233710	1712.672804521826
234271	1712.672804521826
234833	1712.672804521826
250440	1663.3776278782038
331088	1599.5245046129107
331648	1599.5245046129107
332208	1599.5245046129107
332768	1599.5245046129107
333323	1599.5245046129107
333885	1599.5245046129107
334445	1599.5245046129107
335001	1599.5245046129107
335557	1599.5245046129107
336116	1599.5245046129107
336672	1599.5245046129107
337230	1599.5245046129107
337789	1599.5245046129107
338346	1599.5245046129107
338904	1599.5245046129107
339460	1599.5245046129107
340017	1599.5245046129107
340574	1599.5245046129107
341131	1599.5245046129107
381950	1599.5245046129107
382507	1599.5245046129107
383065	1599.5245046129107
383624	1599.5245046129107
384182	1599.5245046129107
384737	1599.5245046129107
385293	1599.5245046129107
385849	1599.5245046129107
386407	1599.5245046129107
386969	1599.5245046129107
387525	1599.5245046129107
388085	1599.5245046129107
388643	1599.5245046129107
389199	1599.5245046129107
389757	1599.5245046129107
390315	1599.5245046129107
390875	1599.5245046129107
391438	1599.5245046129107
391995	1599.5245046129107
392552	1599.5245046129107
458207	1599.5245046129107
458765	1599.5245046129107
459320	1599.5245046129107
459874	1599.5245046129107
460430	1599.5245046129107
460987	1599.5245046129107
461542	1599.5245046129107
462096	1599.5245046129107
462651	1599.5245046129107
463207	1599.5245046129107
463763	1599.5245046129107
464321	1599.5245046129107
464880	1599.5245046129107
465440	1599.5245046129107
466000	1599.5245046129107
466561	1599.5245046129107
467127	1599.5245046129107
467688	1599.5245046129107
468250	1599.5245046129107
468810	1599.5245046129107
534416	1599.5245046129107
