500	86624.20491096884
37127	1762.9511868334548
48301	1193.9799977055163
49448	1193.9687191388834
50588	1193.9653750165398
51727	1193.964049598133
52867	1193.9633220392002
54008	1193.9627838799827
55157	1193.9623138848729
56299	1193.9618730659222
57438	1193.9614469861149
58583	1193.9610289153227
59733	1193.9606153610114
60883	1193.960204337421
62026	1193.9597947199882
63178	1193.9593859087643
64325	1193.9589776157509
65474	1193.9585697276232
66627	1193.9581622203589
67774	1193.9577551090713
68926	1193.9573484205832
70079	1193.9569421798935
71233	1193.9565364046334
72393	1193.956131103786
73548	1193.9557262771984
74706	1193.955321915086
75861	1193.9549180069764
77017	1193.9545145403642
78176	1193.9541115006728
79335	1193.9537088723669
80486	1193.9533066397096
81640	1193.9529047872732
82791	1193.9525033002915
83943	1193.9521021648552
85096	1193.9517013680188
86245	1193.951300897846
87392	1193.9509007434172
88534	1193.9505008947879
89678	1193.9501013429403
90818	1193.9497020797355
91961	1193.9493030978294
93106	1193.94890439062
94252	1193.948505952185
95396	1193.948107777208
96540	1193.9477098609336
97682	1193.9473121991025
98821	1193.9469147879083
99956	1193.9465176239544
101093	1193.9461207042007
102233	1193.945724025939
103371	1193.9453275867522
104504	1193.944931384489
105639	1193.9445354172274
106777	1193.9441396832603
107907	1193.9437441810671
109043	1193.9433489104813
110174	1193.942953874017
111307	1193.94255907424
112441	1193.9421645117188
113574	1193.9417701862503
114708	1193.9413760973719
115843	1193.9409822445518
116978	1193.9405886272637
118116	1193.9401952450125
119249	1193.9398020973472
120382	1193.9394091838556
121516	1193.9390165041727
122652	1193.9386239999812
123790	1193.9382316099752
124927	1193.937839403185
126062	1193.9374474081937
127196	1193.937055636783
128337	1193.936664093368
129471	1193.9362727801138
130603	1193.935881698014
131745	1193.9354908475082
132886	1193.9351002287794
134029	1193.9347098418798
135176	1193.934319686805
136317	1193.933929763528
137455	1193.9335400720092
138594	1193.9331506122087
139737	1193.93276138409
140878	1193.932372387621
142020	1193.9319836227694
143161	1193.9315950895084
144303	1193.93120678782
145451	1193.9308187176853
146593	1193.9304308790852
147737	1193.9300432720104
148886	1193.9296558389046
150029	1193.929268519023
151168	1193.9288813813403
152312	1193.9284944543713
153460	1193.9281077500182
154605	1193.9277212728382
155755	1193.9273350251362
156907	1193.9269490080317
158058	1193.9265632220822
159213	1193.9261776675692
160363	1193.9257923446394
161512	1193.9254072533688
162667	1193.9250223935253
163818	1193.9246377624418
164969	1193.9242533555155
166122	1193.9238691708408
167278	1193.9234852076165
168443	1193.9231014655095
169604	1193.9227179443603
170771	1193.922334644102
171938	1193.921951564713
173102	1193.9215687061926
174272	1193.9211860685489
175430	1193.9208036517987
176596	1193.9204214559613
177755	1193.920039481056
178919	1193.9196577271018
180082	1193.919276194121
181247	1193.918894882135
182411	1193.9185137911636
183585	1193.9181329212295
184740	1193.9177522723517
185900	1193.9173718445509
187062	1193.9169916378469
188221	1193.916611652262
189389	1193.9162318878166
190556	1193.9158523445292
191724	1193.9154730224209
192892	1193.915093921511
194060	1193.9147150418196
195228	1193.9143363833664
196395	1193.9139579461691
197566	1193.913579730248
198727	1193.9132017356242
199897	1193.9128239623133
201068	1193.9124464103324
202237	1193.9120690797056
203403	1193.9116919704506
204581	1193.9113150825829
205757	1193.9109384161225
206925	1193.9105619710879
208085	1193.9101857474932
209250	1193.909809779549
210406	1193.909434055662
211569	1193.909058513696
212734	1193.908683176823
213894	1193.9083080491243
215057	1193.9079331348207
216214	1193.9075584362238
217377	1193.9071839546154
218545	1193.9068096875937
219714	1193.9064356339434
220886	1193.9060617936639
222067	1193.9056881669228
223242	1193.9053147539164
224414	1193.9049415548486
225581	1193.9045685699205
226756	1193.904195799331
227934	1193.9038232432692
229103	1193.9034509019257
230278	1193.9030787754891
231453	1193.9027068641483
232622	1193.9023351680853
233782	1193.9019638567563
234940	1193.9015927966548
236104	1193.9012217308477
237272	1193.900850951369
238438	1193.9004803608361
239594	1193.900109976981
240763	1193.899739804101
241929	1193.899369844727
243089	1193.8990001000104
244257	1193.8986305707288
245415	1193.8982612573907
246575	1193.8978921603662
247749	1193.8975232799332
248911	1193.897154616325
250093	1193.896786169742
251256	1193.896417940369
252428	1193.8960499283799
253590	1193.8956821339411
254753	1193.895314557214
255912	1193.8949471983601
257077	1193.8945800575373
258231	1193.8942131349008
259388	1193.8938464306045
260549	1193.8934799067933
261715	1193.893113641962
262876	1193.8927476525676
264039	1193.8923818350074
265202	1193.8920162276186
266369	1193.8916508379925
267530	1193.8912856668533
268692	1193.8909207149034
269864	1193.890555982515
271034	1193.8901914699074
272207	1193.8898271772491
273377	1193.889463104694
274544	1193.8890992523861
275701	1193.8887356204655
276867	1193.88837220907
278034	1193.8880090183384
279200	1193.8876460484082
280369	1193.8872832994139
281530	1193.886920771486
282690	1193.88655846476
283859	1193.886196379366
285018	1193.8858345154376
286183	1193.885472873101
287352	1193.8851114524862
288521	1193.8847502537199
289687	1193.8843892769278
290853	1193.8840285222366
292023	1193.8836679897702
293183	1193.8833076796511
294361	1193.8829475920018
295525	1193.8825877269435
296691	1193.882228084598
297857	1193.8818686650798
299033	1193.8815094685103
300199	1193.8811504950036
301376	1193.8807917446782
302539	1193.8804332176533
303713	1193.8800749382497
304869	1193.87971688435
306036	1193.8793590515922
307201	1193.8790014392102
308368	1193.8786440467647
309533	1193.8782868741023
310685	1193.877929921177
311843	1193.8775731879832
313003	1193.877216674528
314165	1193.8768603808237
315318	1193.8765043068881
316478	1193.876148452734
317633	1193.8757928183811
318782	1193.8754374038476
319947	1193.8750822091447
321110	1193.8747272342935
322271	1193.8743724793076
323442	1193.8740179442054
324605	1193.8736636290027
325770	1193.8733095337168
326936	1193.8729556583637
328111	1193.8726020029578
329282	1193.872248567514
330452	1193.8718953520497
331615	1193.8715423565811
332787	1193.8711895811211
333964	1193.8708370256895
335126	1193.870484690295
336290	1193.870132574956
337454	1193.8697806796886
338624	1193.8694290045032
339790	1193.8690775494172
340961	1193.8687263144443
342130	1193.8683752996003
343305	1193.8680245048974
344467	1193.8676739303496
345631	1193.8673235759723
346803	1193.8669734417792
347978	1193.8666234940065
349155	1193.8662737728102
350326	1193.8659242510312
351497	1193.865574942712
352664	1193.865225852725
353834	1193.8648769826939
354997	1193.8645283330745
356164	1193.8641799039576
357332	1193.8638316953388
358500	1193.8634837071902
359662	1193.86313593949
360833	1193.8627883922227
362006	1193.862441065381
363178	1193.8620939589641
364352	1193.861747072978
365516	1193.8614004074273
366686	1193.8610539623228
367858	1193.8607077376719
369033	1193.8603617334854
370210	1193.8600159497737
371377	1193.8596703865483
372550	1193.8593250438184
373714	1193.8589799215931
374874	1193.8586350198873
376054	1193.8582903387064
377225	1193.857945878065
378387	1193.8576016379689
379552	1193.857257618434
380712	1193.8569138194641
381879	1193.856570241071
383040	1193.8562270464172
384205	1193.8558841057604
385374	1193.8555413939748
386549	1193.8551989067766
387719	1193.8548566415652
388885	1193.8545145973685
390052	1193.8541727738439
391225	1193.8538311708683
392392	1193.8534897883917
393568	1193.8531486264
394726	1193.8528076848902
395892	1193.8524669638648
397057	1193.8521264633266
398224	1193.851786183283
399389	1193.8514461237387
400551	1193.851106284701
401718	1193.8507666661749
402880	1193.8504272681666
404054	1193.8500880906847
405227	1193.8497491337343
406388	1193.8494103973244
407552	1193.8490718814598
408717	1193.8487335861478
409881	1193.8483955113925
411052	1193.848057657202
412216	1193.8477200235811
413389	1193.8473826105364
414573	1193.8470454180747
415739	1193.846708446199
416902	1193.8463716949166
418076	1193.8460351642302
419249	1193.845698854149
420421	1193.8453627646775
421597	1193.8450268958184
422767	1193.8446912475758
423939	1193.844355819956
425111	1193.8440206129637
426274	1193.8436856266032
427437	1193.8433508608778
428602	1193.843016315794
429774	1193.8426819913514
430933	1193.8423478875582
432099	1193.8420140044157
433267	1193.8416803419284
434428	1193.8413469001005
435593	1193.841013678933
436770	1193.8406806784308
437931	1193.8403478985963
439088	1193.8400153396954
440255	1193.8396830009976
441415	1193.839350882677
442585	1193.8390189849547
443758	1193.8386873079007
444918	1193.8383558515497
446085	1193.8380246159252
447261	1193.837693601039
448434	1193.8373628068964
449607	1193.8370322335006
450762	1193.8367018808488
451919	1193.8363717489456
453084	1193.8360418371926
454243	1193.8357121477604
455402	1193.8353826793339
456567	1193.8350534317806
457727	1193.8347244050294
458892	1193.8343955990415
460062	1193.8340670137968
461221	1193.8337386492842
462385	1193.8334105055
463545	1193.8330825757312
464708	1193.8327548852446
465873	1193.8324274108104
467041	1193.8321001518918
468206	1193.8317731122613
469363	1193.8314462925234
470525	1193.8311196930292
471691	1193.8307933140115
472859	1193.830467155601
474023	1193.8301412178598
475187	1193.8298155008204
476352	1193.8294900044912
477514	1193.8291647288781
478673	1193.828839673978
479830	1193.8285148397895
480989	1193.8281902263059
482147	1193.8278658335244
483309	1193.8275416614406
484474	1193.8272177100516
485634	1193.8268939793543
486808	1193.8265704693413
487962	1193.8262471800117
489124	1193.825924111939
490291	1193.825601265294
491461	1193.8252786334972
492624	1193.82495624161
493775	1193.8246340666499
494934	1193.8243121078228
496099	1193.8239903695485
497258	1193.823668852216
498420	1193.8233475559464
499586	1193.823026480894
500752	1193.822705627139
