500	57995.28380895847
1070	54743.46414953178
1632	54743.46414953178
2190	53839.741537570066
2744	53839.741537570066
3301	47747.587811864796
3859	47747.587811864796
4417	47747.587811864796
4975	47747.587811864796
5531	47747.587811864796
6085	47747.587811864796
6639	43049.774326104176
7195	43049.774326104176
7751	42033.252349091985
8305	42033.252349091985
8859	42033.252349091985
9413	42033.252349091985
9966	42033.252349091985
10520	42033.252349091985
11074	42033.252349091985
11629	37845.45939460562
12183	37845.45939460562
12738	37845.45939460562
13295	31419.59534919353
13851	31419.59534919353
14407	31419.59534919353
14963	31419.59534919353
15518	31419.59534919353
16075	31419.59534919353
16631	31419.59534919353
17186	31419.59534919353
17744	31419.59534919353
18299	29336.43554432163
18854	29336.43554432163
19408	29336.43554432163
19963	29182.29579679476
20516	29182.29579679476
21073	25250.958264078035
21628	25250.958264078035
22182	20481.639951380443
22736	20481.639951380443
23291	20481.639951380443
23846	20481.639951380443
24400	20481.639951380443
24955	20481.639951380443
97627	1418.1502005013676
116141	1418.1465259506526
116697	1418.1465259506526
117250	1418.1465259506526
117802	1418.1465259506526
118354	1418.1465259506526
118909	1418.1465259506526
119466	1418.1465259506526
120021	1418.1465259506526
120575	1418.1465259506526
121131	1418.1465259506526
121683	1418.1465259506526
122236	1418.1465259506526
122791	1418.1465259506526
123346	1418.1465259506526
123901	1418.1465259506526
124456	1418.1465259506526
125011	1418.1465259506526
125564	1418.1465259506526
126117	1418.1465259506526
126675	1418.1465259506526
127231	1418.1465259506526
127789	1418.1465259506526
128347	1418.1465259506526
128904	1418.1465259506526
129459	1418.1465259506526
142048	1355.8382939834646
170324	1355.838293630444
170882	1355.838293630444
171437	1355.838293630444
171992	1355.838293630444
172549	1355.838293630444
173105	1355.838293630444
173660	1355.838293630444
174215	1355.838293630444
174771	1355.838293630444
175326	1355.838293630444
175883	1355.838293630444
176441	1355.838293630444
176995	1355.838293630444
177549	1355.838293630444
178104	1355.838293630444
178659	1355.838293630444
179213	1355.838293630444
179766	1355.838293630444
180321	1355.838293630444
209342	1355.838293630444
209897	1355.838293630444
210451	1355.838293630444
211007	1355.838293630444
211561	1355.838293630444
212116	1355.838293630444
212672	1355.838293630444
213226	1355.838293630444
213782	1355.838293630444
214337	1355.838293630444
214896	1355.838293630444
215452	1355.838293630444
216009	1355.838293630444
216568	1355.838293630444
217127	1355.838293630444
217683	1355.838293630444
218241	1355.838293630444
218797	1355.838293630444
219355	1355.838293630444
219914	1355.838293630444
231025	1317.209204710914
265704	1317.2092044034491
266264	1317.2092044034491
266818	1317.2092044034491
267373	1317.2092044034491
267926	1317.2092044034491
268484	1317.2092044034491
269039	1317.2092044034491
269594	1317.2092044034491
270147	1317.2092044034491
270702	1317.2092044034491
271258	1317.2092044034491
271813	1317.2092044034491
272369	1317.2092044034491
272923	1317.2092044034491
273478	1317.2092044034491
274035	1317.2092044034491
274592	1317.2092044034491
275149	1317.2092044034491
275706	1317.2092044034491
315181	1317.2092044034491
315738	1317.2092044034491
316294	1317.2092044034491
316850	1317.2092044034491
317408	1317.2092044034491
317964	1317.2092044034491
318521	1317.2092044034491
319076	1317.2092044034491
319631	1317.2092044034491
320187	1317.2092044034491
320742	1317.2092044034491
321298	1317.2092044034491
321852	1317.2092044034491
322406	1317.2092044034491
322961	1317.2092044034491
323515	1317.2092044034491
324068	1317.2092044034491
324625	1317.2092044034491
325180	1317.2092044034491
325737	1317.2092044034491
351293	1317.2092044034491
351848	1317.2092044034491
352406	1317.2092044034491
352963	1317.2092044034491
353520	1317.2092044034491
354076	1317.2092044034491
354631	1317.2092044034491
355185	1317.2092044034491
355737	1317.2092044034491
356290	1317.2092044034491
356844	1317.2092044034491
357401	1317.2092044034491
357956	1317.2092044034491
358512	1317.2092044034491
359066	1317.2092044034491
359621	1317.2092044034491
360176	1317.2092044034491
360730	1317.2092044034491
361283	1317.2092044034491
361838	1317.2092044034491
396228	1317.2092044034491
396783	1317.2092044034491
397339	1317.2092044034491
397895	1317.2092044034491
398455	1317.2092044034491
399016	1317.2092044034491
399573	1317.2092044034491
400134	1317.2092044034491
400693	1317.2092044034491
401249	1317.2092044034491
401802	1317.2092044034491
402356	1317.2092044034491
402914	1317.2092044034491
403470	1317.2092044034491
404023	1317.2092044034491
404578	1317.2092044034491
405134	1317.2092044034491
405689	1317.2092044034491
406245	1317.2092044034491
406799	1317.2092044034491
440906	1317.2092044034491
441462	1317.2092044034491
442015	1317.2092044034491
442571	1317.2092044034491
443125	1317.2092044034491
443680	1317.2092044034491
444239	1317.2092044034491
444796	1317.2092044034491
445353	1317.2092044034491
445910	1317.2092044034491
446464	1317.2092044034491
447021	1317.2092044034491
447578	1317.2092044034491
448134	1317.2092044034491
448689	1317.2092044034491
449246	1317.2092044034491
449803	1317.2092044034491
450359	1317.2092044034491
450915	1317.2092044034491
451470	1317.2092044034491
499568	1317.2092044034491
500121	1317.2092044034491
