500	65704.07084861092
1070	65704.07084861092
1633	46362.381063262175
2193	46362.381063262175
2750	46362.381063262175
3306	46362.381063262175
3862	46362.381063262175
4417	46362.381063262175
4972	46362.381063262175
5527	46362.381063262175
6082	46362.381063262175
6638	43580.562893565526
7193	40585.7720746415
7748	40585.7720746415
8303	40585.7720746415
8859	40585.7720746415
9412	40585.7720746415
9968	38411.91606078461
10522	38411.91606078461
11077	32274.20315969405
11634	32274.20315969405
12188	32274.20315969405
12742	32274.20315969405
13297	32274.20315969405
13852	31763.67461340188
14407	22461.047679211286
14960	22461.047679211286
15517	22461.047679211286
16073	22461.047679211286
16629	22461.047679211286
17185	22461.047679211286
17740	21311.15300131609
18294	21311.15300131609
18850	21311.15300131609
19405	21311.15300131609
19960	21311.15300131609
20513	21311.15300131609
21071	21311.15300131609
21626	21311.15300131609
22184	21311.15300131609
22739	21311.15300131609
23295	21311.15300131609
23850	21311.15300131609
69418	1271.1405857503214
69971	1271.1405857503214
70526	1271.1405857503214
71082	1271.1405857503214
71639	1271.1405857503214
72194	1271.1405857503214
72749	1271.1405857503214
73305	1271.1405857503214
73861	1271.1405857503214
74415	1271.1405857503214
74970	1271.1405857503214
75526	1271.1405857503214
76081	1271.1405857503214
76636	1271.1405857503214
77190	1271.1405857503214
77743	1271.1405857503214
78296	1271.1405857503214
78848	1271.1405857503214
79402	1271.1405857503214
79955	1271.1405857503214
80510	1271.1405857503214
81064	1271.1405857503214
81620	1271.1405857503214
82177	1271.1405857503214
82733	1271.1405857503214
83289	1271.1405857503214
83845	1271.1405857503214
84401	1271.1405857503214
109148	1271.1405857503214
109708	1271.1405857503214
110264	1271.1405857503214
110820	1271.1405857503214
111377	1271.1405857503214
111934	1271.1405857503214
112494	1271.1405857503214
113049	1271.1405857503214
113604	1271.1405857503214
114163	1271.1405857503214
144969	1271.1405857503214
145524	1271.1405857503214
146079	1271.1405857503214
146635	1271.1405857503214
147190	1271.1405857503214
147746	1271.1405857503214
148299	1271.1405857503214
148853	1271.1405857503214
149406	1271.1405857503214
149959	1271.1405857503214
150512	1271.1405857503214
151067	1271.1405857503214
151622	1271.1405857503214
152176	1271.1405857503214
152733	1271.1405857503214
153288	1271.1405857503214
153845	1271.1405857503214
154402	1271.1405857503214
154958	1271.1405857503214
155514	1271.1405857503214
185562	1271.1405857503214
186120	1271.1405857503214
186676	1271.1405857503214
187232	1271.1405857503214
187791	1271.1405857503214
188348	1271.1405857503214
188906	1271.1405857503214
189461	1271.1405857503214
190015	1271.1405857503214
190574	1271.1405857503214
191127	1271.1405857503214
191683	1271.1405857503214
192240	1271.1405857503214
192793	1271.1405857503214
193348	1271.1405857503214
193902	1271.1405857503214
194458	1271.1405857503214
195014	1271.1405857503214
195570	1271.1405857503214
196126	1271.1405857503214
244126	1271.1405857503214
244683	1271.1405857503214
245239	1271.1405857503214
245793	1271.1405857503214
246348	1271.1405857503214
246903	1271.1405857503214
247456	1271.1405857503214
248016	1271.1405857503214
248575	1271.1405857503214
249133	1271.1405857503214
249686	1271.1405857503214
250242	1271.1405857503214
250797	1271.1405857503214
251352	1271.1405857503214
251909	1271.1405857503214
252463	1271.1405857503214
253018	1271.1405857503214
253571	1271.1405857503214
254125	1271.1405857503214
254683	1271.1405857503214
293722	1271.1405857503214
294279	1271.1405857503214
294837	1271.1405857503214
295397	1271.1405857503214
295955	1271.1405857503214
296511	1271.1405857503214
297069	1271.1405857503214
297623	1271.1405857503214
298182	1271.1405857503214
298739	1271.1405857503214
299300	1271.1405857503214
299856	1271.1405857503214
300413	1271.1405857503214
300971	1271.1405857503214
301527	1271.1405857503214
302085	1271.1405857503214
302639	1271.1405857503214
303195	1271.1405857503214
303750	1271.1405857503214
304305	1271.1405857503214
339038	1271.1405857503214
339595	1271.1405857503214
340150	1271.1405857503214
340704	1271.1405857503214
341260	1271.1405857503214
341815	1271.1405857503214
342369	1271.1405857503214
342922	1271.1405857503214
343476	1271.1405857503214
344030	1271.1405857503214
403207	1251.9027360465498
443462	1234.5229756965339
487939	1233.5323807851667
488492	1233.5323807851667
489046	1233.5323807851667
489601	1233.5323807851667
490156	1233.5323807851667
490710	1233.5323807851667
491263	1233.5323807851667
491818	1233.5323807851667
492375	1233.5323807851667
492932	1233.5323807851667
493487	1233.5323807851667
494047	1233.5323807851667
494603	1233.5323807851667
495160	1233.5323807851667
495715	1233.5323807851667
496269	1233.5323807851667
496823	1233.5323807851667
497380	1233.5323807851667
497935	1233.5323807851667
498489	1233.5323807851667
499048	1233.5323807851667
499608	1233.5323807851667
500164	1233.5323807851667
