500	53326.25847865759
1065	53326.25847865759
1626	53326.25847865759
2183	45249.64270179528
2740	45249.64270179528
3299	45249.64270179528
3855	45249.64270179528
4409	45249.64270179528
4964	45249.64270179528
5520	45249.64270179528
6078	40044.08432037884
6635	39551.82231904107
7190	39551.82231904107
7745	39551.82231904107
8302	39551.82231904107
8857	39527.093388536545
9413	39527.093388536545
9970	30138.64073369311
10523	30138.64073369311
11080	30138.64073369311
11635	30138.64073369311
12190	30138.64073369311
12746	30138.64073369311
13301	30138.64073369311
13855	22908.18105829812
14409	22908.18105829812
14963	22908.18105829812
15516	22908.18105829812
16071	19500.307283533293
16626	19500.307283533293
17180	19500.307283533293
17733	19500.307283533293
18286	19500.307283533293
18842	19500.307283533293
19395	19500.307283533293
19949	19500.307283533293
20504	19500.307283533293
21060	19500.307283533293
21617	19500.307283533293
22173	17619.574790791856
22728	17619.574790791856
23281	17619.574790791856
23834	17619.574790791856
24389	17619.574790791856
24945	17619.574790791856
25501	17619.574790791856
26057	17619.574790791856
26616	17619.574790791856
69179	1226.9572359883118
98259	1190.3777214535319
98813	1190.3777214535319
99367	1190.3777214535319
99921	1190.3777214535319
100477	1190.3777214535319
101032	1190.3777214535319
101585	1190.3777214535319
102141	1190.3777214535319
102696	1190.3777214535319
103252	1190.3777214535319
103807	1190.3777214535319
104361	1190.3777214535319
104915	1190.3777214535319
105468	1190.3777214535319
106021	1190.3777214535319
106577	1190.3777214535319
107136	1190.3777214535319
107692	1190.3777214535319
108245	1190.3777214535319
108800	1190.3777214535319
109355	1190.3777214535319
109912	1190.3777214535319
141223	1190.3777214535319
141781	1190.3777214535319
142334	1190.3777214535319
142891	1190.3777214535319
143450	1190.3777214535319
144007	1190.3777214535319
144561	1190.3777214535319
145116	1190.3777214535319
145672	1190.3777214535319
146226	1190.3777214535319
146782	1190.3777214535319
147336	1190.3777214535319
147891	1190.3777214535319
148448	1190.3777214535319
149004	1190.3777214535319
149562	1190.3777214535319
150125	1190.3777214535319
150681	1190.3777214535319
151238	1190.3777214535319
151792	1190.3777214535319
188066	1190.3777214535319
188620	1190.3777214535319
189177	1190.3777214535319
189735	1190.3777214535319
190291	1190.3777214535319
190846	1190.3777214535319
191404	1190.3777214535319
191959	1190.3777214535319
192514	1190.3777214535319
193068	1190.3777214535319
193621	1190.3777214535319
194178	1190.3777214535319
194732	1190.3777214535319
195289	1190.3777214535319
195845	1190.3777214535319
196401	1190.3777214535319
196957	1190.3777214535319
197513	1190.3777214535319
198069	1190.3777214535319
198626	1190.3777214535319
241858	1190.3777214535319
242417	1190.3777214535319
242972	1190.3777214535319
243529	1190.3777214535319
244084	1190.3777214535319
244640	1190.3777214535319
245196	1190.3777214535319
245752	1190.3777214535319
246307	1190.3777214535319
246861	1190.3777214535319
247416	1190.3777214535319
247969	1190.3777214535319
248522	1190.3777214535319
249075	1190.3777214535319
249634	1190.3777214535319
250192	1190.3777214535319
250748	1190.3777214535319
251306	1190.3777214535319
251861	1190.3777214535319
252419	1190.3777214535319
310131	1190.3777214535319
310687	1190.3777214535319
311242	1190.3777214535319
311799	1190.3777214535319
312356	1190.3777214535319
312912	1190.3777214535319
313468	1190.3777214535319
314024	1190.3777214535319
314583	1190.3777214535319
315138	1190.3777214535319
344765	1190.3777214535319
345319	1190.3777214535319
345876	1190.3777214535319
346430	1190.3777214535319
346985	1190.3777214535319
347540	1190.3777214535319
348094	1190.3777214535319
348649	1190.3777214535319
349204	1190.3777214535319
349759	1190.3777214535319
350316	1190.3777214535319
350872	1190.3777214535319
351430	1190.3777214535319
351989	1190.3777214535319
352546	1190.3777214535319
353100	1190.3777214535319
353657	1190.3777214535319
354212	1190.3777214535319
354769	1190.3777214535319
355326	1190.3777214535319
413079	1190.3777214535319
413637	1190.3777214535319
414191	1190.3777214535319
414750	1190.3777214535319
415306	1190.3777214535319
415862	1190.3777214535319
416419	1190.3777214535319
416973	1190.3777214535319
417528	1190.3777214535319
418084	1190.3777214535319
418639	1190.3777214535319
419194	1190.3777214535319
419750	1190.3777214535319
420303	1190.3777214535319
420858	1190.3777214535319
421418	1190.3777214535319
421975	1190.3777214535319
422529	1190.3777214535319
423086	1190.3777214535319
423642	1190.3777214535319
463627	1190.3777214535319
464182	1190.3777214535319
464737	1190.3777214535319
465293	1190.3777214535319
465850	1190.3777214535319
466404	1190.3777214535319
466960	1190.3777214535319
467514	1190.3777214535319
468071	1190.3777214535319
468628	1190.3777214535319
469185	1190.3777214535319
469741	1190.3777214535319
470297	1190.3777214535319
470854	1190.3777214535319
471411	1190.3777214535319
471966	1190.3777214535319
472525	1190.3777214535319
473087	1190.3777214535319
473646	1190.3777214535319
474202	1190.3777214535319
525539	1190.3777214535319
