500	79596.38248079314
2663	24312.047248471932
6268	8369.423048872824
8354	8369.423048872824
12067	8369.423048872824
18176	8369.423048872824
20323	8369.423048872824
22430	8369.423048872824
26147	8369.423048872824
27488	8369.423048872824
28865	8369.423048872824
31774	8369.423048872824
33905	8369.423048872824
36024	8369.423048872824
38171	8369.423048872824
40307	8369.423048872824
42432	8369.423048872824
43780	8369.423048872824
45122	7310.454153725656
46493	6228.646095106007
49395	6053.880890735398
50730	6053.880890735398
52825	5182.601910968474
54941	5182.601910968474
57821	5182.601910968474
60698	5182.601910968474
62801	5182.601910968474
64137	5182.601910968474
66274	5182.601910968474
67592	5182.601910968474
68909	5182.601910968474
70264	5182.601910968474
71635	5182.601910968474
73753	5182.601910968474
75065	5178.111539831343
76399	4860.541121883959
77720	4860.541121883959
79067	4860.541121883959
81164	4860.541121883959
82499	4860.541121883959
83834	4860.541121883959
85154	4665.253417841426
86525	4665.253417841426
87879	4665.253417841426
89991	4650.779932196145
91329	4650.779932196145
93440	4650.779932196145
96385	4650.779932196145
97725	4650.779932196145
99060	4650.779932196145
101964	4650.779932196145
103290	4650.779932196145
104649	4650.779932196145
105985	4650.779932196145
108096	4650.779932196145
109433	4650.779932196145
110769	4650.779932196145
112127	4650.779932196145
114243	4650.779932196145
115581	4648.018683185293
116916	4648.018683185293
118248	4497.446647087716
119564	4497.446647087716
120902	4497.446647087716
123027	4497.446647087716
125920	4497.446647087716
127246	4358.922977045054
129386	4358.922977045054
130759	3973.200248054071
132098	3973.200248054071
133406	3973.200248054071
136262	3973.200248054071
137603	3973.200248054071
138926	3973.200248054071
140268	3973.200248054071
142402	3973.200248054071
143721	3973.200248054071
145044	3973.200248054071
147149	3973.200248054071
148510	3973.200248054071
150640	3973.200248054071
152744	3168.494586833299
154081	3168.494586833299
155434	3168.494586833299
156795	3168.494586833299
158141	3168.494586833299
159477	3168.494586833299
160801	3168.494586833299
162915	3168.494586833299
164278	3168.494586833299
165616	3168.494586833299
166956	3168.494586833299
168269	3168.494586833299
170357	3168.494586833299
171679	3168.494586833299
174583	3168.494586833299
175934	3168.494586833299
178053	3168.494586833299
179425	3168.494586833299
181530	3168.494586833299
183649	3168.494586833299
184984	3168.494586833299
186314	3168.494586833299
188398	3168.494586833299
189729	3168.494586833299
191071	3168.494586833299
193214	3168.494586833299
195379	3168.494586833299
197497	3168.494586833299
198847	3168.494586833299
200165	3168.494586833299
201511	3168.494586833299
203647	3168.494586833299
205724	3168.494586833299
207847	3168.494586833299
209199	3168.494586833299
210519	3168.494586833299
211839	3168.494586833299
213189	3168.494586833299
214540	3168.494586833299
215858	3168.494586833299
217199	3168.494586833299
218543	3168.494586833299
219884	3137.4929993626793
221211	3137.4929993626793
223322	3137.4929993626793
224648	3137.4929993626793
226745	3137.4929993626793
228876	3137.4929993626793
230988	3137.4929993626793
232319	3066.0959249114144
233638	3066.0959249114144
234958	3066.0959249114144
236280	3013.0267984848697
237618	3013.0267984848697
238948	3013.0267984848697
240278	3013.0267984848697
242394	3013.0267984848697
243698	3013.0267984848697
245028	3013.0267984848697
246351	3013.0267984848697
247676	3013.0267984848697
249013	3013.0267984848697
250353	3013.0267984848697
251692	3013.0267984848697
253032	3003.432243614098
254371	2899.9384795759574
256480	2899.9384795759574
257812	2878.2941525417236
259882	2005.4349482254788
261224	2005.4349482254788
263349	2005.4349482254788
265452	2005.4349482254788
266797	2005.4349482254788
268126	2005.4349482254788
269456	2005.4349482254788
270790	2005.4349482254788
273730	2005.4349482254788
276633	2005.4349482254788
277976	2005.4349482254788
279337	2005.4349482254788
280677	2005.4349482254788
282846	2005.4349482254788
284180	2005.4349482254788
285535	2005.4349482254788
287686	2005.4349482254788
289027	2005.4349482254788
290379	2005.4349482254788
291706	2005.4349482254788
295435	2005.4349482254788
296759	2005.4349482254788
298096	2005.4349482254788
299444	2005.4349482254788
300798	2005.4349482254788
302136	2005.4349482254788
303502	2005.4349482254788
304849	2005.4349482254788
307783	2005.4349482254788
309103	2005.4349482254788
311232	2005.4349482254788
312562	2005.4349482254788
315442	2005.4349482254788
316783	2005.4349482254788
318894	2005.4349482254788
321746	1827.3954706447205
323103	1827.3954706447205
325214	1827.3954706447205
328867	1827.3954706447205
330970	1827.3954706447205
333851	1827.3954706447205
335931	1827.3954706447205
339525	1827.3954706447205
340865	1827.3954706447205
342173	1824.3753558796502
343512	1824.3753558796502
344830	1824.3753558796502
346147	1824.3753558796502
347466	1824.3753558796502
348803	1824.3753558796502
350122	1728.6487929032623
351453	1728.6487929032623
353543	1728.6487929032623
354859	1728.6487929032623
356174	1728.6487929032623
358281	1728.6487929032623
359574	1728.6487929032623
361672	1728.6487929032623
362979	1728.6487929032623
364320	1728.6487929032623
365671	1624.5018140157542
367005	1624.5018140157542
369093	1624.5018140157542
370433	1624.5018140157542
371765	1624.5018140157542
373109	1624.5018140157542
374428	1624.5018140157542
375773	1624.5018140157542
377892	1624.5018140157542
379205	1624.5018140157542
380528	1624.5018140157542
381844	1624.5018140157542
383204	1624.5018140157542
384565	1624.5018140157542
385902	1587.8352305231663
387233	1587.8352305231663
388569	1587.8352305231663
389909	1587.8352305231663
391222	1548.4444831645474
392546	1548.4444831645474
394652	1507.3586055503267
395991	1507.3586055503267
397329	1507.3586055503267
398662	1507.3586055503267
399983	1507.3586055503267
401314	1473.5254715482906
402643	1473.5254715482906
403946	1473.5254715482906
405268	1473.5254715482906
408148	1473.5254715482906
409493	1473.5254715482906
410827	1473.5254715482906
412141	1406.178373256975
413467	1406.178373256975
414773	1406.178373256975
416099	1406.178373256975
417437	1406.178373256975
418747	1365.1218796101916
420059	1346.2379279698373
421371	1346.2379279698373
422725	1330.9330243011984
424800	1330.9330243011984
426125	1330.9330243011984
427477	1328.711672063053
428804	1325.5832710938785
430121	1324.384400202809
431446	1317.9871606444685
432764	1302.701355092472
434096	1302.701355092472
435410	1302.701355092472
436758	1288.6018455013404
438081	1288.6018455013404
439408	1288.6018455013404
440732	1288.6018455013404
442082	1279.9853719819018
443407	1273.0443356796977
444740	1273.0443356796977
446072	1270.6391772993547
447410	1251.3665083413082
448761	1250.3533362224193
450085	1248.7323207262548
451401	1247.1034180579618
452751	1226.8914111976458
454118	1226.8914111976458
455450	1226.8914111976458
456795	1226.8914111976458
458142	1226.8914111976458
459459	1224.8493005627668
460798	1222.8534840408443
462132	1217.5269482555739
463476	1217.5269482555739
464811	1214.3999507229867
466143	1214.0417659398752
467452	1204.7552386167931
468768	1204.7552386167931
470104	1200.1776370172943
471426	1199.855855742567
472768	1195.3243402066355
474092	1195.3243402066355
475416	1192.7847373122165
476729	1192.7556751799852
478072	1186.693488482765
479410	1186.049615522229
480749	1185.9276783698178
482082	1180.746085575236
483409	1178.5858682870958
484743	1177.9184844626905
486081	1175.601758691849
487417	1174.5677130041217
488765	1171.582299214646
490112	1169.7234466377079
491437	1169.713148748379
492780	1169.2267417349246
494120	1168.3920656136536
495460	1165.9488778525456
496795	1165.9488778525456
498112	1164.8617171713431
499456	1164.8617171713431
500809	1164.5327104953496
