500	80715.00131550524
1070	73516.06153956646
1634	58595.51046693213
2197	58595.51046693213
2766	58595.51046693213
3334	50133.430284045666
3901	40009.629277503875
4463	40009.629277503875
5029	35244.786244733405
5593	35244.786244733405
6155	34339.290441652396
6715	34120.59042228258
7277	33288.636012900664
7838	27552.303745957783
8398	27552.303745957783
8959	25388.677461100615
9524	24458.833904009327
10087	21451.903724589152
10647	18648.263236917017
11211	18648.263236917017
11773	14505.000264755878
12334	14505.000264755878
12897	14505.000264755878
13462	14130.175704150308
14025	12618.598927715997
14586	11586.208715312254
15146	11396.84974576304
15706	10200.298761335594
16267	10200.298761335594
16829	10200.298761335594
17390	10044.166585072817
17949	10027.989867735294
18511	9048.81367719438
19068	9048.81367719438
19628	9048.81367719438
20183	9048.81367719438
20742	7182.497495178323
21299	7182.497495178323
21857	7182.497495178323
22416	6795.3027765477755
22973	6795.3027765477755
23530	6795.3027765477755
24086	6795.3027765477755
38957	3786.774937872239
54714	3537.963635462843
63177	3259.0201137946547
80110	3044.4681870870754
97486	3044.468163179275
98043	3044.468163179275
98598	3044.468163179275
99157	3044.468163179275
99716	3044.468163179275
100274	3044.468163179275
100832	3044.468163179275
101386	3044.468163179275
101943	3044.468163179275
102499	3044.468163179275
103058	3044.468163179275
103612	3044.468163179275
104166	3044.468163179275
104722	3044.468163179275
105276	3044.468163179275
105828	3044.468163179275
106381	3044.468163179275
106937	3044.468163179275
135173	1421.8161421531654
135733	1421.8161421531654
136292	1421.8161421531654
136851	1421.8161421531654
137413	1421.8161421531654
137975	1421.8161421531654
138535	1421.8161421531654
139097	1421.8161421531654
139658	1421.8161421531654
140218	1421.8161421531654
140777	1421.8161421531654
141334	1421.8161421531654
141893	1421.8161421531654
142450	1421.8161421531654
143012	1421.8161421531654
143569	1421.8161421531654
144132	1421.8161421531654
144689	1421.8161421531654
145246	1421.8161421531654
145802	1421.8161421531654
146359	1421.8161421531654
146920	1421.8161421531654
147480	1421.8161421531654
148040	1421.8161421531654
148602	1421.8161421531654
149164	1421.8161421531654
164922	1421.8161421531654
165481	1421.8161421531654
166042	1421.8161421531654
166601	1421.8161421531654
167158	1421.8161421531654
167719	1421.8161421531654
168277	1421.8161421531654
168836	1421.8161421531654
169394	1421.8161421531654
169953	1421.8161421531654
170513	1421.8161421531654
171069	1421.8161421531654
171626	1421.8161421531654
172185	1421.8161421531654
172742	1421.8161421531654
173305	1421.8161421531654
173867	1421.8161421531654
174425	1421.8161421531654
174983	1421.8161421531654
193046	1029.1891409182194
193607	1029.1891409182194
194167	1029.1891409182194
194729	1029.1891409182194
195288	1029.1891409182194
195848	1029.1891409182194
196408	1029.1891409182194
196965	1029.1891409182194
197524	1029.1891409182194
198083	1029.1891409182194
198641	1029.1891409182194
199199	1029.1891409182194
199759	1029.1891409182194
200318	1029.1891409182194
200877	1029.1891409182194
201437	1029.1891409182194
201999	1029.1891409182194
202560	1029.1891409182194
203121	1029.1891409182194
203681	1029.1891409182194
204240	1029.1891409182194
208471	980.2395425872929
215406	976.7949137525985
221324	968.5792065329025
227468	968.5792024016109
228025	968.5792024016109
228589	968.5792024016109
229145	968.5792024016109
229705	968.5792024016109
230263	968.5792024016109
230824	968.5792024016109
231381	968.5792024016109
231937	968.5792024016109
232493	968.5792024016109
233053	968.5792024016109
233610	968.5792024016109
234169	968.5792024016109
234725	968.5792024016109
235283	968.5792024016109
235840	968.5792024016109
236395	968.5792024016109
236954	968.5792024016109
237512	968.5792024016109
238070	968.5792024016109
238631	968.5792024016109
239190	968.5792024016109
239753	968.5792024016109
240309	968.5792024016109
240871	968.5792024016109
241427	968.5792024016109
241987	968.5792024016109
246984	940.1406447670798
253318	940.1406401209924
253876	940.1406401209924
254434	940.1406401209924
254995	940.1406401209924
255551	940.1406401209924
256107	940.1406401209924
256663	940.1406401209924
257218	940.1406401209924
257776	940.1406401209924
258333	940.1406401209924
258890	940.1406401209924
259450	940.1406401209924
260008	940.1406401209924
260567	940.1406401209924
267790	903.8898127593209
268351	903.8898127593209
268910	903.8898127593209
269472	903.8898127593209
270031	903.8898127593209
270590	903.8898127593209
271153	903.8898127593209
271712	903.8898127593209
272274	903.8898127593209
272836	903.8898127593209
273397	903.8898127593209
273959	903.8898127593209
274522	903.8898127593209
275086	903.8898127593209
275649	903.8898127593209
276215	903.8898127593209
276778	903.8898127593209
277342	903.8898127593209
277904	903.8898127593209
278466	903.8898127593209
279027	903.8898127593209
279589	903.8898127593209
280145	903.8898127593209
280706	903.8898127593209
281263	903.8898127593209
285569	903.8898127593209
286127	903.8898127593209
286682	903.8898127593209
287241	903.8898127593209
287802	903.8898127593209
288364	903.8898127593209
288922	903.8898127593209
289481	903.8898127593209
290040	903.8898127593209
290599	903.8898127593209
291163	903.8898127593209
291724	903.8898127593209
292284	903.8898127593209
292846	903.8898127593209
293406	903.8898127593209
293964	903.8898127593209
294522	903.8898127593209
295082	903.8898127593209
295641	903.8898127593209
296205	903.8898127593209
298142	902.3411051190974
300591	901.4391358788653
302789	901.2600798478676
305991	901.2600787417443
306553	901.2600787417443
307114	901.2600787417443
307674	901.2600787417443
308237	901.2600787417443
308799	901.2600787417443
309362	901.2600787417443
309923	901.2600787417443
310486	901.2600787417443
311044	901.2600787417443
311607	901.2600787417443
312167	901.2600787417443
312724	901.2600787417443
313281	901.2600787417443
313842	901.2600787417443
314403	901.2600787417443
314964	901.2600787417443
315525	901.2600787417443
316084	901.2600787417443
316642	901.2600787417443
317204	901.2600787417443
317764	901.2600787417443
318322	901.2600787417443
318879	901.2600787417443
319439	901.2600787417443
319997	901.2600787417443
320555	901.2600787417443
322286	900.7162269086442
325826	900.7162264530225
326383	900.7162264530225
326940	900.7162264530225
327496	900.7162264530225
328053	900.7162264530225
328612	900.7162264530225
329169	900.7162264530225
329724	900.7162264530225
330278	900.7162264530225
330834	900.7162264530225
331388	900.7162264530225
331943	900.7162264530225
332496	900.7162264530225
333051	900.7162264530225
333606	900.7162264530225
334161	900.7162264530225
334717	900.7162264530225
335276	900.7162264530225
335834	900.7162264530225
337667	900.5371722363599
339701	900.2685872244302
342334	900.2685868482872
342893	900.2685868482872
343451	900.2685868482872
344009	900.2685868482872
344566	900.2685868482872
345126	900.2685868482872
345686	900.2685868482872
346245	900.2685868482872
346805	900.2685868482872
347364	900.2685868482872
347924	900.2685868482872
348484	900.2685868482872
349043	900.2685868482872
349602	900.2685868482872
350163	900.2685868482872
350726	900.2685868482872
351288	900.2685868482872
351852	900.2685868482872
352415	900.2685868482872
352979	900.2685868482872
353547	900.2685868482872
354115	900.2685868482872
354683	900.2685868482872
355250	900.2685868482872
355814	900.2685868482872
356379	900.2685868482872
356943	900.2685868482872
357508	900.2685868482872
359245	900.0895282874977
361920	900.0895282657708
362488	900.0895282657708
363051	900.0895282657708
363617	900.0895282657708
364181	900.0895282657708
364748	900.0895282657708
365313	900.0895282657708
365877	900.0895282657708
366441	900.0895282657708
367004	900.0895282657708
367570	900.0895282657708
368136	900.0895282657708
368702	900.0895282657708
369270	900.0895282657708
369839	900.0895282657708
370407	900.0895282657708
370974	900.0895282657708
371543	900.0895282657708
372114	900.0895282657708
374321	900.0895282657708
374890	900.0895282657708
375462	900.0895282657708
376032	900.0895282657708
376599	900.0895282657708
377163	900.0895282657708
377729	900.0895282657708
378296	900.0895282657708
378863	900.0895282657708
379428	900.0895282657708
379992	900.0895282657708
380560	900.0895282657708
381126	900.0895282657708
381692	900.0895282657708
382259	900.0895282657708
382823	900.0895282657708
383392	900.0895282657708
383960	900.0895282657708
384527	900.0895282657708
385096	900.0895282657708
387231	900.0895282657708
387799	900.0895282657708
388362	900.0895282657708
388929	900.0895282657708
389495	900.0895282657708
390060	900.0895282657708
390626	900.0895282657708
391195	900.0895282657708
391759	900.0895282657708
392326	900.0895282657708
392894	900.0895282657708
393462	900.0895282657708
394027	900.0895282657708
394592	900.0895282657708
395160	900.0895282657708
395727	900.0895282657708
396292	900.0895282657708
396854	900.0895282657708
397421	900.0895282657708
397986	900.0895282657708
400039	900.0895282657708
400604	900.0895282657708
401173	900.0895282657708
401740	900.0895282657708
402307	900.0895282657708
402875	900.0895282657708
403445	900.0895282657708
404013	900.0895282657708
404582	900.0895282657708
405151	900.0895282657708
405717	900.0895282657708
406282	900.0895282657708
406847	900.0895282657708
407418	900.0895282657708
407988	900.0895282657708
408558	900.0895282657708
409127	900.0895282657708
409695	900.0895282657708
410262	900.0895282657708
410829	900.0895282657708
415972	900.0895282657708
416538	900.0895282657708
417101	900.0895282657708
417665	900.0895282657708
418231	900.0895282657708
418796	900.0895282657708
419363	900.0895282657708
419930	900.0895282657708
420500	900.0895282657708
421069	900.0895282657708
421639	900.0895282657708
422207	900.0895282657708
422777	900.0895282657708
423345	900.0895282657708
423913	900.0895282657708
424481	900.0895282657708
425051	900.0895282657708
425620	900.0895282657708
426190	900.0895282657708
426762	900.0895282657708
427996	900.000004788929
429327	900.000001468641
430817	900.0000000539467
433056	900.0000000118786
433627	900.0000000118786
434197	900.0000000118786
434768	900.0000000118786
435337	900.0000000118786
435905	900.0000000118786
436476	900.0000000118786
437046	900.0000000118786
437614	900.0000000118786
438183	900.0000000118786
438752	900.0000000118786
439322	900.0000000118786
439889	900.0000000118786
440460	900.0000000118786
441028	900.0000000118786
441595	900.0000000118786
442160	900.0000000118786
442726	900.0000000118786
443293	900.0000000118786
443856	900.0000000118786
444420	900.0000000118786
444986	900.0000000118786
445551	900.0000000118786
446113	900.0000000118786
446680	900.0000000118786
447244	900.0000000118786
447808	900.0000000118786
449626	900.0000000118786
450190	900.0000000118786
450751	900.0000000118786
451317	900.0000000118786
451880	900.0000000118786
452446	900.0000000118786
453009	900.0000000118786
453575	900.0000000118786
454135	900.0000000118786
454695	900.0000000118786
456765	900.0000000118786
457329	900.0000000118786
457891	900.0000000118786
458454	900.0000000118786
459015	900.0000000118786
459573	900.0000000118786
460131	900.0000000118786
460689	900.0000000118786
461246	900.0000000118786
461808	900.0000000118786
462368	900.0000000118786
462927	900.0000000118786
463486	900.0000000118786
464047	900.0000000118786
464610	900.0000000118786
465171	900.0000000118786
465731	900.0000000118786
466292	900.0000000118786
466850	900.0000000118786
467413	900.0000000118786
469445	900.0000000118786
470004	900.0000000118786
470570	900.0000000118786
471133	900.0000000118786
471696	900.0000000118786
472264	900.0000000118786
472832	900.0000000118786
473398	900.0000000118786
473962	900.0000000118786
474528	900.0000000118786
475094	900.0000000118786
475659	900.0000000118786
476224	900.0000000118786
476788	900.0000000118786
477352	900.0000000118786
477920	900.0000000118786
478485	900.0000000118786
479049	900.0000000118786
479615	900.0000000118786
480182	900.0000000118786
483976	900.0000000118786
484543	900.0000000118786
485107	900.0000000118786
485672	900.0000000118786
486238	900.0000000118786
486804	900.0000000118786
487370	900.0000000118786
487938	900.0000000118786
488504	900.0000000118786
489071	900.0000000118786
489638	900.0000000118786
490204	900.0000000118786
490771	900.0000000118786
491340	900.0000000118786
491909	900.0000000118786
492476	900.0000000118786
493045	900.0000000118786
493615	900.0000000118786
494185	900.0000000118786
494755	900.0000000118786
496883	900.0000000118786
497453	900.0000000118786
498024	900.0000000118786
498593	900.0000000118786
499165	900.0000000118786
499734	900.0000000118786
500303	900.0000000118786
