500	85136.88577209588
1073	50866.460568282615
1647	46183.4623902716
2224	36678.422345066225
2801	33952.72060602377
3376	26815.08958237518
3944	22637.567849804313
4513	19989.622840375298
5079	19678.894087940153
5644	18063.894699892015
6209	16783.375919149978
6774	13090.582793768212
7343	12697.133292602346
7911	12697.133292602346
8476	12697.133292602346
9044	9468.549908194584
9606	9468.549908194584
10172	8315.674525227312
10735	8315.674525227312
11299	8273.299097739462
11856	8273.299097739462
12413	8273.299097739462
12970	8273.299097739462
13526	7864.151318459817
14081	7864.151318459817
14639	7128.256441094513
15196	7128.256441094513
15753	7128.256441094513
16310	7128.256441094513
16864	7128.256441094513
17419	5806.4330698419835
17975	5806.4330698419835
18531	5806.4330698419835
19088	5806.4330698419835
19644	5806.4330698419835
20201	5719.399884668961
20758	5719.399884668961
21314	5719.399884668961
21875	5437.359878283537
22436	5437.359878283537
22998	5437.359878283537
23556	5437.359878283537
24114	5437.359878283537
24669	5437.359878283537
25229	5437.359878283537
25790	5437.359878283537
51569	2292.60748220121
52128	2292.60748220121
52686	2292.60748220121
53244	2292.60748220121
53799	2292.60748220121
54355	2292.60748220121
54910	2292.60748220121
55465	2292.60748220121
56017	2292.60748220121
56573	2292.60748220121
57128	2292.60748220121
57681	2292.60748220121
58236	2292.60748220121
58792	2292.60748220121
59348	2292.60748220121
59901	2292.60748220121
60458	2292.60748220121
61019	2292.60748220121
61572	2292.60748220121
62129	2292.60748220121
62688	2292.60748220121
63248	2292.60748220121
63806	2292.60748220121
64365	2292.60748220121
64922	2292.60748220121
77210	2196.2471215781898
88331	2196.2471194566706
88896	2196.2471194566706
89459	2196.2471194566706
90018	2196.2471194566706
90581	2196.2471194566706
91142	2196.2471194566706
91705	2196.2471194566706
92263	2196.2471194566706
92820	2196.2471194566706
93378	2196.2471194566706
93936	2196.2471194566706
94492	2196.2471194566706
95047	2196.2471194566706
95604	2196.2471194566706
96161	2196.2471194566706
96721	2196.2471194566706
97284	2196.2471194566706
97842	2196.2471194566706
98398	2196.2471194566706
109614	2050.687824752831
119454	1839.594956105111
130559	1839.5949543996112
131117	1839.5949543996112
131675	1839.5949543996112
132232	1839.5949543996112
132787	1839.5949543996112
133342	1839.5949543996112
133899	1839.5949543996112
134459	1839.5949543996112
135015	1839.5949543996112
135574	1839.5949543996112
136134	1839.5949543996112
136691	1839.5949543996112
137249	1839.5949543996112
137806	1839.5949543996112
138363	1839.5949543996112
138923	1839.5949543996112
139482	1839.5949543996112
140042	1839.5949543996112
140601	1839.5949543996112
141156	1839.5949543996112
141715	1839.5949543996112
142271	1839.5949543996112
142833	1839.5949543996112
143391	1839.5949543996112
143948	1839.5949543996112
144506	1839.5949543996112
145064	1839.5949543996112
145620	1839.5949543996112
158720	1584.5229136502462
173042	1584.5229059350984
173598	1584.5229059350984
174157	1584.5229059350984
174719	1584.5229059350984
175278	1584.5229059350984
175834	1584.5229059350984
176389	1584.5229059350984
176945	1584.5229059350984
177499	1584.5229059350984
178053	1584.5229059350984
178606	1584.5229059350984
179162	1584.5229059350984
179721	1584.5229059350984
180286	1584.5229059350984
180845	1584.5229059350984
181406	1584.5229059350984
181964	1584.5229059350984
182519	1584.5229059350984
183077	1584.5229059350984
198679	1457.5740400675413
212198	1457.5740378960868
212756	1457.5740378960868
213322	1457.5740378960868
213883	1457.5740378960868
214446	1457.5740378960868
215006	1457.5740378960868
215572	1457.5740378960868
216139	1457.5740378960868
216704	1457.5740378960868
217265	1457.5740378960868
217827	1457.5740378960868
218390	1457.5740378960868
218950	1457.5740378960868
219510	1457.5740378960868
220066	1457.5740378960868
220620	1457.5740378960868
221177	1457.5740378960868
221734	1457.5740378960868
222288	1457.5740378960868
237528	1336.5011973411438
248283	1336.5011955792443
248841	1336.5011955792443
249401	1336.5011955792443
249959	1336.5011955792443
250517	1336.5011955792443
251074	1336.5011955792443
251630	1336.5011955792443
252187	1336.5011955792443
252742	1336.5011955792443
253297	1336.5011955792443
253852	1336.5011955792443
254407	1336.5011955792443
254964	1336.5011955792443
255518	1336.5011955792443
256072	1336.5011955792443
256631	1336.5011955792443
257193	1336.5011955792443
257754	1336.5011955792443
258317	1336.5011955792443
269542	1317.08625397042
284391	1317.0862471442056
284949	1317.0862471442056
285512	1317.0862471442056
286073	1317.0862471442056
286632	1317.0862471442056
287194	1317.0862471442056
287751	1317.0862471442056
288313	1317.0862471442056
288872	1317.0862471442056
289433	1317.0862471442056
289994	1317.0862471442056
290552	1317.0862471442056
291107	1317.0862471442056
291665	1317.0862471442056
292224	1317.0862471442056
292786	1317.0862471442056
293344	1317.0862471442056
293902	1317.0862471442056
294459	1317.0862471442056
304200	1271.9305858657376
314755	1213.6788948474107
328538	1213.6788912109764
329094	1213.6788912109764
329650	1213.6788912109764
330208	1213.6788912109764
330765	1213.6788912109764
331322	1213.6788912109764
331878	1213.6788912109764
332437	1213.6788912109764
332995	1213.6788912109764
333555	1213.6788912109764
334116	1213.6788912109764
334673	1213.6788912109764
335234	1213.6788912109764
335792	1213.6788912109764
336353	1213.6788912109764
336916	1213.6788912109764
337481	1213.6788912109764
338046	1213.6788912109764
338611	1213.6788912109764
339176	1213.6788912109764
339737	1213.6788912109764
340301	1213.6788912109764
340866	1213.6788912109764
341429	1213.6788912109764
341992	1213.6788912109764
342549	1213.6788912109764
343109	1213.6788912109764
343671	1213.6788912109764
352552	1213.6788912109764
353110	1213.6788912109764
353667	1213.6788912109764
354222	1213.6788912109764
354776	1213.6788912109764
355334	1213.6788912109764
355892	1213.6788912109764
356450	1213.6788912109764
357011	1213.6788912109764
357574	1213.6788912109764
364405	1167.413312265982
377103	1167.4133113956173
377668	1167.4133113956173
378223	1167.4133113956173
378782	1167.4133113956173
379346	1167.4133113956173
379908	1167.4133113956173
380469	1167.4133113956173
381034	1167.4133113956173
381594	1167.4133113956173
382153	1167.4133113956173
382712	1167.4133113956173
383266	1167.4133113956173
383823	1167.4133113956173
384378	1167.4133113956173
384936	1167.4133113956173
385491	1167.4133113956173
386051	1167.4133113956173
386606	1167.4133113956173
387163	1167.4133113956173
394299	1167.4133113956173
394852	1167.4133113956173
395411	1167.4133113956173
395975	1167.4133113956173
396536	1167.4133113956173
397098	1167.4133113956173
397663	1167.4133113956173
398223	1167.4133113956173
398783	1167.4133113956173
399341	1167.4133113956173
399899	1167.4133113956173
400457	1167.4133113956173
401013	1167.4133113956173
401570	1167.4133113956173
402128	1167.4133113956173
402687	1167.4133113956173
403244	1167.4133113956173
403799	1167.4133113956173
404356	1167.4133113956173
404919	1167.4133113956173
416321	1167.4133113956173
416881	1167.4133113956173
417442	1167.4133113956173
417998	1167.4133113956173
418564	1167.4133113956173
419140	1167.4133113956173
419701	1167.4133113956173
420270	1167.4133113956173
420836	1167.4133113956173
421397	1167.4133113956173
421959	1167.4133113956173
422520	1167.4133113956173
423083	1167.4133113956173
423639	1167.4133113956173
424201	1167.4133113956173
424758	1167.4133113956173
425319	1167.4133113956173
425886	1167.4133113956173
426451	1167.4133113956173
427008	1167.4133113956173
437209	1128.7678092915394
447673	1128.7678033784887
448233	1128.7678033784887
448794	1128.7678033784887
449357	1128.7678033784887
449923	1128.7678033784887
450486	1128.7678033784887
451052	1128.7678033784887
451612	1128.7678033784887
452176	1128.7678033784887
452734	1128.7678033784887
453292	1128.7678033784887
453856	1128.7678033784887
454420	1128.7678033784887
454989	1128.7678033784887
455554	1128.7678033784887
456114	1128.7678033784887
456680	1128.7678033784887
457241	1128.7678033784887
457805	1128.7678033784887
469341	1128.7678033784887
469910	1128.7678033784887
470469	1128.7678033784887
471036	1128.7678033784887
471596	1128.7678033784887
472157	1128.7678033784887
472717	1128.7678033784887
473275	1128.7678033784887
473838	1128.7678033784887
474404	1128.7678033784887
474966	1128.7678033784887
475522	1128.7678033784887
476084	1128.7678033784887
476649	1128.7678033784887
477207	1128.7678033784887
477767	1128.7678033784887
478328	1128.7678033784887
478891	1128.7678033784887
479452	1128.7678033784887
480021	1128.7678033784887
486552	1126.303643295419
494305	1126.30363981002
494866	1126.30363981002
495425	1126.30363981002
495987	1126.30363981002
496551	1126.30363981002
497117	1126.30363981002
497679	1126.30363981002
498237	1126.30363981002
498795	1126.30363981002
499356	1126.30363981002
499918	1126.30363981002
500478	1126.30363981002
