500	74041.83000506739
1075	60705.34209709694
1647	54978.50339606449
2219	44318.36927224276
2787	30882.175898023004
3357	30882.175898023004
3928	24959.223628036496
4494	18663.197681729613
5063	18663.197681729613
5629	18663.197681729613
6192	18663.197681729613
6759	18663.197681729613
7319	18412.365105685367
7879	15308.60321690538
8439	15308.60321690538
9001	15308.60321690538
9562	15308.60321690538
10119	14251.138083686945
10680	14251.138083686945
11242	14251.138083686945
11802	13581.627571684767
12366	13581.627571684767
12927	12709.787554693798
13485	12225.57928394769
14042	12225.57928394769
14596	12225.57928394769
15152	12225.57928394769
15707	11437.078203957746
16261	11437.078203957746
16820	10644.636824982368
17378	10644.636824982368
17933	10644.636824982368
18490	10644.636824982368
19046	10644.636824982368
19603	10644.636824982368
20157	10644.636824982368
20711	10644.636824982368
21265	10644.636824982368
21819	10644.636824982368
22372	9723.23449984113
22926	9723.23449984113
23480	9723.23449984113
24035	9723.23449984113
24589	9723.23449984113
25148	9723.23449984113
58693	3860.492429026828
59252	3860.492429026828
59810	3860.492429026828
60368	3860.492429026828
60924	3860.492429026828
61486	3860.492429026828
62045	3860.492429026828
62605	3860.492429026828
63167	3860.492429026828
63727	3860.492429026828
64289	3860.492429026828
64848	3860.492429026828
65409	3860.492429026828
65964	3860.492429026828
66518	3860.492429026828
67074	3860.492429026828
67629	3860.492429026828
68184	3860.492429026828
68744	3860.492429026828
69303	3860.492429026828
69864	3860.492429026828
70424	3860.492429026828
70988	3860.492429026828
71547	3860.492429026828
72104	3860.492429026828
72661	3860.492429026828
84641	3176.672330430292
95752	2973.22025669922
112394	2973.2202466800127
112952	2973.2202466800127
113507	2973.2202466800127
114062	2973.2202466800127
114617	2973.2202466800127
115173	2973.2202466800127
115727	2973.2202466800127
116283	2973.2202466800127
116837	2973.2202466800127
117393	2973.2202466800127
117946	2973.2202466800127
118502	2973.2202466800127
119058	2973.2202466800127
119615	2973.2202466800127
120175	2973.2202466800127
120733	2973.2202466800127
121292	2973.2202466800127
121848	2973.2202466800127
122404	2973.2202466800127
122962	2973.2202466800127
123521	2973.2202466800127
124082	2973.2202466800127
124647	2973.2202466800127
125211	2973.2202466800127
125774	2973.2202466800127
126338	2973.2202466800127
126901	2973.2202466800127
127464	2973.2202466800127
137970	2786.135745477777
147205	2372.307218090593
163758	2372.307216910245
164318	2372.307216910245
164877	2372.307216910245
165438	2372.307216910245
165995	2372.307216910245
166552	2372.307216910245
167108	2372.307216910245
167665	2372.307216910245
168225	2372.307216910245
168778	2372.307216910245
169335	2372.307216910245
169892	2372.307216910245
170449	2372.307216910245
171003	2372.307216910245
171560	2372.307216910245
172118	2372.307216910245
172676	2372.307216910245
173229	2372.307216910245
173785	2372.307216910245
174340	2372.307216910245
174897	2372.307216910245
175456	2372.307216910245
176017	2372.307216910245
176579	2372.307216910245
177141	2372.307216910245
177700	2372.307216910245
178257	2372.307216910245
178813	2372.307216910245
191863	1829.9653147353674
202234	1829.9653114658797
202794	1829.9653114658797
203353	1829.9653114658797
203913	1829.9653114658797
204473	1829.9653114658797
205030	1829.9653114658797
205585	1829.9653114658797
206143	1829.9653114658797
206702	1829.9653114658797
207258	1829.9653114658797
207815	1829.9653114658797
208376	1829.9653114658797
208934	1829.9653114658797
209491	1829.9653114658797
210052	1829.9653114658797
210612	1829.9653114658797
211172	1829.9653114658797
211726	1829.9653114658797
212282	1829.9653114658797
220897	1518.052400707138
237043	1518.0523992543197
237601	1518.0523992543197
238159	1518.0523992543197
238718	1518.0523992543197
239281	1518.0523992543197
239841	1518.0523992543197
240402	1518.0523992543197
240962	1518.0523992543197
241522	1518.0523992543197
242083	1518.0523992543197
242643	1518.0523992543197
243201	1518.0523992543197
243760	1518.0523992543197
244314	1518.0523992543197
244871	1518.0523992543197
245430	1518.0523992543197
245986	1518.0523992543197
246545	1518.0523992543197
247107	1518.0523992543197
259291	1497.1625993190066
267956	1482.0327375773518
283818	1482.032735473464
284379	1482.032735473464
284941	1482.032735473464
285504	1482.032735473464
286062	1482.032735473464
286618	1482.032735473464
287175	1482.032735473464
287734	1482.032735473464
288290	1482.032735473464
288849	1482.032735473464
289407	1482.032735473464
289967	1482.032735473464
290530	1482.032735473464
291088	1482.032735473464
291649	1482.032735473464
292211	1482.032735473464
292772	1482.032735473464
293326	1482.032735473464
293884	1482.032735473464
294447	1482.032735473464
295009	1482.032735473464
295571	1482.032735473464
296133	1482.032735473464
296695	1482.032735473464
297253	1482.032735473464
297809	1482.032735473464
298369	1482.032735473464
298925	1482.032735473464
309737	1330.7866713619517
320158	1330.786653836391
320718	1330.786653836391
321279	1330.786653836391
321839	1330.786653836391
322399	1330.786653836391
322957	1330.786653836391
323514	1330.786653836391
324071	1330.786653836391
324626	1330.786653836391
325184	1330.786653836391
325741	1330.786653836391
326301	1330.786653836391
326864	1330.786653836391
327433	1330.786653836391
327991	1330.786653836391
328549	1330.786653836391
329108	1330.786653836391
329670	1330.786653836391
330230	1330.786653836391
342093	1330.786653836391
342648	1330.786653836391
343205	1330.786653836391
343761	1330.786653836391
344319	1330.786653836391
344878	1330.786653836391
345437	1330.786653836391
345996	1330.786653836391
346554	1330.786653836391
347113	1330.786653836391
347667	1330.786653836391
348222	1330.786653836391
348779	1330.786653836391
349338	1330.786653836391
349898	1330.786653836391
350456	1330.786653836391
351012	1330.786653836391
351569	1330.786653836391
352127	1330.786653836391
352683	1330.786653836391
360995	1301.6966687680722
370529	1222.7057849856897
386713	1222.7057832173543
387270	1222.7057832173543
387827	1222.7057832173543
388389	1222.7057832173543
388951	1222.7057832173543
389511	1222.7057832173543
390076	1222.7057832173543
390636	1222.7057832173543
391200	1222.7057832173543
391767	1222.7057832173543
392331	1222.7057832173543
392895	1222.7057832173543
393456	1222.7057832173543
394019	1222.7057832173543
394583	1222.7057832173543
395141	1222.7057832173543
395704	1222.7057832173543
396263	1222.7057832173543
396820	1222.7057832173543
397379	1222.7057832173543
397939	1222.7057832173543
398501	1222.7057832173543
399061	1222.7057832173543
399623	1222.7057832173543
400182	1222.7057832173543
400742	1222.7057832173543
401301	1222.7057832173543
401864	1222.7057832173543
411603	1168.5685050917423
422418	1168.568503195815
422975	1168.568503195815
423534	1168.568503195815
424093	1168.568503195815
424655	1168.568503195815
425213	1168.568503195815
425776	1168.568503195815
426335	1168.568503195815
426897	1168.568503195815
427462	1168.568503195815
428020	1168.568503195815
428584	1168.568503195815
429147	1168.568503195815
429717	1168.568503195815
430276	1168.568503195815
430840	1168.568503195815
431401	1168.568503195815
431959	1168.568503195815
432519	1168.568503195815
440182	1168.568503195815
440740	1168.568503195815
441302	1168.568503195815
441865	1168.568503195815
442424	1168.568503195815
442983	1168.568503195815
443538	1168.568503195815
444098	1168.568503195815
444656	1168.568503195815
445212	1168.568503195815
445771	1168.568503195815
446329	1168.568503195815
446887	1168.568503195815
447445	1168.568503195815
448000	1168.568503195815
448560	1168.568503195815
449118	1168.568503195815
449676	1168.568503195815
450233	1168.568503195815
450798	1168.568503195815
460534	1066.266120665924
469122	1066.2661145576972
469685	1066.2661145576972
470253	1066.2661145576972
470817	1066.2661145576972
471373	1066.2661145576972
471928	1066.2661145576972
472484	1066.2661145576972
473045	1066.2661145576972
473606	1066.2661145576972
474165	1066.2661145576972
474727	1066.2661145576972
475288	1066.2661145576972
475854	1066.2661145576972
476412	1066.2661145576972
476971	1066.2661145576972
477528	1066.2661145576972
478088	1066.2661145576972
478644	1066.2661145576972
479202	1066.2661145576972
492320	1066.2661145576972
492885	1066.2661145576972
493450	1066.2661145576972
494010	1066.2661145576972
494571	1066.2661145576972
495133	1066.2661145576972
495690	1066.2661145576972
496251	1066.2661145576972
496810	1066.2661145576972
497370	1066.2661145576972
497927	1066.2661145576972
498487	1066.2661145576972
499042	1066.2661145576972
499599	1066.2661145576972
500151	1066.2661145576972
