500	100869425488.40288
49533	4581415.946766286
100134	1872350.4957774319
118351	1667380.5834042686
130662	1572440.6966634388
135413	1546136.8868276505
140065	1527268.1484997494
155791	1440578.931171195
163577	1280891.131093726
171226	1154526.5715408248
190489	883908.0322499304
194304	876227.7071909175
203031	833524.2535892288
205324	825587.2972700783
206793	821657.2816120518
210654	810698.3930109655
214240	804574.3557576012
221519	725970.9875204553
223061	723712.7913956931
225069	720180.2709937976
226587	716800.8890002925
232504	676510.1594972417
234513	669838.7572609874
237977	661687.6139234266
243943	606658.6581918699
249930	595809.8075539107
252865	591524.3019918744
255299	588196.4076511795
257312	586058.2423466865
260882	581290.869386201
262381	580245.8325189864
268730	490742.5363873888
271574	484935.1507225212
278872	448947.04159198934
281240	443299.0404337747
288885	403672.5351862333
290881	401024.66582612414
294578	395596.8967705641
296913	393435.1987980014
299678	381297.7084768407
301148	379157.11956244195
302558	379157.11956244195
353139	379157.11956244195
390695	379157.11956244195
440242	379157.11956244195
489971	379157.11956244195
536888	379157.11956244195
