500	126714789282.67097
1106	62305174550.99637
1702	31108353818.341618
2289	26733319092.94474
2873	15339465495.998941
3468	8661543343.66463
4056	7581935287.776754
4644	5037645051.467547
5225	3988112584.9915133
5808	3043092968.1937103
6397	2100826883.7908366
6977	1683628236.5290275
7559	1417618616.0572278
8139	1086411500.2829475
8723	909332872.8459817
9302	682002661.2660788
9887	521786014.2955173
10468	470928456.61127144
11048	340496434.3075602
11636	260799136.57850292
12215	238133003.85583496
12800	195926458.1991331
13389	169609424.5665109
13973	139716301.23924226
14554	119301585.94859277
15141	102836229.24088891
15728	90101115.75447318
16310	78686625.04180914
16898	69769395.56012514
17480	65736624.3202508
18067	54634737.71955308
18654	46545141.38637293
19246	38814529.67166996
19826	36151604.370804325
20414	31511439.918144695
21000	24796433.188717768
21588	23220836.541642822
22174	19724488.420345113
22762	17166566.806758583
23354	16252397.81451581
23936	13088935.776707461
85546	87770.34684226163
132151	17579.018209434085
132739	17579.018209434085
133316	17579.018209434085
133893	17579.018209434085
134472	17579.018209434085
135048	17579.018209434085
135628	17579.018209434085
136202	17579.018209434085
136774	17579.018209434085
137348	17579.018209434085
137921	17579.018209434085
138493	17579.018209434085
139067	17579.018209434085
139639	17579.018209434085
140213	17579.018209434085
140787	17579.018209434085
141365	17579.018209434085
141937	17579.018209434085
142514	17579.018209434085
166111	17579.018209434085
166685	17579.018209434085
167264	17579.018209434085
167843	17579.018209434085
168416	17579.018209434085
168996	17579.018209434085
169572	17579.018209434085
170149	17579.018209434085
170726	17579.018209434085
171304	17579.018209434085
171879	17579.018209434085
172458	17579.018209434085
173037	17579.018209434085
173616	17579.018209434085
174191	17579.018209434085
174769	17579.018209434085
175345	17579.018209434085
175921	17579.018209434085
176497	17579.018209434085
177080	17579.018209434085
200901	17579.018209434085
201478	17579.018209434085
202057	17579.018209434085
202642	17579.018209434085
203221	17579.018209434085
203798	17579.018209434085
204381	17579.018209434085
204961	17579.018209434085
205552	17579.018209434085
206136	17579.018209434085
206717	17579.018209434085
207298	17579.018209434085
207880	17579.018209434085
208458	17579.018209434085
209037	17579.018209434085
209619	17579.018209434085
210199	17579.018209434085
210787	17579.018209434085
211369	17579.018209434085
211955	17579.018209434085
238231	17579.018209434085
238811	17579.018209434085
239395	17579.018209434085
239973	17579.018209434085
240553	17579.018209434085
241127	17579.018209434085
241702	17579.018209434085
242281	17579.018209434085
242853	17579.018209434085
243431	17579.018209434085
244011	17579.018209434085
244595	17579.018209434085
245177	17579.018209434085
245756	17579.018209434085
246337	17579.018209434085
246917	17579.018209434085
247498	17579.018209434085
248078	17579.018209434085
248657	17579.018209434085
249237	17579.018209434085
269292	17579.018209434085
269877	17579.018209434085
270457	17579.018209434085
271040	17579.018209434085
271623	17579.018209434085
272196	17579.018209434085
272775	17579.018209434085
273349	17579.018209434085
273930	17579.018209434085
274504	17579.018209434085
275086	17579.018209434085
275665	17579.018209434085
276240	17579.018209434085
276815	17579.018209434085
277392	17579.018209434085
277966	17579.018209434085
278537	17579.018209434085
279108	17579.018209434085
279691	17579.018209434085
280265	17579.018209434085
300790	17579.018209434085
301364	17579.018209434085
301944	17579.018209434085
302517	17579.018209434085
303098	17579.018209434085
303675	17579.018209434085
304251	17579.018209434085
304826	17579.018209434085
305399	17579.018209434085
305969	17579.018209434085
328819	17579.018209434085
329390	17579.018209434085
329961	17579.018209434085
330531	17579.018209434085
331108	17579.018209434085
331682	17579.018209434085
332258	17579.018209434085
332831	17579.018209434085
333402	17579.018209434085
333969	17579.018209434085
334540	17579.018209434085
335111	17579.018209434085
335684	17579.018209434085
336255	17579.018209434085
336828	17579.018209434085
337400	17579.018209434085
337972	17579.018209434085
338543	17579.018209434085
339117	17579.018209434085
339689	17579.018209434085
361185	17579.018209434085
361759	17579.018209434085
362329	17579.018209434085
362898	17579.018209434085
363466	17579.018209434085
364035	17579.018209434085
364602	17579.018209434085
365174	17579.018209434085
365745	17579.018209434085
366318	17579.018209434085
366894	17579.018209434085
367470	17579.018209434085
368042	17579.018209434085
368611	17579.018209434085
369176	17579.018209434085
369742	17579.018209434085
370312	17579.018209434085
370879	17579.018209434085
371452	17579.018209434085
372027	17579.018209434085
388592	17579.018209434085
389164	17579.018209434085
389737	17579.018209434085
390309	17579.018209434085
390883	17579.018209434085
391462	17579.018209434085
392036	17579.018209434085
392609	17579.018209434085
393181	17579.018209434085
393755	17579.018209434085
394327	17579.018209434085
394901	17579.018209434085
395480	17579.018209434085
396048	17579.018209434085
396619	17579.018209434085
397191	17579.018209434085
397770	17579.018209434085
398338	17579.018209434085
398916	17579.018209434085
399488	17579.018209434085
423231	17579.018209434085
423800	17579.018209434085
424369	17579.018209434085
424935	17579.018209434085
425503	17579.018209434085
426073	17579.018209434085
426646	17579.018209434085
427223	17579.018209434085
427791	17579.018209434085
428363	17579.018209434085
428929	17579.018209434085
429496	17579.018209434085
430065	17579.018209434085
430633	17579.018209434085
431201	17579.018209434085
431775	17579.018209434085
432342	17579.018209434085
432907	17579.018209434085
433475	17579.018209434085
434045	17579.018209434085
453123	17579.018209434085
453700	17579.018209434085
454271	17579.018209434085
454843	17579.018209434085
455408	17579.018209434085
455979	17579.018209434085
456546	17579.018209434085
457116	17579.018209434085
457685	17579.018209434085
458252	17579.018209434085
481994	17579.018209434085
482560	17579.018209434085
483122	17579.018209434085
483693	17579.018209434085
484261	17579.018209434085
484830	17579.018209434085
485396	17579.018209434085
485968	17579.018209434085
486536	17579.018209434085
487103	17579.018209434085
487670	17579.018209434085
488237	17579.018209434085
488799	17579.018209434085
489362	17579.018209434085
489925	17579.018209434085
490485	17579.018209434085
491048	17579.018209434085
491613	17579.018209434085
492178	17579.018209434085
492742	17579.018209434085
511033	17579.018209434085
