500	99434653472.13509
1086	78536151915.69627
1674	30551768367.35301
2257	25363649672.791153
2835	20374971589.846493
3420	12683805403.284513
3999	11708597726.467957
4581	6631685570.335645
5162	5233919204.904285
5742	3496422986.296052
6319	3064032131.0396233
6895	2094764438.8264384
7471	1403623989.2281396
8049	1259207126.3054645
8625	1059264322.9184629
9203	772630649.4660264
9779	645425215.9119822
10358	529721802.45151925
10934	360959124.3122828
11511	338305680.4408926
12088	301811743.9124546
12664	269873709.98970187
13242	235195550.42255023
13817	210180521.60472584
14395	176551887.97147498
14972	158500343.14240894
15548	142993589.5946346
16124	125194209.1180628
16701	106633515.42754218
17277	104523941.71936019
17854	91152460.72612134
18429	77014682.88872558
19005	70832852.03107435
19579	60248118.963277906
20154	51159284.2259144
20731	45423110.01767247
21307	45309641.626035616
21882	41341630.95846203
22458	38871994.88898772
23033	35008554.16798563
23610	33472677.19901322
89155	42155.006494903
143777	16010.240549638258
144349	16010.240549638258
144916	16010.240549638258
145487	16010.240549638258
146056	16010.240549638258
146626	16010.240549638258
147194	16010.240549638258
147760	16010.240549638258
148323	16010.240549638258
148888	16010.240549638258
149452	16010.240549638258
150017	16010.240549638258
150584	16010.240549638258
151147	16010.240549638258
151711	16010.240549638258
152280	16010.240549638258
152847	16010.240549638258
153412	16010.240549638258
153978	16010.240549638258
195858	16010.240549638258
196427	16010.240549638258
196998	16010.240549638258
197565	16010.240549638258
198133	16010.240549638258
198704	16010.240549638258
199271	16010.240549638258
199837	16010.240549638258
200404	16010.240549638258
200969	16010.240549638258
201541	16010.240549638258
202112	16010.240549638258
202679	16010.240549638258
203245	16010.240549638258
203814	16010.240549638258
204385	16010.240549638258
204953	16010.240549638258
205521	16010.240549638258
206088	16010.240549638258
206655	16010.240549638258
249629	16010.240549638258
250196	16010.240549638258
250767	16010.240549638258
251334	16010.240549638258
251902	16010.240549638258
252473	16010.240549638258
253043	16010.240549638258
253612	16010.240549638258
254182	16010.240549638258
254753	16010.240549638258
255325	16010.240549638258
255894	16010.240549638258
256466	16010.240549638258
257037	16010.240549638258
257604	16010.240549638258
258172	16010.240549638258
258742	16010.240549638258
259313	16010.240549638258
259884	16010.240549638258
260457	16010.240549638258
281507	16010.240549638258
282079	16010.240549638258
282651	16010.240549638258
283222	16010.240549638258
283795	16010.240549638258
284370	16010.240549638258
284942	16010.240549638258
285515	16010.240549638258
286089	16010.240549638258
286662	16010.240549638258
287237	16010.240549638258
287813	16010.240549638258
288389	16010.240549638258
288965	16010.240549638258
289540	16010.240549638258
290113	16010.240549638258
290688	16010.240549638258
291264	16010.240549638258
291840	16010.240549638258
292414	16010.240549638258
322242	16010.240549638258
322817	16010.240549638258
323392	16010.240549638258
323968	16010.240549638258
324543	16010.240549638258
325119	16010.240549638258
325694	16010.240549638258
326268	16010.240549638258
326842	16010.240549638258
327418	16010.240549638258
327993	16010.240549638258
328567	16010.240549638258
329143	16010.240549638258
329719	16010.240549638258
330294	16010.240549638258
330870	16010.240549638258
331445	16010.240549638258
332019	16010.240549638258
332595	16010.240549638258
333171	16010.240549638258
359020	16010.240549638258
359594	16010.240549638258
360169	16010.240549638258
360743	16010.240549638258
361319	16010.240549638258
361894	16010.240549638258
362470	16010.240549638258
363044	16010.240549638258
363618	16010.240549638258
364193	16010.240549638258
384644	16010.240549638258
385217	16010.240549638258
385793	16010.240549638258
386369	16010.240549638258
386944	16010.240549638258
387520	16010.240549638258
388095	16010.240549638258
388669	16010.240549638258
389244	16010.240549638258
389818	16010.240549638258
390392	16010.240549638258
390967	16010.240549638258
391540	16010.240549638258
392112	16010.240549638258
392686	16010.240549638258
393259	16010.240549638258
393831	16010.240549638258
394404	16010.240549638258
394980	16010.240549638258
395553	16010.240549638258
420264	16010.240549638258
420837	16010.240549638258
421411	16010.240549638258
421984	16010.240549638258
422559	16010.240549638258
423134	16010.240549638258
423709	16010.240549638258
424285	16010.240549638258
424861	16010.240549638258
425437	16010.240549638258
426013	16010.240549638258
426587	16010.240549638258
427162	16010.240549638258
427737	16010.240549638258
428313	16010.240549638258
428889	16010.240549638258
429465	16010.240549638258
430041	16010.240549638258
430617	16010.240549638258
431191	16010.240549638258
457420	16010.240549638258
457995	16010.240549638258
458571	16010.240549638258
459146	16010.240549638258
459721	16010.240549638258
460295	16010.240549638258
460871	16010.240549638258
461444	16010.240549638258
462020	16010.240549638258
462593	16010.240549638258
463168	16010.240549638258
463743	16010.240549638258
464316	16010.240549638258
464889	16010.240549638258
465461	16010.240549638258
466033	16010.240549638258
466607	16010.240549638258
467183	16010.240549638258
467754	16010.240549638258
468330	16010.240549638258
500175	16010.240549638258
