500	80098926819.59044
1094	59617419979.29431
1675	44755016255.5213
2258	11937524335.755226
2844	8789423403.466118
3424	8450827692.597824
4004	5988500367.110842
4585	3824693912.2649193
5162	2614932397.9285116
5742	2085096096.6705713
6317	1461674145.7926593
6894	1092513348.2008317
7470	976266575.2289385
8045	808968275.2735271
8622	665841431.9413214
9198	570793373.84161
9775	511016221.974486
10350	447005177.80306244
10926	435258983.23499584
11502	401337388.95104957
12078	344774937.27600545
12652	308891547.16565526
13229	286098126.74674207
13806	271764229.9992797
14380	245603543.10465345
14957	208257103.4369101
15534	192984398.67480212
16111	176400545.78372496
16688	156773999.4247105
17262	137507035.90812868
17836	114992786.79454002
18415	111856133.49238604
18991	99627169.88757253
19569	94711903.54699011
20144	90357190.47014801
20717	90357190.47014801
21289	88162916.11988918
21863	82325409.01605064
22438	77116323.0049048
23013	73073523.74836783
23588	72288600.47081968
139209	87422.97435760703
178199	32703.722456073152
178772	32703.722456073152
179343	32703.722456073152
179913	32703.722456073152
180482	32703.722456073152
181051	32703.722456073152
181621	32703.722456073152
182192	32703.722456073152
182762	32703.722456073152
183333	32703.722456073152
183899	32703.722456073152
184469	32703.722456073152
185037	32703.722456073152
185605	32703.722456073152
186174	32703.722456073152
186743	32703.722456073152
187312	32703.722456073152
187880	32703.722456073152
188448	32703.722456073152
242063	32703.722456073152
242637	32703.722456073152
243210	32703.722456073152
243783	32703.722456073152
244355	32703.722456073152
244921	32703.722456073152
245486	32703.722456073152
246056	32703.722456073152
246623	32703.722456073152
247191	32703.722456073152
247760	32703.722456073152
248332	32703.722456073152
248903	32703.722456073152
249475	32703.722456073152
250046	32703.722456073152
250617	32703.722456073152
251188	32703.722456073152
251758	32703.722456073152
252327	32703.722456073152
252898	32703.722456073152
297750	32703.722456073152
298319	32703.722456073152
298884	32703.722456073152
299457	32703.722456073152
300028	32703.722456073152
300598	32703.722456073152
301169	32703.722456073152
301742	32703.722456073152
302317	32703.722456073152
302890	32703.722456073152
303465	32703.722456073152
304040	32703.722456073152
304613	32703.722456073152
305188	32703.722456073152
305763	32703.722456073152
306338	32703.722456073152
306911	32703.722456073152
307486	32703.722456073152
308062	32703.722456073152
308637	32703.722456073152
329622	32703.722456073152
330196	32703.722456073152
330771	32703.722456073152
331346	32703.722456073152
331919	32703.722456073152
332494	32703.722456073152
333068	32703.722456073152
333642	32703.722456073152
334218	32703.722456073152
334794	32703.722456073152
335366	32703.722456073152
335939	32703.722456073152
336513	32703.722456073152
337089	32703.722456073152
337665	32703.722456073152
338239	32703.722456073152
338814	32703.722456073152
339390	32703.722456073152
339965	32703.722456073152
340541	32703.722456073152
369153	32703.722456073152
369727	32703.722456073152
370301	32703.722456073152
370877	32703.722456073152
371452	32703.722456073152
372027	32703.722456073152
372602	32703.722456073152
373177	32703.722456073152
373753	32703.722456073152
374329	32703.722456073152
374903	32703.722456073152
375478	32703.722456073152
376053	32703.722456073152
376629	32703.722456073152
377205	32703.722456073152
377780	32703.722456073152
378354	32703.722456073152
378930	32703.722456073152
379506	32703.722456073152
380079	32703.722456073152
409250	32703.722456073152
409820	32703.722456073152
410396	32703.722456073152
410971	32703.722456073152
411547	32703.722456073152
412118	32703.722456073152
412691	32703.722456073152
413267	32703.722456073152
413842	32703.722456073152
414418	32703.722456073152
447318	32703.722456073152
447894	32703.722456073152
448469	32703.722456073152
449041	32703.722456073152
449616	32703.722456073152
450191	32703.722456073152
450765	32703.722456073152
451341	32703.722456073152
451914	32703.722456073152
452488	32703.722456073152
453063	32703.722456073152
453639	32703.722456073152
454214	32703.722456073152
454789	32703.722456073152
455360	32703.722456073152
455936	32703.722456073152
456510	32703.722456073152
457083	32703.722456073152
457656	32703.722456073152
458231	32703.722456073152
489380	32703.722456073152
489952	32703.722456073152
490525	32703.722456073152
491099	32703.722456073152
491673	32703.722456073152
492247	32703.722456073152
492822	32703.722456073152
493394	32703.722456073152
493969	32703.722456073152
494543	32703.722456073152
495116	32703.722456073152
495686	32703.722456073152
496256	32703.722456073152
496827	32703.722456073152
497392	32703.722456073152
497958	32703.722456073152
498528	32703.722456073152
499098	32703.722456073152
499668	32703.722456073152
500238	32703.722456073152
