500	107478523850.51286
1093	48868368399.26215
1683	40712189677.444786
2264	28265616651.284985
2841	22051534910.452522
3423	14594999203.428747
4002	9815635922.29297
4581	7617155404.569191
5159	4523660436.641279
5740	3933608944.2992115
6319	2804945161.0364356
6896	2451120763.6113696
7472	1976912536.4833837
8048	1719303673.5906405
8621	1373514959.285593
9198	1200136617.2504287
9774	905112004.5594381
10351	827153629.0217822
10928	726655850.9397383
11504	677708906.4400535
12081	558221507.844209
12659	491796048.6090784
13234	442126749.290807
13811	370851962.2212725
14391	328605088.77876186
14966	272285004.0287816
15543	245970492.8544902
16124	216733683.9490243
16700	204693111.20928496
17277	180958526.10161772
17854	149858371.28231582
18429	138930363.07762736
19004	130686323.82052428
19581	118723713.32633549
20158	104964645.78830075
20736	98941262.6350671
21314	89104799.61354658
21890	83951301.00746918
22472	77766289.03675932
23051	69690487.13412912
23628	65105411.72728488
134858	94905.58003903333
194416	17729.111665503373
194990	17729.111665503373
195562	17729.111665503373
196134	17729.111665503373
196705	17729.111665503373
197277	17729.111665503373
197847	17729.111665503373
198418	17729.111665503373
198990	17729.111665503373
199561	17729.111665503373
200130	17729.111665503373
200697	17729.111665503373
201265	17729.111665503373
201835	17729.111665503373
202404	17729.111665503373
202974	17729.111665503373
203542	17729.111665503373
204110	17729.111665503373
204680	17729.111665503373
233391	17729.111665503373
233961	17729.111665503373
234534	17729.111665503373
235110	17729.111665503373
235683	17729.111665503373
236254	17729.111665503373
236823	17729.111665503373
237392	17729.111665503373
237964	17729.111665503373
238535	17729.111665503373
239109	17729.111665503373
239682	17729.111665503373
240254	17729.111665503373
240825	17729.111665503373
241399	17729.111665503373
241969	17729.111665503373
242543	17729.111665503373
243115	17729.111665503373
243687	17729.111665503373
244259	17729.111665503373
278063	17729.111665503373
278632	17729.111665503373
279205	17729.111665503373
279778	17729.111665503373
280352	17729.111665503373
280927	17729.111665503373
281503	17729.111665503373
282077	17729.111665503373
282653	17729.111665503373
283228	17729.111665503373
283803	17729.111665503373
284379	17729.111665503373
284955	17729.111665503373
285531	17729.111665503373
286106	17729.111665503373
286681	17729.111665503373
287256	17729.111665503373
287832	17729.111665503373
288408	17729.111665503373
288981	17729.111665503373
315927	17729.111665503373
316501	17729.111665503373
317076	17729.111665503373
317649	17729.111665503373
318223	17729.111665503373
318798	17729.111665503373
319374	17729.111665503373
319948	17729.111665503373
320522	17729.111665503373
321097	17729.111665503373
321673	17729.111665503373
322247	17729.111665503373
322822	17729.111665503373
323394	17729.111665503373
323968	17729.111665503373
324543	17729.111665503373
325117	17729.111665503373
325690	17729.111665503373
326264	17729.111665503373
326839	17729.111665503373
362852	17729.111665503373
363423	17729.111665503373
363997	17729.111665503373
364570	17729.111665503373
365142	17729.111665503373
365717	17729.111665503373
366290	17729.111665503373
366863	17729.111665503373
367438	17729.111665503373
368012	17729.111665503373
368585	17729.111665503373
369160	17729.111665503373
369735	17729.111665503373
370306	17729.111665503373
370877	17729.111665503373
371450	17729.111665503373
372023	17729.111665503373
372595	17729.111665503373
373166	17729.111665503373
373737	17729.111665503373
396024	17729.111665503373
396599	17729.111665503373
397174	17729.111665503373
397747	17729.111665503373
398320	17729.111665503373
398895	17729.111665503373
399471	17729.111665503373
400046	17729.111665503373
400621	17729.111665503373
401195	17729.111665503373
437592	17729.111665503373
438167	17729.111665503373
438741	17729.111665503373
439317	17729.111665503373
439891	17729.111665503373
440465	17729.111665503373
441041	17729.111665503373
441617	17729.111665503373
442192	17729.111665503373
442768	17729.111665503373
443342	17729.111665503373
443917	17729.111665503373
444493	17729.111665503373
445067	17729.111665503373
445641	17729.111665503373
446214	17729.111665503373
446787	17729.111665503373
447361	17729.111665503373
447933	17729.111665503373
448506	17729.111665503373
484030	17729.111665503373
484604	17729.111665503373
485175	17729.111665503373
485747	17729.111665503373
486318	17729.111665503373
486891	17729.111665503373
487459	17729.111665503373
488030	17729.111665503373
488599	17729.111665503373
489165	17729.111665503373
489735	17729.111665503373
490306	17729.111665503373
490878	17729.111665503373
491449	17729.111665503373
492020	17729.111665503373
492594	17729.111665503373
493165	17729.111665503373
493738	17729.111665503373
494314	17729.111665503373
494885	17729.111665503373
516719	17729.111665503373
