500	95107522832.95953
1106	43906677550.34854
1699	34292817048.63569
2283	23759469745.37021
2867	10513924207.961552
3449	10142633537.66594
4035	6363610272.291277
4620	4668070534.477811
5201	3703298194.9358406
5780	2913527312.053808
6362	2098457493.5342097
6949	1448607012.0769813
7528	1211204984.7455173
8106	923956300.0308623
8688	808608684.0219035
9277	597100790.8303885
9860	484576654.50393397
10443	430823323.1306102
11031	265373857.55733973
11614	251926592.16241685
12195	213113534.6464097
12782	188422952.57322174
13364	149063273.48737955
13951	113279300.75543804
14534	103826013.30687687
15116	94864354.48525509
15702	73820857.26529822
16286	71424013.71496841
16867	53237577.48444508
17447	51254352.33625156
18034	44131914.76094614
18619	39260961.789783664
19208	38688634.6607727
19801	31905163.23192693
20388	28318100.830774773
20969	25981565.15370688
21548	23863090.13074101
22132	19773055.013167486
22720	19239185.183328148
23304	18163079.766229138
23886	15544954.813387021
118069	2604797.373948063
178330	1120037.4998332877
218714	48281.50609238019
278837	19112.475669300533
279406	19112.475669300533
279975	19112.475669300533
280540	19112.475669300533
281105	19112.475669300533
281676	19112.475669300533
282241	19112.475669300533
282806	19112.475669300533
283371	19112.475669300533
283940	19112.475669300533
284502	19112.475669300533
285069	19112.475669300533
285637	19112.475669300533
286205	19112.475669300533
286769	19112.475669300533
287333	19112.475669300533
287898	19112.475669300533
288462	19112.475669300533
289025	19112.475669300533
289589	19112.475669300533
290150	19112.475669300533
290715	19112.475669300533
291280	19112.475669300533
291843	19112.475669300533
292406	19112.475669300533
292970	19112.475669300533
293534	19112.475669300533
338116	19112.475669300533
338685	19112.475669300533
339253	19112.475669300533
339822	19112.475669300533
340391	19112.475669300533
340961	19112.475669300533
341530	19112.475669300533
342098	19112.475669300533
342666	19112.475669300533
343236	19112.475669300533
367422	19112.475669300533
367987	19112.475669300533
368558	19112.475669300533
369127	19112.475669300533
369696	19112.475669300533
370267	19112.475669300533
370839	19112.475669300533
371405	19112.475669300533
371970	19112.475669300533
372542	19112.475669300533
373116	19112.475669300533
373685	19112.475669300533
374254	19112.475669300533
374827	19112.475669300533
375398	19112.475669300533
375969	19112.475669300533
376541	19112.475669300533
377113	19112.475669300533
377682	19112.475669300533
378255	19112.475669300533
422516	19112.475669300533
423084	19112.475669300533
423658	19112.475669300533
424230	19112.475669300533
424800	19112.475669300533
425366	19112.475669300533
425937	19112.475669300533
426516	19112.475669300533
427096	19112.475669300533
427673	19112.475669300533
428252	19112.475669300533
428830	19112.475669300533
429406	19112.475669300533
429985	19112.475669300533
430567	19112.475669300533
431143	19112.475669300533
431723	19112.475669300533
432302	19112.475669300533
432883	19112.475669300533
433462	19112.475669300533
451800	19112.475669300533
452374	19112.475669300533
452953	19112.475669300533
453526	19112.475669300533
454106	19112.475669300533
454684	19112.475669300533
455261	19112.475669300533
455845	19112.475669300533
456417	19112.475669300533
456995	19112.475669300533
457582	19112.475669300533
458169	19112.475669300533
458746	19112.475669300533
459319	19112.475669300533
459899	19112.475669300533
460482	19112.475669300533
461062	19112.475669300533
461641	19112.475669300533
462220	19112.475669300533
462796	19112.475669300533
494175	19112.475669300533
494752	19112.475669300533
495336	19112.475669300533
495916	19112.475669300533
496495	19112.475669300533
497074	19112.475669300533
497652	19112.475669300533
498230	19112.475669300533
498810	19112.475669300533
499388	19112.475669300533
499965	19112.475669300533
500538	19112.475669300533
