500	75724277440.46324
1092	58127869754.14849
1674	34398485723.3956
2258	26055182917.97678
2839	18923062109.340332
3420	9027791640.121857
3997	7758340167.074114
4577	5230597076.528333
5154	3664731592.931734
5730	2829869730.020662
6307	2255682413.964366
6883	1652969269.4735398
7458	1508877398.658544
8035	1167388790.2522721
8612	979949225.3307359
9189	841596837.5369841
9766	656326600.4843372
10340	595974290.3693734
10917	534879694.2193981
11493	410747794.2807095
12070	398844050.1664218
12646	350787760.15238655
13222	314180576.596766
13799	266587947.84130374
14375	259467683.21191072
14952	238681842.4036871
15529	211269531.7828848
16107	186111117.77795887
16683	162800114.92800504
17259	144137234.3760838
17837	133999795.6382678
18413	120722611.78198683
18989	103694886.93984784
19564	89602951.65732947
20140	83977613.52308278
20715	80372673.76820126
21290	70636178.85046023
21866	68334209.75695112
22441	59884231.36105123
23017	56467641.82386751
23592	54326871.4447815
139212	167192.63084478246
219927	35805.30837791021
220500	35805.30837791021
221071	35805.30837791021
221643	35805.30837791021
222212	35805.30837791021
222779	35805.30837791021
223348	35805.30837791021
223915	35805.30837791021
224481	35805.30837791021
225050	35805.30837791021
225619	35805.30837791021
226187	35805.30837791021
226754	35805.30837791021
227320	35805.30837791021
227886	35805.30837791021
228453	35805.30837791021
229016	35805.30837791021
229583	35805.30837791021
230151	35805.30837791021
262023	35805.30837791021
262589	35805.30837791021
263158	35805.30837791021
263726	35805.30837791021
264297	35805.30837791021
264864	35805.30837791021
265431	35805.30837791021
265999	35805.30837791021
266566	35805.30837791021
267133	35805.30837791021
267702	35805.30837791021
268269	35805.30837791021
268837	35805.30837791021
269404	35805.30837791021
269971	35805.30837791021
270534	35805.30837791021
271101	35805.30837791021
271669	35805.30837791021
272240	35805.30837791021
272805	35805.30837791021
305932	35805.30837791021
306497	35805.30837791021
307063	35805.30837791021
307631	35805.30837791021
308202	35805.30837791021
308772	35805.30837791021
309343	35805.30837791021
309910	35805.30837791021
310480	35805.30837791021
311050	35805.30837791021
311620	35805.30837791021
312191	35805.30837791021
312761	35805.30837791021
313331	35805.30837791021
313904	35805.30837791021
314474	35805.30837791021
315046	35805.30837791021
315617	35805.30837791021
316187	35805.30837791021
316760	35805.30837791021
337555	35805.30837791021
338129	35805.30837791021
338701	35805.30837791021
339272	35805.30837791021
339848	35805.30837791021
340421	35805.30837791021
340993	35805.30837791021
341566	35805.30837791021
342140	35805.30837791021
342713	35805.30837791021
343283	35805.30837791021
343855	35805.30837791021
344427	35805.30837791021
344999	35805.30837791021
345571	35805.30837791021
346142	35805.30837791021
346714	35805.30837791021
347289	35805.30837791021
347861	35805.30837791021
348430	35805.30837791021
395125	35805.30837791021
395699	35805.30837791021
396272	35805.30837791021
396844	35805.30837791021
397416	35805.30837791021
397990	35805.30837791021
398562	35805.30837791021
399130	35805.30837791021
399696	35805.30837791021
400263	35805.30837791021
400833	35805.30837791021
401402	35805.30837791021
401974	35805.30837791021
402545	35805.30837791021
403115	35805.30837791021
403681	35805.30837791021
404252	35805.30837791021
404820	35805.30837791021
405387	35805.30837791021
405961	35805.30837791021
436237	35805.30837791021
436810	35805.30837791021
437382	35805.30837791021
437945	35805.30837791021
438514	35805.30837791021
439084	35805.30837791021
439654	35805.30837791021
440223	35805.30837791021
440790	35805.30837791021
441361	35805.30837791021
466095	35805.30837791021
466664	35805.30837791021
467233	35805.30837791021
467800	35805.30837791021
468368	35805.30837791021
468937	35805.30837791021
469507	35805.30837791021
470078	35805.30837791021
470644	35805.30837791021
471214	35805.30837791021
471784	35805.30837791021
472353	35805.30837791021
472925	35805.30837791021
473491	35805.30837791021
474062	35805.30837791021
474632	35805.30837791021
475202	35805.30837791021
475774	35805.30837791021
476343	35805.30837791021
476909	35805.30837791021
515835	35805.30837791021
