90.17317300948332	-42.49543083750631	-38.91765125460387	29.50401927080489	-75.92374822446813	18.85783219200654	91.21696043172105	2.7557744106964748	-46.31769495535782	-6.716544046628243	6.766298311838554	-70.31853282455036	-75.21599007899692	-73.72614013375274	-41.28010732592915	-18.69119319715358	-42.338570543956756	-51.31986180554205	-82.43055531322423	9.26291985387715	67.94944473228063	21.990520797423414	14.035846623206211	30.07146922745025	-59.76162769112867	42.07196737351083	-7.823313933894951	9.605949079545212	22.559937056684262	-6.206880779833085	
50.534371779499246	-22.21087499032712	-3.0375772445623923	54.04968993101041	46.678472993850676	39.459287985924206	46.785071570010516	73.27158081395285	88.22167768558955	78.79523400203848	21.71593198777675	-32.772528291244654	-96.65665791229112	4.76812505948131	-27.807497150828002	-80.36963835843464	36.184592320699586	21.816846681590256	65.95373346167358	-97.12179922531381	-14.59186346826558	47.28285508500039	33.01238898836426	23.845153478605493	-18.726592044429623	-74.3954553003939	65.60520134648695	36.964334011768635	-18.103867854406165	-45.57064918698858	
-4.551803320274644	61.80091220526076	37.535898000528064	79.8724728372322	-5.333056012789566	2.5873827167161974	-43.74345902264201	11.112316018163453	-89.39476388743235	22.734391500139502	51.4210863790097	-58.324997992421544	-54.643724836213934	31.309447456341246	1.6360866890068495	-2.184527926395022	76.69477703981832	55.01801797497339	-57.90836513636138	-46.20077164906657	46.24393792593287	-37.10451513672405	53.90402730776879	77.00505576534566	4.652685093689415	-54.191913082741365	16.908715732733967	61.37662177238097	-9.872309777399654	-58.668069560758916	
45.98624648853444	61.580541153626676	1.906012588468898	59.99521533645307	32.19960471404647	50.235707330779064	6.355184368935896	-7.923360870050244	-10.43053133331695	23.22950039796889	-36.372999427673946	-37.3435149677098	-38.364590688783565	30.796767474456843	0.05137526191284891	-18.46786385056098	46.01662619466268	10.10698242891139	-4.377723459996666	-94.7910723039248	-11.64901301075945	33.03639415055626	54.840853857880276	-7.576592111723075	-27.510946222013548	-29.44536928570559	21.324998211393336	24.168102121389968	-15.387779430125406	-15.997078551475047	
81.19839580757845	21.519871083867333	-39.37996132414006	49.08466671066011	19.59270631606443	12.879056744318449	-16.454246386863396	27.5912309841326	4.566414893897187	70.14077566795049	21.128311917068213	-47.81786175192647	-77.07232109439776	51.08741287703109	16.514945955227404	-66.73597238699017	6.154083255259923	75.97341405843403	-46.49927343883121	-73.64467492550574	21.148275950092824	2.5074191654311164	40.36435660710629	-1.8827410977089816	-17.79537744595946	15.19957047092215	81.54372249058196	-13.042877396850471	-38.969074463057964	-56.23247997015166	
48.581698285417716	10.015563243901063	-12.868612741262277	40.22825152814258	12.952967133557568	21.18662863235277	-16.953896813090196	31.69569762684374	0.4787768054662793	82.56676421408196	23.838936559966115	-40.63080644265651	-86.38557106583254	46.4087463640181	14.700797646508414	-38.89158317876734	-6.016523404464392	74.87964039862796	-42.01389791944753	-66.78984895041597	44.377122558168764	5.170594477563373	40.30589074224187	-34.05190104562731	-11.73338365038417	9.02156857527854	69.49027806536172	-12.832738445991925	-41.301655966662864	-48.32082929504466	
60.36023139740193	0.7952048208735052	10.665197055982263	96.68436560762012	29.560548224713287	36.07455208879735	3.520500898619371	23.742918182393996	-0.2142736026477987	44.243620494366056	11.214595553995203	-47.971185942266025	-67.15700953038399	33.0784259411205	-7.290482263059036	-21.895465752691344	2.045509143074577	19.617397747066615	39.99934449417304	-86.13626630785917	45.641995708250406	19.5697994070696	55.62317164238649	29.667367980007562	-21.35497751496387	-9.520206240224331	62.7963790384244	14.325708380198963	-36.39230067752155	-33.13104374119359	
45.27799439187514	32.02679510173519	-12.280862139083972	86.65799586511923	33.84460387162611	29.852036116887227	-27.27214498230871	21.910751083917734	-41.84147901598735	68.63950268515836	26.856680035495884	-58.10825239275578	-83.50742552930923	33.46844331910425	-2.098559683251615	-29.492327085727748	46.204000111853034	39.85182317157279	-26.772212950266017	-72.21434312908963	31.122643108279526	31.138595307929343	90.09432280444007	-9.303451399220812	-9.678310818338723	19.917716058710717	76.37698614082971	27.171315062032363	-23.1562391388533	-43.541209611834915	
31.590460046169536	28.83164440024996	-16.435512815726458	92.39889196994827	41.61987561741777	24.81818222279334	-25.643738979122134	26.63983427109135	-46.124106315634776	85.92263260673374	26.87841266932762	-58.323696979426195	-83.00460716251142	33.131083937611095	-6.9801307050963874	-16.504782775934554	34.95716287128032	45.435305077310005	-44.108491563532205	-72.34740387007957	35.728952360204396	27.895641679157684	99.64158190965873	-9.320276793402952	-9.880698752467636	28.347105035621553	77.0794478030478	21.18552749470322	-22.73638161161849	-52.32707099542234	
43.166074633988984	30.78291546876525	-22.262652386708417	90.01633380150503	32.47118783722688	41.714793079406036	-19.244736283982284	25.50448610673251	-54.788990769070026	44.12539006447343	26.14695987266144	-56.90190528897407	-77.42316904678728	38.21451159217643	12.023741661640416	-22.590044609110336	17.46024277501832	14.783399137594614	-47.37610877862801	-74.52048411840393	30.83140460034848	17.60971875979627	69.26005183098563	-0.2220802820802097	-52.39586596442375	10.240443405537942	71.35515772151712	-4.061299940293285	-26.91741037268644	-34.65055826880921	
