1000	5115.105132916631
6110	3512.1850223937317
8522	3512.1850223937317
13580	3496.0285562351046
20961	3132.0419161099535
25707	3112.5400831922984
29268	3095.836910259588
33997	2946.3040568437846
38681	2886.618196305853
41003	2886.597163212864
43326	2886.595569488784
45649	2886.595470664791
47971	2886.595464299186
50288	2886.5954638800463
52609	2886.595463850892
54922	2886.595463848771
57235	2886.595463848741
59548	2886.595463848741
65738	2886.595463848741
68172	2886.595463848741
73140	2886.595463848741
76830	2886.595463848741
79295	2886.595463848741
84235	2886.595463848741
86664	2886.595463848741
90341	2886.595463848741
94037	2886.595463848741
100284	2886.595463848741
103992	2886.595463848741
108947	2886.595463848741
113888	2886.595463848741
120035	2886.595463848741
124901	2886.595463848741
127328	2886.595463848741
131043	2886.595463848741
134738	2886.595463848741
138497	2886.595463848741
140932	2886.595463848741
148346	2886.595463848741
150772	2886.595463848741
153190	2886.595463848741
160528	2886.595463848741
165524	2886.595463848741
167941	2886.595463848741
172856	2886.595463848741
177810	2886.595463848741
181533	2886.595463848741
183947	2886.595463848741
186367	2886.595463848741
188819	2886.595463848741
191271	2886.595463848741
193690	2886.595463848741
196135	2886.595463848741
199818	2886.595463848741
203517	2886.595463848741
210966	2886.595463848741
214706	2886.595463848741
217137	2886.595463848741
223305	2886.595463848741
225749	2886.595463848741
228194	2886.595463848741
235417	2886.595463848741
240345	2886.595463848741
242758	2886.595463848741
247677	2886.595463848741
250089	2886.595463848741
252513	2886.595463848741
254909	2886.595463848741
259847	2886.595463848741
263568	2886.595463848741
268554	2886.595463848741
270985	2886.595463848741
273406	2886.595463848741
277068	2886.595463848741
279501	2886.595463848741
281942	2886.595463848741
284371	2886.595463848741
286797	2886.595463848741
289229	2886.595463848741
291645	2886.595463848741
294056	2886.595463848741
296493	2886.595463848741
298925	2886.595463848741
305027	2886.595463848741
307463	2886.595463848741
309871	2886.595463848741
312308	2886.595463848741
314730	2886.595463848741
317167	2886.595463848741
319571	2886.595463848741
322002	2886.595463848741
324397	2886.595463848741
326827	2886.595463848741
329264	2886.595463848741
331692	2886.595463848741
334127	2886.595463848741
336584	2886.595463848741
339005	2886.595463848741
341415	2886.595463848741
343845	2886.595463848741
346271	2886.595463848741
348680	2886.595463848741
353630	2886.595463848741
357348	2886.595463848741
361019	2886.595463848741
363427	2886.595463848741
365871	2886.595463848741
369542	2886.595463848741
373253	2886.595463848741
375685	2886.595463848741
378065	2886.595463848741
381760	2886.595463848741
384181	2886.595463848741
386612	2886.595463848741
389035	2886.595463848741
392725	2886.595463848741
396416	2886.595463848741
398848	2886.595463848741
401290	2886.595463848741
403717	2886.595463848741
406128	2886.595463848741
408571	2886.595463848741
411011	2886.595463848741
413434	2886.595463848741
415869	2886.595463848741
418280	2886.595463848741
420732	2886.595463848741
423171	2886.595463848741
425582	2886.595463848741
428013	2886.595463848741
430441	2886.595463848741
432848	2886.595463848741
435269	2886.595463848741
437688	2886.595463848741
440108	2886.595463848741
442528	2886.595463848741
444951	2886.595463848741
447360	2886.595463848741
449808	2886.595463848741
452256	2886.595463848741
454692	2886.595463848741
457127	2886.595463848741
459564	2886.595463848741
462000	2886.595463848741
464424	2886.595463848741
466844	2886.595463848741
469262	2886.595463848741
471702	2871.7132701739265
474153	2871.7132701739265
476589	2871.7132701739265
479019	2863.6203800155095
481430	2844.556775034528
483863	2842.9550557263888
486258	2835.6525889491604
488675	2819.967820700919
491106	2819.967820700919
493517	2817.7359470581973
495935	2806.4056195898343
498348	2792.211734074259
500746	2788.5372390349917
503169	2784.7567801035493
505578	2780.430028638929
508007	2775.4651443683724
510432	2767.0263908010616
512848	2761.4797190487684
515267	2747.492777687092
517711	2747.492777687092
520124	2743.629427495023
522544	2738.289733156182
524982	2735.4476177993015
527398	2732.1486196610367
529800	2728.6140199557744
532212	2725.511201897084
534621	2722.636618508749
537047	2715.9759681376345
539476	2713.046450238282
541883	2710.6018985207415
544297	2707.7849308853733
546738	2705.676342647006
549152	2703.5217593605985
551561	2702.3178405747403
554008	2700.1899669243994
556439	2698.3536509665646
558857	2696.723960396126
561290	2695.88825421856
563721	2693.568933552985
566140	2692.657452992993
568557	2690.3567116807035
570990	2689.538947013218
573416	2688.3309844762707
575852	2686.5413343104055
578298	2685.811281748026
580736	2684.2778286244966
583177	2683.536480613564
585615	2682.474095403435
588036	2681.4652310821157
590474	2680.9093882399666
592906	2679.86777306065
595323	2679.1930439939874
597755	2678.151437430103
600177	2676.840370152343
602601	2676.22606720612
605034	2675.7588348983754
607457	2675.1759977640445
609870	2674.831781599779
612300	2674.3079753555603
614723	2674.132118044203
617148	2673.592538152002
619552	2673.3124007381775
621972	2673.119124076385
624388	2672.893243262666
626803	2672.509297120702
629229	2672.3234267284415
631636	2671.9251505808998
634051	2671.6864368127885
636479	2671.4514153491536
638886	2671.3729383021428
641303	2670.9715944747713
643720	2670.9307137430105
646135	2670.8303589381303
648553	2670.71307221571
650970	2670.5405834869407
653382	2670.423393969132
655796	2670.285455388956
658206	2670.1449636094685
660619	2670.039699472308
663038	2669.9462778377474
665471	2669.8333204439446
667904	2669.770332941584
670315	2669.697530231218
672749	2669.596378691916
675186	2669.4805751374324
677610	2669.2599695531217
680040	2669.204190445595
682459	2669.156427052413
684882	2669.079406095947
687302	2669.021254774228
689727	2668.935099750969
692161	2668.8879541678784
694601	2668.7659892443908
697031	2668.6483831012815
699462	2668.6215159099343
701884	2668.5717899133915
704316	2667.4386511371836
706752	2667.316434652649
709187	2667.316434652649
711627	2667.316434652649
714062	2667.316434652649
716505	2667.316434652649
718924	2667.316434652649
721342	2667.271317008235
723774	2667.271317008235
726208	2667.271317008235
728647	2667.271317008235
731090	2667.271317008235
733527	2667.271317008235
735979	2667.271317008235
738418	2667.271317008235
740850	2667.271317008235
743296	2667.271317008235
745736	2667.271317008235
748178	2667.271317008235
750627	2667.271317008235
753070	2667.271317008235
755507	2667.271317008235
757946	2667.271317008235
760390	2667.271317008235
762830	2667.271317008235
765284	2667.271317008235
767741	2667.271317008235
770187	2667.271317008235
772629	2667.271317008235
775071	2667.271317008235
777511	2667.271317008235
779950	2667.271317008235
782385	2667.271317008235
784831	2667.271317008235
787266	2667.271317008235
789692	2667.271317008235
792137	2667.271317008235
794577	2667.271317008235
797016	2667.271317008235
799463	2667.271317008235
801904	2667.271317008235
804341	2667.271317008235
806773	2667.271317008235
809211	2667.271317008235
811654	2667.271317008235
814099	2667.271317008235
816543	2667.271317008235
818991	2667.271317008235
821437	2667.271317008235
823887	2667.271317008235
826318	2667.271317008235
828758	2667.271317008235
831193	2667.271317008235
833629	2667.271317008235
836055	2667.271317008235
838493	2667.271317008235
840929	2667.271317008235
843361	2667.271317008235
845794	2667.271317008235
848235	2667.271317008235
850669	2667.271317008235
853104	2667.271317008235
855546	2667.271317008235
857986	2667.271317008235
860438	2667.271317008235
862884	2667.271317008235
865337	2667.271317008235
867787	2667.271317008235
870222	2667.271317008235
872677	2667.271317008235
875115	2667.271317008235
877559	2667.271317008235
879993	2667.271317008235
882424	2667.271317008235
884859	2667.271317008235
887292	2667.271317008235
889724	2667.271317008235
892164	2667.271317008235
894599	2667.271317008235
897044	2667.271317008235
899476	2667.271317008235
901916	2667.271317008235
904361	2667.271317008235
906788	2667.271317008235
909218	2667.271317008235
911659	2667.271317008235
914107	2667.271317008235
916545	2667.271317008235
918993	2667.271317008235
921436	2667.271317008235
923878	2667.271317008235
926333	2667.271317008235
928785	2667.271317008235
931239	2667.271317008235
933680	2667.271317008235
936117	2667.271317008235
938555	2667.271317008235
940996	2667.271317008235
943440	2667.271317008235
945883	2667.271317008235
948339	2667.271317008235
950782	2667.271317008235
953222	2667.271317008235
955665	2667.271317008235
958110	2667.271317008235
960557	2667.271317008235
963007	2667.271317008235
965456	2667.271317008235
967909	2667.271317008235
970350	2667.271317008235
972791	2667.271317008235
975243	2667.271317008235
977688	2667.271317008235
980119	2667.271317008235
982562	2667.271317008235
985000	2667.271317008235
987451	2667.271317008235
989898	2667.271317008235
992335	2667.271317008235
994771	2667.271317008235
997211	2667.271317008235
999664	2667.271317008235
1002102	2667.271317008235
