1000	5066.437135331193
11021	3183.4954640365945
16981	3108.45155693279
22926	3054.0329136545333
25278	3054.0329136545333
30300	3054.0329136545333
35302	3054.0329136545333
41512	3054.0329136545333
46535	3054.0329136545333
51570	3054.0329136545333
55362	3054.0329136545333
59082	3054.0329136545333
64073	3054.0329136545333
66498	3054.0329136545333
75230	3009.253103263275
79973	3009.253103263275
87342	3009.253103263275
91048	3009.253103263275
98562	3009.253103263275
102287	3009.253103263275
108540	3009.253103263275
115982	3009.253103263275
124595	3009.253103263275
129555	3009.253103263275
133224	3009.253103263275
136919	3009.253103263275
139364	3009.253103263275
143126	3009.253103263275
145564	3009.253103263275
150529	3009.253103263275
154217	3009.253103263275
157891	3009.253103263275
161591	3009.253103263275
164002	3009.253103263275
172520	3009.253103263275
177481	3009.253103263275
182384	3009.253103263275
184826	3009.253103263275
187246	3009.253103263275
190907	3009.253103263275
194613	3009.253103263275
198305	3009.253103263275
202013	3009.253103263275
204479	3009.253103263275
209450	3009.253103263275
215596	3009.253103263275
220601	3009.253103263275
224306	3009.253103263275
228053	3009.253103263275
230490	3009.253103263275
234267	3009.253103263275
237962	3009.253103263275
241619	3009.253103263275
246606	3009.253103263275
250330	3009.253103263275
258929	3009.253103263275
262603	3009.253103263275
265043	3009.253103263275
267445	3009.253103263275
271122	3009.253103263275
274836	3009.253103263275
277273	3009.253103263275
279682	3009.253103263275
284630	3009.253103263275
288353	3009.253103263275
292010	3009.253103263275
301712	2978.2234945118607
305230	2978.2234945118607
308942	2978.2234945118607
312625	2978.2234945118607
315090	2978.2234945118607
318800	2978.2234945118607
322497	2978.2234945118607
324891	2978.2234945118607
327300	2978.2234945118607
331010	2978.2234945118607
333448	2978.2234945118607
339691	2978.2234945118607
347150	2978.2234945118607
350854	2978.2234945118607
353328	2978.2234945118607
355773	2978.2234945118607
358174	2978.2234945118607
364343	2978.2234945118607
366777	2978.2234945118607
370482	2978.2234945118607
374193	2978.2234945118607
376594	2978.2234945118607
378994	2978.2234945118607
382678	2978.2234945118607
385096	2978.2234945118607
387537	2978.2234945118607
391234	2978.2234945118607
393671	2978.2234945118607
396108	2978.2234945118607
398533	2978.2234945118607
402193	2978.2234945118607
404613	2978.2234945118607
407037	2978.2234945118607
409483	2978.2234945118607
411915	2978.2234945118607
414360	2978.2234945118607
416802	2978.2234945118607
419222	2978.2234945118607
421655	2978.2234945118607
427878	2978.2234945118607
430312	2978.2234945118607
432741	2978.2234945118607
435161	2978.2234945118607
437606	2978.2234945118607
440046	2978.2234945118607
442475	2978.2234945118607
444894	2978.2234945118607
447301	2978.2234945118607
449704	2978.2234945118607
452126	2978.2234945118607
454535	2978.2234945118607
456956	2969.3016298059424
459384	2969.3016298059424
461809	2969.3016298059424
464237	2966.79537789175
466643	2956.3651370304715
469069	2933.343824468063
471509	2910.135634976317
473971	2910.1001331515836
476382	2888.9374588882656
478819	2876.9248270273315
481243	2868.810574230032
483661	2856.8079663272747
486080	2851.9056677857125
488528	2844.456014372936
490954	2832.4828728587063
493389	2806.9883371424717
495845	2805.676757829716
498274	2800.7118852109425
500717	2792.3683032920762
503141	2776.4719993884087
505568	2768.7532771916954
508012	2752.4603691616503
510428	2745.7676150523466
512860	2741.556426732286
515280	2729.20137513859
517715	2719.376532772616
520140	2715.8325584109866
522568	2708.002161239109
525008	2699.6215345963765
527437	2690.949157643461
529864	2685.537455574464
532305	2679.935407286457
534724	2669.1814447245843
537148	2666.885729178467
539573	2658.3684188478123
542012	2653.419770794596
544449	2647.0619353700718
546888	2644.9365619697974
549312	2640.4464617665467
551770	2633.4197484604924
554217	2629.622573702425
556647	2622.596637680142
559095	2620.5323922872285
561523	2616.8719466773346
563968	2615.4092091288435
566409	2609.939528710418
568850	2607.386253028581
571283	2602.8323803003796
573701	2598.7369846680604
576143	2597.735779833811
578585	2595.426754105988
581037	2593.8827305382315
583464	2591.9000635264288
585924	2589.1233863360353
588370	2586.7233827308146
590796	2584.3027009870875
593237	2583.7193373376945
595688	2582.667583798709
598146	2581.072563000012
600583	2579.5106940591204
603047	2577.79349092345
605485	2577.129592289384
607924	2574.457394595116
610359	2573.9334213408038
612811	2572.9854400434992
615261	2571.907375967759
617701	2571.55494955601
620162	2570.8607902607114
622601	2570.4151435213794
625066	2569.943017173824
627531	2568.762248045794
630004	2568.505145326128
632442	2568.2100441922007
634882	2567.7197321338062
637334	2567.263285025645
639785	2566.9323767321216
642228	2566.6629805491098
644668	2566.2622128244648
647110	2565.9332204002308
649530	2565.7107103789476
651967	2565.4206357695684
654411	2565.196051885424
656850	2565.035579301914
659295	2564.9183883136816
661723	2564.753597145427
664158	2564.6213019396932
666600	2564.471066806336
669043	2564.3550474496014
671503	2564.2331591191073
673941	2564.021154167305
676390	2563.9249793353424
678837	2563.7901356025304
681282	2563.6649763361097
683716	2563.551512744729
686153	2563.378782730543
688600	2563.316714634385
691028	2563.180103683684
693473	2563.1332883576742
695916	2562.9878061721065
698361	2562.923337710602
700810	2562.8534350808077
703256	2562.7105575692913
705715	2562.661102353918
708164	2562.5884407677254
710625	2562.504745205785
713066	2562.4531320188603
715505	2562.4299863102647
717937	2562.374625657524
720378	2562.32754542934
722809	2562.2535622496657
725243	2562.1871463663138
727679	2562.17792244365
730114	2562.1520934885957
732548	2562.1166702190685
734996	2562.0964168193937
737430	2562.07608300184
739870	2562.0459155009894
742302	2562.0198821325553
744741	2562.0064757972505
747158	2561.988392194553
749598	2561.9697717092276
752047	2561.9583745410987
754494	2561.945561523659
756932	2561.912971099801
759377	2561.912173174625
761812	2561.8947136762977
764256	2561.873553581884
766684	2561.872363276167
769121	2561.862324568608
771564	2561.8482473015993
774013	2561.839564515692
776449	2561.8238551598242
778899	2561.803349132382
781343	2561.790701495167
783781	2561.778794488916
786217	2561.769788179307
788659	2561.7583568111563
791097	2561.751801725411
793524	2561.7369418344183
795974	2561.72819454186
798400	2561.7198523049483
800833	2561.715366247941
803265	2561.708049164076
805697	2561.7021026298125
808137	2561.695702221835
810570	2561.6921187075877
813006	2561.687477721807
815438	2561.6836158573096
817875	2561.6799245617103
820308	2561.6763748281182
822740	2561.6739234618904
825199	2561.670125074674
827644	2561.667587465593
830098	2561.6625101298655
832535	2561.657699066756
834980	2561.6556453096327
837423	2561.6524410010024
839870	2561.6500144883225
842312	2561.646816779111
844747	2561.6448057105986
847192	2561.6411130725996
849620	2561.638432137217
852059	2561.6356779364028
854503	2561.632427210145
856944	2561.630253108009
859383	2561.6272146026686
861812	2561.6253619214276
864253	2561.62246387837
866700	2561.6207299076023
869146	2561.6201325752145
871585	2561.618269388193
874032	2561.6169829592623
876469	2561.6155764077284
878914	2561.6132337913273
881354	2561.612338475133
883802	2561.610555162053
886244	2561.609226147504
888677	2561.606554393789
891109	2561.6060022215975
893550	2561.605336229264
896001	2561.604999957054
898455	2561.6044495879864
900892	2561.603786707824
903324	2561.60330252147
905763	2561.602811093239
908203	2561.6019885204596
910640	2561.601360202025
913081	2561.600583456278
915525	2561.5999585878963
917961	2561.5990021933812
920400	2561.598514114035
922830	2561.59778981997
925276	2561.597123154616
927726	2561.596979162833
930180	2561.596657779601
932637	2561.596341644382
935080	2561.595785362071
937525	2561.5955006638965
939961	2561.5952302939563
942399	2561.5949177746015
944838	2561.5948071156804
947276	2561.594315399983
949719	2561.5942041935136
952163	2561.594103642616
954593	2561.5938219309005
957035	2561.5937367367374
959486	2561.5934469906606
961942	2561.592793347586
964382	2561.592695386631
966829	2561.592384860015
969280	2561.592206879155
971731	2561.5920579587764
974185	2561.5919023899414
976630	2561.591652464756
979077	2561.5915550049267
981527	2561.591358308668
983980	2561.5912251297527
986433	2561.591110236606
988884	2561.591041559973
991342	2561.5909298521765
993798	2561.5908344577724
996252	2561.590552716364
998709	2561.5902898608233
1001156	2561.5901859667288
