1000	5047.3295826026915
2185	4756.500859921569
3349	4440.875603143841
4511	4211.961952727932
5667	4044.936830945243
6822	3896.6118386209364
7974	3744.203464731965
9133	3683.5402080737276
10281	3581.7106483667476
11428	3534.522953391491
12570	3534.522953391491
13708	3534.522953391491
14844	3516.323552241931
15983	3515.9959609204197
17122	3492.1016418728677
18267	3446.4781593829784
19404	3446.4781593829784
20543	3413.874689870152
21680	3391.310056928646
22816	3391.310056928646
23949	3369.78282074363
25083	3369.78282074363
26216	3314.7796376397237
27343	3314.7796376397237
28472	3314.7796376397237
29605	3314.0103119248824
30734	3314.0103119248824
31862	3314.0103119248824
32990	3314.0103119248824
34117	3289.016341161342
35245	3289.016341161342
36376	3286.33151300222
37501	3286.33151300222
38627	3286.33151300222
39755	3286.33151300222
40884	3270.4448403225106
42011	3269.762519475178
43137	3267.6177138199673
44262	3267.6177138199673
45389	3267.6177138199673
46519	3267.6177138199673
47646	3267.6177138199673
48772	3267.6177138199673
49902	3267.6177138199673
51032	3267.6177138199673
59037	2545.443514425744
65855	2545.443513370371
66987	2545.443513370371
68115	2545.443513370371
69240	2545.443513370371
70367	2545.443513370371
71496	2545.443513370371
72628	2545.443513370371
73758	2545.443513370371
74886	2545.443513370371
76021	2545.443513370371
77153	2545.443513370371
78290	2545.443513370371
79426	2545.443513370371
80560	2545.443513370371
81694	2545.443513370371
82827	2545.443513370371
83963	2545.443513370371
85094	2545.443513370371
86227	2545.443513370371
87364	2545.443513370371
88497	2545.443513370371
89632	2545.443513370371
90768	2545.443513370371
91900	2545.443513370371
93032	2545.443513370371
97778	2545.443513370371
98906	2545.443513370371
100034	2545.443513370371
101168	2545.443513370371
102303	2545.443513370371
103435	2545.443513370371
104568	2545.443513370371
105703	2545.443513370371
106841	2545.443513370371
107978	2545.443513370371
109114	2545.443513370371
110251	2545.443513370371
111382	2545.443513370371
112515	2545.443513370371
113646	2545.443513370371
114783	2545.443513370371
115918	2545.443513370371
117054	2545.443513370371
118188	2545.443513370371
119322	2545.443513370371
123658	2545.443513370371
124789	2545.443513370371
125921	2545.443513370371
127052	2545.443513370371
128185	2545.443513370371
129319	2545.443513370371
130452	2545.443513370371
131586	2545.443513370371
132717	2545.443513370371
133846	2545.443513370371
137983	2545.443513370371
139117	2545.443513370371
140250	2545.443513370371
141382	2545.443513370371
142512	2545.443513370371
143650	2545.443513370371
144787	2545.443513370371
145924	2545.443513370371
147060	2545.443513370371
148192	2545.443513370371
149328	2545.443513370371
150463	2545.443513370371
151600	2545.443513370371
152738	2545.443513370371
153877	2545.443513370371
155018	2545.443513370371
156161	2545.443513370371
157302	2545.443513370371
158442	2545.443513370371
159580	2545.443513370371
162537	2538.366938245593
167299	2538.366938133823
168446	2538.366938133823
169590	2538.366938133823
170733	2538.366938133823
171872	2538.366938133823
173012	2538.366938133823
174151	2538.366938133823
175296	2538.366938133823
176437	2538.366938133823
177582	2538.366938133823
178726	2538.366938133823
179867	2538.366938133823
181011	2538.366938133823
182158	2538.366938133823
183302	2538.366938133823
184452	2538.366938133823
185601	2538.366938133823
186749	2538.366938133823
187896	2538.366938133823
192348	2538.366938133823
193492	2538.366938133823
194643	2538.366938133823
195794	2538.366938133823
196945	2538.366938133823
198094	2538.366938133823
199248	2538.366938133823
200402	2538.366938133823
201555	2538.366938133823
202711	2538.366938133823
203864	2538.366938133823
205023	2538.366938133823
206177	2538.366938133823
207336	2538.366938133823
208489	2538.366938133823
209649	2538.366938133823
210805	2538.366938133823
211960	2538.366938133823
213115	2538.366938133823
214272	2538.366938133823
220862	2538.366938133823
222018	2538.366938133823
223178	2538.366938133823
224338	2538.366938133823
225500	2538.366938133823
226660	2538.366938133823
227818	2538.366938133823
228976	2538.366938133823
230140	2538.366938133823
231304	2538.366938133823
232469	2538.366938133823
233634	2538.366938133823
234792	2538.366938133823
235953	2538.366938133823
237113	2538.366938133823
238281	2538.366938133823
239441	2538.366938133823
240607	2538.366938133823
241768	2538.366938133823
242936	2538.366938133823
246260	2538.366938133823
247421	2538.366938133823
248586	2538.366938133823
249750	2538.366938133823
250913	2538.366938133823
252080	2538.366938133823
253250	2538.366938133823
254416	2538.366938133823
255580	2538.366938133823
256749	2538.366938133823
257911	2538.366938133823
259081	2538.366938133823
260255	2538.366938133823
261420	2538.366938133823
262588	2538.366938133823
263757	2538.366938133823
264926	2538.366938133823
266087	2538.366938133823
267254	2538.366938133823
268420	2538.366938133823
271747	2538.366938133823
272909	2538.366938133823
274080	2538.366938133823
275259	2538.366938133823
276422	2538.366938133823
277592	2538.366938133823
278762	2538.366938133823
279928	2538.366938133823
281101	2538.366938133823
282266	2538.366938133823
283437	2538.366938133823
284598	2538.366938133823
285767	2538.366938133823
286931	2538.366938133823
288100	2538.366938133823
289266	2538.366938133823
290446	2538.366938133823
291616	2538.366938133823
292778	2538.366938133823
293944	2538.366938133823
297174	2538.366938133823
298348	2538.366938133823
299513	2538.366938133823
300685	2538.366938133823
301858	2538.366938133823
303031	2538.366938133823
304202	2538.366938133823
305368	2538.366938133823
306539	2538.366938133823
307713	2538.366938133823
310932	2538.366938133823
312112	2538.366938133823
313280	2538.366938133823
314448	2538.366938133823
315626	2538.366938133823
316801	2538.366938133823
317975	2538.366938133823
319145	2538.366938133823
320312	2538.366938133823
321482	2538.366938133823
322659	2538.366938133823
323830	2538.366938133823
324997	2538.366938133823
326164	2538.366938133823
327332	2538.366938133823
328499	2538.366938133823
329672	2538.366938133823
330849	2538.366938133823
332013	2538.366938133823
333186	2538.366938133823
336314	2538.366938133823
337485	2538.366938133823
338662	2538.366938133823
339834	2538.366938133823
341004	2538.366938133823
342175	2538.366938133823
343342	2538.366938133823
344517	2538.366938133823
345689	2538.366938133823
346857	2538.366938133823
348027	2538.366938133823
349202	2538.366938133823
350372	2538.366938133823
351543	2538.366938133823
352712	2538.366938133823
353888	2538.366938133823
355054	2538.366938133823
356224	2538.366938133823
357395	2538.366938133823
358566	2538.366938133823
361803	2538.366938133823
362972	2538.366938133823
364139	2538.366938133823
365310	2538.366938133823
366474	2538.366938133823
367650	2538.366938133823
368816	2538.366938133823
369991	2538.366938133823
371162	2538.366938133823
372340	2538.366938133823
373506	2538.366938133823
374680	2538.366938133823
375850	2538.366938133823
377017	2538.366938133823
378190	2538.366938133823
379358	2538.366938133823
380522	2538.366938133823
381693	2538.366938133823
382858	2538.366938133823
384030	2538.366938133823
386963	2538.366938133823
388135	2538.366938133823
389308	2538.366938133823
390481	2538.366938133823
391659	2538.366938133823
392832	2538.366938133823
394000	2538.366938133823
395175	2538.366938133823
396353	2538.366938133823
397519	2538.366938133823
398688	2538.366938133823
399855	2538.366938133823
401025	2538.366938133823
402195	2538.366938133823
403375	2538.366938133823
404545	2538.366938133823
405711	2538.366938133823
406874	2538.366938133823
408045	2538.366938133823
409214	2538.366938133823
412142	2538.366938133823
413310	2538.366938133823
414482	2538.366938133823
415656	2538.366938133823
416823	2538.366938133823
417987	2538.366938133823
419156	2538.366938133823
420331	2538.366938133823
421505	2538.366938133823
422672	2538.366938133823
430789	2538.366938133823
431950	2538.366938133823
433117	2538.366938133823
434287	2538.366938133823
435454	2538.366938133823
436620	2538.366938133823
437787	2538.366938133823
438964	2538.366938133823
440135	2538.366938133823
441309	2538.366938133823
442483	2538.366938133823
443654	2538.366938133823
444822	2538.366938133823
445997	2538.366938133823
447173	2538.366938133823
448345	2538.366938133823
449523	2538.366938133823
450690	2538.366938133823
451865	2538.366938133823
453036	2538.366938133823
455965	2538.366938133823
457130	2538.366938133823
458297	2538.366938133823
459462	2538.366938133823
460636	2538.366938133823
461815	2538.366938133823
462988	2538.366938133823
464159	2538.366938133823
465325	2538.366938133823
466493	2538.366938133823
467655	2538.366938133823
468816	2538.366938133823
469974	2538.366938133823
471134	2538.366938133823
472300	2538.366938133823
473471	2538.366938133823
474639	2538.366938133823
475812	2538.366938133823
476989	2538.366938133823
478161	2538.366938133823
481802	2538.366938133823
482975	2538.366938133823
484144	2538.366938133823
485324	2538.366938133823
486502	2538.366938133823
487680	2538.366938133823
488853	2538.366938133823
490023	2538.366938133823
491194	2538.366938133823
492367	2538.366938133823
493539	2538.366938133823
494708	2538.366938133823
495876	2538.366938133823
497050	2538.366938133823
498218	2538.366938133823
499388	2538.366938133823
500574	2538.366938133823
501755	2538.366938133823
502929	2538.366938133823
504096	2538.366938133823
507987	2538.366938133823
509155	2538.366938133823
510310	2538.366938133823
511461	2538.366938133823
512612	2538.366938133823
513768	2538.366938133823
514926	2538.366938133823
516085	2538.366938133823
517243	2538.366938133823
518408	2538.366938133823
519572	2538.366938133823
520740	2538.366938133823
521910	2538.366938133823
523078	2538.366938133823
524249	2538.366938133823
525424	2538.366938133823
526598	2538.366938133823
527773	2538.366938133823
528942	2538.366938133823
530111	2538.366938133823
533331	2538.366938133823
534505	2538.366938133823
535681	2538.366938133823
536855	2538.366938133823
538027	2538.366938133823
539201	2538.366938133823
540367	2538.366938133823
541536	2538.366938133823
542710	2538.366938133823
543875	2538.366938133823
546902	2538.366938133823
548082	2538.366938133823
549262	2538.366938133823
550439	2538.366938133823
551604	2538.366938133823
552773	2538.366938133823
553934	2538.366938133823
555091	2538.366938133823
556240	2538.366938133823
557396	2538.366938133823
558553	2538.366938133823
559711	2538.366938133823
560876	2538.366938133823
562040	2538.366938133823
563209	2538.366938133823
564378	2538.366938133823
565549	2538.366938133823
566726	2538.366938133823
567893	2538.366938133823
569065	2538.366938133823
572498	2538.366938133823
573669	2538.366938133823
574845	2538.366938133823
576008	2538.366938133823
577175	2538.366938133823
578344	2538.366938133823
579519	2538.366938133823
580693	2538.366938133823
581864	2538.366938133823
583029	2538.366938133823
584194	2538.366938133823
585361	2538.366938133823
586526	2538.366938133823
587698	2538.366938133823
588862	2538.366938133823
590036	2538.366938133823
591211	2538.366938133823
592399	2538.366938133823
593576	2538.366938133823
594749	2538.366938133823
601160	2538.366938133823
602319	2538.366938133823
603469	2538.366938133823
604622	2538.366938133823
605773	2538.366938133823
606929	2538.366938133823
608091	2538.366938133823
609248	2538.366938133823
610406	2538.366938133823
611572	2538.366938133823
612731	2538.366938133823
613897	2538.366938133823
615068	2538.366938133823
616238	2538.366938133823
617411	2538.366938133823
618582	2538.366938133823
619756	2538.366938133823
620929	2538.366938133823
622101	2538.366938133823
623272	2538.366938133823
626506	2538.366938133823
627682	2538.366938133823
628852	2538.366938133823
630021	2538.366938133823
631193	2538.366938133823
632364	2538.366938133823
633535	2538.366938133823
634704	2538.366938133823
635870	2538.366938133823
637035	2538.366938133823
638200	2538.366938133823
639370	2538.366938133823
640544	2538.366938133823
641716	2538.366938133823
642882	2538.366938133823
644074	2538.366938133823
645252	2538.366938133823
646431	2538.366938133823
647596	2538.366938133823
648749	2538.366938133823
653205	2538.366938133823
654357	2538.366938133823
655515	2538.366938133823
656670	2538.366938133823
657837	2538.366938133823
659002	2538.366938133823
660171	2538.366938133823
661335	2538.366938133823
662502	2538.366938133823
663673	2538.366938133823
667316	2538.366938133823
668491	2538.366938133823
669666	2538.366938133823
670837	2538.366938133823
672010	2538.366938133823
673182	2538.366938133823
674353	2538.366938133823
675529	2538.366938133823
676703	2538.366938133823
677874	2538.366938133823
679046	2538.366938133823
680221	2538.366938133823
681392	2538.366938133823
682562	2538.366938133823
683733	2538.366938133823
684906	2538.366938133823
686086	2538.366938133823
687265	2538.366938133823
688444	2538.366938133823
689624	2538.366938133823
697695	2538.366938133823
698849	2538.366938133823
699999	2538.366938133823
701154	2538.366938133823
702307	2538.366938133823
703468	2538.366938133823
704628	2538.366938133823
705788	2538.366938133823
706950	2538.366938133823
708114	2538.366938133823
709281	2538.366938133823
710444	2538.366938133823
711611	2538.366938133823
712783	2538.366938133823
713949	2538.366938133823
715115	2538.366938133823
716284	2538.366938133823
717451	2538.366938133823
718617	2538.366938133823
719779	2538.366938133823
723104	2538.366938133823
724271	2538.366938133823
725444	2538.366938133823
726615	2538.366938133823
727787	2538.366938133823
728956	2538.366938133823
730124	2538.366938133823
731298	2538.366938133823
732474	2538.366938133823
733641	2538.366938133823
734809	2538.366938133823
735984	2538.366938133823
737155	2538.366938133823
738325	2538.366938133823
739501	2538.366938133823
740677	2538.366938133823
741857	2538.366938133823
743021	2538.366938133823
744198	2538.366938133823
745364	2538.366938133823
749349	2538.366938133823
750505	2538.366938133823
751664	2538.366938133823
752816	2538.366938133823
753974	2538.366938133823
755138	2538.366938133823
756296	2538.366938133823
757458	2538.366938133823
758622	2538.366938133823
759782	2538.366938133823
760954	2538.366938133823
762117	2538.366938133823
763285	2538.366938133823
764457	2538.366938133823
765629	2538.366938133823
766795	2538.366938133823
767970	2538.366938133823
769134	2538.366938133823
770307	2538.366938133823
771479	2538.366938133823
774806	2538.366938133823
775974	2538.366938133823
777145	2538.366938133823
778317	2538.366938133823
779483	2538.366938133823
780651	2538.366938133823
781815	2538.366938133823
782977	2538.366938133823
784144	2538.366938133823
785315	2538.366938133823
788244	2538.366938133823
789413	2538.366938133823
790582	2538.366938133823
791763	2538.366938133823
792941	2538.366938133823
794115	2538.366938133823
795293	2538.366938133823
796455	2538.366938133823
797606	2538.366938133823
798753	2538.366938133823
799901	2538.366938133823
801047	2538.366938133823
802196	2538.366938133823
803349	2538.366938133823
804502	2538.366938133823
805660	2538.366938133823
806820	2538.366938133823
807982	2538.366938133823
809146	2538.366938133823
810309	2538.366938133823
812679	2532.4654615219283
816420	2532.46546146162
817592	2532.46546146162
818759	2532.46546146162
819928	2532.46546146162
821091	2532.46546146162
822258	2532.46546146162
823430	2532.46546146162
824599	2532.46546146162
825767	2532.46546146162
826933	2532.46546146162
828100	2532.46546146162
829267	2532.46546146162
830430	2532.46546146162
831600	2532.46546146162
832763	2532.46546146162
833931	2532.46546146162
835098	2532.46546146162
836266	2532.46546146162
837433	2532.46546146162
840860	2532.46546146162
842025	2532.46546146162
843188	2532.46546146162
844371	2532.46546146162
845541	2532.46546146162
846722	2532.46546146162
847888	2532.46546146162
849049	2532.46546146162
850204	2532.46546146162
851359	2532.46546146162
852503	2532.46546146162
853656	2532.46546146162
854809	2532.46546146162
855966	2532.46546146162
857128	2532.46546146162
858285	2532.46546146162
859449	2532.46546146162
860617	2532.46546146162
861788	2532.46546146162
862964	2532.46546146162
865649	2532.280993596794
870081	2532.280993301235
871247	2532.280993301235
872405	2532.280993301235
873562	2532.280993301235
874720	2532.280993301235
875876	2532.280993301235
877029	2532.280993301235
878181	2532.280993301235
879340	2532.280993301235
880495	2532.280993301235
881652	2532.280993301235
882804	2532.280993301235
883961	2532.280993301235
885118	2532.280993301235
886272	2532.280993301235
887428	2532.280993301235
888588	2532.280993301235
889745	2532.280993301235
890898	2532.280993301235
894321	2532.280993301235
895477	2532.280993301235
896636	2532.280993301235
897796	2532.280993301235
898958	2532.280993301235
900120	2532.280993301235
901275	2532.280993301235
902433	2532.280993301235
903587	2532.280993301235
904750	2532.280993301235
905914	2532.280993301235
907073	2532.280993301235
908229	2532.280993301235
909390	2532.280993301235
910547	2532.280993301235
911704	2532.280993301235
912857	2532.280993301235
914016	2532.280993301235
915170	2532.280993301235
916332	2532.280993301235
919646	2532.280993301235
920803	2532.280993301235
921959	2532.280993301235
923115	2532.280993301235
924275	2532.280993301235
925437	2532.280993301235
926588	2532.280993301235
927742	2532.280993301235
928897	2532.280993301235
930052	2532.280993301235
931209	2532.280993301235
932369	2532.280993301235
933525	2532.280993301235
934677	2532.280993301235
935840	2532.280993301235
936996	2532.280993301235
938153	2532.280993301235
939311	2532.280993301235
940469	2532.280993301235
941628	2532.280993301235
945643	2532.280993301235
946803	2532.280993301235
947963	2532.280993301235
949128	2532.280993301235
950286	2532.280993301235
951450	2532.280993301235
952614	2532.280993301235
953773	2532.280993301235
954930	2532.280993301235
956089	2532.280993301235
957248	2532.280993301235
958405	2532.280993301235
959569	2532.280993301235
960724	2532.280993301235
961884	2532.280993301235
963041	2532.280993301235
964202	2532.280993301235
965361	2532.280993301235
966521	2532.280993301235
967675	2532.280993301235
970875	2532.280993301235
972039	2532.280993301235
973198	2532.280993301235
974361	2532.280993301235
975524	2532.280993301235
976687	2532.280993301235
977849	2532.280993301235
979008	2532.280993301235
980170	2532.280993301235
981332	2532.280993301235
982490	2532.280993301235
983655	2532.280993301235
984815	2532.280993301235
985975	2532.280993301235
987134	2532.280993301235
988289	2532.280993301235
989444	2532.280993301235
990608	2532.280993301235
991770	2532.280993301235
992933	2532.280993301235
995932	2532.280993301235
997093	2532.280993301235
998253	2532.280993301235
999419	2532.280993301235
1000580	2532.280993301235
