1000	5048.798997275906
2181	4743.832850477507
3341	4398.151296044694
4501	4235.925123571193
5657	4074.9681761774564
6811	3941.423255910093
7963	3745.147821229598
9111	3722.492705383641
10256	3644.3334976299866
11398	3631.0908558064257
12545	3598.5555960156125
13684	3561.2326330134356
14824	3531.8235305297585
15965	3516.663895556293
17108	3441.4827206678438
18242	3441.4827206678438
19373	3441.4827206678438
20503	3441.4827206678438
21635	3368.2529919011868
22772	3368.2529919011868
23905	3368.2529919011868
25035	3368.2529919011868
26165	3368.2529919011868
27300	3368.2529919011868
28430	3368.2529919011868
29562	3359.0772164142136
30692	3352.322014687579
31819	3352.322014687579
32948	3352.322014687579
34074	3352.322014687579
35199	3352.322014687579
36327	3352.322014687579
37455	3352.322014687579
38579	3352.322014687579
39705	3352.322014687579
40832	3352.322014687579
41961	3352.322014687579
43086	3352.322014687579
44211	3352.322014687579
45341	3352.322014687579
46471	3352.322014687579
47603	3352.322014687579
48734	3352.322014687579
49865	3352.322014687579
55945	2610.441536188516
61380	2610.441535280628
62516	2610.441535280628
63649	2610.441535280628
64785	2610.441535280628
65913	2610.441535280628
67040	2610.441535280628
68168	2610.441535280628
69297	2610.441535280628
70427	2610.441535280628
71561	2610.441535280628
72692	2610.441535280628
73823	2610.441535280628
74957	2610.441535280628
76089	2610.441535280628
77219	2610.441535280628
78351	2610.441535280628
79483	2610.441535280628
80615	2610.441535280628
81743	2610.441535280628
82872	2610.441535280628
84004	2610.441535280628
85136	2610.441535280628
86268	2610.441535280628
87403	2610.441535280628
88533	2610.441535280628
89665	2610.441535280628
92515	2598.5019896836334
97164	2598.501989507991
98298	2598.501989507991
99426	2598.501989507991
100557	2598.501989507991
101688	2598.501989507991
102818	2598.501989507991
103948	2598.501989507991
105079	2598.501989507991
106210	2598.501989507991
107341	2598.501989507991
108469	2598.501989507991
109600	2598.501989507991
110733	2598.501989507991
111864	2598.501989507991
112999	2598.501989507991
114132	2598.501989507991
115266	2598.501989507991
116393	2598.501989507991
117528	2598.501989507991
120678	2548.421424485812
126499	2548.421424264104
127635	2548.421424264104
128771	2548.421424264104
129908	2548.421424264104
131042	2548.421424264104
132177	2548.421424264104
133309	2548.421424264104
134440	2548.421424264104
135575	2548.421424264104
136709	2548.421424264104
137841	2548.421424264104
138973	2548.421424264104
140105	2548.421424264104
141240	2548.421424264104
142373	2548.421424264104
143507	2548.421424264104
144640	2548.421424264104
145778	2548.421424264104
146911	2548.421424264104
150859	2548.421424264104
151995	2548.421424264104
153134	2548.421424264104
154275	2548.421424264104
155410	2548.421424264104
156549	2548.421424264104
157688	2548.421424264104
158828	2548.421424264104
159969	2548.421424264104
161105	2548.421424264104
162244	2548.421424264104
163383	2548.421424264104
164525	2548.421424264104
165665	2548.421424264104
166805	2548.421424264104
167944	2548.421424264104
169083	2548.421424264104
170222	2548.421424264104
171359	2548.421424264104
172497	2548.421424264104
178308	2548.421424264104
179447	2548.421424264104
180588	2548.421424264104
181727	2548.421424264104
182864	2548.421424264104
184004	2548.421424264104
185143	2548.421424264104
186285	2548.421424264104
187426	2548.421424264104
188563	2548.421424264104
189709	2548.421424264104
190852	2548.421424264104
191993	2548.421424264104
193138	2548.421424264104
194276	2548.421424264104
195413	2548.421424264104
196551	2548.421424264104
197694	2548.421424264104
198838	2548.421424264104
199978	2548.421424264104
203840	2548.421424264104
204981	2548.421424264104
206122	2548.421424264104
207261	2548.421424264104
208401	2548.421424264104
209545	2548.421424264104
210689	2548.421424264104
211828	2548.421424264104
212971	2548.421424264104
214117	2548.421424264104
215259	2548.421424264104
216405	2548.421424264104
217549	2548.421424264104
218690	2548.421424264104
219830	2548.421424264104
220977	2548.421424264104
222124	2548.421424264104
223269	2548.421424264104
224417	2548.421424264104
225564	2548.421424264104
229902	2548.421424264104
231049	2548.421424264104
232198	2548.421424264104
233345	2548.421424264104
234492	2548.421424264104
235639	2548.421424264104
236783	2548.421424264104
237927	2548.421424264104
239073	2548.421424264104
240216	2548.421424264104
241363	2548.421424264104
242508	2548.421424264104
243655	2548.421424264104
244801	2548.421424264104
245950	2548.421424264104
247100	2548.421424264104
248247	2548.421424264104
249397	2548.421424264104
250540	2548.421424264104
251684	2548.421424264104
257307	2548.421424264104
258457	2548.421424264104
259609	2548.421424264104
260758	2548.421424264104
261908	2548.421424264104
263054	2548.421424264104
264200	2548.421424264104
265351	2548.421424264104
266505	2548.421424264104
267660	2548.421424264104
271679	2548.421424264104
272828	2548.421424264104
273981	2548.421424264104
275131	2548.421424264104
276281	2548.421424264104
277430	2548.421424264104
278573	2548.421424264104
279722	2548.421424264104
280873	2548.421424264104
282026	2548.421424264104
283182	2548.421424264104
284336	2548.421424264104
285489	2548.421424264104
286638	2548.421424264104
287788	2548.421424264104
288944	2548.421424264104
290093	2548.421424264104
291245	2548.421424264104
292394	2548.421424264104
293544	2548.421424264104
297706	2548.421424264104
298858	2548.421424264104
300008	2548.421424264104
301160	2548.421424264104
302316	2548.421424264104
303466	2548.421424264104
304614	2548.421424264104
305767	2548.421424264104
306918	2548.421424264104
308074	2548.421424264104
309225	2548.421424264104
310381	2548.421424264104
311534	2548.421424264104
312681	2548.421424264104
313828	2548.421424264104
314980	2548.421424264104
316128	2548.421424264104
317278	2548.421424264104
318426	2548.421424264104
319577	2548.421424264104
325160	2548.421424264104
326313	2548.421424264104
327462	2548.421424264104
328616	2548.421424264104
329769	2548.421424264104
330925	2548.421424264104
332081	2548.421424264104
333238	2548.421424264104
334387	2548.421424264104
335539	2548.421424264104
336694	2548.421424264104
337839	2548.421424264104
338988	2548.421424264104
340136	2548.421424264104
341290	2548.421424264104
342443	2548.421424264104
343596	2548.421424264104
344748	2548.421424264104
345906	2548.421424264104
347064	2548.421424264104
352610	2548.421424264104
353763	2548.421424264104
354913	2548.421424264104
356061	2548.421424264104
357212	2548.421424264104
358368	2548.421424264104
359523	2548.421424264104
360674	2548.421424264104
361831	2548.421424264104
362993	2548.421424264104
364152	2548.421424264104
365307	2548.421424264104
366467	2548.421424264104
367623	2548.421424264104
368778	2548.421424264104
369934	2548.421424264104
371090	2548.421424264104
372251	2548.421424264104
373413	2548.421424264104
374572	2548.421424264104
379284	2548.421424264104
380447	2548.421424264104
381608	2548.421424264104
382766	2548.421424264104
383917	2548.421424264104
385072	2548.421424264104
386232	2548.421424264104
387391	2548.421424264104
388549	2548.421424264104
389707	2548.421424264104
393798	2548.421424264104
394957	2548.421424264104
396115	2548.421424264104
397273	2548.421424264104
398427	2548.421424264104
399582	2548.421424264104
400744	2548.421424264104
401905	2548.421424264104
403062	2548.421424264104
404221	2548.421424264104
405377	2548.421424264104
406539	2548.421424264104
407702	2548.421424264104
408860	2548.421424264104
410018	2548.421424264104
411177	2548.421424264104
412337	2548.421424264104
413495	2548.421424264104
414657	2548.421424264104
415814	2548.421424264104
421436	2548.421424264104
422597	2548.421424264104
423757	2548.421424264104
424921	2548.421424264104
426084	2548.421424264104
427247	2548.421424264104
428410	2548.421424264104
429570	2548.421424264104
430725	2548.421424264104
431885	2548.421424264104
433044	2548.421424264104
434206	2548.421424264104
435361	2548.421424264104
436520	2548.421424264104
437673	2548.421424264104
438836	2548.421424264104
439996	2548.421424264104
441154	2548.421424264104
442313	2548.421424264104
443472	2548.421424264104
447445	2548.421424264104
448607	2548.421424264104
449767	2548.421424264104
450932	2548.421424264104
452091	2548.421424264104
453255	2548.421424264104
454422	2548.421424264104
455575	2548.421424264104
456732	2548.421424264104
457888	2548.421424264104
459054	2548.421424264104
460221	2548.421424264104
461377	2548.421424264104
462537	2548.421424264104
463698	2548.421424264104
464866	2548.421424264104
466020	2548.421424264104
467178	2548.421424264104
468337	2548.421424264104
469498	2548.421424264104
475107	2548.421424264104
476265	2548.421424264104
477430	2548.421424264104
478592	2548.421424264104
479756	2548.421424264104
480917	2548.421424264104
482075	2548.421424264104
483237	2548.421424264104
484398	2548.421424264104
485561	2548.421424264104
486720	2548.421424264104
487875	2548.421424264104
489033	2548.421424264104
490194	2548.421424264104
491360	2548.421424264104
492518	2548.421424264104
493677	2548.421424264104
494836	2548.421424264104
495995	2548.421424264104
497160	2548.421424264104
500037	2544.1717003081885
505628	2544.1717001982124
506785	2544.1717001982124
507943	2544.1717001982124
509102	2544.1717001982124
510260	2544.1717001982124
511417	2544.1717001982124
512573	2544.1717001982124
513727	2544.1717001982124
514881	2544.1717001982124
516033	2544.1717001982124
517196	2544.1717001982124
518352	2544.1717001982124
519505	2544.1717001982124
520658	2544.1717001982124
521817	2544.1717001982124
522970	2544.1717001982124
524134	2544.1717001982124
525296	2544.1717001982124
526450	2544.1717001982124
529224	2544.118380415438
534119	2544.1183797467734
535280	2544.1183797467734
536441	2544.1183797467734
537596	2544.1183797467734
538753	2544.1183797467734
539907	2544.1183797467734
541059	2544.1183797467734
542224	2544.1183797467734
543382	2544.1183797467734
544541	2544.1183797467734
545694	2544.1183797467734
546846	2544.1183797467734
548000	2544.1183797467734
549155	2544.1183797467734
550323	2544.1183797467734
551485	2544.1183797467734
552657	2544.1183797467734
553817	2544.1183797467734
554976	2544.1183797467734
559563	2544.1183797467734
560721	2544.1183797467734
561885	2544.1183797467734
563043	2544.1183797467734
564204	2544.1183797467734
565363	2544.1183797467734
566520	2544.1183797467734
567677	2544.1183797467734
568835	2544.1183797467734
569997	2544.1183797467734
571153	2544.1183797467734
572318	2544.1183797467734
573476	2544.1183797467734
574637	2544.1183797467734
575797	2544.1183797467734
576964	2544.1183797467734
578118	2544.1183797467734
579275	2544.1183797467734
580429	2544.1183797467734
581589	2544.1183797467734
586276	2544.1183797467734
587428	2544.1183797467734
588595	2544.1183797467734
589749	2544.1183797467734
590904	2544.1183797467734
592063	2544.1183797467734
593224	2544.1183797467734
594383	2544.1183797467734
595540	2544.1183797467734
596701	2544.1183797467734
597867	2544.1183797467734
599026	2544.1183797467734
600181	2544.1183797467734
601338	2544.1183797467734
602494	2544.1183797467734
603649	2544.1183797467734
604807	2544.1183797467734
605962	2544.1183797467734
607121	2544.1183797467734
608275	2544.1183797467734
612552	2544.1183797467734
613711	2544.1183797467734
614875	2544.1183797467734
616045	2544.1183797467734
617208	2544.1183797467734
618371	2544.1183797467734
619525	2544.1183797467734
620685	2544.1183797467734
621840	2544.1183797467734
623001	2544.1183797467734
624159	2544.1183797467734
625314	2544.1183797467734
626468	2544.1183797467734
627628	2544.1183797467734
628790	2544.1183797467734
629949	2544.1183797467734
631109	2544.1183797467734
632268	2544.1183797467734
633425	2544.1183797467734
634579	2544.1183797467734
640031	2544.1183797467734
641186	2544.1183797467734
642344	2544.1183797467734
643503	2544.1183797467734
644659	2544.1183797467734
645815	2544.1183797467734
646974	2544.1183797467734
648123	2544.1183797467734
649277	2544.1183797467734
650434	2544.1183797467734
651595	2544.1183797467734
652754	2544.1183797467734
653908	2544.1183797467734
655063	2544.1183797467734
656226	2544.1183797467734
657382	2544.1183797467734
658537	2544.1183797467734
659696	2544.1183797467734
660855	2544.1183797467734
662008	2544.1183797467734
670883	2544.1183797467734
672039	2544.1183797467734
673192	2544.1183797467734
674352	2544.1183797467734
675516	2544.1183797467734
676679	2544.1183797467734
677843	2544.1183797467734
678992	2544.1183797467734
680145	2544.1183797467734
681300	2544.1183797467734
687813	2544.1183797467734
688969	2544.1183797467734
690126	2544.1183797467734
691282	2544.1183797467734
692436	2544.1183797467734
693595	2544.1183797467734
694755	2544.1183797467734
695918	2544.1183797467734
697080	2544.1183797467734
698246	2544.1183797467734
699413	2544.1183797467734
700566	2544.1183797467734
701726	2544.1183797467734
702881	2544.1183797467734
704043	2544.1183797467734
705205	2544.1183797467734
706363	2544.1183797467734
707524	2544.1183797467734
708681	2544.1183797467734
709839	2544.1183797467734
715450	2544.1183797467734
716611	2544.1183797467734
717772	2544.1183797467734
718932	2544.1183797467734
720096	2544.1183797467734
721258	2544.1183797467734
722417	2544.1183797467734
723581	2544.1183797467734
724743	2544.1183797467734
725896	2544.1183797467734
727063	2544.1183797467734
728221	2544.1183797467734
729381	2544.1183797467734
730543	2544.1183797467734
731706	2544.1183797467734
732865	2544.1183797467734
734027	2544.1183797467734
735188	2544.1183797467734
736344	2544.1183797467734
737499	2544.1183797467734
747622	2544.1183797467734
748787	2544.1183797467734
749947	2544.1183797467734
751103	2544.1183797467734
752260	2544.1183797467734
753422	2544.1183797467734
754588	2544.1183797467734
755749	2544.1183797467734
756908	2544.1183797467734
758072	2544.1183797467734
759237	2544.1183797467734
760399	2544.1183797467734
761557	2544.1183797467734
762724	2544.1183797467734
763880	2544.1183797467734
765038	2544.1183797467734
766195	2544.1183797467734
767354	2544.1183797467734
768509	2544.1183797467734
769674	2544.1183797467734
779877	2544.1183797467734
781034	2544.1183797467734
782194	2544.1183797467734
783352	2544.1183797467734
784511	2544.1183797467734
785673	2544.1183797467734
786832	2544.1183797467734
787990	2544.1183797467734
789150	2544.1183797467734
790311	2544.1183797467734
791467	2544.1183797467734
792627	2544.1183797467734
793782	2544.1183797467734
794938	2544.1183797467734
796099	2544.1183797467734
797260	2544.1183797467734
798413	2544.1183797467734
799574	2544.1183797467734
800738	2544.1183797467734
801895	2544.1183797467734
805968	2544.1183797467734
807132	2544.1183797467734
808294	2544.1183797467734
809450	2544.1183797467734
810604	2544.1183797467734
811759	2544.1183797467734
812911	2544.1183797467734
814066	2544.1183797467734
815221	2544.1183797467734
816382	2544.1183797467734
820571	2544.1183797467734
821730	2544.1183797467734
822890	2544.1183797467734
824052	2544.1183797467734
825214	2544.1183797467734
826374	2544.1183797467734
827540	2544.1183797467734
828699	2544.1183797467734
829861	2544.1183797467734
831018	2544.1183797467734
832180	2544.1183797467734
833340	2544.1183797467734
834492	2544.1183797467734
835652	2544.1183797467734
836813	2544.1183797467734
837977	2544.1183797467734
839138	2544.1183797467734
840299	2544.1183797467734
841462	2544.1183797467734
842617	2544.1183797467734
846765	2544.1183797467734
847921	2544.1183797467734
849083	2544.1183797467734
850238	2544.1183797467734
851394	2544.1183797467734
852559	2544.1183797467734
853723	2544.1183797467734
854886	2544.1183797467734
856045	2544.1183797467734
857204	2544.1183797467734
858363	2544.1183797467734
859521	2544.1183797467734
860676	2544.1183797467734
861833	2544.1183797467734
862991	2544.1183797467734
864150	2544.1183797467734
865311	2544.1183797467734
866472	2544.1183797467734
867628	2544.1183797467734
868791	2544.1183797467734
871662	2530.2120363026534
877719	2530.2120360993667
878877	2530.2120360993667
880030	2530.2120360993667
881186	2530.2120360993667
882333	2530.2120360993667
883482	2530.2120360993667
884636	2530.2120360993667
885791	2530.2120360993667
886942	2530.2120360993667
888091	2530.2120360993667
889251	2530.2120360993667
890405	2530.2120360993667
891560	2530.2120360993667
892717	2530.2120360993667
893878	2530.2120360993667
895034	2530.2120360993667
896193	2530.2120360993667
897344	2530.2120360993667
898497	2530.2120360993667
904166	2530.2120360993667
905324	2530.2120360993667
906476	2530.2120360993667
907629	2530.2120360993667
908784	2530.2120360993667
909935	2530.2120360993667
911087	2530.2120360993667
912242	2530.2120360993667
913404	2530.2120360993667
914563	2530.2120360993667
915720	2530.2120360993667
916879	2530.2120360993667
918035	2530.2120360993667
919187	2530.2120360993667
920334	2530.2120360993667
921488	2530.2120360993667
922645	2530.2120360993667
923800	2530.2120360993667
924955	2530.2120360993667
926111	2530.2120360993667
930577	2530.2120360993667
931733	2530.2120360993667
932888	2530.2120360993667
934040	2530.2120360993667
935193	2530.2120360993667
936345	2530.2120360993667
937499	2530.2120360993667
938653	2530.2120360993667
939804	2530.2120360993667
940957	2530.2120360993667
942106	2530.2120360993667
943256	2530.2120360993667
944409	2530.2120360993667
945561	2530.2120360993667
946714	2530.2120360993667
947864	2530.2120360993667
949020	2530.2120360993667
950175	2530.2120360993667
951329	2530.2120360993667
952480	2530.2120360993667
958720	2530.2120360993667
959878	2530.2120360993667
961026	2530.2120360993667
962180	2530.2120360993667
963333	2530.2120360993667
964487	2530.2120360993667
965637	2530.2120360993667
966794	2530.2120360993667
967946	2530.2120360993667
969098	2530.2120360993667
970259	2530.2120360993667
971417	2530.2120360993667
972571	2530.2120360993667
973724	2530.2120360993667
974871	2530.2120360993667
976026	2530.2120360993667
977179	2530.2120360993667
978326	2530.2120360993667
979478	2530.2120360993667
980634	2530.2120360993667
987454	2530.2120360993667
988610	2530.2120360993667
989761	2530.2120360993667
990910	2530.2120360993667
992058	2530.2120360993667
993205	2530.2120360993667
994353	2530.2120360993667
995504	2530.2120360993667
996660	2530.2120360993667
997809	2530.2120360993667
998961	2530.2120360993667
1000124	2530.2120360993667
