1000	5066.437135331193
2168	4759.785989111073
3320	4730.51643607376
4469	4395.168575549906
5615	4395.168575549906
6765	4209.882884741787
7907	4132.813431925601
9054	4079.2501679010584
10200	3881.9159403785957
11341	3881.9159403785957
12483	3790.772125828705
13620	3790.772125828705
14761	3790.772125828705
15901	3741.3650868300183
17040	3654.436498873327
18180	3609.2552395388057
19319	3498.94393708965
20454	3498.94393708965
21587	3498.94393708965
22717	3498.94393708965
23852	3498.94393708965
24982	3498.94393708965
26113	3498.94393708965
27242	3498.94393708965
28373	3467.705158855978
29504	3467.705158855978
30636	3467.705158855978
31767	3446.7764673133106
32901	3446.7764673133106
34030	3446.7764673133106
35160	3446.7764673133106
36290	3446.7764673133106
37423	3444.7809481925688
38551	3430.422208920627
39679	3424.7117902105365
40805	3424.7117902105365
41933	3424.7117902105365
43062	3424.7117902105365
44191	3413.9493432982977
45322	3378.196627596649
46448	3378.196627596649
47575	3378.196627596649
48701	3378.196627596649
49827	3378.196627596649
50951	3378.196627596649
52076	3378.196627596649
53201	3378.196627596649
54328	3378.196627596649
55455	3378.196627596649
56582	3378.196627596649
57709	3378.196627596649
66359	2582.7580276965537
67488	2582.7580276965537
68614	2582.7580276965537
69743	2582.7580276965537
70868	2582.7580276965537
71993	2582.7580276965537
73122	2582.7580276965537
74249	2582.7580276965537
75379	2582.7580276965537
76509	2582.7580276965537
77635	2582.7580276965537
78762	2582.7580276965537
79893	2582.7580276965537
81019	2582.7580276965537
82145	2582.7580276965537
83270	2582.7580276965537
84397	2582.7580276965537
85524	2582.7580276965537
86651	2582.7580276965537
87778	2582.7580276965537
91843	2582.7580276965537
92972	2582.7580276965537
94104	2582.7580276965537
95237	2582.7580276965537
96368	2582.7580276965537
97500	2582.7580276965537
98632	2582.7580276965537
99764	2582.7580276965537
100897	2582.7580276965537
102028	2582.7580276965537
103160	2582.7580276965537
104292	2582.7580276965537
105424	2582.7580276965537
106558	2582.7580276965537
107689	2582.7580276965537
108823	2582.7580276965537
109954	2582.7580276965537
111085	2582.7580276965537
112213	2582.7580276965537
113341	2582.7580276965537
121404	2582.7580276965537
122534	2582.7580276965537
123664	2582.7580276965537
124793	2582.7580276965537
125921	2582.7580276965537
127050	2582.7580276965537
128181	2582.7580276965537
129310	2582.7580276965537
130440	2582.7580276965537
131574	2582.7580276965537
132708	2582.7580276965537
133839	2582.7580276965537
134973	2582.7580276965537
136104	2582.7580276965537
137235	2582.7580276965537
138366	2582.7580276965537
139498	2582.7580276965537
140627	2582.7580276965537
141758	2582.7580276965537
142889	2582.7580276965537
147456	2582.7580276965537
148588	2582.7580276965537
149718	2582.7580276965537
150850	2582.7580276965537
151981	2582.7580276965537
153112	2582.7580276965537
154244	2582.7580276965537
155374	2582.7580276965537
156504	2582.7580276965537
157632	2582.7580276965537
158760	2582.7580276965537
159888	2582.7580276965537
161016	2582.7580276965537
162143	2582.7580276965537
163272	2582.7580276965537
164399	2582.7580276965537
165529	2582.7580276965537
166657	2582.7580276965537
167783	2582.7580276965537
168909	2582.7580276965537
177565	2582.7580276965537
178694	2582.7580276965537
179825	2582.7580276965537
180952	2582.7580276965537
182081	2582.7580276965537
183210	2582.7580276965537
184339	2582.7580276965537
185467	2582.7580276965537
186599	2582.7580276965537
187729	2582.7580276965537
188861	2582.7580276965537
189992	2582.7580276965537
191128	2582.7580276965537
192262	2582.7580276965537
193391	2582.7580276965537
194524	2582.7580276965537
195655	2582.7580276965537
196789	2582.7580276965537
197922	2582.7580276965537
199052	2582.7580276965537
206048	2582.7580276965537
207177	2582.7580276965537
208308	2582.7580276965537
209435	2582.7580276965537
210566	2582.7580276965537
211696	2582.7580276965537
212825	2582.7580276965537
213954	2582.7580276965537
215081	2582.7580276965537
216211	2582.7580276965537
228189	2582.7580276965537
229317	2582.7580276965537
230444	2582.7580276965537
231575	2582.7580276965537
232703	2582.7580276965537
233835	2582.7580276965537
234965	2582.7580276965537
236096	2582.7580276965537
237227	2582.7580276965537
238356	2582.7580276965537
239483	2582.7580276965537
240615	2582.7580276965537
241747	2582.7580276965537
242877	2582.7580276965537
244007	2582.7580276965537
245139	2582.7580276965537
246275	2582.7580276965537
247409	2582.7580276965537
248541	2582.7580276965537
249671	2582.7580276965537
253922	2582.7580276965537
255051	2582.7580276965537
256186	2582.7580276965537
257320	2582.7580276965537
258452	2582.7580276965537
259580	2582.7580276965537
260710	2582.7580276965537
261843	2582.7580276965537
262975	2582.7580276965537
264104	2582.7580276965537
265233	2582.7580276965537
266361	2582.7580276965537
267491	2582.7580276965537
268618	2582.7580276965537
269744	2582.7580276965537
270872	2582.7580276965537
272002	2582.7580276965537
273129	2582.7580276965537
274255	2582.7580276965537
275384	2582.7580276965537
280052	2582.7580276965537
281180	2582.7580276965537
282306	2582.7580276965537
283437	2582.7580276965537
284573	2582.7580276965537
285706	2582.7580276965537
286836	2582.7580276965537
287966	2582.7580276965537
289096	2582.7580276965537
290227	2582.7580276965537
291359	2582.7580276965537
292490	2582.7580276965537
293624	2582.7580276965537
294754	2582.7580276965537
295883	2582.7580276965537
297016	2582.7580276965537
298146	2582.7580276965537
299276	2582.7580276965537
300408	2582.7580276965537
301540	2582.7580276965537
308322	2582.7580276965537
309451	2582.7580276965537
310576	2582.7580276965537
311703	2582.7580276965537
312833	2582.7580276965537
313965	2582.7580276965537
315096	2582.7580276965537
316231	2582.7580276965537
317364	2582.7580276965537
318497	2582.7580276965537
319628	2582.7580276965537
320757	2582.7580276965537
321890	2582.7580276965537
323020	2582.7580276965537
324150	2582.7580276965537
325277	2582.7580276965537
326407	2582.7580276965537
327536	2582.7580276965537
328661	2582.7580276965537
329788	2582.7580276965537
334135	2582.7580276965537
335264	2582.7580276965537
336392	2582.7580276965537
337521	2582.7580276965537
338649	2582.7580276965537
339782	2582.7580276965537
340910	2582.7580276965537
342039	2582.7580276965537
343166	2582.7580276965537
344295	2582.7580276965537
348440	2582.7580276965537
349569	2582.7580276965537
350695	2582.7580276965537
351823	2582.7580276965537
352953	2582.7580276965537
354081	2582.7580276965537
355210	2582.7580276965537
356345	2582.7580276965537
357480	2582.7580276965537
358612	2582.7580276965537
359743	2582.7580276965537
360875	2582.7580276965537
362008	2582.7580276965537
363136	2582.7580276965537
364266	2582.7580276965537
365397	2582.7580276965537
366526	2582.7580276965537
367655	2582.7580276965537
368787	2582.7580276965537
369921	2582.7580276965537
374165	2582.7580276965537
375295	2582.7580276965537
376426	2582.7580276965537
377555	2582.7580276965537
378687	2582.7580276965537
379817	2582.7580276965537
380947	2582.7580276965537
382076	2582.7580276965537
383207	2582.7580276965537
384339	2582.7580276965537
385469	2582.7580276965537
386599	2582.7580276965537
387727	2582.7580276965537
388857	2582.7580276965537
389987	2582.7580276965537
391116	2582.7580276965537
392243	2582.7580276965537
393370	2582.7580276965537
394498	2582.7580276965537
395625	2582.7580276965537
402211	2582.7580276965537
403344	2582.7580276965537
404477	2582.7580276965537
405607	2582.7580276965537
406736	2582.7580276965537
407864	2582.7580276965537
408993	2582.7580276965537
410123	2582.7580276965537
411252	2582.7580276965537
412383	2582.7580276965537
413512	2582.7580276965537
414640	2582.7580276965537
415773	2582.7580276965537
416906	2582.7580276965537
418038	2582.7580276965537
419173	2582.7580276965537
420305	2582.7580276965537
421438	2582.7580276965537
422571	2582.7580276965537
423700	2582.7580276965537
428969	2582.7580276965537
430097	2582.7580276965537
431225	2582.7580276965537
432358	2582.7580276965537
433488	2582.7580276965537
434620	2582.7580276965537
435751	2582.7580276965537
436881	2582.7580276965537
438011	2582.7580276965537
439143	2582.7580276965537
440274	2582.7580276965537
441405	2582.7580276965537
442537	2582.7580276965537
443671	2582.7580276965537
444803	2582.7580276965537
445933	2582.7580276965537
447066	2582.7580276965537
448201	2582.7580276965537
449330	2582.7580276965537
450459	2582.7580276965537
454910	2582.7580276965537
456039	2582.7580276965537
457170	2582.7580276965537
458299	2582.7580276965537
459432	2582.7580276965537
460560	2582.7580276965537
461689	2582.7580276965537
462815	2582.7580276965537
463945	2582.7580276965537
465070	2582.7580276965537
469207	2582.7580276965537
470335	2582.7580276965537
471460	2582.7580276965537
472587	2582.7580276965537
473716	2582.7580276965537
474846	2582.7580276965537
475977	2582.7580276965537
477109	2582.7580276965537
478243	2582.7580276965537
479376	2582.7580276965537
480508	2582.7580276965537
481641	2582.7580276965537
482772	2582.7580276965537
483905	2582.7580276965537
485035	2582.7580276965537
486168	2582.7580276965537
487300	2582.7580276965537
488430	2582.7580276965537
489557	2582.7580276965537
490686	2582.7580276965537
496246	2582.7580276965537
497378	2582.7580276965537
498511	2582.7580276965537
499643	2582.7580276965537
500775	2582.7580276965537
501906	2582.7580276965537
503035	2582.7580276965537
504162	2582.7580276965537
505291	2582.7580276965537
506418	2582.7580276965537
507545	2582.7580276965537
508672	2582.7580276965537
509802	2582.7580276965537
510932	2582.7580276965537
512062	2582.7580276965537
513191	2582.7580276965537
514322	2582.7580276965537
515453	2582.7580276965537
516586	2582.7580276965537
517714	2582.7580276965537
522498	2582.7580276965537
523628	2582.7580276965537
524759	2582.7580276965537
525893	2582.7580276965537
527023	2582.7580276965537
528153	2582.7580276965537
529286	2582.7580276965537
530421	2582.7580276965537
531556	2582.7580276965537
532689	2582.7580276965537
533820	2582.7580276965537
534950	2582.7580276965537
536079	2582.7580276965537
537210	2582.7580276965537
538339	2582.7580276965537
539467	2582.7580276965537
540597	2582.7580276965537
541728	2582.7580276965537
542854	2582.7580276965537
543984	2582.7580276965537
549738	2582.7580276965537
550869	2582.7580276965537
552001	2582.7580276965537
553129	2582.7580276965537
554261	2582.7580276965537
555391	2582.7580276965537
556518	2582.7580276965537
557648	2582.7580276965537
558778	2582.7580276965537
559911	2582.7580276965537
561047	2582.7580276965537
562181	2582.7580276965537
563313	2582.7580276965537
564442	2582.7580276965537
565575	2582.7580276965537
566706	2582.7580276965537
567836	2582.7580276965537
568964	2582.7580276965537
570090	2582.7580276965537
571218	2582.7580276965537
575776	2582.7580276965537
576904	2582.7580276965537
578032	2582.7580276965537
579160	2582.7580276965537
580289	2582.7580276965537
581421	2582.7580276965537
582553	2582.7580276965537
583685	2582.7580276965537
584817	2582.7580276965537
585948	2582.7580276965537
594037	2582.7580276965537
595168	2582.7580276965537
596302	2582.7580276965537
597436	2582.7580276965537
598566	2582.7580276965537
599695	2582.7580276965537
600826	2582.7580276965537
601955	2582.7580276965537
603085	2582.7580276965537
604212	2582.7580276965537
605343	2582.7580276965537
606477	2582.7580276965537
607608	2582.7580276965537
608739	2582.7580276965537
609871	2582.7580276965537
611005	2582.7580276965537
612138	2582.7580276965537
613269	2582.7580276965537
614403	2582.7580276965537
615534	2582.7580276965537
620194	2582.7580276965537
621328	2582.7580276965537
622459	2582.7580276965537
623591	2582.7580276965537
624720	2582.7580276965537
625848	2582.7580276965537
626978	2582.7580276965537
628112	2582.7580276965537
629243	2582.7580276965537
630373	2582.7580276965537
631506	2582.7580276965537
632633	2582.7580276965537
633765	2582.7580276965537
634893	2582.7580276965537
636024	2582.7580276965537
637152	2582.7580276965537
638282	2582.7580276965537
639416	2582.7580276965537
640546	2582.7580276965537
641676	2582.7580276965537
648547	2582.7580276965537
649674	2582.7580276965537
650804	2582.7580276965537
651933	2582.7580276965537
653063	2582.7580276965537
654193	2582.7580276965537
655321	2582.7580276965537
656451	2582.7580276965537
657579	2582.7580276965537
658710	2582.7580276965537
659839	2582.7580276965537
660969	2582.7580276965537
662099	2582.7580276965537
663228	2582.7580276965537
664358	2582.7580276965537
665486	2582.7580276965537
666615	2582.7580276965537
667743	2582.7580276965537
668877	2582.7580276965537
670009	2582.7580276965537
674378	2582.7580276965537
675511	2582.7580276965537
676645	2582.7580276965537
677780	2582.7580276965537
678911	2582.7580276965537
680040	2582.7580276965537
681172	2582.7580276965537
682309	2582.7580276965537
683440	2582.7580276965537
684571	2582.7580276965537
685703	2582.7580276965537
686831	2582.7580276965537
687960	2582.7580276965537
689091	2582.7580276965537
690220	2582.7580276965537
691348	2582.7580276965537
692477	2582.7580276965537
693606	2582.7580276965537
694737	2582.7580276965537
695864	2582.7580276965537
700832	2582.7580276965537
701962	2582.7580276965537
703092	2582.7580276965537
704223	2582.7580276965537
705354	2582.7580276965537
706487	2582.7580276965537
707614	2582.7580276965537
708740	2582.7580276965537
709872	2582.7580276965537
711011	2582.7580276965537
715186	2582.7580276965537
716319	2582.7580276965537
717450	2582.7580276965537
718583	2582.7580276965537
719714	2582.7580276965537
720844	2582.7580276965537
721973	2582.7580276965537
723099	2582.7580276965537
724229	2582.7580276965537
725357	2582.7580276965537
726485	2582.7580276965537
727610	2582.7580276965537
728737	2582.7580276965537
729869	2582.7580276965537
730998	2582.7580276965537
732126	2582.7580276965537
733257	2582.7580276965537
734387	2582.7580276965537
735516	2582.7580276965537
736643	2582.7580276965537
745902	2582.7580276965537
747034	2582.7580276965537
748165	2582.7580276965537
749294	2582.7580276965537
750424	2582.7580276965537
751552	2582.7580276965537
752678	2582.7580276965537
753807	2582.7580276965537
754933	2582.7580276965537
756063	2582.7580276965537
757195	2582.7580276965537
758326	2582.7580276965537
759456	2582.7580276965537
760586	2582.7580276965537
761720	2582.7580276965537
762851	2582.7580276965537
763983	2582.7580276965537
765113	2582.7580276965537
766246	2582.7580276965537
767376	2582.7580276965537
773053	2582.7580276965537
774183	2582.7580276965537
775314	2582.7580276965537
776444	2582.7580276965537
777576	2582.7580276965537
778709	2582.7580276965537
779841	2582.7580276965537
780974	2582.7580276965537
782110	2582.7580276965537
783246	2582.7580276965537
784378	2582.7580276965537
785507	2582.7580276965537
786635	2582.7580276965537
787763	2582.7580276965537
788890	2582.7580276965537
790014	2582.7580276965537
791141	2582.7580276965537
792270	2582.7580276965537
793394	2582.7580276965537
794526	2582.7580276965537
801185	2582.7580276965537
802319	2582.7580276965537
803450	2582.7580276965537
804583	2582.7580276965537
805717	2582.7580276965537
806847	2582.7580276965537
807974	2582.7580276965537
809104	2582.7580276965537
810237	2582.7580276965537
811365	2582.7580276965537
812494	2582.7580276965537
813622	2582.7580276965537
814751	2582.7580276965537
815879	2582.7580276965537
817006	2582.7580276965537
818133	2582.7580276965537
819261	2582.7580276965537
820388	2582.7580276965537
821519	2582.7580276965537
822649	2582.7580276965537
829311	2582.7580276965537
830440	2582.7580276965537
831572	2582.7580276965537
832701	2582.7580276965537
833830	2582.7580276965537
834959	2582.7580276965537
836086	2582.7580276965537
837215	2582.7580276965537
838341	2582.7580276965537
839474	2582.7580276965537
843758	2582.7580276965537
844891	2582.7580276965537
846024	2582.7580276965537
847159	2582.7580276965537
848292	2582.7580276965537
849426	2582.7580276965537
850557	2582.7580276965537
851690	2582.7580276965537
852823	2582.7580276965537
853954	2582.7580276965537
855087	2582.7580276965537
856218	2582.7580276965537
857347	2582.7580276965537
858478	2582.7580276965537
859607	2582.7580276965537
860737	2582.7580276965537
861867	2582.7580276965537
862994	2582.7580276965537
864124	2582.7580276965537
865253	2582.7580276965537
869602	2582.7580276965537
870729	2582.7580276965537
871858	2582.7580276965537
872987	2582.7580276965537
874116	2582.7580276965537
875244	2582.7580276965537
876373	2582.7580276965537
877505	2582.7580276965537
878636	2582.7580276965537
879764	2582.7580276965537
880892	2582.7580276965537
882020	2582.7580276965537
883149	2582.7580276965537
884280	2582.7580276965537
885410	2582.7580276965537
886542	2582.7580276965537
887675	2582.7580276965537
888808	2582.7580276965537
889938	2582.7580276965537
891067	2582.7580276965537
895327	2582.7580276965537
896459	2582.7580276965537
897590	2582.7580276965537
898722	2582.7580276965537
899854	2582.7580276965537
900985	2582.7580276965537
902119	2582.7580276965537
903248	2582.7580276965537
904383	2582.7580276965537
905513	2582.7580276965537
906647	2582.7580276965537
907777	2582.7580276965537
908904	2582.7580276965537
910032	2582.7580276965537
911161	2582.7580276965537
912293	2582.7580276965537
913422	2582.7580276965537
914552	2582.7580276965537
915679	2582.7580276965537
916810	2582.7580276965537
921386	2582.7580276965537
922517	2582.7580276965537
923649	2582.7580276965537
924781	2582.7580276965537
925913	2582.7580276965537
927044	2582.7580276965537
928176	2582.7580276965537
929305	2582.7580276965537
930436	2582.7580276965537
931566	2582.7580276965537
932694	2582.7580276965537
933823	2582.7580276965537
934952	2582.7580276965537
936079	2582.7580276965537
937205	2582.7580276965537
938332	2582.7580276965537
939460	2582.7580276965537
940586	2582.7580276965537
941716	2582.7580276965537
942847	2582.7580276965537
949428	2582.7580276965537
950558	2582.7580276965537
951687	2582.7580276965537
952818	2582.7580276965537
953949	2582.7580276965537
955082	2582.7580276965537
956212	2582.7580276965537
957342	2582.7580276965537
958469	2582.7580276965537
959600	2582.7580276965537
964584	2582.7580276965537
965712	2582.7580276965537
966842	2582.7580276965537
967973	2582.7580276965537
969104	2582.7580276965537
970233	2582.7580276965537
971364	2582.7580276965537
972497	2582.7580276965537
973626	2582.7580276965537
974757	2582.7580276965537
975890	2582.7580276965537
977021	2582.7580276965537
978154	2582.7580276965537
979284	2582.7580276965537
980415	2582.7580276965537
981547	2582.7580276965537
982676	2582.7580276965537
983807	2582.7580276965537
984938	2582.7580276965537
986065	2582.7580276965537
992010	2582.7580276965537
993139	2582.7580276965537
994266	2582.7580276965537
995394	2582.7580276965537
996522	2582.7580276965537
997653	2582.7580276965537
998782	2582.7580276965537
999912	2582.7580276965537
1001039	2582.7580276965537
