1000	5115.105132916631
2183	4753.812515558509
3348	4392.177853093624
4507	4200.167706832726
5664	4076.221013433107
6819	3858.8483092567258
7975	3828.16522725669
9128	3739.73178333324
10279	3688.4833494415793
11421	3617.571535520542
12565	3617.571535520542
13707	3590.2509724341276
14849	3541.335628374777
15988	3541.335628374777
17123	3518.5995416888723
18264	3482.6667862665417
19400	3454.4453345576444
20538	3454.4453345576444
21670	3429.114033564053
22806	3429.114033564053
23936	3404.8633555736105
25064	3404.8633555736105
26195	3399.7932178210867
27323	3399.7932178210867
28452	3399.7932178210867
29581	3399.7932178210867
30707	3399.7932178210867
31835	3392.814538103033
32961	3392.814538103033
34087	3392.814538103033
35213	3385.0165933431044
36340	3376.209988440208
37466	3376.209988440208
38593	3376.209988440208
39722	3376.209988440208
40848	3329.268280912872
41976	3329.268280912872
43102	3329.268280912872
44231	3329.268280912872
45359	3329.268280912872
46487	3329.268280912872
47620	3329.268280912872
48752	3329.268280912872
49881	3329.268280912872
51011	3329.268280912872
52139	3329.268280912872
53268	3329.268280912872
59040	2655.453790702175
64950	2655.4537905059215
66085	2655.4537905059215
67215	2655.4537905059215
68343	2655.4537905059215
69471	2655.4537905059215
70606	2655.4537905059215
71738	2655.4537905059215
72866	2655.4537905059215
73999	2655.4537905059215
75130	2655.4537905059215
76261	2655.4537905059215
77387	2655.4537905059215
78512	2655.4537905059215
79642	2655.4537905059215
80768	2655.4537905059215
81898	2655.4537905059215
83028	2655.4537905059215
84156	2655.4537905059215
85289	2655.4537905059215
86418	2655.4537905059215
87547	2655.4537905059215
88680	2655.4537905059215
89814	2655.4537905059215
92865	2644.203725458827
97509	2644.2037212646187
98640	2644.2037212646187
99771	2644.2037212646187
100905	2644.2037212646187
102036	2644.2037212646187
103171	2644.2037212646187
104304	2644.2037212646187
105436	2644.2037212646187
106572	2644.2037212646187
107706	2644.2037212646187
108841	2644.2037212646187
109980	2644.2037212646187
111111	2644.2037212646187
112245	2644.2037212646187
113376	2644.2037212646187
114507	2644.2037212646187
115641	2644.2037212646187
116775	2644.2037212646187
117908	2644.2037212646187
120756	2579.680856922289
127093	2579.6808567131006
128232	2579.6808567131006
129364	2579.6808567131006
130499	2579.6808567131006
131632	2579.6808567131006
132764	2579.6808567131006
133897	2579.6808567131006
135032	2579.6808567131006
136168	2579.6808567131006
137301	2579.6808567131006
138438	2579.6808567131006
139572	2579.6808567131006
140711	2579.6808567131006
141849	2579.6808567131006
142986	2579.6808567131006
144123	2579.6808567131006
145258	2579.6808567131006
146401	2579.6808567131006
147545	2579.6808567131006
151690	2579.6808567131006
152829	2579.6808567131006
153976	2579.6808567131006
155122	2579.6808567131006
156265	2579.6808567131006
157407	2579.6808567131006
158548	2579.6808567131006
159689	2579.6808567131006
160836	2579.6808567131006
161984	2579.6808567131006
163135	2579.6808567131006
164280	2579.6808567131006
165425	2579.6808567131006
166570	2579.6808567131006
167718	2579.6808567131006
168867	2579.6808567131006
170014	2579.6808567131006
171160	2579.6808567131006
172305	2579.6808567131006
173452	2579.6808567131006
177380	2579.6808567131006
178523	2579.6808567131006
179667	2579.6808567131006
180818	2579.6808567131006
181966	2579.6808567131006
183118	2579.6808567131006
184266	2579.6808567131006
185413	2579.6808567131006
186564	2579.6808567131006
187712	2579.6808567131006
188862	2579.6808567131006
190013	2579.6808567131006
191167	2579.6808567131006
192316	2579.6808567131006
193463	2579.6808567131006
194615	2579.6808567131006
195764	2579.6808567131006
196918	2579.6808567131006
198073	2579.6808567131006
199225	2579.6808567131006
203669	2579.6808567131006
204825	2579.6808567131006
205978	2579.6808567131006
207136	2579.6808567131006
208288	2579.6808567131006
209441	2579.6808567131006
210595	2579.6808567131006
211745	2579.6808567131006
212901	2579.6808567131006
214059	2579.6808567131006
215213	2579.6808567131006
216367	2579.6808567131006
217518	2579.6808567131006
218674	2579.6808567131006
219828	2579.6808567131006
220977	2579.6808567131006
222131	2579.6808567131006
223292	2579.6808567131006
224446	2579.6808567131006
225599	2579.6808567131006
229753	2579.6808567131006
230905	2579.6808567131006
232064	2579.6808567131006
233214	2579.6808567131006
234373	2579.6808567131006
235529	2579.6808567131006
236687	2579.6808567131006
237845	2579.6808567131006
238999	2579.6808567131006
240161	2579.6808567131006
241320	2579.6808567131006
242477	2579.6808567131006
243637	2579.6808567131006
244795	2579.6808567131006
245952	2579.6808567131006
247110	2579.6808567131006
248271	2579.6808567131006
249432	2579.6808567131006
250587	2579.6808567131006
251741	2579.6808567131006
255892	2579.6808567131006
257053	2579.6808567131006
258210	2579.6808567131006
259370	2579.6808567131006
260529	2579.6808567131006
261684	2579.6808567131006
262837	2579.6808567131006
264002	2579.6808567131006
265162	2579.6808567131006
266312	2579.6808567131006
271033	2579.6808567131006
272188	2579.6808567131006
273348	2579.6808567131006
274505	2579.6808567131006
275665	2579.6808567131006
276820	2579.6808567131006
277983	2579.6808567131006
279141	2579.6808567131006
280302	2579.6808567131006
281464	2579.6808567131006
282621	2579.6808567131006
283785	2579.6808567131006
284946	2579.6808567131006
286102	2579.6808567131006
287262	2579.6808567131006
288424	2579.6808567131006
289588	2579.6808567131006
290745	2579.6808567131006
291910	2579.6808567131006
293076	2579.6808567131006
297370	2579.6808567131006
298534	2579.6808567131006
299695	2579.6808567131006
300858	2579.6808567131006
302019	2579.6808567131006
303184	2579.6808567131006
304354	2579.6808567131006
305520	2579.6808567131006
306679	2579.6808567131006
307843	2579.6808567131006
309003	2579.6808567131006
310165	2579.6808567131006
311328	2579.6808567131006
312484	2579.6808567131006
313650	2579.6808567131006
314812	2579.6808567131006
315971	2579.6808567131006
317141	2579.6808567131006
318309	2579.6808567131006
319473	2579.6808567131006
323441	2579.6808567131006
324605	2579.6808567131006
325769	2579.6808567131006
326933	2579.6808567131006
328102	2579.6808567131006
329271	2579.6808567131006
330433	2579.6808567131006
331588	2579.6808567131006
332748	2579.6808567131006
333913	2579.6808567131006
335076	2579.6808567131006
336243	2579.6808567131006
337403	2579.6808567131006
338558	2579.6808567131006
339723	2579.6808567131006
340885	2579.6808567131006
342043	2579.6808567131006
343201	2579.6808567131006
344370	2579.6808567131006
345530	2579.6808567131006
349695	2579.6808567131006
350857	2579.6808567131006
352014	2579.6808567131006
353177	2579.6808567131006
354338	2579.6808567131006
355499	2579.6808567131006
356661	2579.6808567131006
357818	2579.6808567131006
358983	2579.6808567131006
360149	2579.6808567131006
361311	2579.6808567131006
362470	2579.6808567131006
363632	2579.6808567131006
364794	2579.6808567131006
365954	2579.6808567131006
367117	2579.6808567131006
368280	2579.6808567131006
369448	2579.6808567131006
370606	2579.6808567131006
371769	2579.6808567131006
375724	2579.6808567131006
376888	2579.6808567131006
378056	2579.6808567131006
379216	2579.6808567131006
380373	2579.6808567131006
381536	2579.6808567131006
382696	2579.6808567131006
383862	2579.6808567131006
385024	2579.6808567131006
386185	2579.6808567131006
390454	2579.6808567131006
391622	2579.6808567131006
392788	2579.6808567131006
393956	2579.6808567131006
395131	2579.6808567131006
396291	2579.6808567131006
397457	2579.6808567131006
398621	2579.6808567131006
399786	2579.6808567131006
400946	2579.6808567131006
402105	2579.6808567131006
403271	2579.6808567131006
404437	2579.6808567131006
405597	2579.6808567131006
406757	2579.6808567131006
407915	2579.6808567131006
409070	2579.6808567131006
410229	2579.6808567131006
411390	2579.6808567131006
412553	2579.6808567131006
416822	2579.6808567131006
417986	2579.6808567131006
419150	2579.6808567131006
420315	2579.6808567131006
421485	2579.6808567131006
422644	2579.6808567131006
423807	2579.6808567131006
424970	2579.6808567131006
426133	2579.6808567131006
427296	2579.6808567131006
428457	2579.6808567131006
429622	2579.6808567131006
430782	2579.6808567131006
431950	2579.6808567131006
433116	2579.6808567131006
434284	2579.6808567131006
435449	2579.6808567131006
436607	2579.6808567131006
437768	2579.6808567131006
438924	2579.6808567131006
443129	2579.6808567131006
444292	2579.6808567131006
445452	2579.6808567131006
446613	2579.6808567131006
447775	2579.6808567131006
448932	2579.6808567131006
450093	2579.6808567131006
451260	2579.6808567131006
452418	2579.6808567131006
453577	2579.6808567131006
454744	2579.6808567131006
455904	2579.6808567131006
457067	2579.6808567131006
458222	2579.6808567131006
459383	2579.6808567131006
460546	2579.6808567131006
461713	2579.6808567131006
462879	2579.6808567131006
464044	2579.6808567131006
465212	2579.6808567131006
469610	2579.6808567131006
470774	2579.6808567131006
471939	2579.6808567131006
473103	2579.6808567131006
474261	2579.6808567131006
475421	2579.6808567131006
476590	2579.6808567131006
477750	2579.6808567131006
478911	2579.6808567131006
480074	2579.6808567131006
481232	2579.6808567131006
482402	2579.6808567131006
483559	2579.6808567131006
484723	2579.6808567131006
485891	2579.6808567131006
487058	2579.6808567131006
488222	2579.6808567131006
489385	2579.6808567131006
490546	2579.6808567131006
491705	2579.6808567131006
495662	2579.6808567131006
496826	2579.6808567131006
497995	2579.6808567131006
499162	2579.6808567131006
500321	2579.6808567131006
501474	2579.6808567131006
502634	2579.6808567131006
503788	2579.6808567131006
504937	2579.6808567131006
506095	2579.6808567131006
508568	2578.0874099074476
511635	2576.30418098238
514615	2571.4298733277155
518919	2571.4298686179795
520075	2571.4298686179795
521225	2571.4298686179795
522378	2571.4298686179795
523537	2571.4298686179795
524689	2571.4298686179795
525844	2571.4298686179795
526997	2571.4298686179795
528145	2571.4298686179795
529297	2571.4298686179795
530452	2571.4298686179795
531601	2571.4298686179795
532747	2571.4298686179795
533897	2571.4298686179795
535051	2571.4298686179795
536197	2571.4298686179795
537345	2571.4298686179795
538498	2571.4298686179795
539645	2571.4298686179795
540790	2571.4298686179795
541938	2571.4298686179795
543088	2571.4298686179795
544233	2571.4298686179795
545385	2571.4298686179795
546529	2571.4298686179795
547680	2571.4298686179795
548829	2571.4298686179795
550987	2565.5565024082925
554154	2563.5852036401716
558634	2563.585203523006
559781	2563.585203523006
560928	2563.585203523006
562081	2563.585203523006
563230	2563.585203523006
564378	2563.585203523006
565527	2563.585203523006
566678	2563.585203523006
567829	2563.585203523006
568980	2563.585203523006
570126	2563.585203523006
571273	2563.585203523006
572419	2563.585203523006
573564	2563.585203523006
574712	2563.585203523006
575864	2563.585203523006
577009	2563.585203523006
578155	2563.585203523006
579301	2563.585203523006
580448	2563.585203523006
581597	2563.585203523006
582745	2563.585203523006
583892	2563.585203523006
585039	2563.585203523006
586186	2563.585203523006
587338	2563.585203523006
588494	2563.585203523006
589639	2563.585203523006
593190	2563.585203523006
594340	2563.585203523006
595490	2563.585203523006
596640	2563.585203523006
597788	2563.585203523006
598938	2563.585203523006
600091	2563.585203523006
601239	2563.585203523006
602385	2563.585203523006
603532	2563.585203523006
607079	2563.585203523006
608231	2563.585203523006
609379	2563.585203523006
610530	2563.585203523006
611681	2563.585203523006
612826	2563.585203523006
613977	2563.585203523006
615127	2563.585203523006
616275	2563.585203523006
617426	2563.585203523006
618574	2563.585203523006
619730	2563.585203523006
620882	2563.585203523006
622031	2563.585203523006
623186	2563.585203523006
624338	2563.585203523006
625488	2563.585203523006
626638	2563.585203523006
627798	2563.585203523006
628952	2563.585203523006
633298	2563.585203523006
634445	2563.585203523006
635600	2563.585203523006
636750	2563.585203523006
637897	2563.585203523006
639055	2563.585203523006
640206	2563.585203523006
641355	2563.585203523006
642503	2563.585203523006
643655	2563.585203523006
644807	2563.585203523006
645962	2563.585203523006
647120	2563.585203523006
648271	2563.585203523006
649431	2563.585203523006
650587	2563.585203523006
651738	2563.585203523006
652893	2563.585203523006
654050	2563.585203523006
655204	2563.585203523006
659201	2563.585203523006
660353	2563.585203523006
661505	2563.585203523006
662661	2563.585203523006
663811	2563.585203523006
664967	2563.585203523006
666124	2563.585203523006
667275	2563.585203523006
668432	2563.585203523006
669587	2563.585203523006
670745	2563.585203523006
671899	2563.585203523006
673056	2563.585203523006
674205	2563.585203523006
675353	2563.585203523006
676506	2563.585203523006
677659	2563.585203523006
678814	2563.585203523006
679971	2563.585203523006
681133	2563.585203523006
685109	2563.585203523006
686267	2563.585203523006
687424	2563.585203523006
688581	2563.585203523006
689737	2563.585203523006
690895	2563.585203523006
692052	2563.585203523006
693205	2563.585203523006
694359	2563.585203523006
695517	2563.585203523006
696675	2563.585203523006
697841	2563.585203523006
698996	2563.585203523006
700157	2563.585203523006
701318	2563.585203523006
702479	2563.585203523006
703640	2563.585203523006
704800	2563.585203523006
705953	2563.585203523006
707118	2563.585203523006
711185	2563.585203523006
712339	2563.585203523006
713500	2563.585203523006
714652	2563.585203523006
715809	2563.585203523006
716971	2563.585203523006
718136	2563.585203523006
719294	2563.585203523006
720461	2563.585203523006
721625	2563.585203523006
725904	2563.585203523006
727067	2563.585203523006
728224	2563.585203523006
729380	2563.585203523006
730539	2563.585203523006
731704	2563.585203523006
732868	2563.585203523006
734032	2563.585203523006
735190	2563.585203523006
736351	2563.585203523006
737511	2563.585203523006
738675	2563.585203523006
739841	2563.585203523006
741005	2563.585203523006
742164	2563.585203523006
743331	2563.585203523006
744494	2563.585203523006
745654	2563.585203523006
746814	2563.585203523006
747977	2563.585203523006
752244	2563.585203523006
753409	2563.585203523006
754570	2563.585203523006
755734	2563.585203523006
756902	2563.585203523006
758059	2563.585203523006
759225	2563.585203523006
760381	2563.585203523006
761540	2563.585203523006
762699	2563.585203523006
763866	2563.585203523006
765032	2563.585203523006
766187	2563.585203523006
767354	2563.585203523006
768516	2563.585203523006
769674	2563.585203523006
770834	2563.585203523006
771994	2563.585203523006
773155	2563.585203523006
774322	2563.585203523006
778586	2563.585203523006
779748	2563.585203523006
780909	2563.585203523006
782074	2563.585203523006
783242	2563.585203523006
784402	2563.585203523006
785565	2563.585203523006
786728	2563.585203523006
787893	2563.585203523006
789055	2563.585203523006
790219	2563.585203523006
791383	2563.585203523006
792540	2563.585203523006
793701	2563.585203523006
794869	2563.585203523006
796034	2563.585203523006
797198	2563.585203523006
798359	2563.585203523006
799530	2563.585203523006
800700	2563.585203523006
812108	2563.585203523006
813275	2563.585203523006
814440	2563.585203523006
815595	2563.585203523006
816750	2563.585203523006
817908	2563.585203523006
819067	2563.585203523006
820233	2563.585203523006
821397	2563.585203523006
822555	2563.585203523006
823724	2563.585203523006
824888	2563.585203523006
826052	2563.585203523006
827220	2563.585203523006
828377	2563.585203523006
829547	2563.585203523006
830713	2563.585203523006
831876	2563.585203523006
833035	2563.585203523006
834205	2563.585203523006
837895	2556.5401578497194
842511	2556.540157542969
843680	2556.540157542969
844844	2556.540157542969
846007	2556.540157542969
847171	2556.540157542969
848330	2556.540157542969
849497	2556.540157542969
850660	2556.540157542969
851823	2556.540157542969
852985	2556.540157542969
854152	2556.540157542969
855317	2556.540157542969
856474	2556.540157542969
857640	2556.540157542969
858806	2556.540157542969
859967	2556.540157542969
861132	2556.540157542969
862300	2556.540157542969
863461	2556.540157542969
870671	2556.540157542969
871825	2556.540157542969
872973	2556.540157542969
874129	2556.540157542969
875282	2556.540157542969
876439	2556.540157542969
877597	2556.540157542969
878749	2556.540157542969
879910	2556.540157542969
881074	2556.540157542969
882254	2556.540157542969
883428	2556.540157542969
884597	2556.540157542969
885761	2556.540157542969
886924	2556.540157542969
888084	2556.540157542969
889254	2556.540157542969
890418	2556.540157542969
891586	2556.540157542969
892752	2556.540157542969
895913	2556.540157542969
897080	2556.540157542969
898254	2556.540157542969
899421	2556.540157542969
900592	2556.540157542969
901757	2556.540157542969
902931	2556.540157542969
904102	2556.540157542969
905267	2556.540157542969
906433	2556.540157542969
907592	2556.540157542969
908764	2556.540157542969
909937	2556.540157542969
911102	2556.540157542969
912274	2556.540157542969
913450	2556.540157542969
914607	2556.540157542969
915769	2556.540157542969
916931	2556.540157542969
918087	2556.540157542969
928443	2556.540157542969
929596	2556.540157542969
930754	2556.540157542969
931910	2556.540157542969
933063	2556.540157542969
934217	2556.540157542969
935373	2556.540157542969
936533	2556.540157542969
937699	2556.540157542969
938868	2556.540157542969
940037	2556.540157542969
941203	2556.540157542969
942373	2556.540157542969
943540	2556.540157542969
944710	2556.540157542969
945876	2556.540157542969
947045	2556.540157542969
948211	2556.540157542969
949378	2556.540157542969
950546	2556.540157542969
954721	2556.540157542969
955884	2556.540157542969
957050	2556.540157542969
958218	2556.540157542969
959384	2556.540157542969
960553	2556.540157542969
961716	2556.540157542969
962884	2556.540157542969
964048	2556.540157542969
965213	2556.540157542969
966383	2556.540157542969
967546	2556.540157542969
968714	2556.540157542969
969890	2556.540157542969
971063	2556.540157542969
972229	2556.540157542969
973400	2556.540157542969
974569	2556.540157542969
975730	2556.540157542969
976894	2556.540157542969
980851	2556.540157542969
982012	2556.540157542969
983165	2556.540157542969
984323	2556.540157542969
985481	2556.540157542969
986640	2556.540157542969
987801	2556.540157542969
988966	2556.540157542969
990135	2556.540157542969
991306	2556.540157542969
994964	2556.540157542969
996130	2556.540157542969
997305	2556.540157542969
998474	2556.540157542969
999643	2556.540157542969
1000808	2556.540157542969
