1000	4925.356587667151
2183	4723.292114967077
3349	4492.582623916134
4506	4206.713733312628
5662	4131.172593678232
6818	4000.3965201017613
7973	3901.3426638955316
9125	3840.8465520582968
10272	3701.910451726779
11424	3629.4957072766756
12574	3625.6794139168087
13715	3615.6129700109714
14858	3591.1546733039877
15999	3529.120002273842
17135	3505.574794714167
18273	3469.681794552553
19413	3452.724426187743
20551	3452.724426187743
21687	3368.638711323137
22822	3368.638711323137
23956	3368.638711323137
25089	3368.638711323137
26223	3368.638711323137
27355	3368.638711323137
28481	3333.4990528424505
29607	3333.4990528424505
30737	3333.4990528424505
31868	3333.4990528424505
32998	3333.4990528424505
34127	3333.4990528424505
35254	3333.4990528424505
36381	3333.4990528424505
37509	3333.4990528424505
38636	3333.4990528424505
39763	3333.4990528424505
40893	3333.4990528424505
42019	3333.4990528424505
43146	3333.4990528424505
44272	3333.4990528424505
45402	3333.4990528424505
46527	3333.4990528424505
47654	3333.4990528424505
48782	3333.4990528424505
49911	3333.4990528424505
63666	2607.7093057003945
64794	2607.7093057003945
65923	2607.7093057003945
67050	2607.7093057003945
68176	2607.7093057003945
69303	2607.7093057003945
70434	2607.7093057003945
71568	2607.7093057003945
72700	2607.7093057003945
73837	2607.7093057003945
74970	2607.7093057003945
76105	2607.7093057003945
77237	2607.7093057003945
78371	2607.7093057003945
79501	2607.7093057003945
80640	2607.7093057003945
81771	2607.7093057003945
82902	2607.7093057003945
84033	2607.7093057003945
85162	2607.7093057003945
86291	2607.7093057003945
87427	2607.7093057003945
88559	2607.7093057003945
89692	2607.7093057003945
90827	2607.7093057003945
91961	2607.7093057003945
93098	2607.7093057003945
104575	2607.7093057003945
105709	2607.7093057003945
106844	2607.7093057003945
107982	2607.7093057003945
109120	2607.7093057003945
110261	2607.7093057003945
111403	2607.7093057003945
112546	2607.7093057003945
113683	2607.7093057003945
114825	2607.7093057003945
118960	2607.7093057003945
120100	2607.7093057003945
121243	2607.7093057003945
122389	2607.7093057003945
123536	2607.7093057003945
124680	2607.7093057003945
125825	2607.7093057003945
126970	2607.7093057003945
128113	2607.7093057003945
129262	2607.7093057003945
130408	2607.7093057003945
131557	2607.7093057003945
132707	2607.7093057003945
133852	2607.7093057003945
135003	2607.7093057003945
136159	2607.7093057003945
137313	2607.7093057003945
138463	2607.7093057003945
139618	2607.7093057003945
140772	2607.7093057003945
143847	2607.709303916738
146419	2604.9152021879054
150349	2604.915202032811
151518	2604.915202032811
152682	2604.915202032811
153848	2604.915202032811
155011	2604.915202032811
156174	2604.915202032811
157341	2604.915202032811
158508	2604.915202032811
159675	2604.915202032811
160831	2604.915202032811
161992	2604.915202032811
163152	2604.915202032811
164315	2604.915202032811
165479	2604.915202032811
166637	2604.915202032811
167800	2604.915202032811
168960	2604.915202032811
170122	2604.915202032811
171278	2604.915202032811
172438	2604.915202032811
173597	2604.915202032811
174750	2604.915202032811
175901	2604.915202032811
177052	2604.915202032811
178201	2604.915202032811
179352	2604.915202032811
180502	2604.915202032811
181654	2604.915202032811
184959	2604.915202032811
186117	2604.915202032811
187271	2604.915202032811
188437	2604.915202032811
189602	2604.915202032811
190762	2604.915202032811
191916	2604.915202032811
193079	2604.915202032811
194236	2604.915202032811
195397	2604.915202032811
197873	2602.7433194876558
200948	2588.584177877261
204973	2588.5841773757766
206132	2588.5841773757766
207290	2588.5841773757766
208439	2588.5841773757766
209596	2588.5841773757766
210757	2588.5841773757766
211913	2588.5841773757766
213070	2588.5841773757766
214227	2588.5841773757766
215382	2588.5841773757766
216538	2588.5841773757766
217688	2588.5841773757766
218842	2588.5841773757766
219993	2588.5841773757766
221145	2588.5841773757766
222293	2588.5841773757766
223440	2588.5841773757766
224592	2588.5841773757766
225738	2588.5841773757766
226883	2588.5841773757766
228033	2588.5841773757766
229182	2588.5841773757766
230332	2588.5841773757766
231483	2588.5841773757766
232635	2588.5841773757766
233788	2588.5841773757766
234937	2588.5841773757766
236085	2588.5841773757766
239405	2588.5841773757766
240556	2588.5841773757766
241709	2588.5841773757766
242863	2588.5841773757766
244006	2588.5841773757766
245161	2588.5841773757766
246317	2588.5841773757766
247475	2588.5841773757766
248633	2588.5841773757766
249791	2588.5841773757766
253204	2588.5841773757766
254358	2588.5841773757766
255515	2588.5841773757766
256671	2588.5841773757766
257823	2588.5841773757766
258982	2588.5841773757766
260143	2588.5841773757766
261304	2588.5841773757766
262459	2588.5841773757766
263618	2588.5841773757766
264775	2588.5841773757766
265931	2588.5841773757766
267089	2588.5841773757766
268245	2588.5841773757766
269402	2588.5841773757766
270555	2588.5841773757766
271713	2588.5841773757766
272870	2588.5841773757766
274029	2588.5841773757766
275190	2588.5841773757766
277560	2588.584177316675
281483	2588.5841772278
282640	2588.5841772278
283796	2588.5841772278
284955	2588.5841772278
286114	2588.5841772278
287268	2588.5841772278
288425	2588.5841772278
289580	2588.5841772278
290742	2588.5841772278
291903	2588.5841772278
293059	2588.5841772278
294220	2588.5841772278
295379	2588.5841772278
296540	2588.5841772278
297695	2588.5841772278
298851	2588.5841772278
300013	2588.5841772278
301173	2588.5841772278
302327	2588.5841772278
306450	2588.5841772278
307609	2588.5841772278
308769	2588.5841772278
309930	2588.5841772278
311083	2588.5841772278
312239	2588.5841772278
313390	2588.5841772278
314552	2588.5841772278
315717	2588.5841772278
316875	2588.5841772278
318029	2588.5841772278
319190	2588.5841772278
320344	2588.5841772278
321500	2588.5841772278
322655	2588.5841772278
323813	2588.5841772278
324971	2588.5841772278
326128	2588.5841772278
327291	2588.5841772278
328445	2588.5841772278
332496	2588.5841772278
333656	2588.5841772278
334818	2588.5841772278
335978	2588.5841772278
337130	2588.5841772278
338288	2588.5841772278
339441	2588.5841772278
340591	2588.5841772278
341748	2588.5841772278
342895	2588.5841772278
344044	2588.5841772278
345195	2588.5841772278
346348	2588.5841772278
347501	2588.5841772278
348658	2588.5841772278
349810	2588.5841772278
350963	2588.5841772278
352116	2588.5841772278
353273	2588.5841772278
354428	2588.5841772278
357444	2588.5841772278
358600	2588.5841772278
359760	2588.5841772278
360913	2588.5841772278
362072	2588.5841772278
363230	2588.5841772278
364390	2588.5841772278
365549	2588.5841772278
366708	2588.5841772278
367872	2588.5841772278
369041	2588.5841772278
370196	2588.5841772278
371353	2588.5841772278
372514	2588.5841772278
373672	2588.5841772278
374838	2588.5841772278
376004	2588.5841772278
377162	2588.5841772278
378322	2588.5841772278
379477	2588.5841772278
384107	2588.5841772278
385265	2588.5841772278
386423	2588.5841772278
387591	2588.5841772278
388749	2588.5841772278
389912	2588.5841772278
391078	2588.5841772278
392243	2588.5841772278
393421	2588.5841772278
394587	2588.5841772278
395746	2588.5841772278
396910	2588.5841772278
398071	2588.5841772278
399234	2588.5841772278
400402	2588.5841772278
401569	2588.5841772278
402729	2588.5841772278
403891	2588.5841772278
405048	2588.5841772278
406215	2588.5841772278
410264	2588.5841772278
411433	2588.5841772278
412594	2588.5841772278
413758	2588.5841772278
414920	2588.5841772278
416089	2588.5841772278
417260	2588.5841772278
418420	2588.5841772278
419584	2588.5841772278
420748	2588.5841772278
425153	2588.5841772278
426323	2588.5841772278
427487	2588.5841772278
428649	2588.5841772278
429810	2588.5841772278
430973	2588.5841772278
432134	2588.5841772278
433311	2588.5841772278
434469	2588.5841772278
435634	2588.5841772278
436804	2588.5841772278
437962	2588.5841772278
439130	2588.5841772278
440298	2588.5841772278
441469	2588.5841772278
442636	2588.5841772278
443803	2588.5841772278
444974	2588.5841772278
446137	2588.5841772278
447300	2588.5841772278
452827	2588.5841772278
453988	2588.5841772278
455149	2588.5841772278
456314	2588.5841772278
457476	2588.5841772278
458640	2588.5841772278
459800	2588.5841772278
460965	2588.5841772278
462136	2588.5841772278
463296	2588.5841772278
464461	2588.5841772278
465628	2588.5841772278
466802	2588.5841772278
467969	2588.5841772278
469130	2588.5841772278
470295	2588.5841772278
471457	2588.5841772278
472627	2588.5841772278
473799	2588.5841772278
474963	2588.5841772278
479017	2588.5841772278
480183	2588.5841772278
481351	2588.5841772278
482522	2588.5841772278
483692	2588.5841772278
484857	2588.5841772278
486024	2588.5841772278
487191	2588.5841772278
488361	2588.5841772278
489527	2588.5841772278
490695	2588.5841772278
491861	2588.5841772278
493026	2588.5841772278
494189	2588.5841772278
495354	2588.5841772278
496516	2588.5841772278
497677	2588.5841772278
498840	2588.5841772278
500012	2588.5841772278
501178	2588.5841772278
505235	2588.5841772278
506401	2588.5841772278
507566	2588.5841772278
508734	2588.5841772278
509900	2588.5841772278
511068	2588.5841772278
512238	2588.5841772278
513402	2588.5841772278
514570	2588.5841772278
515740	2588.5841772278
516907	2588.5841772278
518070	2588.5841772278
519235	2588.5841772278
520404	2588.5841772278
521577	2588.5841772278
522741	2588.5841772278
523907	2588.5841772278
525069	2588.5841772278
526233	2588.5841772278
527397	2588.5841772278
530076	2561.6932285389894
534216	2561.693227653542
535386	2561.693227653542
536555	2561.693227653542
537718	2561.693227653542
538885	2561.693227653542
540047	2561.693227653542
541212	2561.693227653542
542381	2561.693227653542
543547	2561.693227653542
544713	2561.693227653542
545874	2561.693227653542
547032	2561.693227653542
548188	2561.693227653542
549350	2561.693227653542
550510	2561.693227653542
551671	2561.693227653542
552837	2561.693227653542
553993	2561.693227653542
555155	2561.693227653542
559000	2561.693227653542
560158	2561.693227653542
561324	2561.693227653542
562484	2561.693227653542
563651	2561.693227653542
564811	2561.693227653542
565973	2561.693227653542
567136	2561.693227653542
568298	2561.693227653542
569461	2561.693227653542
570625	2561.693227653542
571792	2561.693227653542
572959	2561.693227653542
574121	2561.693227653542
575292	2561.693227653542
576461	2561.693227653542
577620	2561.693227653542
578786	2561.693227653542
579952	2561.693227653542
581115	2561.693227653542
584521	2561.693227653542
585683	2561.693227653542
586844	2561.693227653542
588009	2561.693227653542
589175	2561.693227653542
590335	2561.693227653542
591494	2561.693227653542
592657	2561.693227653542
593818	2561.693227653542
594978	2561.693227653542
596134	2561.693227653542
597286	2561.693227653542
598444	2561.693227653542
599601	2561.693227653542
600757	2561.693227653542
601914	2561.693227653542
603069	2561.693227653542
604235	2561.693227653542
605387	2561.693227653542
606539	2561.693227653542
610253	2561.693227653542
611405	2561.693227653542
612562	2561.693227653542
613717	2561.693227653542
614865	2561.693227653542
616026	2561.693227653542
617184	2561.693227653542
618341	2561.693227653542
619498	2561.693227653542
620655	2561.693227653542
621812	2561.693227653542
622963	2561.693227653542
624124	2561.693227653542
625275	2561.693227653542
626432	2561.693227653542
627589	2561.693227653542
628749	2561.693227653542
629905	2561.693227653542
631068	2561.693227653542
632224	2561.693227653542
634293	2561.693227637806
637897	2561.693227614814
639061	2561.693227614814
640226	2561.693227614814
641382	2561.693227614814
642539	2561.693227614814
643703	2561.693227614814
644866	2561.693227614814
646032	2561.693227614814
647184	2561.693227614814
648344	2561.693227614814
649501	2561.693227614814
650666	2561.693227614814
651822	2561.693227614814
652978	2561.693227614814
654142	2561.693227614814
655308	2561.693227614814
656466	2561.693227614814
657630	2561.693227614814
658789	2561.693227614814
661589	2561.693227614814
662754	2561.693227614814
663918	2561.693227614814
665074	2561.693227614814
666228	2561.693227614814
667383	2561.693227614814
668545	2561.693227614814
669716	2561.693227614814
670886	2561.693227614814
672043	2561.693227614814
673203	2561.693227614814
674367	2561.693227614814
675528	2561.693227614814
676690	2561.693227614814
677854	2561.693227614814
679016	2561.693227614814
680181	2561.693227614814
681347	2561.693227614814
682517	2561.693227614814
683685	2561.693227614814
687914	2561.693227614814
689080	2561.693227614814
690244	2561.693227614814
691415	2561.693227614814
692575	2561.693227614814
693744	2561.693227614814
694914	2561.693227614814
696086	2561.693227614814
697255	2561.693227614814
698428	2561.693227614814
699599	2561.693227614814
700765	2561.693227614814
701934	2561.693227614814
703099	2561.693227614814
704270	2561.693227614814
705438	2561.693227614814
706604	2561.693227614814
707776	2561.693227614814
708950	2561.693227614814
710116	2561.693227614814
714426	2561.693227614814
715589	2561.693227614814
716750	2561.693227614814
717911	2561.693227614814
719075	2561.693227614814
720237	2561.693227614814
721404	2561.693227614814
722576	2561.693227614814
723743	2561.693227614814
724913	2561.693227614814
726080	2561.693227614814
727249	2561.693227614814
728415	2561.693227614814
729578	2561.693227614814
730745	2561.693227614814
731917	2561.693227614814
733090	2561.693227614814
734261	2561.693227614814
735433	2561.693227614814
736611	2561.693227614814
738790	2559.3806550503
742199	2559.3806545690313
745815	2559.3806544282675
746985	2559.3806544282675
748154	2559.3806544282675
749324	2559.3806544282675
750495	2559.3806544282675
751661	2559.3806544282675
752826	2559.3806544282675
753991	2559.3806544282675
755158	2559.3806544282675
758674	2559.380654398516
759846	2559.380654398516
761015	2559.380654398516
762182	2559.380654398516
763354	2559.380654398516
764518	2559.380654398516
765684	2559.380654398516
766840	2559.380654398516
768011	2559.380654398516
769172	2559.380654398516
770330	2559.380654398516
771497	2559.380654398516
772659	2559.380654398516
773820	2559.380654398516
774981	2559.380654398516
776146	2559.380654398516
777313	2559.380654398516
778482	2559.380654398516
779646	2559.380654398516
783368	2559.380654398516
784538	2559.380654398516
785701	2559.380654398516
786859	2559.380654398516
788017	2559.380654398516
789180	2559.380654398516
790341	2559.380654398516
791499	2559.380654398516
792656	2559.380654398516
793818	2559.380654398516
794977	2559.380654398516
796142	2559.380654398516
797303	2559.380654398516
798474	2559.380654398516
799632	2559.380654398516
800792	2559.380654398516
801954	2559.380654398516
803110	2559.380654398516
804271	2559.380654398516
805428	2559.380654398516
808837	2559.380654398516
809997	2559.380654398516
811156	2559.380654398516
812317	2559.380654398516
813470	2559.380654398516
814629	2559.380654398516
815782	2559.380654398516
816937	2559.380654398516
818090	2559.380654398516
819241	2559.380654398516
820398	2559.380654398516
821552	2559.380654398516
822707	2559.380654398516
823861	2559.380654398516
825016	2559.380654398516
826175	2559.380654398516
827330	2559.380654398516
828483	2559.380654398516
829641	2559.380654398516
830800	2559.380654398516
833705	2559.380654398516
834864	2559.380654398516
836018	2559.380654398516
837177	2559.380654398516
838335	2559.380654398516
839493	2559.380654398516
840658	2559.380654398516
841819	2559.380654398516
842979	2559.380654398516
844144	2559.380654398516
845298	2559.380654398516
846458	2559.380654398516
847611	2559.380654398516
848769	2559.380654398516
849930	2559.380654398516
851094	2559.380654398516
852254	2559.380654398516
853415	2559.380654398516
854578	2559.380654398516
855736	2559.380654398516
858512	2549.0990728501724
862738	2549.0990728131187
863916	2549.0990728131187
865083	2549.0990728131187
866248	2549.0990728131187
867410	2549.0990728131187
868573	2549.0990728131187
869742	2549.0990728131187
870906	2549.0990728131187
872074	2549.0990728131187
873244	2549.0990728131187
874403	2549.0990728131187
875568	2549.0990728131187
876736	2549.0990728131187
877897	2549.0990728131187
879063	2549.0990728131187
880227	2549.0990728131187
881390	2549.0990728131187
882561	2549.0990728131187
883725	2549.0990728131187
887044	2549.0990728131187
888198	2549.0990728131187
889353	2549.0990728131187
890515	2549.0990728131187
891673	2549.0990728131187
892837	2549.0990728131187
893995	2549.0990728131187
895160	2549.0990728131187
896326	2549.0990728131187
897491	2549.0990728131187
898649	2549.0990728131187
899807	2549.0990728131187
900970	2549.0990728131187
902134	2549.0990728131187
903297	2549.0990728131187
904457	2549.0990728131187
905618	2549.0990728131187
906777	2549.0990728131187
907932	2549.0990728131187
909088	2549.0990728131187
912702	2549.0990728131187
913858	2549.0990728131187
915021	2549.0990728131187
916181	2549.0990728131187
917337	2549.0990728131187
918488	2549.0990728131187
919643	2549.0990728131187
920797	2549.0990728131187
921950	2549.0990728131187
923103	2549.0990728131187
924261	2549.0990728131187
925422	2549.0990728131187
926575	2549.0990728131187
927732	2549.0990728131187
928887	2549.0990728131187
930049	2549.0990728131187
931209	2549.0990728131187
932370	2549.0990728131187
933533	2549.0990728131187
934692	2549.0990728131187
938617	2549.0990728131187
939774	2549.0990728131187
940928	2549.0990728131187
942086	2549.0990728131187
943243	2549.0990728131187
944397	2549.0990728131187
945556	2549.0990728131187
946714	2549.0990728131187
947876	2549.0990728131187
949033	2549.0990728131187
950200	2549.0990728131187
951350	2549.0990728131187
952512	2549.0990728131187
953674	2549.0990728131187
954831	2549.0990728131187
955987	2549.0990728131187
957150	2549.0990728131187
958314	2549.0990728131187
959475	2549.0990728131187
960639	2549.0990728131187
964446	2549.0990728131187
965613	2549.0990728131187
966773	2549.0990728131187
967934	2549.0990728131187
969099	2549.0990728131187
970264	2549.0990728131187
971429	2549.0990728131187
972590	2549.0990728131187
973747	2549.0990728131187
974910	2549.0990728131187
976073	2549.0990728131187
977240	2549.0990728131187
978400	2549.0990728131187
979569	2549.0990728131187
980732	2549.0990728131187
981891	2549.0990728131187
983050	2549.0990728131187
984216	2549.0990728131187
985384	2549.0990728131187
986543	2549.0990728131187
989657	2549.0990728131187
990822	2549.0990728131187
991982	2549.0990728131187
993146	2549.0990728131187
994318	2549.0990728131187
995474	2549.0990728131187
996645	2549.0990728131187
997803	2549.0990728131187
998971	2549.0990728131187
1000129	2549.0990728131187
