1000	4978.298967402936
2161	4943.203069462042
3312	4715.3893390477915
4460	4437.968518797605
5611	4289.500898873653
6757	4285.162361567993
7900	4097.245343918407
9044	4089.2339052748302
10186	3956.757174817272
11326	3956.757174817272
12468	3915.855402258605
13609	3865.3630402669633
14748	3750.1066596411197
15891	3750.1066596411197
17033	3588.9667156169626
18174	3588.9667156169626
19309	3588.9667156169626
20446	3588.9667156169626
21580	3588.9667156169626
22712	3553.901395101676
23843	3553.901395101676
24973	3553.901395101676
26105	3538.527819021014
27232	3538.527819021014
28364	3535.848297203617
29493	3535.848297203617
30620	3521.822695268864
31750	3521.822695268864
32877	3481.5593389496303
34004	3481.5593389496303
35133	3481.5593389496303
36260	3481.5593389496303
37384	3481.5593389496303
38510	3481.5593389496303
39635	3481.5593389496303
40762	3481.5593389496303
41887	3481.5593389496303
43013	3478.7366499362197
44139	3478.7366499362197
45267	3478.7366499362197
46394	3478.7366499362197
54928	2631.9149594403325
56055	2631.9149594403325
57184	2631.9149594403325
58310	2631.9149594403325
59436	2631.9149594403325
60561	2631.9149594403325
61687	2631.9149594403325
62816	2631.9149594403325
63944	2631.9149594403325
65070	2631.9149594403325
66195	2631.9149594403325
67320	2631.9149594403325
68449	2631.9149594403325
69573	2631.9149594403325
70698	2631.9149594403325
71824	2631.9149594403325
72947	2631.9149594403325
74072	2631.9149594403325
75200	2631.9149594403325
76325	2631.9149594403325
83571	2631.9149594403325
84697	2631.9149594403325
85825	2631.9149594403325
86954	2631.9149594403325
88086	2631.9149594403325
89220	2631.9149594403325
90354	2631.9149594403325
91484	2631.9149594403325
92616	2631.9149594403325
93750	2631.9149594403325
94886	2631.9149594403325
96017	2631.9149594403325
97149	2631.9149594403325
98282	2631.9149594403325
99415	2631.9149594403325
100549	2631.9149594403325
101685	2631.9149594403325
102821	2631.9149594403325
103954	2631.9149594403325
105090	2631.9149594403325
109941	2631.9149594403325
111073	2631.9149594403325
112202	2631.9149594403325
113333	2631.9149594403325
114463	2631.9149594403325
115590	2631.9149594403325
116719	2631.9149594403325
117848	2631.9149594403325
118976	2631.9149594403325
120102	2631.9149594403325
121226	2631.9149594403325
122352	2631.9149594403325
123480	2631.9149594403325
124608	2631.9149594403325
125738	2631.9149594403325
126866	2631.9149594403325
127994	2631.9149594403325
129120	2631.9149594403325
130249	2631.9149594403325
131378	2631.9149594403325
135737	2631.9149594403325
136867	2631.9149594403325
137998	2631.9149594403325
139128	2631.9149594403325
140259	2631.9149594403325
141389	2631.9149594403325
142518	2631.9149594403325
143648	2631.9149594403325
144783	2631.9149594403325
145918	2631.9149594403325
147053	2631.9149594403325
148186	2631.9149594403325
149317	2631.9149594403325
150448	2631.9149594403325
151578	2631.9149594403325
152708	2631.9149594403325
153835	2631.9149594403325
154961	2631.9149594403325
156090	2631.9149594403325
157216	2631.9149594403325
162764	2631.9149594403325
163893	2631.9149594403325
165022	2631.9149594403325
166153	2631.9149594403325
167286	2631.9149594403325
168419	2631.9149594403325
169551	2631.9149594403325
170681	2631.9149594403325
171812	2631.9149594403325
172947	2631.9149594403325
174078	2631.9149594403325
175207	2631.9149594403325
176337	2631.9149594403325
177470	2631.9149594403325
178601	2631.9149594403325
179728	2631.9149594403325
180858	2631.9149594403325
181988	2631.9149594403325
183117	2631.9149594403325
184249	2631.9149594403325
188312	2631.9149594403325
189440	2631.9149594403325
190571	2631.9149594403325
191701	2631.9149594403325
192833	2631.9149594403325
193966	2631.9149594403325
195098	2631.9149594403325
196231	2631.9149594403325
197361	2631.9149594403325
198491	2631.9149594403325
204744	2631.9149594403325
205873	2631.9149594403325
207002	2631.9149594403325
208133	2631.9149594403325
209263	2631.9149594403325
210395	2631.9149594403325
211525	2631.9149594403325
212658	2631.9149594403325
213791	2631.9149594403325
214921	2631.9149594403325
216053	2631.9149594403325
217186	2631.9149594403325
218317	2631.9149594403325
219446	2631.9149594403325
220576	2631.9149594403325
221707	2631.9149594403325
222838	2631.9149594403325
223968	2631.9149594403325
225100	2631.9149594403325
226232	2631.9149594403325
231771	2631.9149594403325
232905	2631.9149594403325
234035	2631.9149594403325
235165	2631.9149594403325
236294	2631.9149594403325
237425	2631.9149594403325
238554	2631.9149594403325
239683	2631.9149594403325
240812	2631.9149594403325
241940	2631.9149594403325
243070	2631.9149594403325
244200	2631.9149594403325
245330	2631.9149594403325
246461	2631.9149594403325
247593	2631.9149594403325
248721	2631.9149594403325
249848	2631.9149594403325
250978	2631.9149594403325
252105	2631.9149594403325
253233	2631.9149594403325
257383	2631.9149594403325
258508	2631.9149594403325
259640	2631.9149594403325
260768	2631.9149594403325
261894	2631.9149594403325
263023	2631.9149594403325
264153	2631.9149594403325
265285	2631.9149594403325
266418	2631.9149594403325
267554	2631.9149594403325
268686	2631.9149594403325
269817	2631.9149594403325
270948	2631.9149594403325
272081	2631.9149594403325
273208	2631.9149594403325
274336	2631.9149594403325
275465	2631.9149594403325
276591	2631.9149594403325
277717	2631.9149594403325
278845	2631.9149594403325
285634	2631.9149594403325
286762	2631.9149594403325
287891	2631.9149594403325
289024	2631.9149594403325
290156	2631.9149594403325
291287	2631.9149594403325
292420	2631.9149594403325
293552	2631.9149594403325
294683	2631.9149594403325
295815	2631.9149594403325
296949	2631.9149594403325
298081	2631.9149594403325
299213	2631.9149594403325
300342	2631.9149594403325
301476	2631.9149594403325
302607	2631.9149594403325
303741	2631.9149594403325
304873	2631.9149594403325
306004	2631.9149594403325
307136	2631.9149594403325
314260	2631.9149594403325
315392	2631.9149594403325
316519	2631.9149594403325
317649	2631.9149594403325
318778	2631.9149594403325
319910	2631.9149594403325
321038	2631.9149594403325
322170	2631.9149594403325
323302	2631.9149594403325
324433	2631.9149594403325
329512	2631.9149594403325
330642	2631.9149594403325
331776	2631.9149594403325
332906	2631.9149594403325
334034	2631.9149594403325
335164	2631.9149594403325
336293	2631.9149594403325
337421	2631.9149594403325
338549	2631.9149594403325
339681	2631.9149594403325
340810	2631.9149594403325
341936	2631.9149594403325
343067	2631.9149594403325
344196	2631.9149594403325
345329	2631.9149594403325
346457	2631.9149594403325
347590	2631.9149594403325
348722	2631.9149594403325
349858	2631.9149594403325
350992	2631.9149594403325
354944	2631.9149594403325
356073	2631.9149594403325
357204	2631.9149594403325
358336	2631.9149594403325
359467	2631.9149594403325
360597	2631.9149594403325
361728	2631.9149594403325
362859	2631.9149594403325
363988	2631.9149594403325
365116	2631.9149594403325
366245	2631.9149594403325
367374	2631.9149594403325
368502	2631.9149594403325
369627	2631.9149594403325
370753	2631.9149594403325
371882	2631.9149594403325
373012	2631.9149594403325
374142	2631.9149594403325
375273	2631.9149594403325
376411	2631.9149594403325
387022	2631.9149594403325
388157	2631.9149594403325
389289	2631.9149594403325
390421	2631.9149594403325
391556	2631.9149594403325
392690	2631.9149594403325
393822	2631.9149594403325
394952	2631.9149594403325
396081	2631.9149594403325
397211	2631.9149594403325
398341	2631.9149594403325
399471	2631.9149594403325
400601	2631.9149594403325
401732	2631.9149594403325
402860	2631.9149594403325
403988	2631.9149594403325
405118	2631.9149594403325
406248	2631.9149594403325
407377	2631.9149594403325
408508	2631.9149594403325
412658	2631.9149594403325
413792	2631.9149594403325
414921	2631.9149594403325
416050	2631.9149594403325
417180	2631.9149594403325
418309	2631.9149594403325
419438	2631.9149594403325
420567	2631.9149594403325
421697	2631.9149594403325
422831	2631.9149594403325
423965	2631.9149594403325
425098	2631.9149594403325
426232	2631.9149594403325
427363	2631.9149594403325
428495	2631.9149594403325
429629	2631.9149594403325
430758	2631.9149594403325
431887	2631.9149594403325
433014	2631.9149594403325
434142	2631.9149594403325
440517	2631.9149594403325
441648	2631.9149594403325
442779	2631.9149594403325
443911	2631.9149594403325
445044	2631.9149594403325
446174	2631.9149594403325
447308	2631.9149594403325
448441	2631.9149594403325
449573	2631.9149594403325
450705	2631.9149594403325
456291	2631.9149594403325
457423	2631.9149594403325
458553	2631.9149594403325
459685	2631.9149594403325
460818	2631.9149594403325
461948	2631.9149594403325
463077	2631.9149594403325
464207	2631.9149594403325
465336	2631.9149594403325
466463	2631.9149594403325
467593	2631.9149594403325
468721	2631.9149594403325
469848	2631.9149594403325
470978	2631.9149594403325
472103	2631.9149594403325
473230	2631.9149594403325
474358	2631.9149594403325
475486	2631.9149594403325
476614	2631.9149594403325
477746	2631.9149594403325
481997	2631.9149594403325
483127	2631.9149594403325
484256	2631.9149594403325
485382	2631.9149594403325
486512	2631.9149594403325
487642	2631.9149594403325
488771	2631.9149594403325
489897	2631.9149594403325
491025	2631.9149594403325
492155	2631.9149594403325
493284	2631.9149594403325
494416	2631.9149594403325
495546	2631.9149594403325
496674	2631.9149594403325
497805	2631.9149594403325
498934	2631.9149594403325
500063	2631.9149594403325
501192	2631.9149594403325
502320	2631.9149594403325
503452	2631.9149594403325
507617	2631.9149594403325
508746	2631.9149594403325
509875	2631.9149594403325
511002	2631.9149594403325
512129	2631.9149594403325
513258	2631.9149594403325
514385	2631.9149594403325
515516	2631.9149594403325
516648	2631.9149594403325
517777	2631.9149594403325
518906	2631.9149594403325
520036	2631.9149594403325
521164	2631.9149594403325
522293	2631.9149594403325
523421	2631.9149594403325
524551	2631.9149594403325
525679	2631.9149594403325
526806	2631.9149594403325
527935	2631.9149594403325
529065	2631.9149594403325
533600	2631.9149594403325
534732	2631.9149594403325
535866	2631.9149594403325
536998	2631.9149594403325
538128	2631.9149594403325
539255	2631.9149594403325
540385	2631.9149594403325
541516	2631.9149594403325
542646	2631.9149594403325
543774	2631.9149594403325
544903	2631.9149594403325
546034	2631.9149594403325
547168	2631.9149594403325
548305	2631.9149594403325
549440	2631.9149594403325
550571	2631.9149594403325
551703	2631.9149594403325
552837	2631.9149594403325
553966	2631.9149594403325
555094	2631.9149594403325
560037	2631.9149594403325
561166	2631.9149594403325
562296	2631.9149594403325
563431	2631.9149594403325
564566	2631.9149594403325
565701	2631.9149594403325
566836	2631.9149594403325
567968	2631.9149594403325
569099	2631.9149594403325
570231	2631.9149594403325
582173	2631.9149594403325
583304	2631.9149594403325
584435	2631.9149594403325
585565	2631.9149594403325
586697	2631.9149594403325
587829	2631.9149594403325
588964	2631.9149594403325
590096	2631.9149594403325
591227	2631.9149594403325
592359	2631.9149594403325
593491	2631.9149594403325
594621	2631.9149594403325
595748	2631.9149594403325
596876	2631.9149594403325
598005	2631.9149594403325
599134	2631.9149594403325
600265	2631.9149594403325
601396	2631.9149594403325
602528	2631.9149594403325
603662	2631.9149594403325
607826	2631.9149594403325
608957	2631.9149594403325
610087	2631.9149594403325
611216	2631.9149594403325
612345	2631.9149594403325
613473	2631.9149594403325
614599	2631.9149594403325
615728	2631.9149594403325
616856	2631.9149594403325
617985	2631.9149594403325
619114	2631.9149594403325
620245	2631.9149594403325
621373	2631.9149594403325
622503	2631.9149594403325
623633	2631.9149594403325
624762	2631.9149594403325
625891	2631.9149594403325
627024	2631.9149594403325
628157	2631.9149594403325
629286	2631.9149594403325
633557	2631.9149594403325
634686	2631.9149594403325
635818	2631.9149594403325
636950	2631.9149594403325
638083	2631.9149594403325
639216	2631.9149594403325
640349	2631.9149594403325
641481	2631.9149594403325
642613	2631.9149594403325
643745	2631.9149594403325
644877	2631.9149594403325
646012	2631.9149594403325
647145	2631.9149594403325
648278	2631.9149594403325
649408	2631.9149594403325
650542	2631.9149594403325
651671	2631.9149594403325
652803	2631.9149594403325
653935	2631.9149594403325
655066	2631.9149594403325
660852	2631.9149594403325
661983	2631.9149594403325
663112	2631.9149594403325
664241	2631.9149594403325
665367	2631.9149594403325
666497	2631.9149594403325
667627	2631.9149594403325
668756	2631.9149594403325
669887	2631.9149594403325
671014	2631.9149594403325
672145	2631.9149594403325
673274	2631.9149594403325
674407	2631.9149594403325
675538	2631.9149594403325
676668	2631.9149594403325
677800	2631.9149594403325
678931	2631.9149594403325
680061	2631.9149594403325
681193	2631.9149594403325
682321	2631.9149594403325
686484	2631.9149594403325
687614	2631.9149594403325
688741	2631.9149594403325
689869	2631.9149594403325
690996	2631.9149594403325
692124	2631.9149594403325
693254	2631.9149594403325
694385	2631.9149594403325
695514	2631.9149594403325
696644	2631.9149594403325
704791	2631.9149594403325
705922	2631.9149594403325
707051	2631.9149594403325
708180	2631.9149594403325
709308	2631.9149594403325
710436	2631.9149594403325
711567	2631.9149594403325
712699	2631.9149594403325
713834	2631.9149594403325
714966	2631.9149594403325
716097	2631.9149594403325
717231	2631.9149594403325
718366	2631.9149594403325
719493	2631.9149594403325
720622	2631.9149594403325
721751	2631.9149594403325
722881	2631.9149594403325
724012	2631.9149594403325
725139	2631.9149594403325
726269	2631.9149594403325
735444	2631.9149594403325
736572	2631.9149594403325
737702	2631.9149594403325
738832	2631.9149594403325
739963	2631.9149594403325
741092	2631.9149594403325
742221	2631.9149594403325
743348	2631.9149594403325
744482	2631.9149594403325
745615	2631.9149594403325
746750	2631.9149594403325
747879	2631.9149594403325
749009	2631.9149594403325
750139	2631.9149594403325
751269	2631.9149594403325
752398	2631.9149594403325
753524	2631.9149594403325
754654	2631.9149594403325
755784	2631.9149594403325
756912	2631.9149594403325
768912	2631.9149594403325
770039	2631.9149594403325
771164	2631.9149594403325
772292	2631.9149594403325
773420	2631.9149594403325
774550	2631.9149594403325
775679	2631.9149594403325
776811	2631.9149594403325
777940	2631.9149594403325
779072	2631.9149594403325
780207	2631.9149594403325
781344	2631.9149594403325
782479	2631.9149594403325
783613	2631.9149594403325
784744	2631.9149594403325
785878	2631.9149594403325
787010	2631.9149594403325
788142	2631.9149594403325
789272	2631.9149594403325
790403	2631.9149594403325
796545	2631.9149594403325
797677	2631.9149594403325
798810	2631.9149594403325
799943	2631.9149594403325
801076	2631.9149594403325
802211	2631.9149594403325
803341	2631.9149594403325
804473	2631.9149594403325
805603	2631.9149594403325
806734	2631.9149594403325
807863	2631.9149594403325
808995	2631.9149594403325
810127	2631.9149594403325
811259	2631.9149594403325
812391	2631.9149594403325
813520	2631.9149594403325
814648	2631.9149594403325
815775	2631.9149594403325
816901	2631.9149594403325
818031	2631.9149594403325
822991	2631.9149594403325
824119	2631.9149594403325
825244	2631.9149594403325
826372	2631.9149594403325
827500	2631.9149594403325
828629	2631.9149594403325
829759	2631.9149594403325
830890	2631.9149594403325
832021	2631.9149594403325
833151	2631.9149594403325
837930	2631.9149594403325
839059	2631.9149594403325
840190	2631.9149594403325
841321	2631.9149594403325
842449	2631.9149594403325
843578	2631.9149594403325
844710	2631.9149594403325
845839	2631.9149594403325
846970	2631.9149594403325
848097	2631.9149594403325
849226	2631.9149594403325
850352	2631.9149594403325
851479	2631.9149594403325
852608	2631.9149594403325
853738	2631.9149594403325
854868	2631.9149594403325
855999	2631.9149594403325
857130	2631.9149594403325
858264	2631.9149594403325
859397	2631.9149594403325
863767	2631.9149594403325
864897	2631.9149594403325
866026	2631.9149594403325
867156	2631.9149594403325
868289	2631.9149594403325
869419	2631.9149594403325
870547	2631.9149594403325
871676	2631.9149594403325
872807	2631.9149594403325
873935	2631.9149594403325
875062	2631.9149594403325
876192	2631.9149594403325
877321	2631.9149594403325
878449	2631.9149594403325
879581	2631.9149594403325
880710	2631.9149594403325
881838	2631.9149594403325
882965	2631.9149594403325
884093	2631.9149594403325
885222	2631.9149594403325
890834	2631.9149594403325
891962	2631.9149594403325
893093	2631.9149594403325
894223	2631.9149594403325
895355	2631.9149594403325
896488	2631.9149594403325
897623	2631.9149594403325
898754	2631.9149594403325
899886	2631.9149594403325
901018	2631.9149594403325
902151	2631.9149594403325
903282	2631.9149594403325
904410	2631.9149594403325
905541	2631.9149594403325
906671	2631.9149594403325
907800	2631.9149594403325
908930	2631.9149594403325
910061	2631.9149594403325
911192	2631.9149594403325
912325	2631.9149594403325
917379	2631.9149594403325
918512	2631.9149594403325
919644	2631.9149594403325
920774	2631.9149594403325
921903	2631.9149594403325
923031	2631.9149594403325
924162	2631.9149594403325
925294	2631.9149594403325
926424	2631.9149594403325
927558	2631.9149594403325
928690	2631.9149594403325
929824	2631.9149594403325
930956	2631.9149594403325
932086	2631.9149594403325
933214	2631.9149594403325
934342	2631.9149594403325
935475	2631.9149594403325
936608	2631.9149594403325
937736	2631.9149594403325
938860	2631.9149594403325
946066	2631.9149594403325
947192	2631.9149594403325
948319	2631.9149594403325
949445	2631.9149594403325
950575	2631.9149594403325
951706	2631.9149594403325
952837	2631.9149594403325
953967	2631.9149594403325
955098	2631.9149594403325
956229	2631.9149594403325
960399	2631.9149594403325
961530	2631.9149594403325
962666	2631.9149594403325
963797	2631.9149594403325
964928	2631.9149594403325
966057	2631.9149594403325
967184	2631.9149594403325
968310	2631.9149594403325
969439	2631.9149594403325
970573	2631.9149594403325
971705	2631.9149594403325
972834	2631.9149594403325
973963	2631.9149594403325
975094	2631.9149594403325
976227	2631.9149594403325
977357	2631.9149594403325
978488	2631.9149594403325
979619	2631.9149594403325
980750	2631.9149594403325
981880	2631.9149594403325
986519	2631.9149594403325
987648	2631.9149594403325
988780	2631.9149594403325
989915	2631.9149594403325
991047	2631.9149594403325
992183	2631.9149594403325
993316	2631.9149594403325
994448	2631.9149594403325
995580	2631.9149594403325
996711	2631.9149594403325
997842	2631.9149594403325
998974	2631.9149594403325
1000104	2631.9149594403325
