1000	5290.24406537996
2162	4905.945742577557
3314	4815.801137980352
4466	4557.418226381011
5614	4371.720527580672
6761	4197.61648331181
7906	4139.917934172247
9051	4132.050067566247
10193	3970.507526095341
11335	3781.527462624529
12482	3781.527462624529
13622	3781.527462624529
14760	3781.527462624529
15896	3752.0100245711883
17036	3726.758850147172
18174	3667.108724856056
19308	3667.108724856056
20446	3590.623693259
21582	3590.623693259
22720	3552.400063773094
23858	3540.6986769725263
24990	3540.6986769725263
26124	3540.6986769725263
27256	3537.9453349719747
28383	3527.6701693744067
29516	3526.133389047671
30648	3525.263230394041
31776	3488.571704032489
32907	3458.3202766737954
34039	3457.011156230158
35171	3457.011156230158
36299	3457.011156230158
37427	3457.011156230158
38557	3416.6924552818455
39688	3416.6924552818455
40816	3416.6924552818455
41943	3414.8611341983237
43072	3380.8615505525486
44199	3380.8615505525486
45325	3380.8615505525486
46450	3380.8615505525486
55309	2584.27952814713
56436	2584.27952814713
57561	2584.27952814713
58688	2584.27952814713
59811	2584.27952814713
60938	2584.27952814713
62062	2584.27952814713
63187	2584.27952814713
64314	2584.27952814713
65439	2584.27952814713
66564	2584.27952814713
67692	2584.27952814713
68821	2584.27952814713
69949	2584.27952814713
71075	2584.27952814713
72202	2584.27952814713
73329	2584.27952814713
74456	2584.27952814713
75584	2584.27952814713
76715	2584.27952814713
84876	2584.27952814713
86004	2584.27952814713
87134	2584.27952814713
88262	2584.27952814713
89392	2584.27952814713
90522	2584.27952814713
91653	2584.27952814713
92785	2584.27952814713
93916	2584.27952814713
95048	2584.27952814713
96180	2584.27952814713
97307	2584.27952814713
98436	2584.27952814713
99569	2584.27952814713
100704	2584.27952814713
101836	2584.27952814713
102969	2584.27952814713
104100	2584.27952814713
105231	2584.27952814713
106364	2584.27952814713
110521	2584.27952814713
111656	2584.27952814713
112786	2584.27952814713
113915	2584.27952814713
115049	2584.27952814713
116178	2584.27952814713
117305	2584.27952814713
118433	2584.27952814713
119559	2584.27952814713
120690	2584.27952814713
121818	2584.27952814713
122946	2584.27952814713
124075	2584.27952814713
125203	2584.27952814713
126337	2584.27952814713
127468	2584.27952814713
128598	2584.27952814713
129727	2584.27952814713
130857	2584.27952814713
131984	2584.27952814713
137919	2584.27952814713
139047	2584.27952814713
140178	2584.27952814713
141307	2584.27952814713
142436	2584.27952814713
143566	2584.27952814713
144697	2584.27952814713
145830	2584.27952814713
146962	2584.27952814713
148093	2584.27952814713
149225	2584.27952814713
150360	2584.27952814713
151490	2584.27952814713
152620	2584.27952814713
153750	2584.27952814713
154882	2584.27952814713
156013	2584.27952814713
157143	2584.27952814713
158273	2584.27952814713
159405	2584.27952814713
166264	2584.27952814713
167397	2584.27952814713
168531	2584.27952814713
169665	2584.27952814713
170798	2584.27952814713
171929	2584.27952814713
173057	2584.27952814713
174186	2584.27952814713
175318	2584.27952814713
176451	2584.27952814713
177584	2584.27952814713
178717	2584.27952814713
179847	2584.27952814713
180979	2584.27952814713
182108	2584.27952814713
183238	2584.27952814713
184366	2584.27952814713
185493	2584.27952814713
186621	2584.27952814713
187751	2584.27952814713
197083	2584.27952814713
198208	2584.27952814713
199337	2584.27952814713
200464	2584.27952814713
201596	2584.27952814713
202727	2584.27952814713
203861	2584.27952814713
204994	2584.27952814713
206124	2584.27952814713
207253	2584.27952814713
211631	2584.27952814713
212761	2584.27952814713
213896	2584.27952814713
215031	2584.27952814713
216163	2584.27952814713
217296	2584.27952814713
218428	2584.27952814713
219558	2584.27952814713
220690	2584.27952814713
221817	2584.27952814713
222948	2584.27952814713
224078	2584.27952814713
225208	2584.27952814713
226340	2584.27952814713
227473	2584.27952814713
228607	2584.27952814713
229740	2584.27952814713
230872	2584.27952814713
232002	2584.27952814713
233132	2584.27952814713
238975	2584.27952814713
240103	2584.27952814713
241229	2584.27952814713
242359	2584.27952814713
243488	2584.27952814713
244617	2584.27952814713
245745	2584.27952814713
246877	2584.27952814713
248006	2584.27952814713
249137	2584.27952814713
250266	2584.27952814713
251397	2584.27952814713
252529	2584.27952814713
253659	2584.27952814713
254793	2584.27952814713
255924	2584.27952814713
257058	2584.27952814713
258187	2584.27952814713
259314	2584.27952814713
260444	2584.27952814713
265437	2584.27952814713
266567	2584.27952814713
267698	2584.27952814713
268829	2584.27952814713
269959	2584.27952814713
271090	2584.27952814713
272223	2584.27952814713
273356	2584.27952814713
274488	2584.27952814713
275620	2584.27952814713
276752	2584.27952814713
277881	2584.27952814713
279010	2584.27952814713
280136	2584.27952814713
281262	2584.27952814713
282391	2584.27952814713
283522	2584.27952814713
284653	2584.27952814713
285783	2584.27952814713
286914	2584.27952814713
291158	2584.27952814713
292291	2584.27952814713
293425	2584.27952814713
294559	2584.27952814713
295693	2584.27952814713
296824	2584.27952814713
297957	2584.27952814713
299090	2584.27952814713
300222	2584.27952814713
301350	2584.27952814713
302485	2584.27952814713
303618	2584.27952814713
304745	2584.27952814713
305876	2584.27952814713
307009	2584.27952814713
308138	2584.27952814713
309267	2584.27952814713
310398	2584.27952814713
311530	2584.27952814713
312658	2584.27952814713
316594	2584.27952814713
317722	2584.27952814713
318852	2584.27952814713
319981	2584.27952814713
321110	2584.27952814713
322239	2584.27952814713
323367	2584.27952814713
324494	2584.27952814713
325620	2584.27952814713
326748	2584.27952814713
331124	2584.27952814713
332249	2584.27952814713
333378	2584.27952814713
334507	2584.27952814713
335636	2584.27952814713
336763	2584.27952814713
337894	2584.27952814713
339025	2584.27952814713
340152	2584.27952814713
341282	2584.27952814713
342417	2584.27952814713
343549	2584.27952814713
344680	2584.27952814713
345810	2584.27952814713
346941	2584.27952814713
348068	2584.27952814713
349196	2584.27952814713
350326	2584.27952814713
351455	2584.27952814713
352585	2584.27952814713
358261	2584.27952814713
359391	2584.27952814713
360527	2584.27952814713
361661	2584.27952814713
362793	2584.27952814713
363927	2584.27952814713
365056	2584.27952814713
366189	2584.27952814713
367320	2584.27952814713
368452	2584.27952814713
369580	2584.27952814713
370708	2584.27952814713
371835	2584.27952814713
372966	2584.27952814713
374096	2584.27952814713
375223	2584.27952814713
376356	2584.27952814713
377487	2584.27952814713
378616	2584.27952814713
379744	2584.27952814713
384215	2584.27952814713
385346	2584.27952814713
386475	2584.27952814713
387608	2584.27952814713
388736	2584.27952814713
389868	2584.27952814713
390997	2584.27952814713
392128	2584.27952814713
393258	2584.27952814713
394387	2584.27952814713
395516	2584.27952814713
396646	2584.27952814713
397771	2584.27952814713
398898	2584.27952814713
400028	2584.27952814713
401158	2584.27952814713
402290	2584.27952814713
403422	2584.27952814713
404557	2584.27952814713
405691	2584.27952814713
409952	2584.27952814713
411084	2584.27952814713
412212	2584.27952814713
413341	2584.27952814713
414467	2584.27952814713
415597	2584.27952814713
416727	2584.27952814713
417857	2584.27952814713
418990	2584.27952814713
420122	2584.27952814713
421253	2584.27952814713
422382	2584.27952814713
423512	2584.27952814713
424642	2584.27952814713
425774	2584.27952814713
426907	2584.27952814713
428041	2584.27952814713
429174	2584.27952814713
430305	2584.27952814713
431437	2584.27952814713
435721	2584.27952814713
436852	2584.27952814713
437985	2584.27952814713
439117	2584.27952814713
440249	2584.27952814713
441379	2584.27952814713
442511	2584.27952814713
443642	2584.27952814713
444777	2584.27952814713
445909	2584.27952814713
450192	2584.27952814713
451323	2584.27952814713
452458	2584.27952814713
453588	2584.27952814713
454717	2584.27952814713
455848	2584.27952814713
456978	2584.27952814713
458108	2584.27952814713
459239	2584.27952814713
460369	2584.27952814713
461498	2584.27952814713
462627	2584.27952814713
463756	2584.27952814713
464887	2584.27952814713
466017	2584.27952814713
467148	2584.27952814713
468279	2584.27952814713
469411	2584.27952814713
470543	2584.27952814713
471674	2584.27952814713
475836	2584.27952814713
476967	2584.27952814713
478095	2584.27952814713
479220	2584.27952814713
480348	2584.27952814713
481473	2584.27952814713
482600	2584.27952814713
483730	2584.27952814713
484856	2584.27952814713
485983	2584.27952814713
487111	2584.27952814713
488240	2584.27952814713
489367	2584.27952814713
490494	2584.27952814713
491626	2584.27952814713
492760	2584.27952814713
493891	2584.27952814713
495021	2584.27952814713
496153	2584.27952814713
497285	2584.27952814713
501338	2584.27952814713
502467	2584.27952814713
503601	2584.27952814713
504733	2584.27952814713
505862	2584.27952814713
506996	2584.27952814713
508130	2584.27952814713
509263	2584.27952814713
510394	2584.27952814713
511528	2584.27952814713
512659	2584.27952814713
513794	2584.27952814713
514926	2584.27952814713
516054	2584.27952814713
517185	2584.27952814713
518314	2584.27952814713
519442	2584.27952814713
520571	2584.27952814713
521697	2584.27952814713
522826	2584.27952814713
526988	2584.27952814713
528116	2584.27952814713
529242	2584.27952814713
530371	2584.27952814713
531501	2584.27952814713
532632	2584.27952814713
533762	2584.27952814713
534889	2584.27952814713
536019	2584.27952814713
537145	2584.27952814713
538273	2584.27952814713
539400	2584.27952814713
540529	2584.27952814713
541659	2584.27952814713
542789	2584.27952814713
543924	2584.27952814713
545058	2584.27952814713
546191	2584.27952814713
547327	2584.27952814713
548463	2584.27952814713
552534	2584.27952814713
553667	2584.27952814713
554798	2584.27952814713
555930	2584.27952814713
557059	2584.27952814713
558188	2584.27952814713
559316	2584.27952814713
560445	2584.27952814713
561574	2584.27952814713
562703	2584.27952814713
568085	2584.27952814713
569215	2584.27952814713
570350	2584.27952814713
571481	2584.27952814713
572614	2584.27952814713
573742	2584.27952814713
574872	2584.27952814713
576005	2584.27952814713
577134	2584.27952814713
578262	2584.27952814713
579391	2584.27952814713
580522	2584.27952814713
581651	2584.27952814713
582781	2584.27952814713
583914	2584.27952814713
585049	2584.27952814713
586186	2584.27952814713
587321	2584.27952814713
588455	2584.27952814713
589590	2584.27952814713
593973	2584.27952814713
595104	2584.27952814713
596235	2584.27952814713
597363	2584.27952814713
598492	2584.27952814713
599620	2584.27952814713
600746	2584.27952814713
601875	2584.27952814713
603004	2584.27952814713
604131	2584.27952814713
605259	2584.27952814713
606387	2584.27952814713
607518	2584.27952814713
608649	2584.27952814713
609781	2584.27952814713
610911	2584.27952814713
612040	2584.27952814713
613170	2584.27952814713
614297	2584.27952814713
615425	2584.27952814713
619707	2584.27952814713
620839	2584.27952814713
621967	2584.27952814713
623098	2584.27952814713
624228	2584.27952814713
625359	2584.27952814713
626490	2584.27952814713
627619	2584.27952814713
628752	2584.27952814713
629881	2584.27952814713
631011	2584.27952814713
632138	2584.27952814713
633268	2584.27952814713
634399	2584.27952814713
635527	2584.27952814713
636658	2584.27952814713
637788	2584.27952814713
638917	2584.27952814713
640045	2584.27952814713
641173	2584.27952814713
645933	2584.27952814713
647063	2584.27952814713
648193	2584.27952814713
649323	2584.27952814713
650456	2584.27952814713
651586	2584.27952814713
652719	2584.27952814713
653855	2584.27952814713
654989	2584.27952814713
656124	2584.27952814713
657256	2584.27952814713
658385	2584.27952814713
659514	2584.27952814713
660642	2584.27952814713
661772	2584.27952814713
662904	2584.27952814713
664034	2584.27952814713
665164	2584.27952814713
666297	2584.27952814713
667425	2584.27952814713
675528	2584.27952814713
676654	2584.27952814713
677782	2584.27952814713
678908	2584.27952814713
680036	2584.27952814713
681165	2584.27952814713
682292	2584.27952814713
683418	2584.27952814713
684548	2584.27952814713
685682	2584.27952814713
690139	2584.27952814713
691269	2584.27952814713
692399	2584.27952814713
693530	2584.27952814713
694660	2584.27952814713
695790	2584.27952814713
696918	2584.27952814713
698050	2584.27952814713
699181	2584.27952814713
700314	2584.27952814713
701447	2584.27952814713
702576	2584.27952814713
703708	2584.27952814713
704838	2584.27952814713
705966	2584.27952814713
707095	2584.27952814713
708227	2584.27952814713
709361	2584.27952814713
710489	2584.27952814713
711621	2584.27952814713
715688	2584.27952814713
716826	2584.27952814713
717959	2584.27952814713
719094	2584.27952814713
720227	2584.27952814713
721359	2584.27952814713
722491	2584.27952814713
723618	2584.27952814713
724751	2584.27952814713
725882	2584.27952814713
727011	2584.27952814713
728139	2584.27952814713
729270	2584.27952814713
730400	2584.27952814713
731527	2584.27952814713
732654	2584.27952814713
733783	2584.27952814713
734911	2584.27952814713
736038	2584.27952814713
737166	2584.27952814713
742801	2584.27952814713
743932	2584.27952814713
745064	2584.27952814713
746192	2584.27952814713
747321	2584.27952814713
748453	2584.27952814713
749582	2584.27952814713
750714	2584.27952814713
751844	2584.27952814713
752974	2584.27952814713
754103	2584.27952814713
755235	2584.27952814713
756368	2584.27952814713
757497	2584.27952814713
758632	2584.27952814713
759766	2584.27952814713
760898	2584.27952814713
762032	2584.27952814713
763163	2584.27952814713
764293	2584.27952814713
773512	2584.27952814713
774641	2584.27952814713
775770	2584.27952814713
776902	2584.27952814713
778028	2584.27952814713
779155	2584.27952814713
780283	2584.27952814713
781409	2584.27952814713
782541	2584.27952814713
783674	2584.27952814713
784803	2584.27952814713
785933	2584.27952814713
787064	2584.27952814713
788196	2584.27952814713
789326	2584.27952814713
790455	2584.27952814713
791583	2584.27952814713
792711	2584.27952814713
793838	2584.27952814713
794965	2584.27952814713
800458	2584.27952814713
801587	2584.27952814713
802717	2584.27952814713
803844	2584.27952814713
804972	2584.27952814713
806097	2584.27952814713
807224	2584.27952814713
808353	2584.27952814713
809482	2584.27952814713
810611	2584.27952814713
815586	2584.27952814713
816717	2584.27952814713
817848	2584.27952814713
818978	2584.27952814713
820113	2584.27952814713
821247	2584.27952814713
822378	2584.27952814713
823509	2584.27952814713
824640	2584.27952814713
825771	2584.27952814713
826900	2584.27952814713
828028	2584.27952814713
829156	2584.27952814713
830284	2584.27952814713
831413	2584.27952814713
832540	2584.27952814713
833668	2584.27952814713
834796	2584.27952814713
835921	2584.27952814713
837051	2584.27952814713
843756	2584.27952814713
844882	2584.27952814713
846013	2584.27952814713
847144	2584.27952814713
848275	2584.27952814713
849410	2584.27952814713
850547	2584.27952814713
851679	2584.27952814713
852812	2584.27952814713
853943	2584.27952814713
855075	2584.27952814713
856206	2584.27952814713
857335	2584.27952814713
858464	2584.27952814713
859596	2584.27952814713
860729	2584.27952814713
861861	2584.27952814713
862995	2584.27952814713
864125	2584.27952814713
865258	2584.27952814713
874479	2584.27952814713
875608	2584.27952814713
876735	2584.27952814713
877860	2584.27952814713
878987	2584.27952814713
880117	2584.27952814713
881245	2584.27952814713
882373	2584.27952814713
883502	2584.27952814713
884628	2584.27952814713
885754	2584.27952814713
886883	2584.27952814713
888009	2584.27952814713
889136	2584.27952814713
890263	2584.27952814713
891390	2584.27952814713
892520	2584.27952814713
893649	2584.27952814713
894781	2584.27952814713
895913	2584.27952814713
904466	2584.27952814713
905600	2584.27952814713
906733	2584.27952814713
907864	2584.27952814713
908995	2584.27952814713
910125	2584.27952814713
911257	2584.27952814713
912392	2584.27952814713
913526	2584.27952814713
914659	2584.27952814713
915790	2584.27952814713
916921	2584.27952814713
918050	2584.27952814713
919182	2584.27952814713
920314	2584.27952814713
921448	2584.27952814713
922577	2584.27952814713
923706	2584.27952814713
924836	2584.27952814713
925965	2584.27952814713
930019	2584.27952814713
931151	2584.27952814713
932280	2584.27952814713
933407	2584.27952814713
934534	2584.27952814713
935661	2584.27952814713
936786	2584.27952814713
937914	2584.27952814713
939041	2584.27952814713
940168	2584.27952814713
944634	2584.27952814713
945762	2584.27952814713
946892	2584.27952814713
948026	2584.27952814713
949155	2584.27952814713
950289	2584.27952814713
951422	2584.27952814713
952554	2584.27952814713
953685	2584.27952814713
954821	2584.27952814713
955952	2584.27952814713
957082	2584.27952814713
958217	2584.27952814713
959353	2584.27952814713
960488	2584.27952814713
961622	2584.27952814713
962756	2584.27952814713
963889	2584.27952814713
965020	2584.27952814713
966151	2584.27952814713
970413	2584.27952814713
971543	2584.27952814713
972670	2584.27952814713
973797	2584.27952814713
974928	2584.27952814713
976056	2584.27952814713
977185	2584.27952814713
978314	2584.27952814713
979440	2584.27952814713
980567	2584.27952814713
981696	2584.27952814713
982824	2584.27952814713
983950	2584.27952814713
985079	2584.27952814713
986210	2584.27952814713
987342	2584.27952814713
988476	2584.27952814713
989611	2584.27952814713
990746	2584.27952814713
991879	2584.27952814713
997629	2584.27952814713
998760	2584.27952814713
999893	2584.27952814713
1001023	2584.27952814713
