1000	5033.410377027943
2177	4705.039467553937
3341	4400.757691846835
4504	4131.682132743948
5661	4071.4330063774714
6816	3904.969098025763
7973	3834.434864455014
9121	3796.27353092634
10269	3689.521583948752
11413	3651.5690868100783
12557	3547.3843366475735
13699	3547.3843366475735
14842	3547.3843366475735
15980	3547.3843366475735
17115	3534.088412075418
18256	3503.651140677052
19399	3478.098063981138
20535	3462.382251661249
21670	3462.382251661249
22803	3452.8307910898757
23935	3430.5441900529077
25066	3425.5772833049405
26197	3425.5772833049405
27327	3402.751882425966
28459	3402.751882425966
29589	3398.9555026819157
30724	3383.514090304099
31852	3383.514090304099
32982	3383.514090304099
34110	3383.514090304099
35241	3365.513169235925
36373	3365.513169235925
37504	3365.513169235925
38629	3365.513169235925
39760	3349.7175005197037
40885	3349.7175005197037
42012	3349.7175005197037
43138	3310.67721566894
44267	3310.67721566894
45395	3310.67721566894
46523	3310.67721566894
47652	3310.67721566894
48780	3310.67721566894
58658	2679.8433802635363
67155	2679.843379062656
68285	2679.843379062656
69412	2679.843379062656
70537	2679.843379062656
71666	2679.843379062656
72792	2679.843379062656
73923	2679.843379062656
75050	2679.843379062656
76182	2679.843379062656
77315	2679.843379062656
78445	2679.843379062656
79578	2679.843379062656
80707	2679.843379062656
81834	2679.843379062656
82960	2679.843379062656
84089	2679.843379062656
85218	2679.843379062656
86345	2679.843379062656
87477	2679.843379062656
88611	2679.843379062656
89743	2679.843379062656
90879	2679.843379062656
92017	2679.843379062656
93149	2679.843379062656
94283	2679.843379062656
95418	2679.843379062656
96548	2679.843379062656
99600	2646.934521466579
103358	2646.100939024464
106810	2627.0248457154335
110171	2615.5800752838613
116986	2615.580074462987
118131	2615.580074462987
119272	2615.580074462987
120403	2615.580074462987
121535	2615.580074462987
122668	2615.580074462987
123800	2615.580074462987
124936	2615.580074462987
126070	2615.580074462987
127203	2615.580074462987
128333	2615.580074462987
129467	2615.580074462987
130604	2615.580074462987
131736	2615.580074462987
132867	2615.580074462987
134000	2615.580074462987
135131	2615.580074462987
136265	2615.580074462987
137396	2615.580074462987
138527	2615.580074462987
139655	2615.580074462987
140792	2615.580074462987
141933	2615.580074462987
143069	2615.580074462987
144202	2615.580074462987
145332	2615.580074462987
154307	2615.580074462987
155443	2615.580074462987
156575	2615.580074462987
157707	2615.580074462987
158836	2615.580074462987
159969	2615.580074462987
161108	2615.580074462987
162241	2615.580074462987
163373	2615.580074462987
164505	2615.580074462987
165639	2615.580074462987
166772	2615.580074462987
167908	2615.580074462987
169040	2615.580074462987
170176	2615.580074462987
171314	2615.580074462987
172451	2615.580074462987
173588	2615.580074462987
174721	2615.580074462987
175860	2615.580074462987
178915	2598.9652370487947
183527	2598.965237006742
184660	2598.965237006742
185797	2598.965237006742
186936	2598.965237006742
188076	2598.965237006742
189212	2598.965237006742
190350	2598.965237006742
191493	2598.965237006742
192631	2598.965237006742
193781	2598.965237006742
194928	2598.965237006742
196070	2598.965237006742
197217	2598.965237006742
198364	2598.965237006742
199513	2598.965237006742
200658	2598.965237006742
201806	2598.965237006742
202956	2598.965237006742
204102	2598.965237006742
207168	2585.5632494248116
211204	2585.5632490134303
212360	2585.5632490134303
213511	2585.5632490134303
214657	2585.5632490134303
215808	2585.5632490134303
216962	2585.5632490134303
218108	2585.5632490134303
219257	2585.5632490134303
220403	2585.5632490134303
221556	2585.5632490134303
222707	2585.5632490134303
223858	2585.5632490134303
225003	2585.5632490134303
226149	2585.5632490134303
227297	2585.5632490134303
228446	2585.5632490134303
229600	2585.5632490134303
230746	2585.5632490134303
231894	2585.5632490134303
236160	2585.5632490134303
237308	2585.5632490134303
238456	2585.5632490134303
239603	2585.5632490134303
240752	2585.5632490134303
241904	2585.5632490134303
243054	2585.5632490134303
244204	2585.5632490134303
245354	2585.5632490134303
246504	2585.5632490134303
247652	2585.5632490134303
248804	2585.5632490134303
249954	2585.5632490134303
251110	2585.5632490134303
252254	2585.5632490134303
253406	2585.5632490134303
254556	2585.5632490134303
255707	2585.5632490134303
256856	2585.5632490134303
258006	2585.5632490134303
263673	2585.5632490134303
264822	2585.5632490134303
265970	2585.5632490134303
267120	2585.5632490134303
268276	2585.5632490134303
269429	2585.5632490134303
270585	2585.5632490134303
271739	2585.5632490134303
272892	2585.5632490134303
274040	2585.5632490134303
275194	2585.5632490134303
276349	2585.5632490134303
277500	2585.5632490134303
278657	2585.5632490134303
279809	2585.5632490134303
280967	2585.5632490134303
282117	2585.5632490134303
283273	2585.5632490134303
284428	2585.5632490134303
285584	2585.5632490134303
291212	2585.5632490134303
292362	2585.5632490134303
293518	2585.5632490134303
294674	2585.5632490134303
295835	2585.5632490134303
296991	2585.5632490134303
298145	2585.5632490134303
299305	2585.5632490134303
300454	2585.5632490134303
301608	2585.5632490134303
302763	2585.5632490134303
303914	2585.5632490134303
305062	2585.5632490134303
306215	2585.5632490134303
307369	2585.5632490134303
308525	2585.5632490134303
309679	2585.5632490134303
310834	2585.5632490134303
311987	2585.5632490134303
313147	2585.5632490134303
319180	2585.5632490134303
320332	2585.5632490134303
321486	2585.5632490134303
322636	2585.5632490134303
323795	2585.5632490134303
324951	2585.5632490134303
326106	2585.5632490134303
327265	2585.5632490134303
328423	2585.5632490134303
329582	2585.5632490134303
330740	2585.5632490134303
331897	2585.5632490134303
333052	2585.5632490134303
334207	2585.5632490134303
335366	2585.5632490134303
336521	2585.5632490134303
337674	2585.5632490134303
338830	2585.5632490134303
339986	2585.5632490134303
341143	2585.5632490134303
345324	2572.541686746571
350015	2572.5416854859322
351169	2572.5416854859322
352323	2572.5416854859322
353478	2572.5416854859322
354632	2572.5416854859322
355779	2572.5416854859322
356932	2572.5416854859322
358093	2572.5416854859322
359243	2572.5416854859322
360401	2572.5416854859322
361553	2572.5416854859322
362707	2572.5416854859322
363859	2572.5416854859322
365012	2572.5416854859322
366169	2572.5416854859322
367324	2572.5416854859322
368473	2572.5416854859322
369631	2572.5416854859322
370783	2572.5416854859322
375153	2572.5416854859322
376306	2572.5416854859322
377458	2572.5416854859322
378610	2572.5416854859322
379767	2572.5416854859322
380924	2572.5416854859322
382074	2572.5416854859322
383227	2572.5416854859322
384382	2572.5416854859322
385536	2572.5416854859322
386691	2572.5416854859322
387843	2572.5416854859322
389001	2572.5416854859322
390152	2572.5416854859322
391307	2572.5416854859322
392457	2572.5416854859322
393610	2572.5416854859322
394766	2572.5416854859322
395920	2572.5416854859322
397068	2572.5416854859322
404078	2572.5416854859322
405233	2572.5416854859322
406384	2572.5416854859322
407543	2572.5416854859322
408699	2572.5416854859322
409853	2572.5416854859322
411001	2572.5416854859322
412154	2572.5416854859322
413311	2572.5416854859322
414462	2572.5416854859322
415611	2572.5416854859322
416764	2572.5416854859322
417922	2572.5416854859322
419074	2572.5416854859322
420228	2572.5416854859322
421387	2572.5416854859322
422546	2572.5416854859322
423695	2572.5416854859322
424848	2572.5416854859322
426002	2572.5416854859322
430065	2572.5416854859322
431221	2572.5416854859322
432371	2572.5416854859322
433528	2572.5416854859322
434681	2572.5416854859322
435836	2572.5416854859322
436991	2572.5416854859322
438152	2572.5416854859322
439306	2572.5416854859322
440463	2572.5416854859322
441619	2572.5416854859322
442767	2572.5416854859322
443925	2572.5416854859322
445076	2572.5416854859322
446223	2572.5416854859322
447379	2572.5416854859322
448528	2572.5416854859322
449675	2572.5416854859322
450831	2572.5416854859322
451987	2572.5416854859322
456222	2572.5416854859322
457377	2572.5416854859322
458530	2572.5416854859322
459685	2572.5416854859322
460837	2572.5416854859322
461988	2572.5416854859322
463137	2572.5416854859322
464290	2572.5416854859322
465444	2572.5416854859322
466593	2572.5416854859322
467744	2572.5416854859322
468899	2572.5416854859322
470049	2572.5416854859322
471201	2572.5416854859322
472356	2572.5416854859322
473505	2572.5416854859322
474659	2572.5416854859322
475814	2572.5416854859322
476967	2572.5416854859322
478122	2572.5416854859322
482088	2572.5416854859322
483240	2572.5416854859322
484397	2572.5416854859322
485548	2572.5416854859322
486703	2572.5416854859322
487852	2572.5416854859322
489008	2572.5416854859322
490165	2572.5416854859322
491327	2572.5416854859322
492484	2572.5416854859322
498306	2572.5416854859322
499465	2572.5416854859322
500617	2572.5416854859322
501775	2572.5416854859322
502928	2572.5416854859322
504089	2572.5416854859322
505247	2572.5416854859322
506397	2572.5416854859322
507555	2572.5416854859322
508710	2572.5416854859322
509865	2572.5416854859322
511023	2572.5416854859322
512179	2572.5416854859322
513331	2572.5416854859322
514489	2572.5416854859322
515645	2572.5416854859322
516797	2572.5416854859322
517953	2572.5416854859322
519109	2572.5416854859322
520274	2572.5416854859322
524431	2572.5416854859322
525586	2572.5416854859322
526746	2572.5416854859322
527903	2572.5416854859322
529065	2572.5416854859322
530219	2572.5416854859322
531375	2572.5416854859322
532533	2572.5416854859322
533693	2572.5416854859322
534851	2572.5416854859322
536003	2572.5416854859322
537163	2572.5416854859322
538326	2572.5416854859322
539485	2572.5416854859322
540646	2572.5416854859322
541804	2572.5416854859322
542968	2572.5416854859322
544127	2572.5416854859322
545282	2572.5416854859322
546440	2572.5416854859322
551344	2572.5416854859322
552503	2572.5416854859322
553667	2572.5416854859322
554818	2572.5416854859322
555984	2572.5416854859322
557150	2572.5416854859322
558307	2572.5416854859322
559471	2572.5416854859322
560635	2572.5416854859322
561797	2572.5416854859322
562956	2572.5416854859322
564111	2572.5416854859322
565266	2572.5416854859322
566426	2572.5416854859322
567592	2572.5416854859322
568757	2572.5416854859322
569922	2572.5416854859322
571081	2572.5416854859322
572246	2572.5416854859322
573406	2572.5416854859322
576180	2569.3983775527154
583223	2569.3983767339137
584384	2569.3983767339137
585543	2569.3983767339137
586703	2569.3983767339137
587863	2569.3983767339137
589026	2569.3983767339137
590191	2569.3983767339137
591350	2569.3983767339137
592516	2569.3983767339137
593673	2569.3983767339137
594830	2569.3983767339137
595982	2569.3983767339137
597142	2569.3983767339137
598299	2569.3983767339137
599461	2569.3983767339137
600621	2569.3983767339137
601784	2569.3983767339137
602945	2569.3983767339137
604109	2569.3983767339137
607290	2560.3055661675166
615442	2560.305565886242
616607	2560.305565886242
617774	2560.305565886242
618940	2560.305565886242
620111	2560.305565886242
621280	2560.305565886242
622435	2560.305565886242
623588	2560.305565886242
624746	2560.305565886242
625905	2560.305565886242
627067	2560.305565886242
628240	2560.305565886242
629405	2560.305565886242
630559	2560.305565886242
631717	2560.305565886242
632878	2560.305565886242
634042	2560.305565886242
635207	2560.305565886242
636365	2560.305565886242
639805	2560.305565886242
640967	2560.305565886242
642133	2560.305565886242
643295	2560.305565886242
644457	2560.305565886242
645612	2560.305565886242
646775	2560.305565886242
647940	2560.305565886242
649105	2560.305565886242
650263	2560.305565886242
651422	2560.305565886242
652581	2560.305565886242
653741	2560.305565886242
654895	2560.305565886242
656056	2560.305565886242
657217	2560.305565886242
658378	2560.305565886242
659551	2560.305565886242
660708	2560.305565886242
661870	2560.305565886242
665509	2560.305565886242
666662	2560.305565886242
667823	2560.305565886242
668984	2560.305565886242
670145	2560.305565886242
671304	2560.305565886242
672463	2560.305565886242
673621	2560.305565886242
674776	2560.305565886242
675927	2560.305565886242
677083	2560.305565886242
678238	2560.305565886242
679395	2560.305565886242
680553	2560.305565886242
681722	2560.305565886242
682878	2560.305565886242
684041	2560.305565886242
685198	2560.305565886242
686356	2560.305565886242
687518	2560.305565886242
690395	2559.348119592326
694770	2559.3481193623616
695933	2559.3481193623616
697094	2559.3481193623616
698257	2559.3481193623616
699421	2559.3481193623616
700576	2559.3481193623616
701734	2559.3481193623616
702889	2559.3481193623616
704045	2559.3481193623616
705199	2559.3481193623616
706359	2559.3481193623616
707519	2559.3481193623616
708672	2559.3481193623616
709830	2559.3481193623616
710985	2559.3481193623616
712137	2559.3481193623616
713289	2559.3481193623616
714442	2559.3481193623616
715600	2559.3481193623616
720143	2559.3481193623616
721301	2559.3481193623616
722456	2559.3481193623616
723612	2559.3481193623616
724764	2559.3481193623616
725912	2559.3481193623616
727070	2559.3481193623616
728224	2559.3481193623616
729381	2559.3481193623616
730534	2559.3481193623616
731692	2559.3481193623616
732843	2559.3481193623616
734000	2559.3481193623616
735159	2559.3481193623616
736315	2559.3481193623616
737473	2559.3481193623616
738625	2559.3481193623616
739774	2559.3481193623616
740926	2559.3481193623616
742076	2559.3481193623616
744643	2551.536290395021
748683	2551.5362903701953
749836	2551.5362903701953
750989	2551.5362903701953
752139	2551.5362903701953
753289	2551.5362903701953
754443	2551.5362903701953
755591	2551.5362903701953
756743	2551.5362903701953
757895	2551.5362903701953
759052	2551.5362903701953
760205	2551.5362903701953
761353	2551.5362903701953
762507	2551.5362903701953
763654	2551.5362903701953
764808	2551.5362903701953
765963	2551.5362903701953
767118	2551.5362903701953
768269	2551.5362903701953
769425	2551.5362903701953
772783	2551.5362903701953
773935	2551.5362903701953
775086	2551.5362903701953
776242	2551.5362903701953
777399	2551.5362903701953
778553	2551.5362903701953
779704	2551.5362903701953
780852	2551.5362903701953
782002	2551.5362903701953
783154	2551.5362903701953
784312	2551.5362903701953
785462	2551.5362903701953
786618	2551.5362903701953
787773	2551.5362903701953
788921	2551.5362903701953
790078	2551.5362903701953
791228	2551.5362903701953
792378	2551.5362903701953
793539	2551.5362903701953
794690	2551.5362903701953
798030	2551.5362903701953
799187	2551.5362903701953
800347	2551.5362903701953
801505	2551.5362903701953
802664	2551.5362903701953
803820	2551.5362903701953
804976	2551.5362903701953
806132	2551.5362903701953
807292	2551.5362903701953
808452	2551.5362903701953
809603	2551.5362903701953
810753	2551.5362903701953
811910	2551.5362903701953
813070	2551.5362903701953
814224	2551.5362903701953
815382	2551.5362903701953
816538	2551.5362903701953
817694	2551.5362903701953
818855	2551.5362903701953
820012	2551.5362903701953
823364	2551.5362903701953
824523	2551.5362903701953
825684	2551.5362903701953
826841	2551.5362903701953
827997	2551.5362903701953
829150	2551.5362903701953
830305	2551.5362903701953
831469	2551.5362903701953
832628	2551.5362903701953
833782	2551.5362903701953
834944	2551.5362903701953
836103	2551.5362903701953
837259	2551.5362903701953
838420	2551.5362903701953
839574	2551.5362903701953
840737	2551.5362903701953
841901	2551.5362903701953
843059	2551.5362903701953
844221	2551.5362903701953
845378	2551.5362903701953
848521	2551.5362903701953
849684	2551.5362903701953
850840	2551.5362903701953
852002	2551.5362903701953
853159	2551.5362903701953
854315	2551.5362903701953
855468	2551.5362903701953
856628	2551.5362903701953
857788	2551.5362903701953
858948	2551.5362903701953
860111	2551.5362903701953
861274	2551.5362903701953
862430	2551.5362903701953
863591	2551.5362903701953
864753	2551.5362903701953
865913	2551.5362903701953
867072	2551.5362903701953
868234	2551.5362903701953
869397	2551.5362903701953
870554	2551.5362903701953
873705	2551.5362903701953
874863	2551.5362903701953
876020	2551.5362903701953
877179	2551.5362903701953
878341	2551.5362903701953
879503	2551.5362903701953
880660	2551.5362903701953
881820	2551.5362903701953
882983	2551.5362903701953
884145	2551.5362903701953
887195	2551.5362903701953
888355	2551.5362903701953
889521	2551.5362903701953
890684	2551.5362903701953
891848	2551.5362903701953
893008	2551.5362903701953
894169	2551.5362903701953
895331	2551.5362903701953
896492	2551.5362903701953
897649	2551.5362903701953
898814	2551.5362903701953
899975	2551.5362903701953
901136	2551.5362903701953
902293	2551.5362903701953
903454	2551.5362903701953
904617	2551.5362903701953
905778	2551.5362903701953
906934	2551.5362903701953
908088	2551.5362903701953
909247	2551.5362903701953
912302	2551.5362903701953
913466	2551.5362903701953
914620	2551.5362903701953
915780	2551.5362903701953
916943	2551.5362903701953
918102	2551.5362903701953
919266	2551.5362903701953
920423	2551.5362903701953
921579	2551.5362903701953
922740	2551.5362903701953
923900	2551.5362903701953
925057	2551.5362903701953
926211	2551.5362903701953
927372	2551.5362903701953
928527	2551.5362903701953
929686	2551.5362903701953
930852	2551.5362903701953
932013	2551.5362903701953
933176	2551.5362903701953
934333	2551.5362903701953
937277	2551.5362903701953
938431	2551.5362903701953
939591	2551.5362903701953
940749	2551.5362903701953
941915	2551.5362903701953
943078	2551.5362903701953
944242	2551.5362903701953
945404	2551.5362903701953
946567	2551.5362903701953
947736	2551.5362903701953
948896	2551.5362903701953
950058	2551.5362903701953
951232	2551.5362903701953
952391	2551.5362903701953
953552	2551.5362903701953
954715	2551.5362903701953
955872	2551.5362903701953
957040	2551.5362903701953
958202	2551.5362903701953
959366	2551.5362903701953
962246	2550.009522917287
966384	2550.009522861926
967548	2550.009522861926
968706	2550.009522861926
969880	2550.009522861926
971037	2550.009522861926
972199	2550.009522861926
973359	2550.009522861926
974527	2550.009522861926
975684	2550.009522861926
976848	2550.009522861926
978007	2550.009522861926
979167	2550.009522861926
980334	2550.009522861926
981503	2550.009522861926
982670	2550.009522861926
983830	2550.009522861926
984992	2550.009522861926
986152	2550.009522861926
987315	2550.009522861926
990757	2550.009522861926
991916	2550.009522861926
993071	2550.009522861926
994229	2550.009522861926
995396	2550.009522861926
996551	2550.009522861926
997710	2550.009522861926
998875	2550.009522861926
1000028	2550.009522861926
