300	3546.570524039139
615	3545.2906720856536
929	2867.4749833642863
1243	2867.4749833642863
1552	2867.4749833642863
1860	2867.4749833642863
2167	2867.4749833642863
2476	2867.4749833642863
2786	2867.4749833642863
3096	2867.4749833642863
3404	2838.2607636161447
3711	2838.2607636161447
4019	2838.2607636161447
4328	2838.2607636161447
4635	2838.2607636161447
4942	2709.122074132262
5249	2709.122074132262
5558	2709.122074132262
5865	2709.122074132262
6173	2709.122074132262
6480	2709.122074132262
6787	2709.122074132262
7097	2662.8441870065085
7406	2662.8441870065085
7714	2662.8441870065085
8023	2662.8441870065085
8330	2662.8441870065085
8636	2662.8441870065085
8944	2662.8441870065085
9251	2662.8441870065085
9558	2662.8441870065085
9868	2662.8441870065085
10177	2662.8441870065085
10485	2662.8441870065085
10795	2662.8441870065085
11106	2662.8441870065085
11414	2662.8441870065085
11724	2662.8441870065085
12034	2662.8441870065085
12344	2662.8441870065085
12655	2662.8441870065085
12964	2662.8441870065085
13273	2662.8441870065085
25720	2295.448657917714
26029	2295.448657917714
26338	2295.448657917714
26648	2295.448657917714
26958	2295.448657917714
27268	2295.448657917714
27577	2295.448657917714
27884	2295.448657917714
28191	2295.448657917714
28499	2295.448657917714
28806	2295.448657917714
29112	2295.448657917714
29421	2295.448657917714
29729	2295.448657917714
30037	2295.448657917714
30345	2295.448657917714
30654	2295.448657917714
30964	2295.448657917714
31274	2295.448657917714
31586	2295.448657917714
31896	2295.448657917714
32209	2295.448657917714
32519	2295.448657917714
32830	2295.448657917714
33141	2295.448657917714
33450	2295.448657917714
33759	2295.448657917714
34068	2295.448657917714
41784	2295.448657917714
42093	2295.448657917714
42403	2295.448657917714
42713	2295.448657917714
43020	2295.448657917714
43330	2295.448657917714
43639	2295.448657917714
43947	2295.448657917714
44254	2295.448657917714
44562	2295.448657917714
49172	2295.448657917714
49480	2295.448657917714
49789	2295.448657917714
50099	2295.448657917714
50409	2295.448657917714
50716	2295.448657917714
51025	2295.448657917714
51334	2295.448657917714
51643	2295.448657917714
51952	2295.448657917714
52262	2295.448657917714
52571	2295.448657917714
52880	2295.448657917714
53190	2295.448657917714
53499	2295.448657917714
53811	2295.448657917714
54119	2295.448657917714
54429	2295.448657917714
54743	2295.448657917714
55053	2295.448657917714
59975	2295.448657917714
60289	2295.448657917714
60601	2295.448657917714
60913	2295.448657917714
61224	2295.448657917714
61537	2295.448657917714
61851	2295.448657917714
62161	2295.448657917714
62473	2295.448657917714
62780	2295.448657917714
63087	2295.448657917714
63394	2295.448657917714
63702	2295.448657917714
64013	2295.448657917714
64324	2295.448657917714
64635	2295.448657917714
64945	2295.448657917714
65256	2295.448657917714
65567	2295.448657917714
65876	2295.448657917714
69285	2234.2263058066014
77406	2234.1063606120606
77717	2234.1063606120606
78029	2234.1063606120606
78336	2234.1063606120606
78645	2234.1063606120606
78954	2234.1063606120606
79264	2234.1063606120606
79574	2234.1063606120606
79884	2234.1063606120606
80195	2234.1063606120606
80505	2234.1063606120606
80814	2234.1063606120606
81123	2234.1063606120606
81434	2234.1063606120606
81744	2234.1063606120606
82052	2234.1063606120606
82361	2234.1063606120606
82671	2234.1063606120606
82982	2234.1063606120606
93805	2234.1063606120606
94115	2234.1063606120606
94426	2234.1063606120606
94735	2234.1063606120606
95044	2234.1063606120606
95356	2234.1063606120606
95668	2234.1063606120606
95978	2234.1063606120606
96287	2234.1063606120606
96598	2234.1063606120606
96907	2234.1063606120606
97215	2234.1063606120606
97525	2234.1063606120606
97833	2234.1063606120606
98141	2234.1063606120606
98449	2234.1063606120606
98756	2234.1063606120606
99065	2234.1063606120606
99372	2234.1063606120606
99682	2234.1063606120606
106310	2234.1063606120606
106619	2234.1063606120606
106929	2234.1063606120606
107238	2234.1063606120606
107547	2234.1063606120606
107858	2234.1063606120606
108170	2234.1063606120606
108480	2234.1063606120606
108791	2234.1063606120606
109103	2234.1063606120606
109415	2234.1063606120606
109725	2234.1063606120606
110033	2234.1063606120606
110342	2234.1063606120606
110650	2234.1063606120606
110959	2234.1063606120606
111267	2234.1063606120606
111575	2234.1063606120606
111883	2234.1063606120606
112192	2234.1063606120606
115926	2234.1063606120606
116235	2234.1063606120606
116542	2234.1063606120606
116850	2234.1063606120606
117160	2234.1063606120606
117470	2234.1063606120606
117777	2234.1063606120606
118085	2234.1063606120606
118394	2234.1063606120606
118703	2234.1063606120606
119012	2234.1063606120606
119320	2234.1063606120606
119631	2234.1063606120606
119940	2234.1063606120606
120249	2234.1063606120606
120556	2234.1063606120606
120863	2234.1063606120606
121171	2234.1063606120606
121479	2234.1063606120606
121790	2234.1063606120606
127046	2234.1063606120606
127358	2234.1063606120606
127672	2234.1063606120606
127985	2234.1063606120606
128298	2234.1063606120606
128610	2234.1063606120606
128921	2234.1063606120606
129231	2234.1063606120606
129542	2234.1063606120606
129851	2234.1063606120606
130159	2234.1063606120606
130467	2234.1063606120606
130776	2234.1063606120606
131086	2234.1063606120606
131394	2234.1063606120606
131705	2234.1063606120606
132014	2234.1063606120606
132324	2234.1063606120606
132634	2234.1063606120606
132942	2234.1063606120606
139213	2234.1063606120606
139521	2234.1063606120606
139830	2234.1063606120606
140138	2234.1063606120606
140446	2234.1063606120606
140754	2234.1063606120606
141061	2234.1063606120606
141371	2234.1063606120606
141680	2234.1063606120606
141989	2234.1063606120606
148137	2234.1063606120606
148447	2234.1063606120606
148758	2234.1063606120606
149067	2234.1063606120606
149380	2234.1063606120606
149690	2234.1063606120606
150002	2234.1063606120606
150312	2234.1063606120606
150622	2234.1063606120606
150932	2234.1063606120606
151242	2234.1063606120606
151549	2234.1063606120606
151856	2234.1063606120606
152166	2234.1063606120606
152477	2234.1063606120606
152790	2234.1063606120606
153100	2234.1063606120606
153410	2234.1063606120606
153723	2234.1063606120606
154039	2234.1063606120606
160174	2234.1063606120606
160485	2234.1063606120606
160799	2234.1063606120606
161110	2234.1063606120606
161422	2234.1063606120606
161732	2234.1063606120606
162044	2234.1063606120606
162355	2234.1063606120606
162664	2234.1063606120606
162975	2234.1063606120606
163284	2234.1063606120606
163592	2234.1063606120606
163901	2234.1063606120606
164211	2234.1063606120606
164525	2234.1063606120606
164836	2234.1063606120606
165144	2234.1063606120606
165454	2234.1063606120606
165763	2234.1063606120606
172894	2211.4052647454714
173207	2211.4052647454714
173516	2211.4052647454714
173825	2211.4052647454714
179600	2199.1239154053314
179911	2199.1239154053314
180221	2199.1239154053314
180530	2199.1239154053314
180843	2199.1239154053314
186630	2196.355426668282
186942	2196.355426668282
187252	2196.355426668282
187566	2196.355426668282
187881	2196.355426668282
194046	2193.159407148887
194362	2193.159407148887
194675	2193.159407148887
194986	2193.159407148887
195298	2193.159407148887
195611	2193.159407148887
195926	2193.159407148887
196238	2193.159407148887
196552	2193.159407148887
196866	2193.159407148887
197181	2193.159407148887
206289	2186.557278962744
206601	2186.557278962744
206913	2186.557278962744
207224	2186.557278962744
207537	2186.557278962744
207853	2186.557278962744
208164	2186.557278962744
208474	2186.557278962744
208788	2186.557278962744
209107	2186.557278962744
209422	2186.557278962744
209733	2186.557278962744
210045	2186.557278962744
210358	2186.557278962744
210673	2186.557278962744
210983	2186.557278962744
215729	2183.7542805352205
216041	2183.7542805352205
216353	2183.7542805352205
216664	2183.7542805352205
216976	2183.7542805352205
217293	2183.7542805352205
217605	2183.7542805352205
217917	2183.7542805352205
218228	2183.7542805352205
218538	2183.7542805352205
218851	2183.7542805352205
219163	2183.7542805352205
219474	2183.7542805352205
219786	2183.7542805352205
220099	2183.7542805352205
220412	2183.7542805352205
220724	2183.7542805352205
221037	2183.7542805352205
221352	2183.7542805352205
221666	2183.7542805352205
228867	2182.5247316923487
235102	2182.396716566485
239576	2182.1065931590456
244234	2182.1065931590456
244550	2182.1065931590456
249517	2182.001433750414
249830	2182.001433750414
257524	2181.9035076288023
257840	2181.9035076288023
258154	2181.9035076288023
258469	2181.9035076288023
258781	2181.9035076288023
259096	2181.9035076288023
259410	2181.9035076288023
266172	2181.765408235856
271070	2181.7653192044154
271387	2181.7653192044154
271700	2181.7653192044154
272015	2181.7653192044154
272330	2181.7653192044154
272649	2181.7653192044154
272962	2181.7653192044154
277034	2181.755655556262
279446	2181.7456964010375
279757	2181.7456964010375
284586	2181.743135628176
284898	2181.743135628176
285211	2181.743135628176
285522	2181.743135628176
291917	2181.7172158203075
292227	2181.7172158203075
292534	2181.7172158203075
292842	2181.7172158203075
293153	2181.7172158203075
293465	2181.7172158203075
293776	2181.7172158203075
294086	2181.7172158203075
294396	2181.7172158203075
299361	2181.6963984860568
299673	2181.6963984860568
299981	2181.6963984860568
300291	2181.6963984860568
