300	3766.2906593580683
619	3617.477541844614
935	3248.989216889784
1246	3203.613961996294
1558	3203.613961996294
1867	3203.613961996294
2179	3203.613961996294
2488	3203.613961996294
2798	3195.4740105865753
3108	3195.4740105865753
3416	3094.598517073639
3725	3094.598517073639
4033	3094.598517073639
4341	2862.0655221788647
4648	2862.0655221788647
4957	2862.0655221788647
5265	2862.0655221788647
5573	2862.0655221788647
5880	2862.0655221788647
6186	2862.0655221788647
6494	2862.0655221788647
6801	2862.0655221788647
7109	2862.0655221788647
7417	2862.0655221788647
7725	2862.0655221788647
8031	2862.0655221788647
8339	2862.0655221788647
8648	2862.0655221788647
8956	2862.0655221788647
9264	2862.0655221788647
9572	2862.0655221788647
9881	2862.0655221788647
10188	2862.0655221788647
10498	2862.0655221788647
26200	2283.441815301728
26509	2283.441815301728
26820	2283.441815301728
27132	2283.441815301728
27440	2283.441815301728
27750	2283.441815301728
28061	2283.441815301728
28373	2283.441815301728
28684	2283.441815301728
28994	2283.441815301728
29304	2283.441815301728
29614	2283.441815301728
29923	2283.441815301728
30235	2283.441815301728
30544	2283.441815301728
30854	2283.441815301728
31161	2283.441815301728
31467	2283.441815301728
31776	2283.441815301728
32083	2283.441815301728
32390	2283.441815301728
32700	2283.441815301728
33011	2283.441815301728
33321	2283.441815301728
33630	2283.441815301728
33941	2283.441815301728
34248	2283.441815301728
40183	2283.441815301728
40492	2283.441815301728
40802	2283.441815301728
41111	2283.441815301728
41419	2283.441815301728
41728	2283.441815301728
42037	2283.441815301728
42346	2283.441815301728
42655	2283.441815301728
42963	2283.441815301728
48745	2283.441815301728
49053	2283.441815301728
49365	2283.441815301728
49674	2283.441815301728
49981	2283.441815301728
50290	2283.441815301728
50598	2283.441815301728
50908	2283.441815301728
51218	2283.441815301728
51526	2283.441815301728
51835	2283.441815301728
52145	2283.441815301728
52454	2283.441815301728
52765	2283.441815301728
53075	2283.441815301728
53385	2283.441815301728
53698	2283.441815301728
54013	2283.441815301728
54325	2283.441815301728
54635	2283.441815301728
67594	2246.80794618308
70568	2246.80794618308
70881	2246.80794618308
71194	2246.80794618308
71508	2246.80794618308
71819	2246.80794618308
72130	2246.80794618308
72440	2246.80794618308
72750	2246.80794618308
73058	2246.80794618308
73370	2246.80794618308
73679	2246.80794618308
73987	2246.80794618308
74295	2246.80794618308
74604	2246.80794618308
79749	2207.8440037237337
84958	2197.3774128982304
90729	2153.1189866371215
99434	2153.1189767884725
99755	2153.1189767884725
100070	2153.1189767884725
100383	2153.1189767884725
100696	2153.1189767884725
101010	2153.1189767884725
101328	2153.1189767884725
101639	2153.1189767884725
101952	2153.1189767884725
102263	2153.1189767884725
102574	2153.1189767884725
102887	2153.1189767884725
103198	2153.1189767884725
103510	2153.1189767884725
103823	2153.1189767884725
104137	2153.1189767884725
104449	2153.1189767884725
104760	2153.1189767884725
105070	2153.1189767884725
105381	2153.1189767884725
105692	2153.1189767884725
106002	2153.1189767884725
107762	2153.1189767884725
108076	2153.1189767884725
108390	2153.1189767884725
108704	2153.1189767884725
109015	2153.1189767884725
109325	2153.1189767884725
109636	2153.1189767884725
109947	2153.1189767884725
110256	2153.1189767884725
110564	2153.1189767884725
110879	2153.1189767884725
111190	2153.1189767884725
111502	2153.1189767884725
111816	2153.1189767884725
112128	2153.1189767884725
112442	2153.1189767884725
112752	2153.1189767884725
113066	2153.1189767884725
113376	2153.1189767884725
113690	2153.1189767884725
117243	2153.1189767884725
117556	2153.1189767884725
117867	2153.1189767884725
118179	2153.1189767884725
118490	2153.1189767884725
118801	2153.1189767884725
119113	2153.1189767884725
119423	2153.1189767884725
119737	2153.1189767884725
120048	2153.1189767884725
120358	2153.1189767884725
120670	2153.1189767884725
120983	2153.1189767884725
121293	2153.1189767884725
121604	2153.1189767884725
131539	2138.944606510407
131847	2138.944606510407
132158	2138.944606510407
132470	2138.944606510407
132780	2138.944606510407
133088	2138.944606510407
133400	2138.944606510407
133709	2138.944606510407
134018	2138.944606510407
134328	2138.944606510407
134636	2138.944606510407
134946	2138.944606510407
135256	2138.944606510407
135565	2138.944606510407
135876	2138.944606510407
136189	2138.944606510407
136502	2138.944606510407
136813	2138.944606510407
137121	2138.944606510407
137432	2138.944606510407
137740	2138.944606510407
138050	2138.944606510407
138362	2138.944606510407
138669	2138.944606510407
138977	2138.944606510407
144921	2138.944606510407
145231	2138.944606510407
145537	2138.944606510407
145844	2138.944606510407
146153	2138.944606510407
146461	2138.944606510407
146771	2138.944606510407
147079	2138.944606510407
147389	2138.944606510407
147697	2138.944606510407
148007	2138.944606510407
148318	2138.944606510407
148628	2138.944606510407
148940	2138.944606510407
149248	2138.944606510407
149556	2138.944606510407
149863	2138.944606510407
150174	2138.944606510407
150483	2138.944606510407
150794	2138.944606510407
155735	2138.944606510407
156045	2138.944606510407
156357	2138.944606510407
156668	2138.944606510407
156980	2138.944606510407
157291	2138.944606510407
157602	2138.944606510407
157914	2138.944606510407
158227	2138.944606510407
158540	2138.944606510407
166716	2138.944606510407
167030	2138.944606510407
167345	2138.944606510407
167659	2138.944606510407
167974	2138.944606510407
168287	2138.944606510407
168600	2138.944606510407
168911	2138.944606510407
169222	2138.944606510407
169532	2138.944606510407
169844	2138.944606510407
170155	2138.944606510407
170464	2138.944606510407
170773	2138.944606510407
171082	2138.944606510407
171392	2138.944606510407
171700	2138.944606510407
172011	2138.944606510407
172321	2138.944606510407
172630	2138.944606510407
181264	2138.944606510407
181571	2138.944606510407
181880	2138.944606510407
182191	2138.944606510407
182500	2138.944606510407
182807	2138.944606510407
183114	2138.944606510407
183426	2138.944606510407
183735	2138.944606510407
184046	2138.944606510407
184354	2138.944606510407
184667	2138.944606510407
184979	2138.944606510407
185290	2138.944606510407
185598	2138.944606510407
185909	2138.944606510407
186219	2138.944606510407
186527	2138.944606510407
186836	2138.944606510407
187145	2138.944606510407
192791	2138.944606510407
193103	2138.944606510407
193413	2138.944606510407
193723	2138.944606510407
194034	2138.944606510407
194343	2138.944606510407
194652	2138.944606510407
194964	2138.944606510407
195273	2138.944606510407
195585	2138.944606510407
195896	2138.944606510407
196205	2138.944606510407
196519	2138.944606510407
196831	2138.944606510407
197142	2138.944606510407
197450	2138.944606510407
197766	2138.944606510407
198078	2138.944606510407
198391	2138.944606510407
198699	2138.944606510407
203802	2138.944606510407
213035	2136.737151261368
213344	2136.737151261368
213657	2136.737151261368
213970	2136.737151261368
214280	2136.737151261368
225181	2133.560602275586
225494	2133.560602275586
225804	2133.560602275586
226117	2133.560602275586
226429	2133.560602275586
226740	2133.560602275586
227048	2133.560602275586
227359	2133.560602275586
227668	2133.560602275586
227978	2133.560602275586
228288	2133.560602275586
228597	2133.560602275586
239190	2132.9533219372433
239501	2132.9533219372433
239814	2132.9533219372433
246133	2132.759115349143
246443	2132.759115349143
246756	2132.759115349143
247068	2132.759115349143
247378	2132.759115349143
254537	2132.7551031603
254854	2132.7551031603
255165	2132.7551031603
255476	2132.7551031603
255789	2132.7551031603
256103	2132.7551031603
256414	2132.7551031603
256725	2132.7551031603
257040	2132.7551031603
257352	2132.7551031603
257666	2132.7551031603
263679	2132.7223137026044
263994	2132.7223137026044
264307	2132.7223137026044
264620	2132.7223137026044
264934	2132.7223137026044
265248	2132.7223137026044
265561	2132.7223137026044
265877	2132.7223137026044
274854	2132.709945430035
275166	2132.709945430035
275478	2132.709945430035
275791	2132.709945430035
276103	2132.709945430035
280075	2132.705568298257
289390	2132.7000945962973
297349	2132.698801601854
304953	2132.6831619279783
