300	3546.570524039139
615	3466.129633739863
926	3466.129633739863
1239	3466.129633739863
1548	3431.8528414737157
1854	3431.8528414737157
2160	3431.8528414737157
2467	3431.8528414737157
2774	3431.8528414737157
3082	3431.8528414737157
3390	3431.8528414737157
3700	3375.6342328769088
4007	3375.6342328769088
4313	3375.6342328769088
4620	3375.6342328769088
4929	3156.139786655628
5237	3156.139786655628
5545	3156.139786655628
5851	3156.139786655628
6157	3156.139786655628
6464	3156.139786655628
6771	3156.139786655628
7078	3156.139786655628
7388	2920.4479898910163
7699	2920.4479898910163
8007	2920.4479898910163
8317	2920.4479898910163
8626	2920.4479898910163
8934	2920.4479898910163
9242	2920.4479898910163
9550	2920.4479898910163
9859	2920.4479898910163
10168	2920.4479898910163
10476	2920.4479898910163
10784	2920.4479898910163
11091	2920.4479898910163
11401	2920.4479898910163
11710	2920.4479898910163
12019	2920.4479898910163
12328	2920.4479898910163
12637	2920.4479898910163
12947	2920.4479898910163
13254	2920.4479898910163
13563	2920.4479898910163
22375	2726.9355723549224
22681	2726.9355723549224
22987	2726.9355723549224
23296	2726.9355723549224
23605	2726.9355723549224
23913	2726.9355723549224
24220	2726.9355723549224
24529	2726.9355723549224
24840	2726.9355723549224
25149	2726.9355723549224
25458	2726.9355723549224
25766	2726.9355723549224
26077	2726.9355723549224
26388	2726.9355723549224
26698	2726.9355723549224
27005	2726.9355723549224
27312	2726.9355723549224
27621	2726.9355723549224
27929	2726.9355723549224
28239	2726.9355723549224
28549	2726.9355723549224
28859	2726.9355723549224
29167	2726.9355723549224
29476	2726.9355723549224
29783	2726.9355723549224
30091	2726.9355723549224
30399	2726.9355723549224
39638	2726.9355723549224
39946	2726.9355723549224
40256	2726.9355723549224
40565	2726.9355723549224
40874	2726.9355723549224
41182	2726.9355723549224
41489	2726.9355723549224
41798	2726.9355723549224
42107	2726.9355723549224
42416	2726.9355723549224
49504	2726.9355723549224
49814	2726.9355723549224
50122	2726.9355723549224
50430	2726.9355723549224
50739	2726.9355723549224
51050	2726.9355723549224
51360	2726.9355723549224
51668	2726.9355723549224
51976	2726.9355723549224
52283	2726.9355723549224
52590	2726.9355723549224
52899	2726.9355723549224
53207	2726.9355723549224
53514	2726.9355723549224
53826	2726.9355723549224
54136	2726.9355723549224
54443	2726.9355723549224
54751	2726.9355723549224
55060	2726.9355723549224
55370	2726.9355723549224
61352	2313.4483981903527
67390	2313.4468645686125
67699	2313.4468645686125
68007	2313.4468645686125
68315	2313.4468645686125
68623	2313.4468645686125
68933	2313.4468645686125
69241	2313.4468645686125
69548	2313.4468645686125
69855	2313.4468645686125
70163	2313.4468645686125
70472	2313.4468645686125
70779	2313.4468645686125
71087	2313.4468645686125
71394	2313.4468645686125
71702	2313.4468645686125
72012	2313.4468645686125
72322	2313.4468645686125
72631	2313.4468645686125
72941	2313.4468645686125
78078	2313.4468645686125
78387	2313.4468645686125
78698	2313.4468645686125
79007	2313.4468645686125
79317	2313.4468645686125
79625	2313.4468645686125
79935	2313.4468645686125
80242	2313.4468645686125
80548	2313.4468645686125
80855	2313.4468645686125
81163	2313.4468645686125
81469	2313.4468645686125
81779	2313.4468645686125
82086	2313.4468645686125
82393	2313.4468645686125
82702	2313.4468645686125
83009	2313.4468645686125
83316	2313.4468645686125
83625	2313.4468645686125
83935	2313.4468645686125
94303	2313.4468645686125
94611	2313.4468645686125
94921	2313.4468645686125
95230	2313.4468645686125
95539	2313.4468645686125
95849	2313.4468645686125
96158	2313.4468645686125
96466	2313.4468645686125
96773	2313.4468645686125
97081	2313.4468645686125
97388	2313.4468645686125
97698	2313.4468645686125
98006	2313.4468645686125
98315	2313.4468645686125
98623	2313.4468645686125
98930	2313.4468645686125
99239	2313.4468645686125
99547	2313.4468645686125
99857	2313.4468645686125
100167	2313.4468645686125
104850	2313.4468645686125
105159	2313.4468645686125
105469	2313.4468645686125
105778	2313.4468645686125
106087	2313.4468645686125
106393	2313.4468645686125
106700	2313.4468645686125
107007	2313.4468645686125
107317	2313.4468645686125
107626	2313.4468645686125
107934	2313.4468645686125
108244	2313.4468645686125
108553	2313.4468645686125
108861	2313.4468645686125
109169	2313.4468645686125
109477	2313.4468645686125
109785	2313.4468645686125
110094	2313.4468645686125
110403	2313.4468645686125
110711	2313.4468645686125
119380	2313.4468645686125
119689	2313.4468645686125
119999	2313.4468645686125
120305	2313.4468645686125
120613	2313.4468645686125
120923	2313.4468645686125
121231	2313.4468645686125
121540	2313.4468645686125
121849	2313.4468645686125
122159	2313.4468645686125
122466	2313.4468645686125
122773	2313.4468645686125
123080	2313.4468645686125
123390	2313.4468645686125
123699	2313.4468645686125
124007	2313.4468645686125
124316	2313.4468645686125
124625	2313.4468645686125
124936	2313.4468645686125
125246	2313.4468645686125
129904	2313.4468645686125
130212	2313.4468645686125
130520	2313.4468645686125
130830	2313.4468645686125
131140	2313.4468645686125
131450	2313.4468645686125
131759	2313.4468645686125
132069	2313.4468645686125
132380	2313.4468645686125
132689	2313.4468645686125
139054	2313.4468645686125
139364	2313.4468645686125
139671	2313.4468645686125
139982	2313.4468645686125
140291	2313.4468645686125
140599	2313.4468645686125
140907	2313.4468645686125
141217	2313.4468645686125
141524	2313.4468645686125
141831	2313.4468645686125
142137	2313.4468645686125
142443	2313.4468645686125
142749	2313.4468645686125
143058	2313.4468645686125
143369	2313.4468645686125
143677	2313.4468645686125
143986	2313.4468645686125
144293	2313.4468645686125
144602	2313.4468645686125
144910	2313.4468645686125
149842	2313.4468645686125
150149	2313.4468645686125
150457	2313.4468645686125
150768	2313.4468645686125
151077	2313.4468645686125
151384	2313.4468645686125
151694	2313.4468645686125
152003	2313.4468645686125
152315	2313.4468645686125
152623	2313.4468645686125
152932	2313.4468645686125
153238	2313.4468645686125
153547	2313.4468645686125
153855	2313.4468645686125
154163	2313.4468645686125
154474	2313.4468645686125
154782	2313.4468645686125
155091	2313.4468645686125
155400	2313.4468645686125
155707	2313.4468645686125
163754	2313.4468645686125
164062	2313.4468645686125
164369	2313.4468645686125
164678	2313.4468645686125
164986	2313.4468645686125
165296	2313.4468645686125
165603	2313.4468645686125
165912	2313.4468645686125
166218	2313.4468645686125
166526	2313.4468645686125
166833	2313.4468645686125
167142	2313.4468645686125
167449	2313.4468645686125
167757	2313.4468645686125
168064	2313.4468645686125
168373	2313.4468645686125
168681	2313.4468645686125
168989	2313.4468645686125
169298	2313.4468645686125
169606	2313.4468645686125
174443	2313.4468645686125
174752	2313.4468645686125
175059	2313.4468645686125
175369	2313.4468645686125
175682	2313.4468645686125
175994	2313.4468645686125
176303	2313.4468645686125
176612	2313.4468645686125
176920	2313.4468645686125
177228	2313.4468645686125
177537	2313.4468645686125
177846	2313.4468645686125
178155	2313.4468645686125
178462	2313.4468645686125
178771	2313.4468645686125
179078	2313.4468645686125
179386	2313.4468645686125
179694	2313.4468645686125
180001	2313.4468645686125
180310	2313.4468645686125
183697	2313.4468645686125
184004	2313.4468645686125
184311	2313.4468645686125
184618	2313.4468645686125
184925	2313.4468645686125
185232	2313.4468645686125
185539	2313.4468645686125
185846	2313.4468645686125
186157	2313.4468645686125
186468	2313.4468645686125
190384	2313.4468645686125
190693	2313.4468645686125
191002	2313.4468645686125
191313	2313.4468645686125
191622	2313.4468645686125
191934	2313.4468645686125
192242	2313.4468645686125
192551	2313.4468645686125
192857	2313.4468645686125
193164	2313.4468645686125
193474	2313.4468645686125
193781	2313.4468645686125
194090	2313.4468645686125
194399	2313.4468645686125
194706	2313.4468645686125
195014	2313.4468645686125
195323	2313.4468645686125
195632	2313.4468645686125
195939	2313.4468645686125
196247	2313.4468645686125
205129	2313.4468645686125
205438	2313.4468645686125
205745	2313.4468645686125
206052	2313.4468645686125
206362	2313.4468645686125
206670	2313.4468645686125
206977	2313.4468645686125
207284	2313.4468645686125
207593	2313.4468645686125
207901	2313.4468645686125
208209	2313.4468645686125
208516	2313.4468645686125
208822	2313.4468645686125
209133	2313.4468645686125
209441	2313.4468645686125
209750	2313.4468645686125
210058	2313.4468645686125
210365	2313.4468645686125
210673	2313.4468645686125
210982	2313.4468645686125
219465	2313.4468645686125
219778	2313.4468645686125
220087	2313.4468645686125
220396	2313.4468645686125
220707	2313.4468645686125
221018	2313.4468645686125
221326	2313.4468645686125
221634	2313.4468645686125
221942	2313.4468645686125
222251	2313.4468645686125
222560	2313.4468645686125
222867	2313.4468645686125
223173	2313.4468645686125
223480	2313.4468645686125
223789	2313.4468645686125
224097	2313.4468645686125
224404	2313.4468645686125
224712	2313.4468645686125
225019	2313.4468645686125
225326	2313.4468645686125
228183	2313.4468645686125
228490	2313.4468645686125
228798	2313.4468645686125
229107	2313.4468645686125
229416	2313.4468645686125
229726	2313.4468645686125
230036	2313.4468645686125
230346	2313.4468645686125
230653	2313.4468645686125
230963	2313.4468645686125
231271	2313.4468645686125
231581	2313.4468645686125
231892	2313.4468645686125
232203	2313.4468645686125
232513	2313.4468645686125
232823	2313.4468645686125
233132	2313.4468645686125
233441	2313.4468645686125
233751	2313.4468645686125
234058	2313.4468645686125
244018	2313.4468645686125
244327	2313.4468645686125
244635	2313.4468645686125
244942	2313.4468645686125
245252	2313.4468645686125
245562	2313.4468645686125
245872	2313.4468645686125
246180	2313.4468645686125
246489	2313.4468645686125
246798	2313.4468645686125
258462	2313.4468645686125
258768	2313.4468645686125
259074	2313.4468645686125
259382	2313.4468645686125
259691	2313.4468645686125
260000	2313.4468645686125
260309	2313.4468645686125
260618	2313.4468645686125
260927	2313.4468645686125
261238	2313.4468645686125
261548	2313.4468645686125
261857	2313.4468645686125
262165	2313.4468645686125
262473	2313.4468645686125
262782	2313.4468645686125
263089	2313.4468645686125
263396	2313.4468645686125
263703	2313.4468645686125
264010	2313.4468645686125
264317	2313.4468645686125
270068	2313.4468645686125
270377	2313.4468645686125
270685	2313.4468645686125
270994	2313.4468645686125
271303	2313.4468645686125
271610	2313.4468645686125
271921	2313.4468645686125
272233	2313.4468645686125
272542	2313.4468645686125
272851	2313.4468645686125
273158	2313.4468645686125
273468	2313.4468645686125
273778	2313.4468645686125
274088	2313.4468645686125
274398	2313.4468645686125
274707	2313.4468645686125
275016	2313.4468645686125
275327	2313.4468645686125
275635	2313.4468645686125
275943	2313.4468645686125
280884	2313.4468645686125
281192	2313.4468645686125
281500	2313.4468645686125
281806	2313.4468645686125
282113	2313.4468645686125
282420	2313.4468645686125
282728	2313.4468645686125
283036	2313.4468645686125
283344	2313.4468645686125
283651	2313.4468645686125
283959	2313.4468645686125
284268	2313.4468645686125
284575	2313.4468645686125
284885	2313.4468645686125
285192	2313.4468645686125
285499	2313.4468645686125
285809	2313.4468645686125
286120	2313.4468645686125
286433	2313.4468645686125
286745	2313.4468645686125
292297	2313.4468645686125
292607	2313.4468645686125
292915	2313.4468645686125
293225	2313.4468645686125
293532	2313.4468645686125
293839	2313.4468645686125
294148	2313.4468645686125
294456	2313.4468645686125
294765	2313.4468645686125
295072	2313.4468645686125
295378	2313.4468645686125
295684	2313.4468645686125
295993	2313.4468645686125
296302	2313.4468645686125
296609	2313.4468645686125
296919	2313.4468645686125
297228	2313.4468645686125
297536	2313.4468645686125
297847	2313.4468645686125
298158	2313.4468645686125
301097	2313.4468645686125
