300	3413.316588206445
617	3380.4516132458575
933	3114.8732012579844
1245	3114.8732012579844
1556	3114.8732012579844
1868	3114.8732012579844
2178	3114.8732012579844
2488	3114.8732012579844
2802	3114.8732012579844
3111	2572.865350144294
3418	2572.865350144294
3726	2572.865350144294
4036	2572.865350144294
4344	2572.865350144294
4652	2572.865350144294
4960	2572.865350144294
5267	2572.865350144294
5575	2572.865350144294
5883	2572.865350144294
6189	2572.865350144294
6495	2572.865350144294
6802	2572.865350144294
7111	2572.865350144294
7419	2572.865350144294
7729	2484.6474744039215
8037	2484.6474744039215
8347	2484.6474744039215
8655	2484.6474744039215
8969	2484.6474744039215
9278	2484.6474744039215
9587	2484.6474744039215
9896	2484.6474744039215
10205	2470.2179832048273
10514	2470.2179832048273
10820	2470.2179832048273
11126	2470.2179832048273
11436	2382.642451920151
11742	2382.642451920151
12051	2382.642451920151
12359	2382.642451920151
12669	2382.642451920151
18865	2257.5231112335578
19171	2257.5231112335578
19484	2257.5231112335578
19793	2257.5231112335578
20102	2257.5231112335578
20410	2257.5231112335578
20719	2257.5231112335578
21026	2257.5231112335578
21338	2257.5231112335578
21648	2257.5231112335578
21957	2257.5231112335578
22267	2257.5231112335578
22576	2257.5231112335578
22887	2257.5231112335578
23197	2257.5231112335578
23506	2257.5231112335578
23814	2257.5231112335578
24124	2257.5231112335578
24432	2257.5231112335578
24743	2257.5231112335578
32550	2257.5231112335578
32861	2257.5231112335578
33172	2257.5231112335578
33485	2257.5231112335578
33796	2257.5231112335578
34107	2257.5231112335578
34419	2257.5231112335578
34728	2257.5231112335578
35037	2257.5231112335578
35347	2257.5231112335578
35659	2257.5231112335578
35967	2257.5231112335578
36278	2257.5231112335578
36589	2257.5231112335578
36900	2257.5231112335578
37210	2257.5231112335578
37519	2257.5231112335578
37830	2257.5231112335578
38139	2257.5231112335578
38450	2257.5231112335578
44248	2225.735880219953
51941	2225.7358793854546
52252	2225.7358793854546
52561	2225.7358793854546
52872	2225.7358793854546
53183	2225.7358793854546
53494	2225.7358793854546
53804	2225.7358793854546
54116	2225.7358793854546
54426	2225.7358793854546
54734	2225.7358793854546
55042	2225.7358793854546
55351	2225.7358793854546
55660	2225.7358793854546
55970	2225.7358793854546
56278	2225.7358793854546
56590	2225.7358793854546
56897	2225.7358793854546
57204	2225.7358793854546
57513	2225.7358793854546
62212	2225.7358793854546
62519	2225.7358793854546
62827	2225.7358793854546
63137	2225.7358793854546
63445	2225.7358793854546
63753	2225.7358793854546
64061	2225.7358793854546
64369	2225.7358793854546
64676	2225.7358793854546
64984	2225.7358793854546
65293	2225.7358793854546
65601	2225.7358793854546
65911	2225.7358793854546
66224	2225.7358793854546
66537	2225.7358793854546
66851	2225.7358793854546
67162	2225.7358793854546
67470	2225.7358793854546
67780	2225.7358793854546
68088	2225.7358793854546
76334	2225.7358793854546
76641	2225.7358793854546
76952	2225.7358793854546
77261	2225.7358793854546
77571	2225.7358793854546
77879	2225.7358793854546
78188	2225.7358793854546
78499	2225.7358793854546
78808	2225.7358793854546
79115	2225.7358793854546
79422	2225.7358793854546
79730	2225.7358793854546
80040	2225.7358793854546
80349	2225.7358793854546
80659	2225.7358793854546
80970	2225.7358793854546
81280	2225.7358793854546
81588	2225.7358793854546
81894	2225.7358793854546
82206	2225.7358793854546
86369	2225.7358793854546
86680	2225.7358793854546
86990	2225.7358793854546
87298	2225.7358793854546
87609	2225.7358793854546
87918	2225.7358793854546
88226	2225.7358793854546
88534	2225.7358793854546
88841	2225.7358793854546
89150	2225.7358793854546
89460	2225.7358793854546
89767	2225.7358793854546
90076	2225.7358793854546
90385	2225.7358793854546
90694	2225.7358793854546
91003	2225.7358793854546
91311	2225.7358793854546
91624	2225.7358793854546
91934	2225.7358793854546
92244	2225.7358793854546
99577	2225.7358793854546
99886	2225.7358793854546
100195	2225.7358793854546
100505	2225.7358793854546
100814	2225.7358793854546
101124	2225.7358793854546
101433	2225.7358793854546
101743	2225.7358793854546
102050	2225.7358793854546
102358	2225.7358793854546
102668	2225.7358793854546
102976	2225.7358793854546
103285	2225.7358793854546
103596	2225.7358793854546
103907	2225.7358793854546
104219	2225.7358793854546
104529	2225.7358793854546
104839	2225.7358793854546
105151	2225.7358793854546
105462	2225.7358793854546
111857	2225.7358793854546
112166	2225.7358793854546
112479	2225.7358793854546
112788	2225.7358793854546
113100	2225.7358793854546
113417	2225.7358793854546
113729	2225.7358793854546
114041	2225.7358793854546
114351	2225.7358793854546
114662	2225.7358793854546
117066	2225.7358793854546
117372	2225.7358793854546
117681	2225.7358793854546
117989	2225.7358793854546
118302	2225.7358793854546
118613	2225.7358793854546
118923	2225.7358793854546
119234	2225.7358793854546
119543	2225.7358793854546
119855	2225.7358793854546
120167	2225.7358793854546
120476	2225.7358793854546
120784	2225.7358793854546
121095	2225.7358793854546
121403	2225.7358793854546
121709	2225.7358793854546
122018	2225.7358793854546
122329	2225.7358793854546
122639	2225.7358793854546
122950	2225.7358793854546
129588	2225.7358793854546
129895	2225.7358793854546
130203	2225.7358793854546
130515	2225.7358793854546
130824	2225.7358793854546
131135	2225.7358793854546
131449	2225.7358793854546
131760	2225.7358793854546
132071	2225.7358793854546
132381	2225.7358793854546
132692	2225.7358793854546
133001	2225.7358793854546
133310	2225.7358793854546
133620	2225.7358793854546
133928	2225.7358793854546
134237	2225.7358793854546
134548	2225.7358793854546
134856	2225.7358793854546
135167	2225.7358793854546
135478	2225.7358793854546
138705	2193.0309133461246
145355	2193.0304375717647
145667	2193.0304375717647
145977	2193.0304375717647
146287	2193.0304375717647
146595	2193.0304375717647
146904	2193.0304375717647
147214	2193.0304375717647
147522	2193.0304375717647
147833	2193.0304375717647
148147	2193.0304375717647
148460	2193.0304375717647
148771	2193.0304375717647
149081	2193.0304375717647
149392	2193.0304375717647
149703	2193.0304375717647
150013	2193.0304375717647
150324	2193.0304375717647
150632	2193.0304375717647
150940	2193.0304375717647
156377	2193.0304375717647
156689	2193.0304375717647
157001	2193.0304375717647
157310	2193.0304375717647
157621	2193.0304375717647
157937	2193.0304375717647
158247	2193.0304375717647
158557	2193.0304375717647
158867	2193.0304375717647
159175	2193.0304375717647
159485	2193.0304375717647
159793	2193.0304375717647
160101	2193.0304375717647
160412	2193.0304375717647
160719	2193.0304375717647
161027	2193.0304375717647
161337	2193.0304375717647
161644	2193.0304375717647
161955	2193.0304375717647
162263	2193.0304375717647
171686	2193.0304375717647
171996	2193.0304375717647
172306	2193.0304375717647
172618	2193.0304375717647
172926	2193.0304375717647
173235	2193.0304375717647
173547	2193.0304375717647
173857	2193.0304375717647
174168	2193.0304375717647
174481	2193.0304375717647
174794	2193.0304375717647
175107	2193.0304375717647
175418	2193.0304375717647
175732	2193.0304375717647
176043	2193.0304375717647
176352	2193.0304375717647
176663	2193.0304375717647
176974	2193.0304375717647
177286	2193.0304375717647
177599	2193.0304375717647
180048	2178.145899939923
186526	2175.7589575424286
194389	2175.1104728528076
194703	2175.1104728528076
195020	2175.1104728528076
195336	2175.1104728528076
195649	2175.1104728528076
195964	2175.1104728528076
196279	2175.1104728528076
196594	2175.1104728528076
196908	2175.1104728528076
197223	2175.1104728528076
197537	2175.1104728528076
197849	2175.1104728528076
198160	2175.1104728528076
202570	2163.553871420636
208419	2163.553871420636
208736	2163.553871420636
209053	2163.553871420636
209368	2163.553871420636
209679	2163.553871420636
209990	2163.553871420636
210300	2163.553871420636
210612	2163.553871420636
210923	2163.553871420636
211235	2163.553871420636
211547	2163.553871420636
211858	2163.553871420636
212168	2163.553871420636
212479	2163.553871420636
212788	2163.553871420636
213099	2163.553871420636
213409	2163.553871420636
213719	2163.553871420636
214029	2163.553871420636
214338	2163.553871420636
214647	2163.553871420636
214957	2163.553871420636
215266	2163.553871420636
215576	2163.553871420636
218949	2163.553871420636
219257	2163.553871420636
219564	2163.553871420636
219874	2163.553871420636
220188	2163.553871420636
220501	2163.553871420636
220812	2163.553871420636
221125	2163.553871420636
221437	2163.553871420636
221746	2163.553871420636
226612	2163.4203352057793
232592	2161.852174311088
236116	2161.8521520132117
236430	2161.8521520132117
236741	2161.8521520132117
237051	2161.8521520132117
237362	2161.8521520132117
237673	2161.8521520132117
237982	2161.8521520132117
238290	2161.8521520132117
238600	2161.8521520132117
238912	2161.8521520132117
239222	2161.8521520132117
239532	2161.8521520132117
239841	2161.8521520132117
240150	2161.8521520132117
240460	2161.8521520132117
240770	2161.8521520132117
241079	2161.8521520132117
241388	2161.8521520132117
241698	2161.8521520132117
242005	2161.8521520132117
242313	2161.8521520132117
242623	2161.8521520132117
242934	2161.8521520132117
243243	2161.8521520132117
243553	2161.8521520132117
243862	2161.8521520132117
244173	2161.8521520132117
244483	2161.8521520132117
249471	2161.8521520132117
249782	2161.8521520132117
250092	2161.8521520132117
250401	2161.8521520132117
250714	2161.8521520132117
251025	2161.8521520132117
251335	2161.8521520132117
251645	2161.8521520132117
251954	2161.8521520132117
252263	2161.8521520132117
261831	2161.8521520132117
262140	2161.8521520132117
262451	2161.8521520132117
262761	2161.8521520132117
263073	2161.8521520132117
263381	2161.8521520132117
263692	2161.8521520132117
264002	2161.8521520132117
264313	2161.8521520132117
264623	2161.8521520132117
264933	2161.8521520132117
265242	2161.8521520132117
265550	2161.8521520132117
265859	2161.8521520132117
266169	2161.8521520132117
266478	2161.8521520132117
266789	2161.8521520132117
267096	2161.8521520132117
267406	2161.8521520132117
267717	2161.8521520132117
280143	2161.8521520132117
280451	2161.8521520132117
280763	2161.8521520132117
281073	2161.8521520132117
281380	2161.8521520132117
281687	2161.8521520132117
281995	2161.8521520132117
282305	2161.8521520132117
282613	2161.8521520132117
282921	2161.8521520132117
283232	2161.8521520132117
283543	2161.8521520132117
283853	2161.8521520132117
284160	2161.8521520132117
284469	2161.8521520132117
284777	2161.8521520132117
285087	2161.8521520132117
285399	2161.8521520132117
285711	2161.8521520132117
286022	2161.8521520132117
295404	2161.8521520132117
295712	2161.8521520132117
296023	2161.8521520132117
296334	2161.8521520132117
296647	2161.8521520132117
296959	2161.8521520132117
297268	2161.8521520132117
297577	2161.8521520132117
297888	2161.8521520132117
298200	2161.8521520132117
298509	2161.8521520132117
298817	2161.8521520132117
299126	2161.8521520132117
299435	2161.8521520132117
299744	2161.8521520132117
300053	2161.8521520132117
