65.50793166090114	98.30824839680744	38.58042958543089	76.24130892590003	-88.63545409118679	15.053594615890333	69.67081144753203	-59.73668042365634	18.38824800751678	23.333808472456226	13.038747519861474	-45.03438633016115	-58.90207665399561	62.87388316525099	91.15968370078224	44.75984870207745	13.105562154575722	-92.01529785230495	63.069652612074435	-27.321584294407003	76.5469587602939	1.8220862189733538	42.159360955478064	-57.18965212462095	-97.175256400269	-77.33654886614873	62.41025239364279	-73.43411339069957	-63.11941770946687	-83.8571817790712	
-72.35030965509411	-52.8273724250068	-17.61438962650476	22.885277682521664	69.70307108249662	23.169232702030897	-24.886692354691647	37.217857960133784	6.045635719728763	18.403849198593225	17.20961199826526	42.49916361664408	23.256548984773776	22.140837912182114	-29.402957935799204	48.26266638542342	27.26234457531032	23.98853651071158	24.19235472802282	-53.619593215419435	51.640427432278706	25.56957972977801	-0.19014108907825297	-9.822479166010153	-55.403353388367336	-23.515610116600996	21.753725749682523	14.80372693675457	-28.743731940637733	-71.05122449921171	
-72.35030965509411	-52.8273724250068	-17.61438962650476	22.885277682521664	69.70307108249662	23.169232702030897	-24.886692354691647	37.217857960133784	6.045635719728763	18.403849198593225	17.20961199826526	42.49916361664408	23.256548984773776	22.140837912182114	-29.402957935799204	48.26266638542342	27.26234457531032	23.98853651071158	24.19235472802282	-53.619593215419435	51.640427432278706	25.56957972977801	-0.19014108907825297	-9.822479166010153	-55.403353388367336	-23.515610116600996	21.753725749682523	14.80372693675457	-28.743731940637733	-71.05122449921171	
-23.434949035049865	56.9154146458734	-23.703973873060846	5.161232945151631	51.5743526021759	24.138151983459792	-52.550499409239805	21.056377049935328	5.769324912415026	22.94305161235697	15.092876656564165	38.33355540102537	25.35481549648253	53.15077723890551	-25.949314680111403	14.232689821098651	-23.640509319717673	87.99519124289198	-62.03327756854049	-11.275794261474797	53.069383230464915	53.56687262897731	0.37545315147978864	-2.8247318497028444	22.825971139368832	-23.591879908180037	27.353150237473766	2.820838745916446	-33.38096868519056	-86.97662171409692	
-24.10524260450413	56.73633923066754	-11.961665883763832	-20.27132036327442	-4.45871979808733	24.13800107156217	-52.549356605987576	21.07264622022983	5.769528177306903	22.943051879148367	15.092822527898358	38.18783183490766	25.358462732283645	53.86277972198348	-8.037851757768998	14.247012339991237	-23.792344458238396	24.512882567494067	-0.7549570243905066	71.42568085922028	53.069280876778535	-16.605824513485466	0.579195192742237	1.935009464345946	22.82589469932353	-18.02327888613695	27.35505573090355	3.57663469333057	-33.38094229540966	-70.2581423512715	
-12.152183110224664	90.71390541514549	-23.39915368703468	70.92041565022257	46.09826725533393	24.137999210990973	-52.54777440749974	21.074328446660566	5.769528766083223	22.943049621120533	15.092824202075446	38.206357026900754	25.35906033122757	10.929959886697628	-5.9299506829884105	14.247276603099177	-24.268945412575988	-29.576579722667304	23.788906153854857	52.73858559346828	53.06928009194967	34.56429675643204	-1.7997070782647275	3.3178794745701645	22.826680765124536	-23.571355293582734	27.355218168706546	-2.7343600052305455	-33.38094006997834	-69.87271473555775	
-12.152183110224664	90.71390541514549	-23.39915368703468	70.92041565022257	46.09826725533393	24.137999210990973	-52.54777440749974	21.074328446660566	5.769528766083223	22.943049621120533	15.092824202075446	38.206357026900754	25.35906033122757	10.929959886697628	-5.9299506829884105	14.247276603099177	-24.268945412575988	-29.576579722667304	23.788906153854857	52.73858559346828	53.06928009194967	34.56429675643204	-1.7997070782647275	3.3178794745701645	22.826680765124536	-23.571355293582734	27.355218168706546	-2.7343600052305455	-33.38094006997834	-69.87271473555775	
-12.152183110224664	90.71390541514549	-23.39915368703468	70.92041565022257	46.09826725533393	24.137999210990973	-52.54777440749974	21.074328446660566	5.769528766083223	22.943049621120533	15.092824202075446	38.206357026900754	25.35906033122757	10.929959886697628	-5.9299506829884105	14.247276603099177	-24.268945412575988	-29.576579722667304	23.788906153854857	52.73858559346828	53.06928009194967	34.56429675643204	-1.7997070782647275	3.3178794745701645	22.826680765124536	-23.571355293582734	27.355218168706546	-2.7343600052305455	-33.38094006997834	-69.87271473555775	
-12.152183110224664	90.71390541514549	-23.39915368703468	70.92041565022257	46.09826725533393	24.137999210990973	-52.54777440749974	21.074328446660566	5.769528766083223	22.943049621120533	15.092824202075446	38.206357026900754	25.35906033122757	10.929959886697628	-5.9299506829884105	14.247276603099177	-24.268945412575988	-29.576579722667304	23.788906153854857	52.73858559346828	53.06928009194967	34.56429675643204	-1.7997070782647275	3.3178794745701645	22.826680765124536	-23.571355293582734	27.355218168706546	-2.7343600052305455	-33.38094006997834	-69.87271473555775	
-40.777776588049036	51.02524751183107	-5.509526304968457	-23.870315915716635	52.73713902468236	23.309513491046076	-57.69547204489075	22.768118760962896	6.005324377464417	19.060742460025207	16.903395597972295	38.10620774629968	21.87662695560612	27.614196779228152	23.5266703372131	58.922529949281845	-67.10234002956183	-17.227151720911976	70.69220282392317	16.91052206151503	51.84653692754305	-23.665572815700052	11.779065451442083	-0.20832212719689713	-49.948969808250354	-23.90554622561646	-20.18937044957914	7.489606238394194	-29.414665849677377	-83.94291279423535	
-48.338001294344465	66.63141243833135	-5.128935431273	-22.45802693107435	52.82916114758442	23.309395992190584	-57.83947342330476	22.16537637370592	6.004884006500683	19.060861494899186	16.903508425210042	37.994614813565	21.826597555039637	65.13982145252163	-35.18803684474505	58.891047852838824	-72.2658348257547	-23.406829759540884	23.910070304653622	55.308262972182526	51.846497986369556	-22.327753542888935	12.715492803385766	-0.14093875880332396	-50.022081931988936	-16.784710114922497	-20.14789473967166	19.642215114447364	-29.414783280146047	-85.73262517044806	
-48.338001294344465	66.63141243833135	-5.128935431273	-22.45802693107435	52.82916114758442	23.309395992190584	-57.83947342330476	22.16537637370592	6.004884006500683	19.060861494899186	16.903508425210042	37.994614813565	21.826597555039637	65.13982145252163	-35.18803684474505	58.891047852838824	-72.2658348257547	-23.406829759540884	23.910070304653622	55.308262972182526	51.846497986369556	-22.327753542888935	12.715492803385766	-0.14093875880332396	-50.022081931988936	-16.784710114922497	-20.14789473967166	19.642215114447364	-29.414783280146047	-85.73262517044806	
-48.338001294344465	66.63141243833135	-5.128935431273	-22.45802693107435	52.82916114758442	23.309395992190584	-57.83947342330476	22.16537637370592	6.004884006500683	19.060861494899186	16.903508425210042	37.994614813565	21.826597555039637	65.13982145252163	-35.18803684474505	58.891047852838824	-72.2658348257547	-23.406829759540884	23.910070304653622	55.308262972182526	51.846497986369556	-22.327753542888935	12.715492803385766	-0.14093875880332396	-50.022081931988936	-16.784710114922497	-20.14789473967166	19.642215114447364	-29.414783280146047	-85.73262517044806	
-48.338001294344465	66.63141243833135	-5.128935431273	-22.45802693107435	52.82916114758442	23.309395992190584	-57.83947342330476	22.16537637370592	6.004884006500683	19.060861494899186	16.903508425210042	37.994614813565	21.826597555039637	65.13982145252163	-35.18803684474505	58.891047852838824	-72.2658348257547	-23.406829759540884	23.910070304653622	55.308262972182526	51.846497986369556	-22.327753542888935	12.715492803385766	-0.14093875880332396	-50.022081931988936	-16.784710114922497	-20.14789473967166	19.642215114447364	-29.414783280146047	-85.73262517044806	
-48.338001294344465	66.63141243833135	-5.128935431273	-22.45802693107435	52.82916114758442	23.309395992190584	-57.83947342330476	22.16537637370592	6.004884006500683	19.060861494899186	16.903508425210042	37.994614813565	21.826597555039637	65.13982145252163	-35.18803684474505	58.891047852838824	-72.2658348257547	-23.406829759540884	23.910070304653622	55.308262972182526	51.846497986369556	-22.327753542888935	12.715492803385766	-0.14093875880332396	-50.022081931988936	-16.784710114922497	-20.14789473967166	19.642215114447364	-29.414783280146047	-85.73262517044806	
-48.338001294344465	66.63141243833135	-5.128935431273	-22.45802693107435	52.82916114758442	23.309395992190584	-57.83947342330476	22.16537637370592	6.004884006500683	19.060861494899186	16.903508425210042	37.994614813565	21.826597555039637	65.13982145252163	-35.18803684474505	58.891047852838824	-72.2658348257547	-23.406829759540884	23.910070304653622	55.308262972182526	51.846497986369556	-22.327753542888935	12.715492803385766	-0.14093875880332396	-50.022081931988936	-16.784710114922497	-20.14789473967166	19.642215114447364	-29.414783280146047	-85.73262517044806	
-48.338001294344465	66.63141243833135	-5.128935431273	-22.45802693107435	52.82916114758442	23.309395992190584	-57.83947342330476	22.16537637370592	6.004884006500683	19.060861494899186	16.903508425210042	37.994614813565	21.826597555039637	65.13982145252163	-35.18803684474505	58.891047852838824	-72.2658348257547	-23.406829759540884	23.910070304653622	55.308262972182526	51.846497986369556	-22.327753542888935	12.715492803385766	-0.14093875880332396	-50.022081931988936	-16.784710114922497	-20.14789473967166	19.642215114447364	-29.414783280146047	-85.73262517044806	
-48.338001294344465	66.63141243833135	-5.128935431273	-22.45802693107435	52.82916114758442	23.309395992190584	-57.83947342330476	22.16537637370592	6.004884006500683	19.060861494899186	16.903508425210042	37.994614813565	21.826597555039637	65.13982145252163	-35.18803684474505	58.891047852838824	-72.2658348257547	-23.406829759540884	23.910070304653622	55.308262972182526	51.846497986369556	-22.327753542888935	12.715492803385766	-0.14093875880332396	-50.022081931988936	-16.784710114922497	-20.14789473967166	19.642215114447364	-29.414783280146047	-85.73262517044806	
-48.338001294344465	66.63141243833135	-5.128935431273	-22.45802693107435	52.82916114758442	23.309395992190584	-57.83947342330476	22.16537637370592	6.004884006500683	19.060861494899186	16.903508425210042	37.994614813565	21.826597555039637	65.13982145252163	-35.18803684474505	58.891047852838824	-72.2658348257547	-23.406829759540884	23.910070304653622	55.308262972182526	51.846497986369556	-22.327753542888935	12.715492803385766	-0.14093875880332396	-50.022081931988936	-16.784710114922497	-20.14789473967166	19.642215114447364	-29.414783280146047	-85.73262517044806	
-48.338001294344465	66.63141243833135	-5.128935431273	-22.45802693107435	52.82916114758442	23.309395992190584	-57.83947342330476	22.16537637370592	6.004884006500683	19.060861494899186	16.903508425210042	37.994614813565	21.826597555039637	65.13982145252163	-35.18803684474505	58.891047852838824	-72.2658348257547	-23.406829759540884	23.910070304653622	55.308262972182526	51.846497986369556	-22.327753542888935	12.715492803385766	-0.14093875880332396	-50.022081931988936	-16.784710114922497	-20.14789473967166	19.642215114447364	-29.414783280146047	-85.73262517044806	
-48.338001294344465	66.63141243833135	-5.128935431273	-22.45802693107435	52.82916114758442	23.309395992190584	-57.83947342330476	22.16537637370592	6.004884006500683	19.060861494899186	16.903508425210042	37.994614813565	21.826597555039637	65.13982145252163	-35.18803684474505	58.891047852838824	-72.2658348257547	-23.406829759540884	23.910070304653622	55.308262972182526	51.846497986369556	-22.327753542888935	12.715492803385766	-0.14093875880332396	-50.022081931988936	-16.784710114922497	-20.14789473967166	19.642215114447364	-29.414783280146047	-85.73262517044806	
-48.338001294344465	66.63141243833135	-5.128935431273	-22.45802693107435	52.82916114758442	23.309395992190584	-57.83947342330476	22.16537637370592	6.004884006500683	19.060861494899186	16.903508425210042	37.994614813565	21.826597555039637	65.13982145252163	-35.18803684474505	58.891047852838824	-72.2658348257547	-23.406829759540884	23.910070304653622	55.308262972182526	51.846497986369556	-22.327753542888935	12.715492803385766	-0.14093875880332396	-50.022081931988936	-16.784710114922497	-20.14789473967166	19.642215114447364	-29.414783280146047	-85.73262517044806	
-48.338001294344465	66.63141243833135	-5.128935431273	-22.45802693107435	52.82916114758442	23.309395992190584	-57.83947342330476	22.16537637370592	6.004884006500683	19.060861494899186	16.903508425210042	37.994614813565	21.826597555039637	65.13982145252163	-35.18803684474505	58.891047852838824	-72.2658348257547	-23.406829759540884	23.910070304653622	55.308262972182526	51.846497986369556	-22.327753542888935	12.715492803385766	-0.14093875880332396	-50.022081931988936	-16.784710114922497	-20.14789473967166	19.642215114447364	-29.414783280146047	-85.73262517044806	
-48.338001294344465	66.63141243833135	-5.128935431273	-22.45802693107435	52.82916114758442	23.309395992190584	-57.83947342330476	22.16537637370592	6.004884006500683	19.060861494899186	16.903508425210042	37.994614813565	21.826597555039637	65.13982145252163	-35.18803684474505	58.891047852838824	-72.2658348257547	-23.406829759540884	23.910070304653622	55.308262972182526	51.846497986369556	-22.327753542888935	12.715492803385766	-0.14093875880332396	-50.022081931988936	-16.784710114922497	-20.14789473967166	19.642215114447364	-29.414783280146047	-85.73262517044806	
-48.338001294344465	66.63141243833135	-5.128935431273	-22.45802693107435	52.82916114758442	23.309395992190584	-57.83947342330476	22.16537637370592	6.004884006500683	19.060861494899186	16.903508425210042	37.994614813565	21.826597555039637	65.13982145252163	-35.18803684474505	58.891047852838824	-72.2658348257547	-23.406829759540884	23.910070304653622	55.308262972182526	51.846497986369556	-22.327753542888935	12.715492803385766	-0.14093875880332396	-50.022081931988936	-16.784710114922497	-20.14789473967166	19.642215114447364	-29.414783280146047	-85.73262517044806	
-48.338001294344465	66.63141243833135	-5.128935431273	-22.45802693107435	52.82916114758442	23.309395992190584	-57.83947342330476	22.16537637370592	6.004884006500683	19.060861494899186	16.903508425210042	37.994614813565	21.826597555039637	65.13982145252163	-35.18803684474505	58.891047852838824	-72.2658348257547	-23.406829759540884	23.910070304653622	55.308262972182526	51.846497986369556	-22.327753542888935	12.715492803385766	-0.14093875880332396	-50.022081931988936	-16.784710114922497	-20.14789473967166	19.642215114447364	-29.414783280146047	-85.73262517044806	
-48.338001294344465	66.63141243833135	-5.128935431273	-22.45802693107435	52.82916114758442	23.309395992190584	-57.83947342330476	22.16537637370592	6.004884006500683	19.060861494899186	16.903508425210042	37.994614813565	21.826597555039637	65.13982145252163	-35.18803684474505	58.891047852838824	-72.2658348257547	-23.406829759540884	23.910070304653622	55.308262972182526	51.846497986369556	-22.327753542888935	12.715492803385766	-0.14093875880332396	-50.022081931988936	-16.784710114922497	-20.14789473967166	19.642215114447364	-29.414783280146047	-85.73262517044806	
-48.338001294344465	66.63141243833135	-5.128935431273	-22.45802693107435	52.82916114758442	23.309395992190584	-57.83947342330476	22.16537637370592	6.004884006500683	19.060861494899186	16.903508425210042	37.994614813565	21.826597555039637	65.13982145252163	-35.18803684474505	58.891047852838824	-72.2658348257547	-23.406829759540884	23.910070304653622	55.308262972182526	51.846497986369556	-22.327753542888935	12.715492803385766	-0.14093875880332396	-50.022081931988936	-16.784710114922497	-20.14789473967166	19.642215114447364	-29.414783280146047	-85.73262517044806	
-48.338001294344465	66.63141243833135	-5.128935431273	-22.45802693107435	52.82916114758442	23.309395992190584	-57.83947342330476	22.16537637370592	6.004884006500683	19.060861494899186	16.903508425210042	37.994614813565	21.826597555039637	65.13982145252163	-35.18803684474505	58.891047852838824	-72.2658348257547	-23.406829759540884	23.910070304653622	55.308262972182526	51.846497986369556	-22.327753542888935	12.715492803385766	-0.14093875880332396	-50.022081931988936	-16.784710114922497	-20.14789473967166	19.642215114447364	-29.414783280146047	-85.73262517044806	
-48.338001294344465	66.63141243833135	-5.128935431273	-22.45802693107435	52.82916114758442	23.309395992190584	-57.83947342330476	22.16537637370592	6.004884006500683	19.060861494899186	16.903508425210042	37.994614813565	21.826597555039637	65.13982145252163	-35.18803684474505	58.891047852838824	-72.2658348257547	-23.406829759540884	23.910070304653622	55.308262972182526	51.846497986369556	-22.327753542888935	12.715492803385766	-0.14093875880332396	-50.022081931988936	-16.784710114922497	-20.14789473967166	19.642215114447364	-29.414783280146047	-85.73262517044806	
-48.338001294344465	66.63141243833135	-5.128935431273	-22.45802693107435	52.82916114758442	23.309395992190584	-57.83947342330476	22.16537637370592	6.004884006500683	19.060861494899186	16.903508425210042	37.994614813565	21.826597555039637	65.13982145252163	-35.18803684474505	58.891047852838824	-72.2658348257547	-23.406829759540884	23.910070304653622	55.308262972182526	51.846497986369556	-22.327753542888935	12.715492803385766	-0.14093875880332396	-50.022081931988936	-16.784710114922497	-20.14789473967166	19.642215114447364	-29.414783280146047	-85.73262517044806	
-48.338001294344465	66.63141243833135	-5.128935431273	-22.45802693107435	52.82916114758442	23.309395992190584	-57.83947342330476	22.16537637370592	6.004884006500683	19.060861494899186	16.903508425210042	37.994614813565	21.826597555039637	65.13982145252163	-35.18803684474505	58.891047852838824	-72.2658348257547	-23.406829759540884	23.910070304653622	55.308262972182526	51.846497986369556	-22.327753542888935	12.715492803385766	-0.14093875880332396	-50.022081931988936	-16.784710114922497	-20.14789473967166	19.642215114447364	-29.414783280146047	-85.73262517044806	
-48.338001294344465	66.63141243833135	-5.128935431273	-22.45802693107435	52.82916114758442	23.309395992190584	-57.83947342330476	22.16537637370592	6.004884006500683	19.060861494899186	16.903508425210042	37.994614813565	21.826597555039637	65.13982145252163	-35.18803684474505	58.891047852838824	-72.2658348257547	-23.406829759540884	23.910070304653622	55.308262972182526	51.846497986369556	-22.327753542888935	12.715492803385766	-0.14093875880332396	-50.022081931988936	-16.784710114922497	-20.14789473967166	19.642215114447364	-29.414783280146047	-85.73262517044806	
-48.338001294344465	66.63141243833135	-5.128935431273	-22.45802693107435	52.82916114758442	23.309395992190584	-57.83947342330476	22.16537637370592	6.004884006500683	19.060861494899186	16.903508425210042	37.994614813565	21.826597555039637	65.13982145252163	-35.18803684474505	58.891047852838824	-72.2658348257547	-23.406829759540884	23.910070304653622	55.308262972182526	51.846497986369556	-22.327753542888935	12.715492803385766	-0.14093875880332396	-50.022081931988936	-16.784710114922497	-20.14789473967166	19.642215114447364	-29.414783280146047	-85.73262517044806	
-48.338001294344465	66.63141243833135	-5.128935431273	-22.45802693107435	52.82916114758442	23.309395992190584	-57.83947342330476	22.16537637370592	6.004884006500683	19.060861494899186	16.903508425210042	37.994614813565	21.826597555039637	65.13982145252163	-35.18803684474505	58.891047852838824	-72.2658348257547	-23.406829759540884	23.910070304653622	55.308262972182526	51.846497986369556	-22.327753542888935	12.715492803385766	-0.14093875880332396	-50.022081931988936	-16.784710114922497	-20.14789473967166	19.642215114447364	-29.414783280146047	-85.73262517044806	
-48.338001294344465	66.63141243833135	-5.128935431273	-22.45802693107435	52.82916114758442	23.309395992190584	-57.83947342330476	22.16537637370592	6.004884006500683	19.060861494899186	16.903508425210042	37.994614813565	21.826597555039637	65.13982145252163	-35.18803684474505	58.891047852838824	-72.2658348257547	-23.406829759540884	23.910070304653622	55.308262972182526	51.846497986369556	-22.327753542888935	12.715492803385766	-0.14093875880332396	-50.022081931988936	-16.784710114922497	-20.14789473967166	19.642215114447364	-29.414783280146047	-85.73262517044806	
-48.338001294344465	66.63141243833135	-5.128935431273	-22.45802693107435	52.82916114758442	23.309395992190584	-57.83947342330476	22.16537637370592	6.004884006500683	19.060861494899186	16.903508425210042	37.994614813565	21.826597555039637	65.13982145252163	-35.18803684474505	58.891047852838824	-72.2658348257547	-23.406829759540884	23.910070304653622	55.308262972182526	51.846497986369556	-22.327753542888935	12.715492803385766	-0.14093875880332396	-50.022081931988936	-16.784710114922497	-20.14789473967166	19.642215114447364	-29.414783280146047	-85.73262517044806	
-48.338001294344465	66.63141243833135	-5.128935431273	-22.45802693107435	52.82916114758442	23.309395992190584	-57.83947342330476	22.16537637370592	6.004884006500683	19.060861494899186	16.903508425210042	37.994614813565	21.826597555039637	65.13982145252163	-35.18803684474505	58.891047852838824	-72.2658348257547	-23.406829759540884	23.910070304653622	55.308262972182526	51.846497986369556	-22.327753542888935	12.715492803385766	-0.14093875880332396	-50.022081931988936	-16.784710114922497	-20.14789473967166	19.642215114447364	-29.414783280146047	-85.73262517044806	
-48.338001294344465	66.63141243833135	-5.128935431273	-22.45802693107435	52.82916114758442	23.309395992190584	-57.83947342330476	22.16537637370592	6.004884006500683	19.060861494899186	16.903508425210042	37.994614813565	21.826597555039637	65.13982145252163	-35.18803684474505	58.891047852838824	-72.2658348257547	-23.406829759540884	23.910070304653622	55.308262972182526	51.846497986369556	-22.327753542888935	12.715492803385766	-0.14093875880332396	-50.022081931988936	-16.784710114922497	-20.14789473967166	19.642215114447364	-29.414783280146047	-85.73262517044806	
-48.338001294344465	66.63141243833135	-5.128935431273	-22.45802693107435	52.82916114758442	23.309395992190584	-57.83947342330476	22.16537637370592	6.004884006500683	19.060861494899186	16.903508425210042	37.994614813565	21.826597555039637	65.13982145252163	-35.18803684474505	58.891047852838824	-72.2658348257547	-23.406829759540884	23.910070304653622	55.308262972182526	51.846497986369556	-22.327753542888935	12.715492803385766	-0.14093875880332396	-50.022081931988936	-16.784710114922497	-20.14789473967166	19.642215114447364	-29.414783280146047	-85.73262517044806	
-48.338001294344465	66.63141243833135	-5.128935431273	-22.45802693107435	52.82916114758442	23.309395992190584	-57.83947342330476	22.16537637370592	6.004884006500683	19.060861494899186	16.903508425210042	37.994614813565	21.826597555039637	65.13982145252163	-35.18803684474505	58.891047852838824	-72.2658348257547	-23.406829759540884	23.910070304653622	55.308262972182526	51.846497986369556	-22.327753542888935	12.715492803385766	-0.14093875880332396	-50.022081931988936	-16.784710114922497	-20.14789473967166	19.642215114447364	-29.414783280146047	-85.73262517044806	
-48.338001294344465	66.63141243833135	-5.128935431273	-22.45802693107435	52.82916114758442	23.309395992190584	-57.83947342330476	22.16537637370592	6.004884006500683	19.060861494899186	16.903508425210042	37.994614813565	21.826597555039637	65.13982145252163	-35.18803684474505	58.891047852838824	-72.2658348257547	-23.406829759540884	23.910070304653622	55.308262972182526	51.846497986369556	-22.327753542888935	12.715492803385766	-0.14093875880332396	-50.022081931988936	-16.784710114922497	-20.14789473967166	19.642215114447364	-29.414783280146047	-85.73262517044806	
-48.338001294344465	66.63141243833135	-5.128935431273	-22.45802693107435	52.82916114758442	23.309395992190584	-57.83947342330476	22.16537637370592	6.004884006500683	19.060861494899186	16.903508425210042	37.994614813565	21.826597555039637	65.13982145252163	-35.18803684474505	58.891047852838824	-72.2658348257547	-23.406829759540884	23.910070304653622	55.308262972182526	51.846497986369556	-22.327753542888935	12.715492803385766	-0.14093875880332396	-50.022081931988936	-16.784710114922497	-20.14789473967166	19.642215114447364	-29.414783280146047	-85.73262517044806	
-48.338001294344465	66.63141243833135	-5.128935431273	-22.45802693107435	52.82916114758442	23.309395992190584	-57.83947342330476	22.16537637370592	6.004884006500683	19.060861494899186	16.903508425210042	37.994614813565	21.826597555039637	65.13982145252163	-35.18803684474505	58.891047852838824	-72.2658348257547	-23.406829759540884	23.910070304653622	55.308262972182526	51.846497986369556	-22.327753542888935	12.715492803385766	-0.14093875880332396	-50.022081931988936	-16.784710114922497	-20.14789473967166	19.642215114447364	-29.414783280146047	-85.73262517044806	
-48.338001294344465	66.63141243833135	-5.128935431273	-22.45802693107435	52.82916114758442	23.309395992190584	-57.83947342330476	22.16537637370592	6.004884006500683	19.060861494899186	16.903508425210042	37.994614813565	21.826597555039637	65.13982145252163	-35.18803684474505	58.891047852838824	-72.2658348257547	-23.406829759540884	23.910070304653622	55.308262972182526	51.846497986369556	-22.327753542888935	12.715492803385766	-0.14093875880332396	-50.022081931988936	-16.784710114922497	-20.14789473967166	19.642215114447364	-29.414783280146047	-85.73262517044806	
-48.338001294344465	66.63141243833135	-5.128935431273	-22.45802693107435	52.82916114758442	23.309395992190584	-57.83947342330476	22.16537637370592	6.004884006500683	19.060861494899186	16.903508425210042	37.994614813565	21.826597555039637	65.13982145252163	-35.18803684474505	58.891047852838824	-72.2658348257547	-23.406829759540884	23.910070304653622	55.308262972182526	51.846497986369556	-22.327753542888935	12.715492803385766	-0.14093875880332396	-50.022081931988936	-16.784710114922497	-20.14789473967166	19.642215114447364	-29.414783280146047	-85.73262517044806	
-48.338001294344465	66.63141243833135	-5.128935431273	-22.45802693107435	52.82916114758442	23.309395992190584	-57.83947342330476	22.16537637370592	6.004884006500683	19.060861494899186	16.903508425210042	37.994614813565	21.826597555039637	65.13982145252163	-35.18803684474505	58.891047852838824	-72.2658348257547	-23.406829759540884	23.910070304653622	55.308262972182526	51.846497986369556	-22.327753542888935	12.715492803385766	-0.14093875880332396	-50.022081931988936	-16.784710114922497	-20.14789473967166	19.642215114447364	-29.414783280146047	-85.73262517044806	
-48.338001294344465	66.63141243833135	-5.128935431273	-22.45802693107435	52.82916114758442	23.309395992190584	-57.83947342330476	22.16537637370592	6.004884006500683	19.060861494899186	16.903508425210042	37.994614813565	21.826597555039637	65.13982145252163	-35.18803684474505	58.891047852838824	-72.2658348257547	-23.406829759540884	23.910070304653622	55.308262972182526	51.846497986369556	-22.327753542888935	12.715492803385766	-0.14093875880332396	-50.022081931988936	-16.784710114922497	-20.14789473967166	19.642215114447364	-29.414783280146047	-85.73262517044806	
-48.338001294344465	66.63141243833135	-5.128935431273	-22.45802693107435	52.82916114758442	23.309395992190584	-57.83947342330476	22.16537637370592	6.004884006500683	19.060861494899186	16.903508425210042	37.994614813565	21.826597555039637	65.13982145252163	-35.18803684474505	58.891047852838824	-72.2658348257547	-23.406829759540884	23.910070304653622	55.308262972182526	51.846497986369556	-22.327753542888935	12.715492803385766	-0.14093875880332396	-50.022081931988936	-16.784710114922497	-20.14789473967166	19.642215114447364	-29.414783280146047	-85.73262517044806	
-48.338001294344465	66.63141243833135	-5.128935431273	-22.45802693107435	52.82916114758442	23.309395992190584	-57.83947342330476	22.16537637370592	6.004884006500683	19.060861494899186	16.903508425210042	37.994614813565	21.826597555039637	65.13982145252163	-35.18803684474505	58.891047852838824	-72.2658348257547	-23.406829759540884	23.910070304653622	55.308262972182526	51.846497986369556	-22.327753542888935	12.715492803385766	-0.14093875880332396	-50.022081931988936	-16.784710114922497	-20.14789473967166	19.642215114447364	-29.414783280146047	-85.73262517044806	
-48.338001294344465	66.63141243833135	-5.128935431273	-22.45802693107435	52.82916114758442	23.309395992190584	-57.83947342330476	22.16537637370592	6.004884006500683	19.060861494899186	16.903508425210042	37.994614813565	21.826597555039637	65.13982145252163	-35.18803684474505	58.891047852838824	-72.2658348257547	-23.406829759540884	23.910070304653622	55.308262972182526	51.846497986369556	-22.327753542888935	12.715492803385766	-0.14093875880332396	-50.022081931988936	-16.784710114922497	-20.14789473967166	19.642215114447364	-29.414783280146047	-85.73262517044806	
-48.338001294344465	66.63141243833135	-5.128935431273	-22.45802693107435	52.82916114758442	23.309395992190584	-57.83947342330476	22.16537637370592	6.004884006500683	19.060861494899186	16.903508425210042	37.994614813565	21.826597555039637	65.13982145252163	-35.18803684474505	58.891047852838824	-72.2658348257547	-23.406829759540884	23.910070304653622	55.308262972182526	51.846497986369556	-22.327753542888935	12.715492803385766	-0.14093875880332396	-50.022081931988936	-16.784710114922497	-20.14789473967166	19.642215114447364	-29.414783280146047	-85.73262517044806	
-48.338001294344465	66.63141243833135	-5.128935431273	-22.45802693107435	52.82916114758442	23.309395992190584	-57.83947342330476	22.16537637370592	6.004884006500683	19.060861494899186	16.903508425210042	37.994614813565	21.826597555039637	65.13982145252163	-35.18803684474505	58.891047852838824	-72.2658348257547	-23.406829759540884	23.910070304653622	55.308262972182526	51.846497986369556	-22.327753542888935	12.715492803385766	-0.14093875880332396	-50.022081931988936	-16.784710114922497	-20.14789473967166	19.642215114447364	-29.414783280146047	-85.73262517044806	
-48.338001294344465	66.63141243833135	-5.128935431273	-22.45802693107435	52.82916114758442	23.309395992190584	-57.83947342330476	22.16537637370592	6.004884006500683	19.060861494899186	16.903508425210042	37.994614813565	21.826597555039637	65.13982145252163	-35.18803684474505	58.891047852838824	-72.2658348257547	-23.406829759540884	23.910070304653622	55.308262972182526	51.846497986369556	-22.327753542888935	12.715492803385766	-0.14093875880332396	-50.022081931988936	-16.784710114922497	-20.14789473967166	19.642215114447364	-29.414783280146047	-85.73262517044806	
-48.338001294344465	66.63141243833135	-5.128935431273	-22.45802693107435	52.82916114758442	23.309395992190584	-57.83947342330476	22.16537637370592	6.004884006500683	19.060861494899186	16.903508425210042	37.994614813565	21.826597555039637	65.13982145252163	-35.18803684474505	58.891047852838824	-72.2658348257547	-23.406829759540884	23.910070304653622	55.308262972182526	51.846497986369556	-22.327753542888935	12.715492803385766	-0.14093875880332396	-50.022081931988936	-16.784710114922497	-20.14789473967166	19.642215114447364	-29.414783280146047	-85.73262517044806	
-48.338001294344465	66.63141243833135	-5.128935431273	-22.45802693107435	52.82916114758442	23.309395992190584	-57.83947342330476	22.16537637370592	6.004884006500683	19.060861494899186	16.903508425210042	37.994614813565	21.826597555039637	65.13982145252163	-35.18803684474505	58.891047852838824	-72.2658348257547	-23.406829759540884	23.910070304653622	55.308262972182526	51.846497986369556	-22.327753542888935	12.715492803385766	-0.14093875880332396	-50.022081931988936	-16.784710114922497	-20.14789473967166	19.642215114447364	-29.414783280146047	-85.73262517044806	
-48.338001294344465	66.63141243833135	-5.128935431273	-22.45802693107435	52.82916114758442	23.309395992190584	-57.83947342330476	22.16537637370592	6.004884006500683	19.060861494899186	16.903508425210042	37.994614813565	21.826597555039637	65.13982145252163	-35.18803684474505	58.891047852838824	-72.2658348257547	-23.406829759540884	23.910070304653622	55.308262972182526	51.846497986369556	-22.327753542888935	12.715492803385766	-0.14093875880332396	-50.022081931988936	-16.784710114922497	-20.14789473967166	19.642215114447364	-29.414783280146047	-85.73262517044806	
-48.338001294344465	66.63141243833135	-5.128935431273	-22.45802693107435	52.82916114758442	23.309395992190584	-57.83947342330476	22.16537637370592	6.004884006500683	19.060861494899186	16.903508425210042	37.994614813565	21.826597555039637	65.13982145252163	-35.18803684474505	58.891047852838824	-72.2658348257547	-23.406829759540884	23.910070304653622	55.308262972182526	51.846497986369556	-22.327753542888935	12.715492803385766	-0.14093875880332396	-50.022081931988936	-16.784710114922497	-20.14789473967166	19.642215114447364	-29.414783280146047	-85.73262517044806	
-48.338001294344465	66.63141243833135	-5.128935431273	-22.45802693107435	52.82916114758442	23.309395992190584	-57.83947342330476	22.16537637370592	6.004884006500683	19.060861494899186	16.903508425210042	37.994614813565	21.826597555039637	65.13982145252163	-35.18803684474505	58.891047852838824	-72.2658348257547	-23.406829759540884	23.910070304653622	55.308262972182526	51.846497986369556	-22.327753542888935	12.715492803385766	-0.14093875880332396	-50.022081931988936	-16.784710114922497	-20.14789473967166	19.642215114447364	-29.414783280146047	-85.73262517044806	
-48.338001294344465	66.63141243833135	-5.128935431273	-22.45802693107435	52.82916114758442	23.309395992190584	-57.83947342330476	22.16537637370592	6.004884006500683	19.060861494899186	16.903508425210042	37.994614813565	21.826597555039637	65.13982145252163	-35.18803684474505	58.891047852838824	-72.2658348257547	-23.406829759540884	23.910070304653622	55.308262972182526	51.846497986369556	-22.327753542888935	12.715492803385766	-0.14093875880332396	-50.022081931988936	-16.784710114922497	-20.14789473967166	19.642215114447364	-29.414783280146047	-85.73262517044806	
-48.338001294344465	66.63141243833135	-5.128935431273	-22.45802693107435	52.82916114758442	23.309395992190584	-57.83947342330476	22.16537637370592	6.004884006500683	19.060861494899186	16.903508425210042	37.994614813565	21.826597555039637	65.13982145252163	-35.18803684474505	58.891047852838824	-72.2658348257547	-23.406829759540884	23.910070304653622	55.308262972182526	51.846497986369556	-22.327753542888935	12.715492803385766	-0.14093875880332396	-50.022081931988936	-16.784710114922497	-20.14789473967166	19.642215114447364	-29.414783280146047	-85.73262517044806	
-48.338001294344465	66.63141243833135	-5.128935431273	-22.45802693107435	52.82916114758442	23.309395992190584	-57.83947342330476	22.16537637370592	6.004884006500683	19.060861494899186	16.903508425210042	37.994614813565	21.826597555039637	65.13982145252163	-35.18803684474505	58.891047852838824	-72.2658348257547	-23.406829759540884	23.910070304653622	55.308262972182526	51.846497986369556	-22.327753542888935	12.715492803385766	-0.14093875880332396	-50.022081931988936	-16.784710114922497	-20.14789473967166	19.642215114447364	-29.414783280146047	-85.73262517044806	
-48.338001294344465	66.63141243833135	-5.128935431273	-22.45802693107435	52.82916114758442	23.309395992190584	-57.83947342330476	22.16537637370592	6.004884006500683	19.060861494899186	16.903508425210042	37.994614813565	21.826597555039637	65.13982145252163	-35.18803684474505	58.891047852838824	-72.2658348257547	-23.406829759540884	23.910070304653622	55.308262972182526	51.846497986369556	-22.327753542888935	12.715492803385766	-0.14093875880332396	-50.022081931988936	-16.784710114922497	-20.14789473967166	19.642215114447364	-29.414783280146047	-85.73262517044806	
-48.338001294344465	66.63141243833135	-5.128935431273	-22.45802693107435	52.82916114758442	23.309395992190584	-57.83947342330476	22.16537637370592	6.004884006500683	19.060861494899186	16.903508425210042	37.994614813565	21.826597555039637	65.13982145252163	-35.18803684474505	58.891047852838824	-72.2658348257547	-23.406829759540884	23.910070304653622	55.308262972182526	51.846497986369556	-22.327753542888935	12.715492803385766	-0.14093875880332396	-50.022081931988936	-16.784710114922497	-20.14789473967166	19.642215114447364	-29.414783280146047	-85.73262517044806	
-48.338001294344465	66.63141243833135	-5.128935431273	-22.45802693107435	52.82916114758442	23.309395992190584	-57.83947342330476	22.16537637370592	6.004884006500683	19.060861494899186	16.903508425210042	37.994614813565	21.826597555039637	65.13982145252163	-35.18803684474505	58.891047852838824	-72.2658348257547	-23.406829759540884	23.910070304653622	55.308262972182526	51.846497986369556	-22.327753542888935	12.715492803385766	-0.14093875880332396	-50.022081931988936	-16.784710114922497	-20.14789473967166	19.642215114447364	-29.414783280146047	-85.73262517044806	
-48.338001294344465	66.63141243833135	-5.128935431273	-22.45802693107435	52.82916114758442	23.309395992190584	-57.83947342330476	22.16537637370592	6.004884006500683	19.060861494899186	16.903508425210042	37.994614813565	21.826597555039637	65.13982145252163	-35.18803684474505	58.891047852838824	-72.2658348257547	-23.406829759540884	23.910070304653622	55.308262972182526	51.846497986369556	-22.327753542888935	12.715492803385766	-0.14093875880332396	-50.022081931988936	-16.784710114922497	-20.14789473967166	19.642215114447364	-29.414783280146047	-85.73262517044806	
-48.338001294344465	66.63141243833135	-5.128935431273	-22.45802693107435	52.82916114758442	23.309395992190584	-57.83947342330476	22.16537637370592	6.004884006500683	19.060861494899186	16.903508425210042	37.994614813565	21.826597555039637	65.13982145252163	-35.18803684474505	58.891047852838824	-72.2658348257547	-23.406829759540884	23.910070304653622	55.308262972182526	51.846497986369556	-22.327753542888935	12.715492803385766	-0.14093875880332396	-50.022081931988936	-16.784710114922497	-20.14789473967166	19.642215114447364	-29.414783280146047	-85.73262517044806	
-48.338001294344465	66.63141243833135	-5.128935431273	-22.45802693107435	52.82916114758442	23.309395992190584	-57.83947342330476	22.16537637370592	6.004884006500683	19.060861494899186	16.903508425210042	37.994614813565	21.826597555039637	65.13982145252163	-35.18803684474505	58.891047852838824	-72.2658348257547	-23.406829759540884	23.910070304653622	55.308262972182526	51.846497986369556	-22.327753542888935	12.715492803385766	-0.14093875880332396	-50.022081931988936	-16.784710114922497	-20.14789473967166	19.642215114447364	-29.414783280146047	-85.73262517044806	
-48.338001294344465	66.63141243833135	-5.128935431273	-22.45802693107435	52.82916114758442	23.309395992190584	-57.83947342330476	22.16537637370592	6.004884006500683	19.060861494899186	16.903508425210042	37.994614813565	21.826597555039637	65.13982145252163	-35.18803684474505	58.891047852838824	-72.2658348257547	-23.406829759540884	23.910070304653622	55.308262972182526	51.846497986369556	-22.327753542888935	12.715492803385766	-0.14093875880332396	-50.022081931988936	-16.784710114922497	-20.14789473967166	19.642215114447364	-29.414783280146047	-85.73262517044806	
-48.338001294344465	66.63141243833135	-5.128935431273	-22.45802693107435	52.82916114758442	23.309395992190584	-57.83947342330476	22.16537637370592	6.004884006500683	19.060861494899186	16.903508425210042	37.994614813565	21.826597555039637	65.13982145252163	-35.18803684474505	58.891047852838824	-72.2658348257547	-23.406829759540884	23.910070304653622	55.308262972182526	51.846497986369556	-22.327753542888935	12.715492803385766	-0.14093875880332396	-50.022081931988936	-16.784710114922497	-20.14789473967166	19.642215114447364	-29.414783280146047	-85.73262517044806	
-48.338001294344465	66.63141243833135	-5.128935431273	-22.45802693107435	52.82916114758442	23.309395992190584	-57.83947342330476	22.16537637370592	6.004884006500683	19.060861494899186	16.903508425210042	37.994614813565	21.826597555039637	65.13982145252163	-35.18803684474505	58.891047852838824	-72.2658348257547	-23.406829759540884	23.910070304653622	55.308262972182526	51.846497986369556	-22.327753542888935	12.715492803385766	-0.14093875880332396	-50.022081931988936	-16.784710114922497	-20.14789473967166	19.642215114447364	-29.414783280146047	-85.73262517044806	
-48.338001294344465	66.63141243833135	-5.128935431273	-22.45802693107435	52.82916114758442	23.309395992190584	-57.83947342330476	22.16537637370592	6.004884006500683	19.060861494899186	16.903508425210042	37.994614813565	21.826597555039637	65.13982145252163	-35.18803684474505	58.891047852838824	-72.2658348257547	-23.406829759540884	23.910070304653622	55.308262972182526	51.846497986369556	-22.327753542888935	12.715492803385766	-0.14093875880332396	-50.022081931988936	-16.784710114922497	-20.14789473967166	19.642215114447364	-29.414783280146047	-85.73262517044806	
-48.338001294344465	66.63141243833135	-5.128935431273	-22.45802693107435	52.82916114758442	23.309395992190584	-57.83947342330476	22.16537637370592	6.004884006500683	19.060861494899186	16.903508425210042	37.994614813565	21.826597555039637	65.13982145252163	-35.18803684474505	58.891047852838824	-72.2658348257547	-23.406829759540884	23.910070304653622	55.308262972182526	51.846497986369556	-22.327753542888935	12.715492803385766	-0.14093875880332396	-50.022081931988936	-16.784710114922497	-20.14789473967166	19.642215114447364	-29.414783280146047	-85.73262517044806	
-48.338001294344465	66.63141243833135	-5.128935431273	-22.45802693107435	52.82916114758442	23.309395992190584	-57.83947342330476	22.16537637370592	6.004884006500683	19.060861494899186	16.903508425210042	37.994614813565	21.826597555039637	65.13982145252163	-35.18803684474505	58.891047852838824	-72.2658348257547	-23.406829759540884	23.910070304653622	55.308262972182526	51.846497986369556	-22.327753542888935	12.715492803385766	-0.14093875880332396	-50.022081931988936	-16.784710114922497	-20.14789473967166	19.642215114447364	-29.414783280146047	-85.73262517044806	
-48.338001294344465	66.63141243833135	-5.128935431273	-22.45802693107435	52.82916114758442	23.309395992190584	-57.83947342330476	22.16537637370592	6.004884006500683	19.060861494899186	16.903508425210042	37.994614813565	21.826597555039637	65.13982145252163	-35.18803684474505	58.891047852838824	-72.2658348257547	-23.406829759540884	23.910070304653622	55.308262972182526	51.846497986369556	-22.327753542888935	12.715492803385766	-0.14093875880332396	-50.022081931988936	-16.784710114922497	-20.14789473967166	19.642215114447364	-29.414783280146047	-85.73262517044806	
-48.338001294344465	66.63141243833135	-5.128935431273	-22.45802693107435	52.82916114758442	23.309395992190584	-57.83947342330476	22.16537637370592	6.004884006500683	19.060861494899186	16.903508425210042	37.994614813565	21.826597555039637	65.13982145252163	-35.18803684474505	58.891047852838824	-72.2658348257547	-23.406829759540884	23.910070304653622	55.308262972182526	51.846497986369556	-22.327753542888935	12.715492803385766	-0.14093875880332396	-50.022081931988936	-16.784710114922497	-20.14789473967166	19.642215114447364	-29.414783280146047	-85.73262517044806	
-48.338001294344465	66.63141243833135	-5.128935431273	-22.45802693107435	52.82916114758442	23.309395992190584	-57.83947342330476	22.16537637370592	6.004884006500683	19.060861494899186	16.903508425210042	37.994614813565	21.826597555039637	65.13982145252163	-35.18803684474505	58.891047852838824	-72.2658348257547	-23.406829759540884	23.910070304653622	55.308262972182526	51.846497986369556	-22.327753542888935	12.715492803385766	-0.14093875880332396	-50.022081931988936	-16.784710114922497	-20.14789473967166	19.642215114447364	-29.414783280146047	-85.73262517044806	
-48.338001294344465	66.63141243833135	-5.128935431273	-22.45802693107435	52.82916114758442	23.309395992190584	-57.83947342330476	22.16537637370592	6.004884006500683	19.060861494899186	16.903508425210042	37.994614813565	21.826597555039637	65.13982145252163	-35.18803684474505	58.891047852838824	-72.2658348257547	-23.406829759540884	23.910070304653622	55.308262972182526	51.846497986369556	-22.327753542888935	12.715492803385766	-0.14093875880332396	-50.022081931988936	-16.784710114922497	-20.14789473967166	19.642215114447364	-29.414783280146047	-85.73262517044806	
-48.338001294344465	66.63141243833135	-5.128935431273	-22.45802693107435	52.82916114758442	23.309395992190584	-57.83947342330476	22.16537637370592	6.004884006500683	19.060861494899186	16.903508425210042	37.994614813565	21.826597555039637	65.13982145252163	-35.18803684474505	58.891047852838824	-72.2658348257547	-23.406829759540884	23.910070304653622	55.308262972182526	51.846497986369556	-22.327753542888935	12.715492803385766	-0.14093875880332396	-50.022081931988936	-16.784710114922497	-20.14789473967166	19.642215114447364	-29.414783280146047	-85.73262517044806	
-48.338001294344465	66.63141243833135	-5.128935431273	-22.45802693107435	52.82916114758442	23.309395992190584	-57.83947342330476	22.16537637370592	6.004884006500683	19.060861494899186	16.903508425210042	37.994614813565	21.826597555039637	65.13982145252163	-35.18803684474505	58.891047852838824	-72.2658348257547	-23.406829759540884	23.910070304653622	55.308262972182526	51.846497986369556	-22.327753542888935	12.715492803385766	-0.14093875880332396	-50.022081931988936	-16.784710114922497	-20.14789473967166	19.642215114447364	-29.414783280146047	-85.73262517044806	
-48.338001294344465	66.63141243833135	-5.128935431273	-22.45802693107435	52.82916114758442	23.309395992190584	-57.83947342330476	22.16537637370592	6.004884006500683	19.060861494899186	16.903508425210042	37.994614813565	21.826597555039637	65.13982145252163	-35.18803684474505	58.891047852838824	-72.2658348257547	-23.406829759540884	23.910070304653622	55.308262972182526	51.846497986369556	-22.327753542888935	12.715492803385766	-0.14093875880332396	-50.022081931988936	-16.784710114922497	-20.14789473967166	19.642215114447364	-29.414783280146047	-85.73262517044806	
-48.338001294344465	66.63141243833135	-5.128935431273	-22.45802693107435	52.82916114758442	23.309395992190584	-57.83947342330476	22.16537637370592	6.004884006500683	19.060861494899186	16.903508425210042	37.994614813565	21.826597555039637	65.13982145252163	-35.18803684474505	58.891047852838824	-72.2658348257547	-23.406829759540884	23.910070304653622	55.308262972182526	51.846497986369556	-22.327753542888935	12.715492803385766	-0.14093875880332396	-50.022081931988936	-16.784710114922497	-20.14789473967166	19.642215114447364	-29.414783280146047	-85.73262517044806	
-48.338001294344465	66.63141243833135	-5.128935431273	-22.45802693107435	52.82916114758442	23.309395992190584	-57.83947342330476	22.16537637370592	6.004884006500683	19.060861494899186	16.903508425210042	37.994614813565	21.826597555039637	65.13982145252163	-35.18803684474505	58.891047852838824	-72.2658348257547	-23.406829759540884	23.910070304653622	55.308262972182526	51.846497986369556	-22.327753542888935	12.715492803385766	-0.14093875880332396	-50.022081931988936	-16.784710114922497	-20.14789473967166	19.642215114447364	-29.414783280146047	-85.73262517044806	
-48.338001294344465	66.63141243833135	-5.128935431273	-22.45802693107435	52.82916114758442	23.309395992190584	-57.83947342330476	22.16537637370592	6.004884006500683	19.060861494899186	16.903508425210042	37.994614813565	21.826597555039637	65.13982145252163	-35.18803684474505	58.891047852838824	-72.2658348257547	-23.406829759540884	23.910070304653622	55.308262972182526	51.846497986369556	-22.327753542888935	12.715492803385766	-0.14093875880332396	-50.022081931988936	-16.784710114922497	-20.14789473967166	19.642215114447364	-29.414783280146047	-85.73262517044806	
-48.338001294344465	66.63141243833135	-5.128935431273	-22.45802693107435	52.82916114758442	23.309395992190584	-57.83947342330476	22.16537637370592	6.004884006500683	19.060861494899186	16.903508425210042	37.994614813565	21.826597555039637	65.13982145252163	-35.18803684474505	58.891047852838824	-72.2658348257547	-23.406829759540884	23.910070304653622	55.308262972182526	51.846497986369556	-22.327753542888935	12.715492803385766	-0.14093875880332396	-50.022081931988936	-16.784710114922497	-20.14789473967166	19.642215114447364	-29.414783280146047	-85.73262517044806	
-48.338001294344465	66.63141243833135	-5.128935431273	-22.45802693107435	52.82916114758442	23.309395992190584	-57.83947342330476	22.16537637370592	6.004884006500683	19.060861494899186	16.903508425210042	37.994614813565	21.826597555039637	65.13982145252163	-35.18803684474505	58.891047852838824	-72.2658348257547	-23.406829759540884	23.910070304653622	55.308262972182526	51.846497986369556	-22.327753542888935	12.715492803385766	-0.14093875880332396	-50.022081931988936	-16.784710114922497	-20.14789473967166	19.642215114447364	-29.414783280146047	-85.73262517044806	
-48.338001294344465	66.63141243833135	-5.128935431273	-22.45802693107435	52.82916114758442	23.309395992190584	-57.83947342330476	22.16537637370592	6.004884006500683	19.060861494899186	16.903508425210042	37.994614813565	21.826597555039637	65.13982145252163	-35.18803684474505	58.891047852838824	-72.2658348257547	-23.406829759540884	23.910070304653622	55.308262972182526	51.846497986369556	-22.327753542888935	12.715492803385766	-0.14093875880332396	-50.022081931988936	-16.784710114922497	-20.14789473967166	19.642215114447364	-29.414783280146047	-85.73262517044806	
-48.338001294344465	66.63141243833135	-5.128935431273	-22.45802693107435	52.82916114758442	23.309395992190584	-57.83947342330476	22.16537637370592	6.004884006500683	19.060861494899186	16.903508425210042	37.994614813565	21.826597555039637	65.13982145252163	-35.18803684474505	58.891047852838824	-72.2658348257547	-23.406829759540884	23.910070304653622	55.308262972182526	51.846497986369556	-22.327753542888935	12.715492803385766	-0.14093875880332396	-50.022081931988936	-16.784710114922497	-20.14789473967166	19.642215114447364	-29.414783280146047	-85.73262517044806	
-48.338001294344465	66.63141243833135	-5.128935431273	-22.45802693107435	52.82916114758442	23.309395992190584	-57.83947342330476	22.16537637370592	6.004884006500683	19.060861494899186	16.903508425210042	37.994614813565	21.826597555039637	65.13982145252163	-35.18803684474505	58.891047852838824	-72.2658348257547	-23.406829759540884	23.910070304653622	55.308262972182526	51.846497986369556	-22.327753542888935	12.715492803385766	-0.14093875880332396	-50.022081931988936	-16.784710114922497	-20.14789473967166	19.642215114447364	-29.414783280146047	-85.73262517044806	
-48.338001294344465	66.63141243833135	-5.128935431273	-22.45802693107435	52.82916114758442	23.309395992190584	-57.83947342330476	22.16537637370592	6.004884006500683	19.060861494899186	16.903508425210042	37.994614813565	21.826597555039637	65.13982145252163	-35.18803684474505	58.891047852838824	-72.2658348257547	-23.406829759540884	23.910070304653622	55.308262972182526	51.846497986369556	-22.327753542888935	12.715492803385766	-0.14093875880332396	-50.022081931988936	-16.784710114922497	-20.14789473967166	19.642215114447364	-29.414783280146047	-85.73262517044806	
-48.338001294344465	66.63141243833135	-5.128935431273	-22.45802693107435	52.82916114758442	23.309395992190584	-57.83947342330476	22.16537637370592	6.004884006500683	19.060861494899186	16.903508425210042	37.994614813565	21.826597555039637	65.13982145252163	-35.18803684474505	58.891047852838824	-72.2658348257547	-23.406829759540884	23.910070304653622	55.308262972182526	51.846497986369556	-22.327753542888935	12.715492803385766	-0.14093875880332396	-50.022081931988936	-16.784710114922497	-20.14789473967166	19.642215114447364	-29.414783280146047	-85.73262517044806	
-48.338001294344465	66.63141243833135	-5.128935431273	-22.45802693107435	52.82916114758442	23.309395992190584	-57.83947342330476	22.16537637370592	6.004884006500683	19.060861494899186	16.903508425210042	37.994614813565	21.826597555039637	65.13982145252163	-35.18803684474505	58.891047852838824	-72.2658348257547	-23.406829759540884	23.910070304653622	55.308262972182526	51.846497986369556	-22.327753542888935	12.715492803385766	-0.14093875880332396	-50.022081931988936	-16.784710114922497	-20.14789473967166	19.642215114447364	-29.414783280146047	-85.73262517044806	
-48.338001294344465	66.63141243833135	-5.128935431273	-22.45802693107435	52.82916114758442	23.309395992190584	-57.83947342330476	22.16537637370592	6.004884006500683	19.060861494899186	16.903508425210042	37.994614813565	21.826597555039637	65.13982145252163	-35.18803684474505	58.891047852838824	-72.2658348257547	-23.406829759540884	23.910070304653622	55.308262972182526	51.846497986369556	-22.327753542888935	12.715492803385766	-0.14093875880332396	-50.022081931988936	-16.784710114922497	-20.14789473967166	19.642215114447364	-29.414783280146047	-85.73262517044806	
-48.338001294344465	66.63141243833135	-5.128935431273	-22.45802693107435	52.82916114758442	23.309395992190584	-57.83947342330476	22.16537637370592	6.004884006500683	19.060861494899186	16.903508425210042	37.994614813565	21.826597555039637	65.13982145252163	-35.18803684474505	58.891047852838824	-72.2658348257547	-23.406829759540884	23.910070304653622	55.308262972182526	51.846497986369556	-22.327753542888935	12.715492803385766	-0.14093875880332396	-50.022081931988936	-16.784710114922497	-20.14789473967166	19.642215114447364	-29.414783280146047	-85.73262517044806	
-48.338001294344465	66.63141243833135	-5.128935431273	-22.45802693107435	52.82916114758442	23.309395992190584	-57.83947342330476	22.16537637370592	6.004884006500683	19.060861494899186	16.903508425210042	37.994614813565	21.826597555039637	65.13982145252163	-35.18803684474505	58.891047852838824	-72.2658348257547	-23.406829759540884	23.910070304653622	55.308262972182526	51.846497986369556	-22.327753542888935	12.715492803385766	-0.14093875880332396	-50.022081931988936	-16.784710114922497	-20.14789473967166	19.642215114447364	-29.414783280146047	-85.73262517044806	
-48.338001294344465	66.63141243833135	-5.128935431273	-22.45802693107435	52.82916114758442	23.309395992190584	-57.83947342330476	22.16537637370592	6.004884006500683	19.060861494899186	16.903508425210042	37.994614813565	21.826597555039637	65.13982145252163	-35.18803684474505	58.891047852838824	-72.2658348257547	-23.406829759540884	23.910070304653622	55.308262972182526	51.846497986369556	-22.327753542888935	12.715492803385766	-0.14093875880332396	-50.022081931988936	-16.784710114922497	-20.14789473967166	19.642215114447364	-29.414783280146047	-85.73262517044806	
-48.338001294344465	66.63141243833135	-5.128935431273	-22.45802693107435	52.82916114758442	23.309395992190584	-57.83947342330476	22.16537637370592	6.004884006500683	19.060861494899186	16.903508425210042	37.994614813565	21.826597555039637	65.13982145252163	-35.18803684474505	58.891047852838824	-72.2658348257547	-23.406829759540884	23.910070304653622	55.308262972182526	51.846497986369556	-22.327753542888935	12.715492803385766	-0.14093875880332396	-50.022081931988936	-16.784710114922497	-20.14789473967166	19.642215114447364	-29.414783280146047	-85.73262517044806	
-48.338001294344465	66.63141243833135	-5.128935431273	-22.45802693107435	52.82916114758442	23.309395992190584	-57.83947342330476	22.16537637370592	6.004884006500683	19.060861494899186	16.903508425210042	37.994614813565	21.826597555039637	65.13982145252163	-35.18803684474505	58.891047852838824	-72.2658348257547	-23.406829759540884	23.910070304653622	55.308262972182526	51.846497986369556	-22.327753542888935	12.715492803385766	-0.14093875880332396	-50.022081931988936	-16.784710114922497	-20.14789473967166	19.642215114447364	-29.414783280146047	-85.73262517044806	
-48.338001294344465	66.63141243833135	-5.128935431273	-22.45802693107435	52.82916114758442	23.309395992190584	-57.83947342330476	22.16537637370592	6.004884006500683	19.060861494899186	16.903508425210042	37.994614813565	21.826597555039637	65.13982145252163	-35.18803684474505	58.891047852838824	-72.2658348257547	-23.406829759540884	23.910070304653622	55.308262972182526	51.846497986369556	-22.327753542888935	12.715492803385766	-0.14093875880332396	-50.022081931988936	-16.784710114922497	-20.14789473967166	19.642215114447364	-29.414783280146047	-85.73262517044806	
-48.338001294344465	66.63141243833135	-5.128935431273	-22.45802693107435	52.82916114758442	23.309395992190584	-57.83947342330476	22.16537637370592	6.004884006500683	19.060861494899186	16.903508425210042	37.994614813565	21.826597555039637	65.13982145252163	-35.18803684474505	58.891047852838824	-72.2658348257547	-23.406829759540884	23.910070304653622	55.308262972182526	51.846497986369556	-22.327753542888935	12.715492803385766	-0.14093875880332396	-50.022081931988936	-16.784710114922497	-20.14789473967166	19.642215114447364	-29.414783280146047	-85.73262517044806	
-48.338001294344465	66.63141243833135	-5.128935431273	-22.45802693107435	52.82916114758442	23.309395992190584	-57.83947342330476	22.16537637370592	6.004884006500683	19.060861494899186	16.903508425210042	37.994614813565	21.826597555039637	65.13982145252163	-35.18803684474505	58.891047852838824	-72.2658348257547	-23.406829759540884	23.910070304653622	55.308262972182526	51.846497986369556	-22.327753542888935	12.715492803385766	-0.14093875880332396	-50.022081931988936	-16.784710114922497	-20.14789473967166	19.642215114447364	-29.414783280146047	-85.73262517044806	
-48.338001294344465	66.63141243833135	-5.128935431273	-22.45802693107435	52.82916114758442	23.309395992190584	-57.83947342330476	22.16537637370592	6.004884006500683	19.060861494899186	16.903508425210042	37.994614813565	21.826597555039637	65.13982145252163	-35.18803684474505	58.891047852838824	-72.2658348257547	-23.406829759540884	23.910070304653622	55.308262972182526	51.846497986369556	-22.327753542888935	12.715492803385766	-0.14093875880332396	-50.022081931988936	-16.784710114922497	-20.14789473967166	19.642215114447364	-29.414783280146047	-85.73262517044806	
-48.338001294344465	66.63141243833135	-5.128935431273	-22.45802693107435	52.82916114758442	23.309395992190584	-57.83947342330476	22.16537637370592	6.004884006500683	19.060861494899186	16.903508425210042	37.994614813565	21.826597555039637	65.13982145252163	-35.18803684474505	58.891047852838824	-72.2658348257547	-23.406829759540884	23.910070304653622	55.308262972182526	51.846497986369556	-22.327753542888935	12.715492803385766	-0.14093875880332396	-50.022081931988936	-16.784710114922497	-20.14789473967166	19.642215114447364	-29.414783280146047	-85.73262517044806	
-48.338001294344465	66.63141243833135	-5.128935431273	-22.45802693107435	52.82916114758442	23.309395992190584	-57.83947342330476	22.16537637370592	6.004884006500683	19.060861494899186	16.903508425210042	37.994614813565	21.826597555039637	65.13982145252163	-35.18803684474505	58.891047852838824	-72.2658348257547	-23.406829759540884	23.910070304653622	55.308262972182526	51.846497986369556	-22.327753542888935	12.715492803385766	-0.14093875880332396	-50.022081931988936	-16.784710114922497	-20.14789473967166	19.642215114447364	-29.414783280146047	-85.73262517044806	
-48.338001294344465	66.63141243833135	-5.128935431273	-22.45802693107435	52.82916114758442	23.309395992190584	-57.83947342330476	22.16537637370592	6.004884006500683	19.060861494899186	16.903508425210042	37.994614813565	21.826597555039637	65.13982145252163	-35.18803684474505	58.891047852838824	-72.2658348257547	-23.406829759540884	23.910070304653622	55.308262972182526	51.846497986369556	-22.327753542888935	12.715492803385766	-0.14093875880332396	-50.022081931988936	-16.784710114922497	-20.14789473967166	19.642215114447364	-29.414783280146047	-85.73262517044806	
-48.338001294344465	66.63141243833135	-5.128935431273	-22.45802693107435	52.82916114758442	23.309395992190584	-57.83947342330476	22.16537637370592	6.004884006500683	19.060861494899186	16.903508425210042	37.994614813565	21.826597555039637	65.13982145252163	-35.18803684474505	58.891047852838824	-72.2658348257547	-23.406829759540884	23.910070304653622	55.308262972182526	51.846497986369556	-22.327753542888935	12.715492803385766	-0.14093875880332396	-50.022081931988936	-16.784710114922497	-20.14789473967166	19.642215114447364	-29.414783280146047	-85.73262517044806	
-48.338001294344465	66.63141243833135	-5.128935431273	-22.45802693107435	52.82916114758442	23.309395992190584	-57.83947342330476	22.16537637370592	6.004884006500683	19.060861494899186	16.903508425210042	37.994614813565	21.826597555039637	65.13982145252163	-35.18803684474505	58.891047852838824	-72.2658348257547	-23.406829759540884	23.910070304653622	55.308262972182526	51.846497986369556	-22.327753542888935	12.715492803385766	-0.14093875880332396	-50.022081931988936	-16.784710114922497	-20.14789473967166	19.642215114447364	-29.414783280146047	-85.73262517044806	
-48.338001294344465	66.63141243833135	-5.128935431273	-22.45802693107435	52.82916114758442	23.309395992190584	-57.83947342330476	22.16537637370592	6.004884006500683	19.060861494899186	16.903508425210042	37.994614813565	21.826597555039637	65.13982145252163	-35.18803684474505	58.891047852838824	-72.2658348257547	-23.406829759540884	23.910070304653622	55.308262972182526	51.846497986369556	-22.327753542888935	12.715492803385766	-0.14093875880332396	-50.022081931988936	-16.784710114922497	-20.14789473967166	19.642215114447364	-29.414783280146047	-85.73262517044806	
-48.338001294344465	66.63141243833135	-5.128935431273	-22.45802693107435	52.82916114758442	23.309395992190584	-57.83947342330476	22.16537637370592	6.004884006500683	19.060861494899186	16.903508425210042	37.994614813565	21.826597555039637	65.13982145252163	-35.18803684474505	58.891047852838824	-72.2658348257547	-23.406829759540884	23.910070304653622	55.308262972182526	51.846497986369556	-22.327753542888935	12.715492803385766	-0.14093875880332396	-50.022081931988936	-16.784710114922497	-20.14789473967166	19.642215114447364	-29.414783280146047	-85.73262517044806	
-48.338001294344465	66.63141243833135	-5.128935431273	-22.45802693107435	52.82916114758442	23.309395992190584	-57.83947342330476	22.16537637370592	6.004884006500683	19.060861494899186	16.903508425210042	37.994614813565	21.826597555039637	65.13982145252163	-35.18803684474505	58.891047852838824	-72.2658348257547	-23.406829759540884	23.910070304653622	55.308262972182526	51.846497986369556	-22.327753542888935	12.715492803385766	-0.14093875880332396	-50.022081931988936	-16.784710114922497	-20.14789473967166	19.642215114447364	-29.414783280146047	-85.73262517044806	
-48.338001294344465	66.63141243833135	-5.128935431273	-22.45802693107435	52.82916114758442	23.309395992190584	-57.83947342330476	22.16537637370592	6.004884006500683	19.060861494899186	16.903508425210042	37.994614813565	21.826597555039637	65.13982145252163	-35.18803684474505	58.891047852838824	-72.2658348257547	-23.406829759540884	23.910070304653622	55.308262972182526	51.846497986369556	-22.327753542888935	12.715492803385766	-0.14093875880332396	-50.022081931988936	-16.784710114922497	-20.14789473967166	19.642215114447364	-29.414783280146047	-85.73262517044806	
-48.338001294344465	66.63141243833135	-5.128935431273	-22.45802693107435	52.82916114758442	23.309395992190584	-57.83947342330476	22.16537637370592	6.004884006500683	19.060861494899186	16.903508425210042	37.994614813565	21.826597555039637	65.13982145252163	-35.18803684474505	58.891047852838824	-72.2658348257547	-23.406829759540884	23.910070304653622	55.308262972182526	51.846497986369556	-22.327753542888935	12.715492803385766	-0.14093875880332396	-50.022081931988936	-16.784710114922497	-20.14789473967166	19.642215114447364	-29.414783280146047	-85.73262517044806	
-48.338001294344465	66.63141243833135	-5.128935431273	-22.45802693107435	52.82916114758442	23.309395992190584	-57.83947342330476	22.16537637370592	6.004884006500683	19.060861494899186	16.903508425210042	37.994614813565	21.826597555039637	65.13982145252163	-35.18803684474505	58.891047852838824	-72.2658348257547	-23.406829759540884	23.910070304653622	55.308262972182526	51.846497986369556	-22.327753542888935	12.715492803385766	-0.14093875880332396	-50.022081931988936	-16.784710114922497	-20.14789473967166	19.642215114447364	-29.414783280146047	-85.73262517044806	
-48.338001294344465	66.63141243833135	-5.128935431273	-22.45802693107435	52.82916114758442	23.309395992190584	-57.83947342330476	22.16537637370592	6.004884006500683	19.060861494899186	16.903508425210042	37.994614813565	21.826597555039637	65.13982145252163	-35.18803684474505	58.891047852838824	-72.2658348257547	-23.406829759540884	23.910070304653622	55.308262972182526	51.846497986369556	-22.327753542888935	12.715492803385766	-0.14093875880332396	-50.022081931988936	-16.784710114922497	-20.14789473967166	19.642215114447364	-29.414783280146047	-85.73262517044806	
-48.338001294344465	66.63141243833135	-5.128935431273	-22.45802693107435	52.82916114758442	23.309395992190584	-57.83947342330476	22.16537637370592	6.004884006500683	19.060861494899186	16.903508425210042	37.994614813565	21.826597555039637	65.13982145252163	-35.18803684474505	58.891047852838824	-72.2658348257547	-23.406829759540884	23.910070304653622	55.308262972182526	51.846497986369556	-22.327753542888935	12.715492803385766	-0.14093875880332396	-50.022081931988936	-16.784710114922497	-20.14789473967166	19.642215114447364	-29.414783280146047	-85.73262517044806	
-48.338001294344465	66.63141243833135	-5.128935431273	-22.45802693107435	52.82916114758442	23.309395992190584	-57.83947342330476	22.16537637370592	6.004884006500683	19.060861494899186	16.903508425210042	37.994614813565	21.826597555039637	65.13982145252163	-35.18803684474505	58.891047852838824	-72.2658348257547	-23.406829759540884	23.910070304653622	55.308262972182526	51.846497986369556	-22.327753542888935	12.715492803385766	-0.14093875880332396	-50.022081931988936	-16.784710114922497	-20.14789473967166	19.642215114447364	-29.414783280146047	-85.73262517044806	
-48.338001294344465	66.63141243833135	-5.128935431273	-22.45802693107435	52.82916114758442	23.309395992190584	-57.83947342330476	22.16537637370592	6.004884006500683	19.060861494899186	16.903508425210042	37.994614813565	21.826597555039637	65.13982145252163	-35.18803684474505	58.891047852838824	-72.2658348257547	-23.406829759540884	23.910070304653622	55.308262972182526	51.846497986369556	-22.327753542888935	12.715492803385766	-0.14093875880332396	-50.022081931988936	-16.784710114922497	-20.14789473967166	19.642215114447364	-29.414783280146047	-85.73262517044806	
-48.338001294344465	66.63141243833135	-5.128935431273	-22.45802693107435	52.82916114758442	23.309395992190584	-57.83947342330476	22.16537637370592	6.004884006500683	19.060861494899186	16.903508425210042	37.994614813565	21.826597555039637	65.13982145252163	-35.18803684474505	58.891047852838824	-72.2658348257547	-23.406829759540884	23.910070304653622	55.308262972182526	51.846497986369556	-22.327753542888935	12.715492803385766	-0.14093875880332396	-50.022081931988936	-16.784710114922497	-20.14789473967166	19.642215114447364	-29.414783280146047	-85.73262517044806	
-48.338001294344465	66.63141243833135	-5.128935431273	-22.45802693107435	52.82916114758442	23.309395992190584	-57.83947342330476	22.16537637370592	6.004884006500683	19.060861494899186	16.903508425210042	37.994614813565	21.826597555039637	65.13982145252163	-35.18803684474505	58.891047852838824	-72.2658348257547	-23.406829759540884	23.910070304653622	55.308262972182526	51.846497986369556	-22.327753542888935	12.715492803385766	-0.14093875880332396	-50.022081931988936	-16.784710114922497	-20.14789473967166	19.642215114447364	-29.414783280146047	-85.73262517044806	
-48.338001294344465	66.63141243833135	-5.128935431273	-22.45802693107435	52.82916114758442	23.309395992190584	-57.83947342330476	22.16537637370592	6.004884006500683	19.060861494899186	16.903508425210042	37.994614813565	21.826597555039637	65.13982145252163	-35.18803684474505	58.891047852838824	-72.2658348257547	-23.406829759540884	23.910070304653622	55.308262972182526	51.846497986369556	-22.327753542888935	12.715492803385766	-0.14093875880332396	-50.022081931988936	-16.784710114922497	-20.14789473967166	19.642215114447364	-29.414783280146047	-85.73262517044806	
-48.338001294344465	66.63141243833135	-5.128935431273	-22.45802693107435	52.82916114758442	23.309395992190584	-57.83947342330476	22.16537637370592	6.004884006500683	19.060861494899186	16.903508425210042	37.994614813565	21.826597555039637	65.13982145252163	-35.18803684474505	58.891047852838824	-72.2658348257547	-23.406829759540884	23.910070304653622	55.308262972182526	51.846497986369556	-22.327753542888935	12.715492803385766	-0.14093875880332396	-50.022081931988936	-16.784710114922497	-20.14789473967166	19.642215114447364	-29.414783280146047	-85.73262517044806	
-48.338001294344465	66.63141243833135	-5.128935431273	-22.45802693107435	52.82916114758442	23.309395992190584	-57.83947342330476	22.16537637370592	6.004884006500683	19.060861494899186	16.903508425210042	37.994614813565	21.826597555039637	65.13982145252163	-35.18803684474505	58.891047852838824	-72.2658348257547	-23.406829759540884	23.910070304653622	55.308262972182526	51.846497986369556	-22.327753542888935	12.715492803385766	-0.14093875880332396	-50.022081931988936	-16.784710114922497	-20.14789473967166	19.642215114447364	-29.414783280146047	-85.73262517044806	
-48.338001294344465	66.63141243833135	-5.128935431273	-22.45802693107435	52.82916114758442	23.309395992190584	-57.83947342330476	22.16537637370592	6.004884006500683	19.060861494899186	16.903508425210042	37.994614813565	21.826597555039637	65.13982145252163	-35.18803684474505	58.891047852838824	-72.2658348257547	-23.406829759540884	23.910070304653622	55.308262972182526	51.846497986369556	-22.327753542888935	12.715492803385766	-0.14093875880332396	-50.022081931988936	-16.784710114922497	-20.14789473967166	19.642215114447364	-29.414783280146047	-85.73262517044806	
-48.338001294344465	66.63141243833135	-5.128935431273	-22.45802693107435	52.82916114758442	23.309395992190584	-57.83947342330476	22.16537637370592	6.004884006500683	19.060861494899186	16.903508425210042	37.994614813565	21.826597555039637	65.13982145252163	-35.18803684474505	58.891047852838824	-72.2658348257547	-23.406829759540884	23.910070304653622	55.308262972182526	51.846497986369556	-22.327753542888935	12.715492803385766	-0.14093875880332396	-50.022081931988936	-16.784710114922497	-20.14789473967166	19.642215114447364	-29.414783280146047	-85.73262517044806	
-48.338001294344465	66.63141243833135	-5.128935431273	-22.45802693107435	52.82916114758442	23.309395992190584	-57.83947342330476	22.16537637370592	6.004884006500683	19.060861494899186	16.903508425210042	37.994614813565	21.826597555039637	65.13982145252163	-35.18803684474505	58.891047852838824	-72.2658348257547	-23.406829759540884	23.910070304653622	55.308262972182526	51.846497986369556	-22.327753542888935	12.715492803385766	-0.14093875880332396	-50.022081931988936	-16.784710114922497	-20.14789473967166	19.642215114447364	-29.414783280146047	-85.73262517044806	
-48.338001294344465	66.63141243833135	-5.128935431273	-22.45802693107435	52.82916114758442	23.309395992190584	-57.83947342330476	22.16537637370592	6.004884006500683	19.060861494899186	16.903508425210042	37.994614813565	21.826597555039637	65.13982145252163	-35.18803684474505	58.891047852838824	-72.2658348257547	-23.406829759540884	23.910070304653622	55.308262972182526	51.846497986369556	-22.327753542888935	12.715492803385766	-0.14093875880332396	-50.022081931988936	-16.784710114922497	-20.14789473967166	19.642215114447364	-29.414783280146047	-85.73262517044806	
-48.338001294344465	66.63141243833135	-5.128935431273	-22.45802693107435	52.82916114758442	23.309395992190584	-57.83947342330476	22.16537637370592	6.004884006500683	19.060861494899186	16.903508425210042	37.994614813565	21.826597555039637	65.13982145252163	-35.18803684474505	58.891047852838824	-72.2658348257547	-23.406829759540884	23.910070304653622	55.308262972182526	51.846497986369556	-22.327753542888935	12.715492803385766	-0.14093875880332396	-50.022081931988936	-16.784710114922497	-20.14789473967166	19.642215114447364	-29.414783280146047	-85.73262517044806	
-48.338001294344465	66.63141243833135	-5.128935431273	-22.45802693107435	52.82916114758442	23.309395992190584	-57.83947342330476	22.16537637370592	6.004884006500683	19.060861494899186	16.903508425210042	37.994614813565	21.826597555039637	65.13982145252163	-35.18803684474505	58.891047852838824	-72.2658348257547	-23.406829759540884	23.910070304653622	55.308262972182526	51.846497986369556	-22.327753542888935	12.715492803385766	-0.14093875880332396	-50.022081931988936	-16.784710114922497	-20.14789473967166	19.642215114447364	-29.414783280146047	-85.73262517044806	
-48.338001294344465	66.63141243833135	-5.128935431273	-22.45802693107435	52.82916114758442	23.309395992190584	-57.83947342330476	22.16537637370592	6.004884006500683	19.060861494899186	16.903508425210042	37.994614813565	21.826597555039637	65.13982145252163	-35.18803684474505	58.891047852838824	-72.2658348257547	-23.406829759540884	23.910070304653622	55.308262972182526	51.846497986369556	-22.327753542888935	12.715492803385766	-0.14093875880332396	-50.022081931988936	-16.784710114922497	-20.14789473967166	19.642215114447364	-29.414783280146047	-85.73262517044806	
-48.338001294344465	66.63141243833135	-5.128935431273	-22.45802693107435	52.82916114758442	23.309395992190584	-57.83947342330476	22.16537637370592	6.004884006500683	19.060861494899186	16.903508425210042	37.994614813565	21.826597555039637	65.13982145252163	-35.18803684474505	58.891047852838824	-72.2658348257547	-23.406829759540884	23.910070304653622	55.308262972182526	51.846497986369556	-22.327753542888935	12.715492803385766	-0.14093875880332396	-50.022081931988936	-16.784710114922497	-20.14789473967166	19.642215114447364	-29.414783280146047	-85.73262517044806	
-48.338001294344465	66.63141243833135	-5.128935431273	-22.45802693107435	52.82916114758442	23.309395992190584	-57.83947342330476	22.16537637370592	6.004884006500683	19.060861494899186	16.903508425210042	37.994614813565	21.826597555039637	65.13982145252163	-35.18803684474505	58.891047852838824	-72.2658348257547	-23.406829759540884	23.910070304653622	55.308262972182526	51.846497986369556	-22.327753542888935	12.715492803385766	-0.14093875880332396	-50.022081931988936	-16.784710114922497	-20.14789473967166	19.642215114447364	-29.414783280146047	-85.73262517044806	
-48.338001294344465	66.63141243833135	-5.128935431273	-22.45802693107435	52.82916114758442	23.309395992190584	-57.83947342330476	22.16537637370592	6.004884006500683	19.060861494899186	16.903508425210042	37.994614813565	21.826597555039637	65.13982145252163	-35.18803684474505	58.891047852838824	-72.2658348257547	-23.406829759540884	23.910070304653622	55.308262972182526	51.846497986369556	-22.327753542888935	12.715492803385766	-0.14093875880332396	-50.022081931988936	-16.784710114922497	-20.14789473967166	19.642215114447364	-29.414783280146047	-85.73262517044806	
-48.338001294344465	66.63141243833135	-5.128935431273	-22.45802693107435	52.82916114758442	23.309395992190584	-57.83947342330476	22.16537637370592	6.004884006500683	19.060861494899186	16.903508425210042	37.994614813565	21.826597555039637	65.13982145252163	-35.18803684474505	58.891047852838824	-72.2658348257547	-23.406829759540884	23.910070304653622	55.308262972182526	51.846497986369556	-22.327753542888935	12.715492803385766	-0.14093875880332396	-50.022081931988936	-16.784710114922497	-20.14789473967166	19.642215114447364	-29.414783280146047	-85.73262517044806	
-48.338001294344465	66.63141243833135	-5.128935431273	-22.45802693107435	52.82916114758442	23.309395992190584	-57.83947342330476	22.16537637370592	6.004884006500683	19.060861494899186	16.903508425210042	37.994614813565	21.826597555039637	65.13982145252163	-35.18803684474505	58.891047852838824	-72.2658348257547	-23.406829759540884	23.910070304653622	55.308262972182526	51.846497986369556	-22.327753542888935	12.715492803385766	-0.14093875880332396	-50.022081931988936	-16.784710114922497	-20.14789473967166	19.642215114447364	-29.414783280146047	-85.73262517044806	
-48.338001294344465	66.63141243833135	-5.128935431273	-22.45802693107435	52.82916114758442	23.309395992190584	-57.83947342330476	22.16537637370592	6.004884006500683	19.060861494899186	16.903508425210042	37.994614813565	21.826597555039637	65.13982145252163	-35.18803684474505	58.891047852838824	-72.2658348257547	-23.406829759540884	23.910070304653622	55.308262972182526	51.846497986369556	-22.327753542888935	12.715492803385766	-0.14093875880332396	-50.022081931988936	-16.784710114922497	-20.14789473967166	19.642215114447364	-29.414783280146047	-85.73262517044806	
-48.338001294344465	66.63141243833135	-5.128935431273	-22.45802693107435	52.82916114758442	23.309395992190584	-57.83947342330476	22.16537637370592	6.004884006500683	19.060861494899186	16.903508425210042	37.994614813565	21.826597555039637	65.13982145252163	-35.18803684474505	58.891047852838824	-72.2658348257547	-23.406829759540884	23.910070304653622	55.308262972182526	51.846497986369556	-22.327753542888935	12.715492803385766	-0.14093875880332396	-50.022081931988936	-16.784710114922497	-20.14789473967166	19.642215114447364	-29.414783280146047	-85.73262517044806	
-48.338001294344465	66.63141243833135	-5.128935431273	-22.45802693107435	52.82916114758442	23.309395992190584	-57.83947342330476	22.16537637370592	6.004884006500683	19.060861494899186	16.903508425210042	37.994614813565	21.826597555039637	65.13982145252163	-35.18803684474505	58.891047852838824	-72.2658348257547	-23.406829759540884	23.910070304653622	55.308262972182526	51.846497986369556	-22.327753542888935	12.715492803385766	-0.14093875880332396	-50.022081931988936	-16.784710114922497	-20.14789473967166	19.642215114447364	-29.414783280146047	-85.73262517044806	
-48.338001294344465	66.63141243833135	-5.128935431273	-22.45802693107435	52.82916114758442	23.309395992190584	-57.83947342330476	22.16537637370592	6.004884006500683	19.060861494899186	16.903508425210042	37.994614813565	21.826597555039637	65.13982145252163	-35.18803684474505	58.891047852838824	-72.2658348257547	-23.406829759540884	23.910070304653622	55.308262972182526	51.846497986369556	-22.327753542888935	12.715492803385766	-0.14093875880332396	-50.022081931988936	-16.784710114922497	-20.14789473967166	19.642215114447364	-29.414783280146047	-85.73262517044806	
-48.338001294344465	66.63141243833135	-5.128935431273	-22.45802693107435	52.82916114758442	23.309395992190584	-57.83947342330476	22.16537637370592	6.004884006500683	19.060861494899186	16.903508425210042	37.994614813565	21.826597555039637	65.13982145252163	-35.18803684474505	58.891047852838824	-72.2658348257547	-23.406829759540884	23.910070304653622	55.308262972182526	51.846497986369556	-22.327753542888935	12.715492803385766	-0.14093875880332396	-50.022081931988936	-16.784710114922497	-20.14789473967166	19.642215114447364	-29.414783280146047	-85.73262517044806	
-48.338001294344465	66.63141243833135	-5.128935431273	-22.45802693107435	52.82916114758442	23.309395992190584	-57.83947342330476	22.16537637370592	6.004884006500683	19.060861494899186	16.903508425210042	37.994614813565	21.826597555039637	65.13982145252163	-35.18803684474505	58.891047852838824	-72.2658348257547	-23.406829759540884	23.910070304653622	55.308262972182526	51.846497986369556	-22.327753542888935	12.715492803385766	-0.14093875880332396	-50.022081931988936	-16.784710114922497	-20.14789473967166	19.642215114447364	-29.414783280146047	-85.73262517044806	
-48.338001294344465	66.63141243833135	-5.128935431273	-22.45802693107435	52.82916114758442	23.309395992190584	-57.83947342330476	22.16537637370592	6.004884006500683	19.060861494899186	16.903508425210042	37.994614813565	21.826597555039637	65.13982145252163	-35.18803684474505	58.891047852838824	-72.2658348257547	-23.406829759540884	23.910070304653622	55.308262972182526	51.846497986369556	-22.327753542888935	12.715492803385766	-0.14093875880332396	-50.022081931988936	-16.784710114922497	-20.14789473967166	19.642215114447364	-29.414783280146047	-85.73262517044806	
-48.338001294344465	66.63141243833135	-5.128935431273	-22.45802693107435	52.82916114758442	23.309395992190584	-57.83947342330476	22.16537637370592	6.004884006500683	19.060861494899186	16.903508425210042	37.994614813565	21.826597555039637	65.13982145252163	-35.18803684474505	58.891047852838824	-72.2658348257547	-23.406829759540884	23.910070304653622	55.308262972182526	51.846497986369556	-22.327753542888935	12.715492803385766	-0.14093875880332396	-50.022081931988936	-16.784710114922497	-20.14789473967166	19.642215114447364	-29.414783280146047	-85.73262517044806	
-48.338001294344465	66.63141243833135	-5.128935431273	-22.45802693107435	52.82916114758442	23.309395992190584	-57.83947342330476	22.16537637370592	6.004884006500683	19.060861494899186	16.903508425210042	37.994614813565	21.826597555039637	65.13982145252163	-35.18803684474505	58.891047852838824	-72.2658348257547	-23.406829759540884	23.910070304653622	55.308262972182526	51.846497986369556	-22.327753542888935	12.715492803385766	-0.14093875880332396	-50.022081931988936	-16.784710114922497	-20.14789473967166	19.642215114447364	-29.414783280146047	-85.73262517044806	
-48.338001294344465	66.63141243833135	-5.128935431273	-22.45802693107435	52.82916114758442	23.309395992190584	-57.83947342330476	22.16537637370592	6.004884006500683	19.060861494899186	16.903508425210042	37.994614813565	21.826597555039637	65.13982145252163	-35.18803684474505	58.891047852838824	-72.2658348257547	-23.406829759540884	23.910070304653622	55.308262972182526	51.846497986369556	-22.327753542888935	12.715492803385766	-0.14093875880332396	-50.022081931988936	-16.784710114922497	-20.14789473967166	19.642215114447364	-29.414783280146047	-85.73262517044806	
-48.338001294344465	66.63141243833135	-5.128935431273	-22.45802693107435	52.82916114758442	23.309395992190584	-57.83947342330476	22.16537637370592	6.004884006500683	19.060861494899186	16.903508425210042	37.994614813565	21.826597555039637	65.13982145252163	-35.18803684474505	58.891047852838824	-72.2658348257547	-23.406829759540884	23.910070304653622	55.308262972182526	51.846497986369556	-22.327753542888935	12.715492803385766	-0.14093875880332396	-50.022081931988936	-16.784710114922497	-20.14789473967166	19.642215114447364	-29.414783280146047	-85.73262517044806	
-48.338001294344465	66.63141243833135	-5.128935431273	-22.45802693107435	52.82916114758442	23.309395992190584	-57.83947342330476	22.16537637370592	6.004884006500683	19.060861494899186	16.903508425210042	37.994614813565	21.826597555039637	65.13982145252163	-35.18803684474505	58.891047852838824	-72.2658348257547	-23.406829759540884	23.910070304653622	55.308262972182526	51.846497986369556	-22.327753542888935	12.715492803385766	-0.14093875880332396	-50.022081931988936	-16.784710114922497	-20.14789473967166	19.642215114447364	-29.414783280146047	-85.73262517044806	
-48.338001294344465	66.63141243833135	-5.128935431273	-22.45802693107435	52.82916114758442	23.309395992190584	-57.83947342330476	22.16537637370592	6.004884006500683	19.060861494899186	16.903508425210042	37.994614813565	21.826597555039637	65.13982145252163	-35.18803684474505	58.891047852838824	-72.2658348257547	-23.406829759540884	23.910070304653622	55.308262972182526	51.846497986369556	-22.327753542888935	12.715492803385766	-0.14093875880332396	-50.022081931988936	-16.784710114922497	-20.14789473967166	19.642215114447364	-29.414783280146047	-85.73262517044806	
-48.338001294344465	66.63141243833135	-5.128935431273	-22.45802693107435	52.82916114758442	23.309395992190584	-57.83947342330476	22.16537637370592	6.004884006500683	19.060861494899186	16.903508425210042	37.994614813565	21.826597555039637	65.13982145252163	-35.18803684474505	58.891047852838824	-72.2658348257547	-23.406829759540884	23.910070304653622	55.308262972182526	51.846497986369556	-22.327753542888935	12.715492803385766	-0.14093875880332396	-50.022081931988936	-16.784710114922497	-20.14789473967166	19.642215114447364	-29.414783280146047	-85.73262517044806	
-48.338001294344465	66.63141243833135	-5.128935431273	-22.45802693107435	52.82916114758442	23.309395992190584	-57.83947342330476	22.16537637370592	6.004884006500683	19.060861494899186	16.903508425210042	37.994614813565	21.826597555039637	65.13982145252163	-35.18803684474505	58.891047852838824	-72.2658348257547	-23.406829759540884	23.910070304653622	55.308262972182526	51.846497986369556	-22.327753542888935	12.715492803385766	-0.14093875880332396	-50.022081931988936	-16.784710114922497	-20.14789473967166	19.642215114447364	-29.414783280146047	-85.73262517044806	
