300	4286592929.3180113
4157	55720.609457351566
4974	55718.69769240476
5800	55715.945836316256
6616	55714.5786262926
7419	55714.5786262926
10248	54288.66247976655
11048	54288.66247976655
15738	3462.5008969690457
18009	3460.0800066516535
19781	3456.625271748935
21508	3456.625271748935
24736	3456.625271748935
29084	3456.625271748935
33333	3136.967452903451
35567	3134.840048710159
36348	3134.840048710159
39152	3134.840048710159
41424	3134.840048710159
44208	3134.840048710159
47036	3134.840048710159
49827	3134.840048710159
53014	3134.840048710159
55318	3134.840048710159
57625	3134.840048710159
60358	3134.840048710159
62653	3134.840048710159
65932	3134.840048710159
67731	3134.840048710159
71043	3134.840048710159
74274	3134.840048710159
77095	3134.840048710159
79404	3134.840048710159
81707	3134.840048710159
83472	3134.840048710159
86193	3134.840048710159
88007	3134.840048710159
89774	3134.840048710159
93111	3134.840048710159
95820	3134.840048710159
98098	3134.840048710159
100335	3134.840048710159
102627	3134.840048710159
103890	3134.840048710159
108241	3134.840048710159
110500	3134.840048710159
112714	3134.840048710159
114484	3134.840048710159
116250	3134.840048710159
118550	3134.840048710159
120303	3134.840048710159
123026	3134.840048710159
126192	3134.840048710159
129973	3134.840048710159
134049	3134.840048710159
135787	3134.840048710159
138529	3134.840048710159
139820	3134.840048710159
142044	3134.840048710159
144798	3134.840048710159
146050	3134.840048710159
147790	3134.840048710159
149562	3134.840048710159
151830	3134.840048710159
154118	3134.840048710159
155866	3134.840048710159
157624	3134.840048710159
159861	3134.840048710159
162566	3134.840048710159
164797	3134.840048710159
166576	3134.840048710159
169287	3134.840048710159
171047	3134.840048710159
172799	3134.840048710159
174083	3134.840048710159
176315	3134.840048710159
177620	3134.840048710159
178919	3134.840048710159
180667	3134.840048710159
182461	3134.840048710159
185197	3134.840048710159
186468	3134.840048710159
187763	3134.840048710159
189053	3134.840048710159
190358	3134.840048710159
192688	3134.840048710159
193981	3134.840048710159
196714	3134.840048710159
200830	3134.840048710159
203111	3134.840048710159
205341	3134.840048710159
208093	3134.840048710159
210785	3134.840048710159
212564	3134.840048710159
214732	3134.840048710159
216495	3134.840048710159
218707	3134.840048710159
221394	3134.840048710159
223638	3134.840048710159
225892	3134.840048710159
227157	3134.840048710159
229406	3134.840048710159
230692	3134.840048710159
232941	3134.840048710159
235627	3134.840048710159
238831	3134.840048710159
242497	3134.840048710159
245201	3134.840048710159
246969	3134.840048710159
248713	3134.840048710159
249980	3134.840048710159
251267	3134.840048710159
254062	3134.840048710159
255362	3134.840048710159
256663	3134.840048710159
258418	3134.840048710159
261149	3134.840048710159
264320	3134.840048710159
265593	3134.840048710159
267334	3134.840048710159
269066	3134.840048710159
270340	3134.840048710159
271634	3134.840048710159
272904	3134.840048710159
274184	3134.840048710159
275967	3134.840048710159
278686	3134.840048710159
280469	3134.840048710159
282226	3134.840048710159
283508	3134.840048710159
284791	3134.840048710159
286074	3134.840048710159
287800	3134.840048710159
290528	3134.840048710159
292256	3134.840048710159
293553	3134.840048710159
296254	3134.840048710159
298988	3134.840048710159
300726	3134.840048710159
