89.03050662406633	31.997561466640576	-81.63988927915364	-88.53825692814068	1.5341413289533108	1.1469451093892928	87.50300991899113	-47.325701299097254	13.30011413361747	15.636197159857005	33.92673086501128	31.689330549737605	27.096014470748827	-58.63194658510429	-4.802491886789625	31.608022638070878	98.28721684012967	19.389981586848478	43.01464916495971	17.42639453463164	34.34630309229348	-77.778012611763	49.12208364357133	-17.738613765784777	-40.067517277108756	13.285052677180971	-5.3805643342973895	-23.831697064092694	-51.12989136664463	8.266351480148828	
-53.31206011863506	48.08730202117131	-22.133646639762915	-81.50498245690414	25.609460171350513	10.722375511486996	-54.60057025399567	19.684817533739604	9.57982927333716	-39.91204435902969	44.40895021739445	37.96725862555481	29.063689260899842	58.37509602412699	-53.43568098209512	61.02793133951937	-56.83550364694885	10.350199716776256	23.03042900780058	-23.39391269192001	33.27171151167117	22.743598164171615	6.127207988270391	2.8887313220034634	-57.317599672639766	-13.628842042905829	19.27970144981132	43.79401734996754	30.8336478086972	-78.01425852920725	
-54.1146366972698	47.76984015724145	-23.972732916079075	-51.64143925059054	25.63038928157665	10.722521855689832	-52.562283356043146	18.309279300010484	9.57997879364367	-39.911709740898026	44.40879450339613	40.70142619620868	27.752723752503915	53.18435067001719	60.115847481558205	58.83442752531632	-56.003733513560306	-24.730176111965463	-47.7105967503177	-53.5994158035134	33.271807210385475	-23.600165086266188	-11.671075544020127	-3.7520993094663297	-54.66635565251879	-23.75073411186948	18.922361146424958	44.50411953238035	30.833309790746693	-68.90116762516105	
-54.1146366972698	47.76984015724145	-23.972732916079075	-51.64143925059054	25.63038928157665	10.722521855689832	-52.562283356043146	18.309279300010484	9.57997879364367	-39.911709740898026	44.40879450339613	40.70142619620868	27.752723752503915	53.18435067001719	60.115847481558205	58.83442752531632	-56.003733513560306	-24.730176111965463	-47.7105967503177	-53.5994158035134	33.271807210385475	-23.600165086266188	-11.671075544020127	-3.7520993094663297	-54.66635565251879	-23.75073411186948	18.922361146424958	44.50411953238035	30.833309790746693	-68.90116762516105	
-69.37688734739031	17.11513659967581	-44.506916189403604	-23.51954687126158	29.51237388803654	10.889887126603956	-22.334865758372263	22.594610467586595	9.532454708688757	-39.127397185961044	44.043004808036486	31.959666228408548	30.039722964279903	-79.67128210403831	-4.876849022725531	57.01818546957625	-25.209131354312827	60.353728635667466	60.97302550223136	10.739824757412244	33.51883272427405	35.29742906422656	-12.660752205971178	19.147921132319652	-49.29790061992495	-4.612885905768112	-26.16095118292636	55.06858620546806	30.03203313633493	-70.921283732981	
-66.7768486872023	19.296653415721444	-33.18407657849258	-23.664662740442804	29.692160025166153	10.889989409162522	-20.514138712002573	27.049623121618822	9.532412307390398	-39.127083978049164	44.04283865978625	36.84980991875393	28.44089439063153	-70.80558439367586	-27.979451518389396	56.7358372173867	-25.79056603552186	-51.83546923982744	-53.86687202789711	5.7118575367900775	33.5189421710035	-22.920886172243055	-12.814921739785227	2.1644963036602425	-46.072390281079464	-8.126437414509699	-25.31279769344598	52.78884620666027	30.03171329422627	-69.39864548555973	
-67.61894052138727	17.797384304571708	-34.807629196012655	-20.872432463121456	26.81291441781991	10.890035750610018	-20.548043913944834	26.947813325525455	9.532399158248593	-39.12686663956504	44.04273730728148	32.349411420704776	28.41062555979477	-70.82557946946916	14.4195838692585	56.5772646291894	-24.071853337951676	-74.0222409222769	-39.05234891912045	5.879086086088572	33.519010616720905	-22.613291814165095	-12.294480015784348	5.894694084180296	-46.04533145826412	-7.042277120629702	-25.309665650083847	54.471505975280394	30.031491254479796	-70.49644072863954	
-67.61894052138727	17.797384304571708	-34.807629196012655	-20.872432463121456	26.81291441781991	10.890035750610018	-20.548043913944834	26.947813325525455	9.532399158248593	-39.12686663956504	44.04273730728148	32.349411420704776	28.41062555979477	-70.82557946946916	14.4195838692585	56.5772646291894	-24.071853337951676	-74.0222409222769	-39.05234891912045	5.879086086088572	33.519010616720905	-22.613291814165095	-12.294480015784348	5.894694084180296	-46.04533145826412	-7.042277120629702	-25.309665650083847	54.471505975280394	30.031491254479796	-70.49644072863954	
35.69265675923623	53.752488474332	-39.122868332082476	6.248724143886841	-28.010926030923205	19.033675838355023	13.591106736061157	-22.725958411160217	7.219109885092836	-0.9719593193649178	26.246932265830242	24.42415137885389	29.10956190576913	-34.6619262193761	23.380419549979234	-9.937339567971069	23.04959983202758	-27.729349206065514	49.8152050613056	-29.066412452955113	45.53660765016399	-4.095624808498501	-23.140998353210374	3.6114523569341923	-29.372400190608182	-8.181820870893297	-70.3719373237237	21.559192731848594	-8.948590624041058	-69.45043883332073	
35.69265675923623	53.752488474332	-39.122868332082476	6.248724143886841	-28.010926030923205	19.033675838355023	13.591106736061157	-22.725958411160217	7.219109885092836	-0.9719593193649178	26.246932265830242	24.42415137885389	29.10956190576913	-34.6619262193761	23.380419549979234	-9.937339567971069	23.04959983202758	-27.729349206065514	49.8152050613056	-29.066412452955113	45.53660765016399	-4.095624808498501	-23.140998353210374	3.6114523569341923	-29.372400190608182	-8.181820870893297	-70.3719373237237	21.559192731848594	-8.948590624041058	-69.45043883332073	
22.178742189106472	-26.304383323319307	-24.499247646091156	23.675395786367737	-70.68364142792296	19.14556133785088	18.107433253680778	27.470275971313807	7.187130156022378	-0.4477909448024023	26.002568482738017	32.88545444572863	44.41094532345519	-72.70020302380915	52.757805994129995	51.32093244229027	-23.587059236287864	21.492187024770192	23.071749361094714	-23.73711532570817	45.7018434290948	-23.550374902166986	2.0135066657688494	-0.4415304072760215	-20.495375563847645	-7.949674362224066	-30.310818504778716	53.0541428082671	-9.484184286971512	-70.14088673958614	
22.22152641512981	-29.454617975083284	-22.783984517620702	-31.17434162006473	-70.77305728535758	19.14556105949175	18.73463859676088	24.488467871933487	7.187549235564142	-0.4477395658765915	26.002477973947318	31.201420905714468	53.38111585428874	23.635130357789848	-25.298558901889354	74.59560429497058	-26.756794302859916	25.06133820171633	41.19751752524316	-23.97332702711499	45.70184326876692	-23.40288363746761	-1.8052712459009361	5.9234401908247065	-22.019262321539493	-5.162294447627433	-33.07439798787859	50.42917102359491	-9.48422978411741	-70.87785856389125	
22.22152641512981	-29.454617975083284	-22.783984517620702	-31.17434162006473	-70.77305728535758	19.14556105949175	18.73463859676088	24.488467871933487	7.187549235564142	-0.4477395658765915	26.002477973947318	31.201420905714468	53.38111585428874	23.635130357789848	-25.298558901889354	74.59560429497058	-26.756794302859916	25.06133820171633	41.19751752524316	-23.97332702711499	45.70184326876692	-23.40288363746761	-1.8052712459009361	5.9234401908247065	-22.019262321539493	-5.162294447627433	-33.07439798787859	50.42917102359491	-9.48422978411741	-70.87785856389125	
22.22152641512981	-29.454617975083284	-22.783984517620702	-31.17434162006473	-70.77305728535758	19.14556105949175	18.73463859676088	24.488467871933487	7.187549235564142	-0.4477395658765915	26.002477973947318	31.201420905714468	53.38111585428874	23.635130357789848	-25.298558901889354	74.59560429497058	-26.756794302859916	25.06133820171633	41.19751752524316	-23.97332702711499	45.70184326876692	-23.40288363746761	-1.8052712459009361	5.9234401908247065	-22.019262321539493	-5.162294447627433	-33.07439798787859	50.42917102359491	-9.48422978411741	-70.87785856389125	
22.22152641512981	-29.454617975083284	-22.783984517620702	-31.17434162006473	-70.77305728535758	19.14556105949175	18.73463859676088	24.488467871933487	7.187549235564142	-0.4477395658765915	26.002477973947318	31.201420905714468	53.38111585428874	23.635130357789848	-25.298558901889354	74.59560429497058	-26.756794302859916	25.06133820171633	41.19751752524316	-23.97332702711499	45.70184326876692	-23.40288363746761	-1.8052712459009361	5.9234401908247065	-22.019262321539493	-5.162294447627433	-33.07439798787859	50.42917102359491	-9.48422978411741	-70.87785856389125	
22.22152641512981	-29.454617975083284	-22.783984517620702	-31.17434162006473	-70.77305728535758	19.14556105949175	18.73463859676088	24.488467871933487	7.187549235564142	-0.4477395658765915	26.002477973947318	31.201420905714468	53.38111585428874	23.635130357789848	-25.298558901889354	74.59560429497058	-26.756794302859916	25.06133820171633	41.19751752524316	-23.97332702711499	45.70184326876692	-23.40288363746761	-1.8052712459009361	5.9234401908247065	-22.019262321539493	-5.162294447627433	-33.07439798787859	50.42917102359491	-9.48422978411741	-70.87785856389125	
22.22152641512981	-29.454617975083284	-22.783984517620702	-31.17434162006473	-70.77305728535758	19.14556105949175	18.73463859676088	24.488467871933487	7.187549235564142	-0.4477395658765915	26.002477973947318	31.201420905714468	53.38111585428874	23.635130357789848	-25.298558901889354	74.59560429497058	-26.756794302859916	25.06133820171633	41.19751752524316	-23.97332702711499	45.70184326876692	-23.40288363746761	-1.8052712459009361	5.9234401908247065	-22.019262321539493	-5.162294447627433	-33.07439798787859	50.42917102359491	-9.48422978411741	-70.87785856389125	
22.22152641512981	-29.454617975083284	-22.783984517620702	-31.17434162006473	-70.77305728535758	19.14556105949175	18.73463859676088	24.488467871933487	7.187549235564142	-0.4477395658765915	26.002477973947318	31.201420905714468	53.38111585428874	23.635130357789848	-25.298558901889354	74.59560429497058	-26.756794302859916	25.06133820171633	41.19751752524316	-23.97332702711499	45.70184326876692	-23.40288363746761	-1.8052712459009361	5.9234401908247065	-22.019262321539493	-5.162294447627433	-33.07439798787859	50.42917102359491	-9.48422978411741	-70.87785856389125	
22.22152641512981	-29.454617975083284	-22.783984517620702	-31.17434162006473	-70.77305728535758	19.14556105949175	18.73463859676088	24.488467871933487	7.187549235564142	-0.4477395658765915	26.002477973947318	31.201420905714468	53.38111585428874	23.635130357789848	-25.298558901889354	74.59560429497058	-26.756794302859916	25.06133820171633	41.19751752524316	-23.97332702711499	45.70184326876692	-23.40288363746761	-1.8052712459009361	5.9234401908247065	-22.019262321539493	-5.162294447627433	-33.07439798787859	50.42917102359491	-9.48422978411741	-70.87785856389125	
22.22152641512981	-29.454617975083284	-22.783984517620702	-31.17434162006473	-70.77305728535758	19.14556105949175	18.73463859676088	24.488467871933487	7.187549235564142	-0.4477395658765915	26.002477973947318	31.201420905714468	53.38111585428874	23.635130357789848	-25.298558901889354	74.59560429497058	-26.756794302859916	25.06133820171633	41.19751752524316	-23.97332702711499	45.70184326876692	-23.40288363746761	-1.8052712459009361	5.9234401908247065	-22.019262321539493	-5.162294447627433	-33.07439798787859	50.42917102359491	-9.48422978411741	-70.87785856389125	
22.22152641512981	-29.454617975083284	-22.783984517620702	-31.17434162006473	-70.77305728535758	19.14556105949175	18.73463859676088	24.488467871933487	7.187549235564142	-0.4477395658765915	26.002477973947318	31.201420905714468	53.38111585428874	23.635130357789848	-25.298558901889354	74.59560429497058	-26.756794302859916	25.06133820171633	41.19751752524316	-23.97332702711499	45.70184326876692	-23.40288363746761	-1.8052712459009361	5.9234401908247065	-22.019262321539493	-5.162294447627433	-33.07439798787859	50.42917102359491	-9.48422978411741	-70.87785856389125	
22.22152641512981	-29.454617975083284	-22.783984517620702	-31.17434162006473	-70.77305728535758	19.14556105949175	18.73463859676088	24.488467871933487	7.187549235564142	-0.4477395658765915	26.002477973947318	31.201420905714468	53.38111585428874	23.635130357789848	-25.298558901889354	74.59560429497058	-26.756794302859916	25.06133820171633	41.19751752524316	-23.97332702711499	45.70184326876692	-23.40288363746761	-1.8052712459009361	5.9234401908247065	-22.019262321539493	-5.162294447627433	-33.07439798787859	50.42917102359491	-9.48422978411741	-70.87785856389125	
22.22152641512981	-29.454617975083284	-22.783984517620702	-31.17434162006473	-70.77305728535758	19.14556105949175	18.73463859676088	24.488467871933487	7.187549235564142	-0.4477395658765915	26.002477973947318	31.201420905714468	53.38111585428874	23.635130357789848	-25.298558901889354	74.59560429497058	-26.756794302859916	25.06133820171633	41.19751752524316	-23.97332702711499	45.70184326876692	-23.40288363746761	-1.8052712459009361	5.9234401908247065	-22.019262321539493	-5.162294447627433	-33.07439798787859	50.42917102359491	-9.48422978411741	-70.87785856389125	
22.22152641512981	-29.454617975083284	-22.783984517620702	-31.17434162006473	-70.77305728535758	19.14556105949175	18.73463859676088	24.488467871933487	7.187549235564142	-0.4477395658765915	26.002477973947318	31.201420905714468	53.38111585428874	23.635130357789848	-25.298558901889354	74.59560429497058	-26.756794302859916	25.06133820171633	41.19751752524316	-23.97332702711499	45.70184326876692	-23.40288363746761	-1.8052712459009361	5.9234401908247065	-22.019262321539493	-5.162294447627433	-33.07439798787859	50.42917102359491	-9.48422978411741	-70.87785856389125	
22.22152641512981	-29.454617975083284	-22.783984517620702	-31.17434162006473	-70.77305728535758	19.14556105949175	18.73463859676088	24.488467871933487	7.187549235564142	-0.4477395658765915	26.002477973947318	31.201420905714468	53.38111585428874	23.635130357789848	-25.298558901889354	74.59560429497058	-26.756794302859916	25.06133820171633	41.19751752524316	-23.97332702711499	45.70184326876692	-23.40288363746761	-1.8052712459009361	5.9234401908247065	-22.019262321539493	-5.162294447627433	-33.07439798787859	50.42917102359491	-9.48422978411741	-70.87785856389125	
22.22152641512981	-29.454617975083284	-22.783984517620702	-31.17434162006473	-70.77305728535758	19.14556105949175	18.73463859676088	24.488467871933487	7.187549235564142	-0.4477395658765915	26.002477973947318	31.201420905714468	53.38111585428874	23.635130357789848	-25.298558901889354	74.59560429497058	-26.756794302859916	25.06133820171633	41.19751752524316	-23.97332702711499	45.70184326876692	-23.40288363746761	-1.8052712459009361	5.9234401908247065	-22.019262321539493	-5.162294447627433	-33.07439798787859	50.42917102359491	-9.48422978411741	-70.87785856389125	
22.22152641512981	-29.454617975083284	-22.783984517620702	-31.17434162006473	-70.77305728535758	19.14556105949175	18.73463859676088	24.488467871933487	7.187549235564142	-0.4477395658765915	26.002477973947318	31.201420905714468	53.38111585428874	23.635130357789848	-25.298558901889354	74.59560429497058	-26.756794302859916	25.06133820171633	41.19751752524316	-23.97332702711499	45.70184326876692	-23.40288363746761	-1.8052712459009361	5.9234401908247065	-22.019262321539493	-5.162294447627433	-33.07439798787859	50.42917102359491	-9.48422978411741	-70.87785856389125	
22.22152641512981	-29.454617975083284	-22.783984517620702	-31.17434162006473	-70.77305728535758	19.14556105949175	18.73463859676088	24.488467871933487	7.187549235564142	-0.4477395658765915	26.002477973947318	31.201420905714468	53.38111585428874	23.635130357789848	-25.298558901889354	74.59560429497058	-26.756794302859916	25.06133820171633	41.19751752524316	-23.97332702711499	45.70184326876692	-23.40288363746761	-1.8052712459009361	5.9234401908247065	-22.019262321539493	-5.162294447627433	-33.07439798787859	50.42917102359491	-9.48422978411741	-70.87785856389125	
22.22152641512981	-29.454617975083284	-22.783984517620702	-31.17434162006473	-70.77305728535758	19.14556105949175	18.73463859676088	24.488467871933487	7.187549235564142	-0.4477395658765915	26.002477973947318	31.201420905714468	53.38111585428874	23.635130357789848	-25.298558901889354	74.59560429497058	-26.756794302859916	25.06133820171633	41.19751752524316	-23.97332702711499	45.70184326876692	-23.40288363746761	-1.8052712459009361	5.9234401908247065	-22.019262321539493	-5.162294447627433	-33.07439798787859	50.42917102359491	-9.48422978411741	-70.87785856389125	
22.22152641512981	-29.454617975083284	-22.783984517620702	-31.17434162006473	-70.77305728535758	19.14556105949175	18.73463859676088	24.488467871933487	7.187549235564142	-0.4477395658765915	26.002477973947318	31.201420905714468	53.38111585428874	23.635130357789848	-25.298558901889354	74.59560429497058	-26.756794302859916	25.06133820171633	41.19751752524316	-23.97332702711499	45.70184326876692	-23.40288363746761	-1.8052712459009361	5.9234401908247065	-22.019262321539493	-5.162294447627433	-33.07439798787859	50.42917102359491	-9.48422978411741	-70.87785856389125	
22.22152641512981	-29.454617975083284	-22.783984517620702	-31.17434162006473	-70.77305728535758	19.14556105949175	18.73463859676088	24.488467871933487	7.187549235564142	-0.4477395658765915	26.002477973947318	31.201420905714468	53.38111585428874	23.635130357789848	-25.298558901889354	74.59560429497058	-26.756794302859916	25.06133820171633	41.19751752524316	-23.97332702711499	45.70184326876692	-23.40288363746761	-1.8052712459009361	5.9234401908247065	-22.019262321539493	-5.162294447627433	-33.07439798787859	50.42917102359491	-9.48422978411741	-70.87785856389125	
22.22152641512981	-29.454617975083284	-22.783984517620702	-31.17434162006473	-70.77305728535758	19.14556105949175	18.73463859676088	24.488467871933487	7.187549235564142	-0.4477395658765915	26.002477973947318	31.201420905714468	53.38111585428874	23.635130357789848	-25.298558901889354	74.59560429497058	-26.756794302859916	25.06133820171633	41.19751752524316	-23.97332702711499	45.70184326876692	-23.40288363746761	-1.8052712459009361	5.9234401908247065	-22.019262321539493	-5.162294447627433	-33.07439798787859	50.42917102359491	-9.48422978411741	-70.87785856389125	
22.22152641512981	-29.454617975083284	-22.783984517620702	-31.17434162006473	-70.77305728535758	19.14556105949175	18.73463859676088	24.488467871933487	7.187549235564142	-0.4477395658765915	26.002477973947318	31.201420905714468	53.38111585428874	23.635130357789848	-25.298558901889354	74.59560429497058	-26.756794302859916	25.06133820171633	41.19751752524316	-23.97332702711499	45.70184326876692	-23.40288363746761	-1.8052712459009361	5.9234401908247065	-22.019262321539493	-5.162294447627433	-33.07439798787859	50.42917102359491	-9.48422978411741	-70.87785856389125	
22.22152641512981	-29.454617975083284	-22.783984517620702	-31.17434162006473	-70.77305728535758	19.14556105949175	18.73463859676088	24.488467871933487	7.187549235564142	-0.4477395658765915	26.002477973947318	31.201420905714468	53.38111585428874	23.635130357789848	-25.298558901889354	74.59560429497058	-26.756794302859916	25.06133820171633	41.19751752524316	-23.97332702711499	45.70184326876692	-23.40288363746761	-1.8052712459009361	5.9234401908247065	-22.019262321539493	-5.162294447627433	-33.07439798787859	50.42917102359491	-9.48422978411741	-70.87785856389125	
22.22152641512981	-29.454617975083284	-22.783984517620702	-31.17434162006473	-70.77305728535758	19.14556105949175	18.73463859676088	24.488467871933487	7.187549235564142	-0.4477395658765915	26.002477973947318	31.201420905714468	53.38111585428874	23.635130357789848	-25.298558901889354	74.59560429497058	-26.756794302859916	25.06133820171633	41.19751752524316	-23.97332702711499	45.70184326876692	-23.40288363746761	-1.8052712459009361	5.9234401908247065	-22.019262321539493	-5.162294447627433	-33.07439798787859	50.42917102359491	-9.48422978411741	-70.87785856389125	
22.22152641512981	-29.454617975083284	-22.783984517620702	-31.17434162006473	-70.77305728535758	19.14556105949175	18.73463859676088	24.488467871933487	7.187549235564142	-0.4477395658765915	26.002477973947318	31.201420905714468	53.38111585428874	23.635130357789848	-25.298558901889354	74.59560429497058	-26.756794302859916	25.06133820171633	41.19751752524316	-23.97332702711499	45.70184326876692	-23.40288363746761	-1.8052712459009361	5.9234401908247065	-22.019262321539493	-5.162294447627433	-33.07439798787859	50.42917102359491	-9.48422978411741	-70.87785856389125	
22.22152641512981	-29.454617975083284	-22.783984517620702	-31.17434162006473	-70.77305728535758	19.14556105949175	18.73463859676088	24.488467871933487	7.187549235564142	-0.4477395658765915	26.002477973947318	31.201420905714468	53.38111585428874	23.635130357789848	-25.298558901889354	74.59560429497058	-26.756794302859916	25.06133820171633	41.19751752524316	-23.97332702711499	45.70184326876692	-23.40288363746761	-1.8052712459009361	5.9234401908247065	-22.019262321539493	-5.162294447627433	-33.07439798787859	50.42917102359491	-9.48422978411741	-70.87785856389125	
22.22152641512981	-29.454617975083284	-22.783984517620702	-31.17434162006473	-70.77305728535758	19.14556105949175	18.73463859676088	24.488467871933487	7.187549235564142	-0.4477395658765915	26.002477973947318	31.201420905714468	53.38111585428874	23.635130357789848	-25.298558901889354	74.59560429497058	-26.756794302859916	25.06133820171633	41.19751752524316	-23.97332702711499	45.70184326876692	-23.40288363746761	-1.8052712459009361	5.9234401908247065	-22.019262321539493	-5.162294447627433	-33.07439798787859	50.42917102359491	-9.48422978411741	-70.87785856389125	
22.22152641512981	-29.454617975083284	-22.783984517620702	-31.17434162006473	-70.77305728535758	19.14556105949175	18.73463859676088	24.488467871933487	7.187549235564142	-0.4477395658765915	26.002477973947318	31.201420905714468	53.38111585428874	23.635130357789848	-25.298558901889354	74.59560429497058	-26.756794302859916	25.06133820171633	41.19751752524316	-23.97332702711499	45.70184326876692	-23.40288363746761	-1.8052712459009361	5.9234401908247065	-22.019262321539493	-5.162294447627433	-33.07439798787859	50.42917102359491	-9.48422978411741	-70.87785856389125	
22.22152641512981	-29.454617975083284	-22.783984517620702	-31.17434162006473	-70.77305728535758	19.14556105949175	18.73463859676088	24.488467871933487	7.187549235564142	-0.4477395658765915	26.002477973947318	31.201420905714468	53.38111585428874	23.635130357789848	-25.298558901889354	74.59560429497058	-26.756794302859916	25.06133820171633	41.19751752524316	-23.97332702711499	45.70184326876692	-23.40288363746761	-1.8052712459009361	5.9234401908247065	-22.019262321539493	-5.162294447627433	-33.07439798787859	50.42917102359491	-9.48422978411741	-70.87785856389125	
22.22152641512981	-29.454617975083284	-22.783984517620702	-31.17434162006473	-70.77305728535758	19.14556105949175	18.73463859676088	24.488467871933487	7.187549235564142	-0.4477395658765915	26.002477973947318	31.201420905714468	53.38111585428874	23.635130357789848	-25.298558901889354	74.59560429497058	-26.756794302859916	25.06133820171633	41.19751752524316	-23.97332702711499	45.70184326876692	-23.40288363746761	-1.8052712459009361	5.9234401908247065	-22.019262321539493	-5.162294447627433	-33.07439798787859	50.42917102359491	-9.48422978411741	-70.87785856389125	
22.22152641512981	-29.454617975083284	-22.783984517620702	-31.17434162006473	-70.77305728535758	19.14556105949175	18.73463859676088	24.488467871933487	7.187549235564142	-0.4477395658765915	26.002477973947318	31.201420905714468	53.38111585428874	23.635130357789848	-25.298558901889354	74.59560429497058	-26.756794302859916	25.06133820171633	41.19751752524316	-23.97332702711499	45.70184326876692	-23.40288363746761	-1.8052712459009361	5.9234401908247065	-22.019262321539493	-5.162294447627433	-33.07439798787859	50.42917102359491	-9.48422978411741	-70.87785856389125	
22.22152641512981	-29.454617975083284	-22.783984517620702	-31.17434162006473	-70.77305728535758	19.14556105949175	18.73463859676088	24.488467871933487	7.187549235564142	-0.4477395658765915	26.002477973947318	31.201420905714468	53.38111585428874	23.635130357789848	-25.298558901889354	74.59560429497058	-26.756794302859916	25.06133820171633	41.19751752524316	-23.97332702711499	45.70184326876692	-23.40288363746761	-1.8052712459009361	5.9234401908247065	-22.019262321539493	-5.162294447627433	-33.07439798787859	50.42917102359491	-9.48422978411741	-70.87785856389125	
22.22152641512981	-29.454617975083284	-22.783984517620702	-31.17434162006473	-70.77305728535758	19.14556105949175	18.73463859676088	24.488467871933487	7.187549235564142	-0.4477395658765915	26.002477973947318	31.201420905714468	53.38111585428874	23.635130357789848	-25.298558901889354	74.59560429497058	-26.756794302859916	25.06133820171633	41.19751752524316	-23.97332702711499	45.70184326876692	-23.40288363746761	-1.8052712459009361	5.9234401908247065	-22.019262321539493	-5.162294447627433	-33.07439798787859	50.42917102359491	-9.48422978411741	-70.87785856389125	
22.22152641512981	-29.454617975083284	-22.783984517620702	-31.17434162006473	-70.77305728535758	19.14556105949175	18.73463859676088	24.488467871933487	7.187549235564142	-0.4477395658765915	26.002477973947318	31.201420905714468	53.38111585428874	23.635130357789848	-25.298558901889354	74.59560429497058	-26.756794302859916	25.06133820171633	41.19751752524316	-23.97332702711499	45.70184326876692	-23.40288363746761	-1.8052712459009361	5.9234401908247065	-22.019262321539493	-5.162294447627433	-33.07439798787859	50.42917102359491	-9.48422978411741	-70.87785856389125	
22.22152641512981	-29.454617975083284	-22.783984517620702	-31.17434162006473	-70.77305728535758	19.14556105949175	18.73463859676088	24.488467871933487	7.187549235564142	-0.4477395658765915	26.002477973947318	31.201420905714468	53.38111585428874	23.635130357789848	-25.298558901889354	74.59560429497058	-26.756794302859916	25.06133820171633	41.19751752524316	-23.97332702711499	45.70184326876692	-23.40288363746761	-1.8052712459009361	5.9234401908247065	-22.019262321539493	-5.162294447627433	-33.07439798787859	50.42917102359491	-9.48422978411741	-70.87785856389125	
22.22152641512981	-29.454617975083284	-22.783984517620702	-31.17434162006473	-70.77305728535758	19.14556105949175	18.73463859676088	24.488467871933487	7.187549235564142	-0.4477395658765915	26.002477973947318	31.201420905714468	53.38111585428874	23.635130357789848	-25.298558901889354	74.59560429497058	-26.756794302859916	25.06133820171633	41.19751752524316	-23.97332702711499	45.70184326876692	-23.40288363746761	-1.8052712459009361	5.9234401908247065	-22.019262321539493	-5.162294447627433	-33.07439798787859	50.42917102359491	-9.48422978411741	-70.87785856389125	
22.22152641512981	-29.454617975083284	-22.783984517620702	-31.17434162006473	-70.77305728535758	19.14556105949175	18.73463859676088	24.488467871933487	7.187549235564142	-0.4477395658765915	26.002477973947318	31.201420905714468	53.38111585428874	23.635130357789848	-25.298558901889354	74.59560429497058	-26.756794302859916	25.06133820171633	41.19751752524316	-23.97332702711499	45.70184326876692	-23.40288363746761	-1.8052712459009361	5.9234401908247065	-22.019262321539493	-5.162294447627433	-33.07439798787859	50.42917102359491	-9.48422978411741	-70.87785856389125	
22.22152641512981	-29.454617975083284	-22.783984517620702	-31.17434162006473	-70.77305728535758	19.14556105949175	18.73463859676088	24.488467871933487	7.187549235564142	-0.4477395658765915	26.002477973947318	31.201420905714468	53.38111585428874	23.635130357789848	-25.298558901889354	74.59560429497058	-26.756794302859916	25.06133820171633	41.19751752524316	-23.97332702711499	45.70184326876692	-23.40288363746761	-1.8052712459009361	5.9234401908247065	-22.019262321539493	-5.162294447627433	-33.07439798787859	50.42917102359491	-9.48422978411741	-70.87785856389125	
22.22152641512981	-29.454617975083284	-22.783984517620702	-31.17434162006473	-70.77305728535758	19.14556105949175	18.73463859676088	24.488467871933487	7.187549235564142	-0.4477395658765915	26.002477973947318	31.201420905714468	53.38111585428874	23.635130357789848	-25.298558901889354	74.59560429497058	-26.756794302859916	25.06133820171633	41.19751752524316	-23.97332702711499	45.70184326876692	-23.40288363746761	-1.8052712459009361	5.9234401908247065	-22.019262321539493	-5.162294447627433	-33.07439798787859	50.42917102359491	-9.48422978411741	-70.87785856389125	
22.22152641512981	-29.454617975083284	-22.783984517620702	-31.17434162006473	-70.77305728535758	19.14556105949175	18.73463859676088	24.488467871933487	7.187549235564142	-0.4477395658765915	26.002477973947318	31.201420905714468	53.38111585428874	23.635130357789848	-25.298558901889354	74.59560429497058	-26.756794302859916	25.06133820171633	41.19751752524316	-23.97332702711499	45.70184326876692	-23.40288363746761	-1.8052712459009361	5.9234401908247065	-22.019262321539493	-5.162294447627433	-33.07439798787859	50.42917102359491	-9.48422978411741	-70.87785856389125	
22.22152641512981	-29.454617975083284	-22.783984517620702	-31.17434162006473	-70.77305728535758	19.14556105949175	18.73463859676088	24.488467871933487	7.187549235564142	-0.4477395658765915	26.002477973947318	31.201420905714468	53.38111585428874	23.635130357789848	-25.298558901889354	74.59560429497058	-26.756794302859916	25.06133820171633	41.19751752524316	-23.97332702711499	45.70184326876692	-23.40288363746761	-1.8052712459009361	5.9234401908247065	-22.019262321539493	-5.162294447627433	-33.07439798787859	50.42917102359491	-9.48422978411741	-70.87785856389125	
22.22152641512981	-29.454617975083284	-22.783984517620702	-31.17434162006473	-70.77305728535758	19.14556105949175	18.73463859676088	24.488467871933487	7.187549235564142	-0.4477395658765915	26.002477973947318	31.201420905714468	53.38111585428874	23.635130357789848	-25.298558901889354	74.59560429497058	-26.756794302859916	25.06133820171633	41.19751752524316	-23.97332702711499	45.70184326876692	-23.40288363746761	-1.8052712459009361	5.9234401908247065	-22.019262321539493	-5.162294447627433	-33.07439798787859	50.42917102359491	-9.48422978411741	-70.87785856389125	
22.22152641512981	-29.454617975083284	-22.783984517620702	-31.17434162006473	-70.77305728535758	19.14556105949175	18.73463859676088	24.488467871933487	7.187549235564142	-0.4477395658765915	26.002477973947318	31.201420905714468	53.38111585428874	23.635130357789848	-25.298558901889354	74.59560429497058	-26.756794302859916	25.06133820171633	41.19751752524316	-23.97332702711499	45.70184326876692	-23.40288363746761	-1.8052712459009361	5.9234401908247065	-22.019262321539493	-5.162294447627433	-33.07439798787859	50.42917102359491	-9.48422978411741	-70.87785856389125	
22.22152641512981	-29.454617975083284	-22.783984517620702	-31.17434162006473	-70.77305728535758	19.14556105949175	18.73463859676088	24.488467871933487	7.187549235564142	-0.4477395658765915	26.002477973947318	31.201420905714468	53.38111585428874	23.635130357789848	-25.298558901889354	74.59560429497058	-26.756794302859916	25.06133820171633	41.19751752524316	-23.97332702711499	45.70184326876692	-23.40288363746761	-1.8052712459009361	5.9234401908247065	-22.019262321539493	-5.162294447627433	-33.07439798787859	50.42917102359491	-9.48422978411741	-70.87785856389125	
22.22152641512981	-29.454617975083284	-22.783984517620702	-31.17434162006473	-70.77305728535758	19.14556105949175	18.73463859676088	24.488467871933487	7.187549235564142	-0.4477395658765915	26.002477973947318	31.201420905714468	53.38111585428874	23.635130357789848	-25.298558901889354	74.59560429497058	-26.756794302859916	25.06133820171633	41.19751752524316	-23.97332702711499	45.70184326876692	-23.40288363746761	-1.8052712459009361	5.9234401908247065	-22.019262321539493	-5.162294447627433	-33.07439798787859	50.42917102359491	-9.48422978411741	-70.87785856389125	
22.22152641512981	-29.454617975083284	-22.783984517620702	-31.17434162006473	-70.77305728535758	19.14556105949175	18.73463859676088	24.488467871933487	7.187549235564142	-0.4477395658765915	26.002477973947318	31.201420905714468	53.38111585428874	23.635130357789848	-25.298558901889354	74.59560429497058	-26.756794302859916	25.06133820171633	41.19751752524316	-23.97332702711499	45.70184326876692	-23.40288363746761	-1.8052712459009361	5.9234401908247065	-22.019262321539493	-5.162294447627433	-33.07439798787859	50.42917102359491	-9.48422978411741	-70.87785856389125	
22.22152641512981	-29.454617975083284	-22.783984517620702	-31.17434162006473	-70.77305728535758	19.14556105949175	18.73463859676088	24.488467871933487	7.187549235564142	-0.4477395658765915	26.002477973947318	31.201420905714468	53.38111585428874	23.635130357789848	-25.298558901889354	74.59560429497058	-26.756794302859916	25.06133820171633	41.19751752524316	-23.97332702711499	45.70184326876692	-23.40288363746761	-1.8052712459009361	5.9234401908247065	-22.019262321539493	-5.162294447627433	-33.07439798787859	50.42917102359491	-9.48422978411741	-70.87785856389125	
22.22152641512981	-29.454617975083284	-22.783984517620702	-31.17434162006473	-70.77305728535758	19.14556105949175	18.73463859676088	24.488467871933487	7.187549235564142	-0.4477395658765915	26.002477973947318	31.201420905714468	53.38111585428874	23.635130357789848	-25.298558901889354	74.59560429497058	-26.756794302859916	25.06133820171633	41.19751752524316	-23.97332702711499	45.70184326876692	-23.40288363746761	-1.8052712459009361	5.9234401908247065	-22.019262321539493	-5.162294447627433	-33.07439798787859	50.42917102359491	-9.48422978411741	-70.87785856389125	
22.22152641512981	-29.454617975083284	-22.783984517620702	-31.17434162006473	-70.77305728535758	19.14556105949175	18.73463859676088	24.488467871933487	7.187549235564142	-0.4477395658765915	26.002477973947318	31.201420905714468	53.38111585428874	23.635130357789848	-25.298558901889354	74.59560429497058	-26.756794302859916	25.06133820171633	41.19751752524316	-23.97332702711499	45.70184326876692	-23.40288363746761	-1.8052712459009361	5.9234401908247065	-22.019262321539493	-5.162294447627433	-33.07439798787859	50.42917102359491	-9.48422978411741	-70.87785856389125	
22.22152641512981	-29.454617975083284	-22.783984517620702	-31.17434162006473	-70.77305728535758	19.14556105949175	18.73463859676088	24.488467871933487	7.187549235564142	-0.4477395658765915	26.002477973947318	31.201420905714468	53.38111585428874	23.635130357789848	-25.298558901889354	74.59560429497058	-26.756794302859916	25.06133820171633	41.19751752524316	-23.97332702711499	45.70184326876692	-23.40288363746761	-1.8052712459009361	5.9234401908247065	-22.019262321539493	-5.162294447627433	-33.07439798787859	50.42917102359491	-9.48422978411741	-70.87785856389125	
22.22152641512981	-29.454617975083284	-22.783984517620702	-31.17434162006473	-70.77305728535758	19.14556105949175	18.73463859676088	24.488467871933487	7.187549235564142	-0.4477395658765915	26.002477973947318	31.201420905714468	53.38111585428874	23.635130357789848	-25.298558901889354	74.59560429497058	-26.756794302859916	25.06133820171633	41.19751752524316	-23.97332702711499	45.70184326876692	-23.40288363746761	-1.8052712459009361	5.9234401908247065	-22.019262321539493	-5.162294447627433	-33.07439798787859	50.42917102359491	-9.48422978411741	-70.87785856389125	
22.22152641512981	-29.454617975083284	-22.783984517620702	-31.17434162006473	-70.77305728535758	19.14556105949175	18.73463859676088	24.488467871933487	7.187549235564142	-0.4477395658765915	26.002477973947318	31.201420905714468	53.38111585428874	23.635130357789848	-25.298558901889354	74.59560429497058	-26.756794302859916	25.06133820171633	41.19751752524316	-23.97332702711499	45.70184326876692	-23.40288363746761	-1.8052712459009361	5.9234401908247065	-22.019262321539493	-5.162294447627433	-33.07439798787859	50.42917102359491	-9.48422978411741	-70.87785856389125	
22.22152641512981	-29.454617975083284	-22.783984517620702	-31.17434162006473	-70.77305728535758	19.14556105949175	18.73463859676088	24.488467871933487	7.187549235564142	-0.4477395658765915	26.002477973947318	31.201420905714468	53.38111585428874	23.635130357789848	-25.298558901889354	74.59560429497058	-26.756794302859916	25.06133820171633	41.19751752524316	-23.97332702711499	45.70184326876692	-23.40288363746761	-1.8052712459009361	5.9234401908247065	-22.019262321539493	-5.162294447627433	-33.07439798787859	50.42917102359491	-9.48422978411741	-70.87785856389125	
22.22152641512981	-29.454617975083284	-22.783984517620702	-31.17434162006473	-70.77305728535758	19.14556105949175	18.73463859676088	24.488467871933487	7.187549235564142	-0.4477395658765915	26.002477973947318	31.201420905714468	53.38111585428874	23.635130357789848	-25.298558901889354	74.59560429497058	-26.756794302859916	25.06133820171633	41.19751752524316	-23.97332702711499	45.70184326876692	-23.40288363746761	-1.8052712459009361	5.9234401908247065	-22.019262321539493	-5.162294447627433	-33.07439798787859	50.42917102359491	-9.48422978411741	-70.87785856389125	
22.22152641512981	-29.454617975083284	-22.783984517620702	-31.17434162006473	-70.77305728535758	19.14556105949175	18.73463859676088	24.488467871933487	7.187549235564142	-0.4477395658765915	26.002477973947318	31.201420905714468	53.38111585428874	23.635130357789848	-25.298558901889354	74.59560429497058	-26.756794302859916	25.06133820171633	41.19751752524316	-23.97332702711499	45.70184326876692	-23.40288363746761	-1.8052712459009361	5.9234401908247065	-22.019262321539493	-5.162294447627433	-33.07439798787859	50.42917102359491	-9.48422978411741	-70.87785856389125	
22.22152641512981	-29.454617975083284	-22.783984517620702	-31.17434162006473	-70.77305728535758	19.14556105949175	18.73463859676088	24.488467871933487	7.187549235564142	-0.4477395658765915	26.002477973947318	31.201420905714468	53.38111585428874	23.635130357789848	-25.298558901889354	74.59560429497058	-26.756794302859916	25.06133820171633	41.19751752524316	-23.97332702711499	45.70184326876692	-23.40288363746761	-1.8052712459009361	5.9234401908247065	-22.019262321539493	-5.162294447627433	-33.07439798787859	50.42917102359491	-9.48422978411741	-70.87785856389125	
22.22152641512981	-29.454617975083284	-22.783984517620702	-31.17434162006473	-70.77305728535758	19.14556105949175	18.73463859676088	24.488467871933487	7.187549235564142	-0.4477395658765915	26.002477973947318	31.201420905714468	53.38111585428874	23.635130357789848	-25.298558901889354	74.59560429497058	-26.756794302859916	25.06133820171633	41.19751752524316	-23.97332702711499	45.70184326876692	-23.40288363746761	-1.8052712459009361	5.9234401908247065	-22.019262321539493	-5.162294447627433	-33.07439798787859	50.42917102359491	-9.48422978411741	-70.87785856389125	
22.22152641512981	-29.454617975083284	-22.783984517620702	-31.17434162006473	-70.77305728535758	19.14556105949175	18.73463859676088	24.488467871933487	7.187549235564142	-0.4477395658765915	26.002477973947318	31.201420905714468	53.38111585428874	23.635130357789848	-25.298558901889354	74.59560429497058	-26.756794302859916	25.06133820171633	41.19751752524316	-23.97332702711499	45.70184326876692	-23.40288363746761	-1.8052712459009361	5.9234401908247065	-22.019262321539493	-5.162294447627433	-33.07439798787859	50.42917102359491	-9.48422978411741	-70.87785856389125	
22.22152641512981	-29.454617975083284	-22.783984517620702	-31.17434162006473	-70.77305728535758	19.14556105949175	18.73463859676088	24.488467871933487	7.187549235564142	-0.4477395658765915	26.002477973947318	31.201420905714468	53.38111585428874	23.635130357789848	-25.298558901889354	74.59560429497058	-26.756794302859916	25.06133820171633	41.19751752524316	-23.97332702711499	45.70184326876692	-23.40288363746761	-1.8052712459009361	5.9234401908247065	-22.019262321539493	-5.162294447627433	-33.07439798787859	50.42917102359491	-9.48422978411741	-70.87785856389125	
22.22152641512981	-29.454617975083284	-22.783984517620702	-31.17434162006473	-70.77305728535758	19.14556105949175	18.73463859676088	24.488467871933487	7.187549235564142	-0.4477395658765915	26.002477973947318	31.201420905714468	53.38111585428874	23.635130357789848	-25.298558901889354	74.59560429497058	-26.756794302859916	25.06133820171633	41.19751752524316	-23.97332702711499	45.70184326876692	-23.40288363746761	-1.8052712459009361	5.9234401908247065	-22.019262321539493	-5.162294447627433	-33.07439798787859	50.42917102359491	-9.48422978411741	-70.87785856389125	
22.22152641512981	-29.454617975083284	-22.783984517620702	-31.17434162006473	-70.77305728535758	19.14556105949175	18.73463859676088	24.488467871933487	7.187549235564142	-0.4477395658765915	26.002477973947318	31.201420905714468	53.38111585428874	23.635130357789848	-25.298558901889354	74.59560429497058	-26.756794302859916	25.06133820171633	41.19751752524316	-23.97332702711499	45.70184326876692	-23.40288363746761	-1.8052712459009361	5.9234401908247065	-22.019262321539493	-5.162294447627433	-33.07439798787859	50.42917102359491	-9.48422978411741	-70.87785856389125	
22.22152641512981	-29.454617975083284	-22.783984517620702	-31.17434162006473	-70.77305728535758	19.14556105949175	18.73463859676088	24.488467871933487	7.187549235564142	-0.4477395658765915	26.002477973947318	31.201420905714468	53.38111585428874	23.635130357789848	-25.298558901889354	74.59560429497058	-26.756794302859916	25.06133820171633	41.19751752524316	-23.97332702711499	45.70184326876692	-23.40288363746761	-1.8052712459009361	5.9234401908247065	-22.019262321539493	-5.162294447627433	-33.07439798787859	50.42917102359491	-9.48422978411741	-70.87785856389125	
22.22152641512981	-29.454617975083284	-22.783984517620702	-31.17434162006473	-70.77305728535758	19.14556105949175	18.73463859676088	24.488467871933487	7.187549235564142	-0.4477395658765915	26.002477973947318	31.201420905714468	53.38111585428874	23.635130357789848	-25.298558901889354	74.59560429497058	-26.756794302859916	25.06133820171633	41.19751752524316	-23.97332702711499	45.70184326876692	-23.40288363746761	-1.8052712459009361	5.9234401908247065	-22.019262321539493	-5.162294447627433	-33.07439798787859	50.42917102359491	-9.48422978411741	-70.87785856389125	
22.22152641512981	-29.454617975083284	-22.783984517620702	-31.17434162006473	-70.77305728535758	19.14556105949175	18.73463859676088	24.488467871933487	7.187549235564142	-0.4477395658765915	26.002477973947318	31.201420905714468	53.38111585428874	23.635130357789848	-25.298558901889354	74.59560429497058	-26.756794302859916	25.06133820171633	41.19751752524316	-23.97332702711499	45.70184326876692	-23.40288363746761	-1.8052712459009361	5.9234401908247065	-22.019262321539493	-5.162294447627433	-33.07439798787859	50.42917102359491	-9.48422978411741	-70.87785856389125	
22.22152641512981	-29.454617975083284	-22.783984517620702	-31.17434162006473	-70.77305728535758	19.14556105949175	18.73463859676088	24.488467871933487	7.187549235564142	-0.4477395658765915	26.002477973947318	31.201420905714468	53.38111585428874	23.635130357789848	-25.298558901889354	74.59560429497058	-26.756794302859916	25.06133820171633	41.19751752524316	-23.97332702711499	45.70184326876692	-23.40288363746761	-1.8052712459009361	5.9234401908247065	-22.019262321539493	-5.162294447627433	-33.07439798787859	50.42917102359491	-9.48422978411741	-70.87785856389125	
22.22152641512981	-29.454617975083284	-22.783984517620702	-31.17434162006473	-70.77305728535758	19.14556105949175	18.73463859676088	24.488467871933487	7.187549235564142	-0.4477395658765915	26.002477973947318	31.201420905714468	53.38111585428874	23.635130357789848	-25.298558901889354	74.59560429497058	-26.756794302859916	25.06133820171633	41.19751752524316	-23.97332702711499	45.70184326876692	-23.40288363746761	-1.8052712459009361	5.9234401908247065	-22.019262321539493	-5.162294447627433	-33.07439798787859	50.42917102359491	-9.48422978411741	-70.87785856389125	
22.22152641512981	-29.454617975083284	-22.783984517620702	-31.17434162006473	-70.77305728535758	19.14556105949175	18.73463859676088	24.488467871933487	7.187549235564142	-0.4477395658765915	26.002477973947318	31.201420905714468	53.38111585428874	23.635130357789848	-25.298558901889354	74.59560429497058	-26.756794302859916	25.06133820171633	41.19751752524316	-23.97332702711499	45.70184326876692	-23.40288363746761	-1.8052712459009361	5.9234401908247065	-22.019262321539493	-5.162294447627433	-33.07439798787859	50.42917102359491	-9.48422978411741	-70.87785856389125	
22.22152641512981	-29.454617975083284	-22.783984517620702	-31.17434162006473	-70.77305728535758	19.14556105949175	18.73463859676088	24.488467871933487	7.187549235564142	-0.4477395658765915	26.002477973947318	31.201420905714468	53.38111585428874	23.635130357789848	-25.298558901889354	74.59560429497058	-26.756794302859916	25.06133820171633	41.19751752524316	-23.97332702711499	45.70184326876692	-23.40288363746761	-1.8052712459009361	5.9234401908247065	-22.019262321539493	-5.162294447627433	-33.07439798787859	50.42917102359491	-9.48422978411741	-70.87785856389125	
22.22152641512981	-29.454617975083284	-22.783984517620702	-31.17434162006473	-70.77305728535758	19.14556105949175	18.73463859676088	24.488467871933487	7.187549235564142	-0.4477395658765915	26.002477973947318	31.201420905714468	53.38111585428874	23.635130357789848	-25.298558901889354	74.59560429497058	-26.756794302859916	25.06133820171633	41.19751752524316	-23.97332702711499	45.70184326876692	-23.40288363746761	-1.8052712459009361	5.9234401908247065	-22.019262321539493	-5.162294447627433	-33.07439798787859	50.42917102359491	-9.48422978411741	-70.87785856389125	
22.22152641512981	-29.454617975083284	-22.783984517620702	-31.17434162006473	-70.77305728535758	19.14556105949175	18.73463859676088	24.488467871933487	7.187549235564142	-0.4477395658765915	26.002477973947318	31.201420905714468	53.38111585428874	23.635130357789848	-25.298558901889354	74.59560429497058	-26.756794302859916	25.06133820171633	41.19751752524316	-23.97332702711499	45.70184326876692	-23.40288363746761	-1.8052712459009361	5.9234401908247065	-22.019262321539493	-5.162294447627433	-33.07439798787859	50.42917102359491	-9.48422978411741	-70.87785856389125	
22.22152641512981	-29.454617975083284	-22.783984517620702	-31.17434162006473	-70.77305728535758	19.14556105949175	18.73463859676088	24.488467871933487	7.187549235564142	-0.4477395658765915	26.002477973947318	31.201420905714468	53.38111585428874	23.635130357789848	-25.298558901889354	74.59560429497058	-26.756794302859916	25.06133820171633	41.19751752524316	-23.97332702711499	45.70184326876692	-23.40288363746761	-1.8052712459009361	5.9234401908247065	-22.019262321539493	-5.162294447627433	-33.07439798787859	50.42917102359491	-9.48422978411741	-70.87785856389125	
22.22152641512981	-29.454617975083284	-22.783984517620702	-31.17434162006473	-70.77305728535758	19.14556105949175	18.73463859676088	24.488467871933487	7.187549235564142	-0.4477395658765915	26.002477973947318	31.201420905714468	53.38111585428874	23.635130357789848	-25.298558901889354	74.59560429497058	-26.756794302859916	25.06133820171633	41.19751752524316	-23.97332702711499	45.70184326876692	-23.40288363746761	-1.8052712459009361	5.9234401908247065	-22.019262321539493	-5.162294447627433	-33.07439798787859	50.42917102359491	-9.48422978411741	-70.87785856389125	
22.22152641512981	-29.454617975083284	-22.783984517620702	-31.17434162006473	-70.77305728535758	19.14556105949175	18.73463859676088	24.488467871933487	7.187549235564142	-0.4477395658765915	26.002477973947318	31.201420905714468	53.38111585428874	23.635130357789848	-25.298558901889354	74.59560429497058	-26.756794302859916	25.06133820171633	41.19751752524316	-23.97332702711499	45.70184326876692	-23.40288363746761	-1.8052712459009361	5.9234401908247065	-22.019262321539493	-5.162294447627433	-33.07439798787859	50.42917102359491	-9.48422978411741	-70.87785856389125	
22.22152641512981	-29.454617975083284	-22.783984517620702	-31.17434162006473	-70.77305728535758	19.14556105949175	18.73463859676088	24.488467871933487	7.187549235564142	-0.4477395658765915	26.002477973947318	31.201420905714468	53.38111585428874	23.635130357789848	-25.298558901889354	74.59560429497058	-26.756794302859916	25.06133820171633	41.19751752524316	-23.97332702711499	45.70184326876692	-23.40288363746761	-1.8052712459009361	5.9234401908247065	-22.019262321539493	-5.162294447627433	-33.07439798787859	50.42917102359491	-9.48422978411741	-70.87785856389125	
22.22152641512981	-29.454617975083284	-22.783984517620702	-31.17434162006473	-70.77305728535758	19.14556105949175	18.73463859676088	24.488467871933487	7.187549235564142	-0.4477395658765915	26.002477973947318	31.201420905714468	53.38111585428874	23.635130357789848	-25.298558901889354	74.59560429497058	-26.756794302859916	25.06133820171633	41.19751752524316	-23.97332702711499	45.70184326876692	-23.40288363746761	-1.8052712459009361	5.9234401908247065	-22.019262321539493	-5.162294447627433	-33.07439798787859	50.42917102359491	-9.48422978411741	-70.87785856389125	
22.22152641512981	-29.454617975083284	-22.783984517620702	-31.17434162006473	-70.77305728535758	19.14556105949175	18.73463859676088	24.488467871933487	7.187549235564142	-0.4477395658765915	26.002477973947318	31.201420905714468	53.38111585428874	23.635130357789848	-25.298558901889354	74.59560429497058	-26.756794302859916	25.06133820171633	41.19751752524316	-23.97332702711499	45.70184326876692	-23.40288363746761	-1.8052712459009361	5.9234401908247065	-22.019262321539493	-5.162294447627433	-33.07439798787859	50.42917102359491	-9.48422978411741	-70.87785856389125	
22.22152641512981	-29.454617975083284	-22.783984517620702	-31.17434162006473	-70.77305728535758	19.14556105949175	18.73463859676088	24.488467871933487	7.187549235564142	-0.4477395658765915	26.002477973947318	31.201420905714468	53.38111585428874	23.635130357789848	-25.298558901889354	74.59560429497058	-26.756794302859916	25.06133820171633	41.19751752524316	-23.97332702711499	45.70184326876692	-23.40288363746761	-1.8052712459009361	5.9234401908247065	-22.019262321539493	-5.162294447627433	-33.07439798787859	50.42917102359491	-9.48422978411741	-70.87785856389125	
22.22152641512981	-29.454617975083284	-22.783984517620702	-31.17434162006473	-70.77305728535758	19.14556105949175	18.73463859676088	24.488467871933487	7.187549235564142	-0.4477395658765915	26.002477973947318	31.201420905714468	53.38111585428874	23.635130357789848	-25.298558901889354	74.59560429497058	-26.756794302859916	25.06133820171633	41.19751752524316	-23.97332702711499	45.70184326876692	-23.40288363746761	-1.8052712459009361	5.9234401908247065	-22.019262321539493	-5.162294447627433	-33.07439798787859	50.42917102359491	-9.48422978411741	-70.87785856389125	
22.22152641512981	-29.454617975083284	-22.783984517620702	-31.17434162006473	-70.77305728535758	19.14556105949175	18.73463859676088	24.488467871933487	7.187549235564142	-0.4477395658765915	26.002477973947318	31.201420905714468	53.38111585428874	23.635130357789848	-25.298558901889354	74.59560429497058	-26.756794302859916	25.06133820171633	41.19751752524316	-23.97332702711499	45.70184326876692	-23.40288363746761	-1.8052712459009361	5.9234401908247065	-22.019262321539493	-5.162294447627433	-33.07439798787859	50.42917102359491	-9.48422978411741	-70.87785856389125	
22.22152641512981	-29.454617975083284	-22.783984517620702	-31.17434162006473	-70.77305728535758	19.14556105949175	18.73463859676088	24.488467871933487	7.187549235564142	-0.4477395658765915	26.002477973947318	31.201420905714468	53.38111585428874	23.635130357789848	-25.298558901889354	74.59560429497058	-26.756794302859916	25.06133820171633	41.19751752524316	-23.97332702711499	45.70184326876692	-23.40288363746761	-1.8052712459009361	5.9234401908247065	-22.019262321539493	-5.162294447627433	-33.07439798787859	50.42917102359491	-9.48422978411741	-70.87785856389125	
22.22152641512981	-29.454617975083284	-22.783984517620702	-31.17434162006473	-70.77305728535758	19.14556105949175	18.73463859676088	24.488467871933487	7.187549235564142	-0.4477395658765915	26.002477973947318	31.201420905714468	53.38111585428874	23.635130357789848	-25.298558901889354	74.59560429497058	-26.756794302859916	25.06133820171633	41.19751752524316	-23.97332702711499	45.70184326876692	-23.40288363746761	-1.8052712459009361	5.9234401908247065	-22.019262321539493	-5.162294447627433	-33.07439798787859	50.42917102359491	-9.48422978411741	-70.87785856389125	
22.22152641512981	-29.454617975083284	-22.783984517620702	-31.17434162006473	-70.77305728535758	19.14556105949175	18.73463859676088	24.488467871933487	7.187549235564142	-0.4477395658765915	26.002477973947318	31.201420905714468	53.38111585428874	23.635130357789848	-25.298558901889354	74.59560429497058	-26.756794302859916	25.06133820171633	41.19751752524316	-23.97332702711499	45.70184326876692	-23.40288363746761	-1.8052712459009361	5.9234401908247065	-22.019262321539493	-5.162294447627433	-33.07439798787859	50.42917102359491	-9.48422978411741	-70.87785856389125	
22.22152641512981	-29.454617975083284	-22.783984517620702	-31.17434162006473	-70.77305728535758	19.14556105949175	18.73463859676088	24.488467871933487	7.187549235564142	-0.4477395658765915	26.002477973947318	31.201420905714468	53.38111585428874	23.635130357789848	-25.298558901889354	74.59560429497058	-26.756794302859916	25.06133820171633	41.19751752524316	-23.97332702711499	45.70184326876692	-23.40288363746761	-1.8052712459009361	5.9234401908247065	-22.019262321539493	-5.162294447627433	-33.07439798787859	50.42917102359491	-9.48422978411741	-70.87785856389125	
22.22152641512981	-29.454617975083284	-22.783984517620702	-31.17434162006473	-70.77305728535758	19.14556105949175	18.73463859676088	24.488467871933487	7.187549235564142	-0.4477395658765915	26.002477973947318	31.201420905714468	53.38111585428874	23.635130357789848	-25.298558901889354	74.59560429497058	-26.756794302859916	25.06133820171633	41.19751752524316	-23.97332702711499	45.70184326876692	-23.40288363746761	-1.8052712459009361	5.9234401908247065	-22.019262321539493	-5.162294447627433	-33.07439798787859	50.42917102359491	-9.48422978411741	-70.87785856389125	
22.22152641512981	-29.454617975083284	-22.783984517620702	-31.17434162006473	-70.77305728535758	19.14556105949175	18.73463859676088	24.488467871933487	7.187549235564142	-0.4477395658765915	26.002477973947318	31.201420905714468	53.38111585428874	23.635130357789848	-25.298558901889354	74.59560429497058	-26.756794302859916	25.06133820171633	41.19751752524316	-23.97332702711499	45.70184326876692	-23.40288363746761	-1.8052712459009361	5.9234401908247065	-22.019262321539493	-5.162294447627433	-33.07439798787859	50.42917102359491	-9.48422978411741	-70.87785856389125	
22.22152641512981	-29.454617975083284	-22.783984517620702	-31.17434162006473	-70.77305728535758	19.14556105949175	18.73463859676088	24.488467871933487	7.187549235564142	-0.4477395658765915	26.002477973947318	31.201420905714468	53.38111585428874	23.635130357789848	-25.298558901889354	74.59560429497058	-26.756794302859916	25.06133820171633	41.19751752524316	-23.97332702711499	45.70184326876692	-23.40288363746761	-1.8052712459009361	5.9234401908247065	-22.019262321539493	-5.162294447627433	-33.07439798787859	50.42917102359491	-9.48422978411741	-70.87785856389125	
22.22152641512981	-29.454617975083284	-22.783984517620702	-31.17434162006473	-70.77305728535758	19.14556105949175	18.73463859676088	24.488467871933487	7.187549235564142	-0.4477395658765915	26.002477973947318	31.201420905714468	53.38111585428874	23.635130357789848	-25.298558901889354	74.59560429497058	-26.756794302859916	25.06133820171633	41.19751752524316	-23.97332702711499	45.70184326876692	-23.40288363746761	-1.8052712459009361	5.9234401908247065	-22.019262321539493	-5.162294447627433	-33.07439798787859	50.42917102359491	-9.48422978411741	-70.87785856389125	
22.22152641512981	-29.454617975083284	-22.783984517620702	-31.17434162006473	-70.77305728535758	19.14556105949175	18.73463859676088	24.488467871933487	7.187549235564142	-0.4477395658765915	26.002477973947318	31.201420905714468	53.38111585428874	23.635130357789848	-25.298558901889354	74.59560429497058	-26.756794302859916	25.06133820171633	41.19751752524316	-23.97332702711499	45.70184326876692	-23.40288363746761	-1.8052712459009361	5.9234401908247065	-22.019262321539493	-5.162294447627433	-33.07439798787859	50.42917102359491	-9.48422978411741	-70.87785856389125	
22.22152641512981	-29.454617975083284	-22.783984517620702	-31.17434162006473	-70.77305728535758	19.14556105949175	18.73463859676088	24.488467871933487	7.187549235564142	-0.4477395658765915	26.002477973947318	31.201420905714468	53.38111585428874	23.635130357789848	-25.298558901889354	74.59560429497058	-26.756794302859916	25.06133820171633	41.19751752524316	-23.97332702711499	45.70184326876692	-23.40288363746761	-1.8052712459009361	5.9234401908247065	-22.019262321539493	-5.162294447627433	-33.07439798787859	50.42917102359491	-9.48422978411741	-70.87785856389125	
22.22152641512981	-29.454617975083284	-22.783984517620702	-31.17434162006473	-70.77305728535758	19.14556105949175	18.73463859676088	24.488467871933487	7.187549235564142	-0.4477395658765915	26.002477973947318	31.201420905714468	53.38111585428874	23.635130357789848	-25.298558901889354	74.59560429497058	-26.756794302859916	25.06133820171633	41.19751752524316	-23.97332702711499	45.70184326876692	-23.40288363746761	-1.8052712459009361	5.9234401908247065	-22.019262321539493	-5.162294447627433	-33.07439798787859	50.42917102359491	-9.48422978411741	-70.87785856389125	
22.22152641512981	-29.454617975083284	-22.783984517620702	-31.17434162006473	-70.77305728535758	19.14556105949175	18.73463859676088	24.488467871933487	7.187549235564142	-0.4477395658765915	26.002477973947318	31.201420905714468	53.38111585428874	23.635130357789848	-25.298558901889354	74.59560429497058	-26.756794302859916	25.06133820171633	41.19751752524316	-23.97332702711499	45.70184326876692	-23.40288363746761	-1.8052712459009361	5.9234401908247065	-22.019262321539493	-5.162294447627433	-33.07439798787859	50.42917102359491	-9.48422978411741	-70.87785856389125	
22.22152641512981	-29.454617975083284	-22.783984517620702	-31.17434162006473	-70.77305728535758	19.14556105949175	18.73463859676088	24.488467871933487	7.187549235564142	-0.4477395658765915	26.002477973947318	31.201420905714468	53.38111585428874	23.635130357789848	-25.298558901889354	74.59560429497058	-26.756794302859916	25.06133820171633	41.19751752524316	-23.97332702711499	45.70184326876692	-23.40288363746761	-1.8052712459009361	5.9234401908247065	-22.019262321539493	-5.162294447627433	-33.07439798787859	50.42917102359491	-9.48422978411741	-70.87785856389125	
22.22152641512981	-29.454617975083284	-22.783984517620702	-31.17434162006473	-70.77305728535758	19.14556105949175	18.73463859676088	24.488467871933487	7.187549235564142	-0.4477395658765915	26.002477973947318	31.201420905714468	53.38111585428874	23.635130357789848	-25.298558901889354	74.59560429497058	-26.756794302859916	25.06133820171633	41.19751752524316	-23.97332702711499	45.70184326876692	-23.40288363746761	-1.8052712459009361	5.9234401908247065	-22.019262321539493	-5.162294447627433	-33.07439798787859	50.42917102359491	-9.48422978411741	-70.87785856389125	
22.22152641512981	-29.454617975083284	-22.783984517620702	-31.17434162006473	-70.77305728535758	19.14556105949175	18.73463859676088	24.488467871933487	7.187549235564142	-0.4477395658765915	26.002477973947318	31.201420905714468	53.38111585428874	23.635130357789848	-25.298558901889354	74.59560429497058	-26.756794302859916	25.06133820171633	41.19751752524316	-23.97332702711499	45.70184326876692	-23.40288363746761	-1.8052712459009361	5.9234401908247065	-22.019262321539493	-5.162294447627433	-33.07439798787859	50.42917102359491	-9.48422978411741	-70.87785856389125	
22.22152641512981	-29.454617975083284	-22.783984517620702	-31.17434162006473	-70.77305728535758	19.14556105949175	18.73463859676088	24.488467871933487	7.187549235564142	-0.4477395658765915	26.002477973947318	31.201420905714468	53.38111585428874	23.635130357789848	-25.298558901889354	74.59560429497058	-26.756794302859916	25.06133820171633	41.19751752524316	-23.97332702711499	45.70184326876692	-23.40288363746761	-1.8052712459009361	5.9234401908247065	-22.019262321539493	-5.162294447627433	-33.07439798787859	50.42917102359491	-9.48422978411741	-70.87785856389125	
22.22152641512981	-29.454617975083284	-22.783984517620702	-31.17434162006473	-70.77305728535758	19.14556105949175	18.73463859676088	24.488467871933487	7.187549235564142	-0.4477395658765915	26.002477973947318	31.201420905714468	53.38111585428874	23.635130357789848	-25.298558901889354	74.59560429497058	-26.756794302859916	25.06133820171633	41.19751752524316	-23.97332702711499	45.70184326876692	-23.40288363746761	-1.8052712459009361	5.9234401908247065	-22.019262321539493	-5.162294447627433	-33.07439798787859	50.42917102359491	-9.48422978411741	-70.87785856389125	
22.22152641512981	-29.454617975083284	-22.783984517620702	-31.17434162006473	-70.77305728535758	19.14556105949175	18.73463859676088	24.488467871933487	7.187549235564142	-0.4477395658765915	26.002477973947318	31.201420905714468	53.38111585428874	23.635130357789848	-25.298558901889354	74.59560429497058	-26.756794302859916	25.06133820171633	41.19751752524316	-23.97332702711499	45.70184326876692	-23.40288363746761	-1.8052712459009361	5.9234401908247065	-22.019262321539493	-5.162294447627433	-33.07439798787859	50.42917102359491	-9.48422978411741	-70.87785856389125	
22.22152641512981	-29.454617975083284	-22.783984517620702	-31.17434162006473	-70.77305728535758	19.14556105949175	18.73463859676088	24.488467871933487	7.187549235564142	-0.4477395658765915	26.002477973947318	31.201420905714468	53.38111585428874	23.635130357789848	-25.298558901889354	74.59560429497058	-26.756794302859916	25.06133820171633	41.19751752524316	-23.97332702711499	45.70184326876692	-23.40288363746761	-1.8052712459009361	5.9234401908247065	-22.019262321539493	-5.162294447627433	-33.07439798787859	50.42917102359491	-9.48422978411741	-70.87785856389125	
22.22152641512981	-29.454617975083284	-22.783984517620702	-31.17434162006473	-70.77305728535758	19.14556105949175	18.73463859676088	24.488467871933487	7.187549235564142	-0.4477395658765915	26.002477973947318	31.201420905714468	53.38111585428874	23.635130357789848	-25.298558901889354	74.59560429497058	-26.756794302859916	25.06133820171633	41.19751752524316	-23.97332702711499	45.70184326876692	-23.40288363746761	-1.8052712459009361	5.9234401908247065	-22.019262321539493	-5.162294447627433	-33.07439798787859	50.42917102359491	-9.48422978411741	-70.87785856389125	
22.22152641512981	-29.454617975083284	-22.783984517620702	-31.17434162006473	-70.77305728535758	19.14556105949175	18.73463859676088	24.488467871933487	7.187549235564142	-0.4477395658765915	26.002477973947318	31.201420905714468	53.38111585428874	23.635130357789848	-25.298558901889354	74.59560429497058	-26.756794302859916	25.06133820171633	41.19751752524316	-23.97332702711499	45.70184326876692	-23.40288363746761	-1.8052712459009361	5.9234401908247065	-22.019262321539493	-5.162294447627433	-33.07439798787859	50.42917102359491	-9.48422978411741	-70.87785856389125	
22.22152641512981	-29.454617975083284	-22.783984517620702	-31.17434162006473	-70.77305728535758	19.14556105949175	18.73463859676088	24.488467871933487	7.187549235564142	-0.4477395658765915	26.002477973947318	31.201420905714468	53.38111585428874	23.635130357789848	-25.298558901889354	74.59560429497058	-26.756794302859916	25.06133820171633	41.19751752524316	-23.97332702711499	45.70184326876692	-23.40288363746761	-1.8052712459009361	5.9234401908247065	-22.019262321539493	-5.162294447627433	-33.07439798787859	50.42917102359491	-9.48422978411741	-70.87785856389125	
22.22152641512981	-29.454617975083284	-22.783984517620702	-31.17434162006473	-70.77305728535758	19.14556105949175	18.73463859676088	24.488467871933487	7.187549235564142	-0.4477395658765915	26.002477973947318	31.201420905714468	53.38111585428874	23.635130357789848	-25.298558901889354	74.59560429497058	-26.756794302859916	25.06133820171633	41.19751752524316	-23.97332702711499	45.70184326876692	-23.40288363746761	-1.8052712459009361	5.9234401908247065	-22.019262321539493	-5.162294447627433	-33.07439798787859	50.42917102359491	-9.48422978411741	-70.87785856389125	
22.22152641512981	-29.454617975083284	-22.783984517620702	-31.17434162006473	-70.77305728535758	19.14556105949175	18.73463859676088	24.488467871933487	7.187549235564142	-0.4477395658765915	26.002477973947318	31.201420905714468	53.38111585428874	23.635130357789848	-25.298558901889354	74.59560429497058	-26.756794302859916	25.06133820171633	41.19751752524316	-23.97332702711499	45.70184326876692	-23.40288363746761	-1.8052712459009361	5.9234401908247065	-22.019262321539493	-5.162294447627433	-33.07439798787859	50.42917102359491	-9.48422978411741	-70.87785856389125	
22.22152641512981	-29.454617975083284	-22.783984517620702	-31.17434162006473	-70.77305728535758	19.14556105949175	18.73463859676088	24.488467871933487	7.187549235564142	-0.4477395658765915	26.002477973947318	31.201420905714468	53.38111585428874	23.635130357789848	-25.298558901889354	74.59560429497058	-26.756794302859916	25.06133820171633	41.19751752524316	-23.97332702711499	45.70184326876692	-23.40288363746761	-1.8052712459009361	5.9234401908247065	-22.019262321539493	-5.162294447627433	-33.07439798787859	50.42917102359491	-9.48422978411741	-70.87785856389125	
22.22152641512981	-29.454617975083284	-22.783984517620702	-31.17434162006473	-70.77305728535758	19.14556105949175	18.73463859676088	24.488467871933487	7.187549235564142	-0.4477395658765915	26.002477973947318	31.201420905714468	53.38111585428874	23.635130357789848	-25.298558901889354	74.59560429497058	-26.756794302859916	25.06133820171633	41.19751752524316	-23.97332702711499	45.70184326876692	-23.40288363746761	-1.8052712459009361	5.9234401908247065	-22.019262321539493	-5.162294447627433	-33.07439798787859	50.42917102359491	-9.48422978411741	-70.87785856389125	
22.22152641512981	-29.454617975083284	-22.783984517620702	-31.17434162006473	-70.77305728535758	19.14556105949175	18.73463859676088	24.488467871933487	7.187549235564142	-0.4477395658765915	26.002477973947318	31.201420905714468	53.38111585428874	23.635130357789848	-25.298558901889354	74.59560429497058	-26.756794302859916	25.06133820171633	41.19751752524316	-23.97332702711499	45.70184326876692	-23.40288363746761	-1.8052712459009361	5.9234401908247065	-22.019262321539493	-5.162294447627433	-33.07439798787859	50.42917102359491	-9.48422978411741	-70.87785856389125	
22.22152641512981	-29.454617975083284	-22.783984517620702	-31.17434162006473	-70.77305728535758	19.14556105949175	18.73463859676088	24.488467871933487	7.187549235564142	-0.4477395658765915	26.002477973947318	31.201420905714468	53.38111585428874	23.635130357789848	-25.298558901889354	74.59560429497058	-26.756794302859916	25.06133820171633	41.19751752524316	-23.97332702711499	45.70184326876692	-23.40288363746761	-1.8052712459009361	5.9234401908247065	-22.019262321539493	-5.162294447627433	-33.07439798787859	50.42917102359491	-9.48422978411741	-70.87785856389125	
22.22152641512981	-29.454617975083284	-22.783984517620702	-31.17434162006473	-70.77305728535758	19.14556105949175	18.73463859676088	24.488467871933487	7.187549235564142	-0.4477395658765915	26.002477973947318	31.201420905714468	53.38111585428874	23.635130357789848	-25.298558901889354	74.59560429497058	-26.756794302859916	25.06133820171633	41.19751752524316	-23.97332702711499	45.70184326876692	-23.40288363746761	-1.8052712459009361	5.9234401908247065	-22.019262321539493	-5.162294447627433	-33.07439798787859	50.42917102359491	-9.48422978411741	-70.87785856389125	
22.22152641512981	-29.454617975083284	-22.783984517620702	-31.17434162006473	-70.77305728535758	19.14556105949175	18.73463859676088	24.488467871933487	7.187549235564142	-0.4477395658765915	26.002477973947318	31.201420905714468	53.38111585428874	23.635130357789848	-25.298558901889354	74.59560429497058	-26.756794302859916	25.06133820171633	41.19751752524316	-23.97332702711499	45.70184326876692	-23.40288363746761	-1.8052712459009361	5.9234401908247065	-22.019262321539493	-5.162294447627433	-33.07439798787859	50.42917102359491	-9.48422978411741	-70.87785856389125	
22.22152641512981	-29.454617975083284	-22.783984517620702	-31.17434162006473	-70.77305728535758	19.14556105949175	18.73463859676088	24.488467871933487	7.187549235564142	-0.4477395658765915	26.002477973947318	31.201420905714468	53.38111585428874	23.635130357789848	-25.298558901889354	74.59560429497058	-26.756794302859916	25.06133820171633	41.19751752524316	-23.97332702711499	45.70184326876692	-23.40288363746761	-1.8052712459009361	5.9234401908247065	-22.019262321539493	-5.162294447627433	-33.07439798787859	50.42917102359491	-9.48422978411741	-70.87785856389125	
22.22152641512981	-29.454617975083284	-22.783984517620702	-31.17434162006473	-70.77305728535758	19.14556105949175	18.73463859676088	24.488467871933487	7.187549235564142	-0.4477395658765915	26.002477973947318	31.201420905714468	53.38111585428874	23.635130357789848	-25.298558901889354	74.59560429497058	-26.756794302859916	25.06133820171633	41.19751752524316	-23.97332702711499	45.70184326876692	-23.40288363746761	-1.8052712459009361	5.9234401908247065	-22.019262321539493	-5.162294447627433	-33.07439798787859	50.42917102359491	-9.48422978411741	-70.87785856389125	
22.22152641512981	-29.454617975083284	-22.783984517620702	-31.17434162006473	-70.77305728535758	19.14556105949175	18.73463859676088	24.488467871933487	7.187549235564142	-0.4477395658765915	26.002477973947318	31.201420905714468	53.38111585428874	23.635130357789848	-25.298558901889354	74.59560429497058	-26.756794302859916	25.06133820171633	41.19751752524316	-23.97332702711499	45.70184326876692	-23.40288363746761	-1.8052712459009361	5.9234401908247065	-22.019262321539493	-5.162294447627433	-33.07439798787859	50.42917102359491	-9.48422978411741	-70.87785856389125	
22.22152641512981	-29.454617975083284	-22.783984517620702	-31.17434162006473	-70.77305728535758	19.14556105949175	18.73463859676088	24.488467871933487	7.187549235564142	-0.4477395658765915	26.002477973947318	31.201420905714468	53.38111585428874	23.635130357789848	-25.298558901889354	74.59560429497058	-26.756794302859916	25.06133820171633	41.19751752524316	-23.97332702711499	45.70184326876692	-23.40288363746761	-1.8052712459009361	5.9234401908247065	-22.019262321539493	-5.162294447627433	-33.07439798787859	50.42917102359491	-9.48422978411741	-70.87785856389125	
22.22152641512981	-29.454617975083284	-22.783984517620702	-31.17434162006473	-70.77305728535758	19.14556105949175	18.73463859676088	24.488467871933487	7.187549235564142	-0.4477395658765915	26.002477973947318	31.201420905714468	53.38111585428874	23.635130357789848	-25.298558901889354	74.59560429497058	-26.756794302859916	25.06133820171633	41.19751752524316	-23.97332702711499	45.70184326876692	-23.40288363746761	-1.8052712459009361	5.9234401908247065	-22.019262321539493	-5.162294447627433	-33.07439798787859	50.42917102359491	-9.48422978411741	-70.87785856389125	
22.22152641512981	-29.454617975083284	-22.783984517620702	-31.17434162006473	-70.77305728535758	19.14556105949175	18.73463859676088	24.488467871933487	7.187549235564142	-0.4477395658765915	26.002477973947318	31.201420905714468	53.38111585428874	23.635130357789848	-25.298558901889354	74.59560429497058	-26.756794302859916	25.06133820171633	41.19751752524316	-23.97332702711499	45.70184326876692	-23.40288363746761	-1.8052712459009361	5.9234401908247065	-22.019262321539493	-5.162294447627433	-33.07439798787859	50.42917102359491	-9.48422978411741	-70.87785856389125	
22.22152641512981	-29.454617975083284	-22.783984517620702	-31.17434162006473	-70.77305728535758	19.14556105949175	18.73463859676088	24.488467871933487	7.187549235564142	-0.4477395658765915	26.002477973947318	31.201420905714468	53.38111585428874	23.635130357789848	-25.298558901889354	74.59560429497058	-26.756794302859916	25.06133820171633	41.19751752524316	-23.97332702711499	45.70184326876692	-23.40288363746761	-1.8052712459009361	5.9234401908247065	-22.019262321539493	-5.162294447627433	-33.07439798787859	50.42917102359491	-9.48422978411741	-70.87785856389125	
22.22152641512981	-29.454617975083284	-22.783984517620702	-31.17434162006473	-70.77305728535758	19.14556105949175	18.73463859676088	24.488467871933487	7.187549235564142	-0.4477395658765915	26.002477973947318	31.201420905714468	53.38111585428874	23.635130357789848	-25.298558901889354	74.59560429497058	-26.756794302859916	25.06133820171633	41.19751752524316	-23.97332702711499	45.70184326876692	-23.40288363746761	-1.8052712459009361	5.9234401908247065	-22.019262321539493	-5.162294447627433	-33.07439798787859	50.42917102359491	-9.48422978411741	-70.87785856389125	
22.22152641512981	-29.454617975083284	-22.783984517620702	-31.17434162006473	-70.77305728535758	19.14556105949175	18.73463859676088	24.488467871933487	7.187549235564142	-0.4477395658765915	26.002477973947318	31.201420905714468	53.38111585428874	23.635130357789848	-25.298558901889354	74.59560429497058	-26.756794302859916	25.06133820171633	41.19751752524316	-23.97332702711499	45.70184326876692	-23.40288363746761	-1.8052712459009361	5.9234401908247065	-22.019262321539493	-5.162294447627433	-33.07439798787859	50.42917102359491	-9.48422978411741	-70.87785856389125	
22.22152641512981	-29.454617975083284	-22.783984517620702	-31.17434162006473	-70.77305728535758	19.14556105949175	18.73463859676088	24.488467871933487	7.187549235564142	-0.4477395658765915	26.002477973947318	31.201420905714468	53.38111585428874	23.635130357789848	-25.298558901889354	74.59560429497058	-26.756794302859916	25.06133820171633	41.19751752524316	-23.97332702711499	45.70184326876692	-23.40288363746761	-1.8052712459009361	5.9234401908247065	-22.019262321539493	-5.162294447627433	-33.07439798787859	50.42917102359491	-9.48422978411741	-70.87785856389125	
22.22152641512981	-29.454617975083284	-22.783984517620702	-31.17434162006473	-70.77305728535758	19.14556105949175	18.73463859676088	24.488467871933487	7.187549235564142	-0.4477395658765915	26.002477973947318	31.201420905714468	53.38111585428874	23.635130357789848	-25.298558901889354	74.59560429497058	-26.756794302859916	25.06133820171633	41.19751752524316	-23.97332702711499	45.70184326876692	-23.40288363746761	-1.8052712459009361	5.9234401908247065	-22.019262321539493	-5.162294447627433	-33.07439798787859	50.42917102359491	-9.48422978411741	-70.87785856389125	
22.22152641512981	-29.454617975083284	-22.783984517620702	-31.17434162006473	-70.77305728535758	19.14556105949175	18.73463859676088	24.488467871933487	7.187549235564142	-0.4477395658765915	26.002477973947318	31.201420905714468	53.38111585428874	23.635130357789848	-25.298558901889354	74.59560429497058	-26.756794302859916	25.06133820171633	41.19751752524316	-23.97332702711499	45.70184326876692	-23.40288363746761	-1.8052712459009361	5.9234401908247065	-22.019262321539493	-5.162294447627433	-33.07439798787859	50.42917102359491	-9.48422978411741	-70.87785856389125	
22.22152641512981	-29.454617975083284	-22.783984517620702	-31.17434162006473	-70.77305728535758	19.14556105949175	18.73463859676088	24.488467871933487	7.187549235564142	-0.4477395658765915	26.002477973947318	31.201420905714468	53.38111585428874	23.635130357789848	-25.298558901889354	74.59560429497058	-26.756794302859916	25.06133820171633	41.19751752524316	-23.97332702711499	45.70184326876692	-23.40288363746761	-1.8052712459009361	5.9234401908247065	-22.019262321539493	-5.162294447627433	-33.07439798787859	50.42917102359491	-9.48422978411741	-70.87785856389125	
22.22152641512981	-29.454617975083284	-22.783984517620702	-31.17434162006473	-70.77305728535758	19.14556105949175	18.73463859676088	24.488467871933487	7.187549235564142	-0.4477395658765915	26.002477973947318	31.201420905714468	53.38111585428874	23.635130357789848	-25.298558901889354	74.59560429497058	-26.756794302859916	25.06133820171633	41.19751752524316	-23.97332702711499	45.70184326876692	-23.40288363746761	-1.8052712459009361	5.9234401908247065	-22.019262321539493	-5.162294447627433	-33.07439798787859	50.42917102359491	-9.48422978411741	-70.87785856389125	
22.22152641512981	-29.454617975083284	-22.783984517620702	-31.17434162006473	-70.77305728535758	19.14556105949175	18.73463859676088	24.488467871933487	7.187549235564142	-0.4477395658765915	26.002477973947318	31.201420905714468	53.38111585428874	23.635130357789848	-25.298558901889354	74.59560429497058	-26.756794302859916	25.06133820171633	41.19751752524316	-23.97332702711499	45.70184326876692	-23.40288363746761	-1.8052712459009361	5.9234401908247065	-22.019262321539493	-5.162294447627433	-33.07439798787859	50.42917102359491	-9.48422978411741	-70.87785856389125	
22.22152641512981	-29.454617975083284	-22.783984517620702	-31.17434162006473	-70.77305728535758	19.14556105949175	18.73463859676088	24.488467871933487	7.187549235564142	-0.4477395658765915	26.002477973947318	31.201420905714468	53.38111585428874	23.635130357789848	-25.298558901889354	74.59560429497058	-26.756794302859916	25.06133820171633	41.19751752524316	-23.97332702711499	45.70184326876692	-23.40288363746761	-1.8052712459009361	5.9234401908247065	-22.019262321539493	-5.162294447627433	-33.07439798787859	50.42917102359491	-9.48422978411741	-70.87785856389125	
22.22152641512981	-29.454617975083284	-22.783984517620702	-31.17434162006473	-70.77305728535758	19.14556105949175	18.73463859676088	24.488467871933487	7.187549235564142	-0.4477395658765915	26.002477973947318	31.201420905714468	53.38111585428874	23.635130357789848	-25.298558901889354	74.59560429497058	-26.756794302859916	25.06133820171633	41.19751752524316	-23.97332702711499	45.70184326876692	-23.40288363746761	-1.8052712459009361	5.9234401908247065	-22.019262321539493	-5.162294447627433	-33.07439798787859	50.42917102359491	-9.48422978411741	-70.87785856389125	
22.22152641512981	-29.454617975083284	-22.783984517620702	-31.17434162006473	-70.77305728535758	19.14556105949175	18.73463859676088	24.488467871933487	7.187549235564142	-0.4477395658765915	26.002477973947318	31.201420905714468	53.38111585428874	23.635130357789848	-25.298558901889354	74.59560429497058	-26.756794302859916	25.06133820171633	41.19751752524316	-23.97332702711499	45.70184326876692	-23.40288363746761	-1.8052712459009361	5.9234401908247065	-22.019262321539493	-5.162294447627433	-33.07439798787859	50.42917102359491	-9.48422978411741	-70.87785856389125	
22.22152641512981	-29.454617975083284	-22.783984517620702	-31.17434162006473	-70.77305728535758	19.14556105949175	18.73463859676088	24.488467871933487	7.187549235564142	-0.4477395658765915	26.002477973947318	31.201420905714468	53.38111585428874	23.635130357789848	-25.298558901889354	74.59560429497058	-26.756794302859916	25.06133820171633	41.19751752524316	-23.97332702711499	45.70184326876692	-23.40288363746761	-1.8052712459009361	5.9234401908247065	-22.019262321539493	-5.162294447627433	-33.07439798787859	50.42917102359491	-9.48422978411741	-70.87785856389125	
22.22152641512981	-29.454617975083284	-22.783984517620702	-31.17434162006473	-70.77305728535758	19.14556105949175	18.73463859676088	24.488467871933487	7.187549235564142	-0.4477395658765915	26.002477973947318	31.201420905714468	53.38111585428874	23.635130357789848	-25.298558901889354	74.59560429497058	-26.756794302859916	25.06133820171633	41.19751752524316	-23.97332702711499	45.70184326876692	-23.40288363746761	-1.8052712459009361	5.9234401908247065	-22.019262321539493	-5.162294447627433	-33.07439798787859	50.42917102359491	-9.48422978411741	-70.87785856389125	
22.22152641512981	-29.454617975083284	-22.783984517620702	-31.17434162006473	-70.77305728535758	19.14556105949175	18.73463859676088	24.488467871933487	7.187549235564142	-0.4477395658765915	26.002477973947318	31.201420905714468	53.38111585428874	23.635130357789848	-25.298558901889354	74.59560429497058	-26.756794302859916	25.06133820171633	41.19751752524316	-23.97332702711499	45.70184326876692	-23.40288363746761	-1.8052712459009361	5.9234401908247065	-22.019262321539493	-5.162294447627433	-33.07439798787859	50.42917102359491	-9.48422978411741	-70.87785856389125	
22.22152641512981	-29.454617975083284	-22.783984517620702	-31.17434162006473	-70.77305728535758	19.14556105949175	18.73463859676088	24.488467871933487	7.187549235564142	-0.4477395658765915	26.002477973947318	31.201420905714468	53.38111585428874	23.635130357789848	-25.298558901889354	74.59560429497058	-26.756794302859916	25.06133820171633	41.19751752524316	-23.97332702711499	45.70184326876692	-23.40288363746761	-1.8052712459009361	5.9234401908247065	-22.019262321539493	-5.162294447627433	-33.07439798787859	50.42917102359491	-9.48422978411741	-70.87785856389125	
22.22152641512981	-29.454617975083284	-22.783984517620702	-31.17434162006473	-70.77305728535758	19.14556105949175	18.73463859676088	24.488467871933487	7.187549235564142	-0.4477395658765915	26.002477973947318	31.201420905714468	53.38111585428874	23.635130357789848	-25.298558901889354	74.59560429497058	-26.756794302859916	25.06133820171633	41.19751752524316	-23.97332702711499	45.70184326876692	-23.40288363746761	-1.8052712459009361	5.9234401908247065	-22.019262321539493	-5.162294447627433	-33.07439798787859	50.42917102359491	-9.48422978411741	-70.87785856389125	
22.22152641512981	-29.454617975083284	-22.783984517620702	-31.17434162006473	-70.77305728535758	19.14556105949175	18.73463859676088	24.488467871933487	7.187549235564142	-0.4477395658765915	26.002477973947318	31.201420905714468	53.38111585428874	23.635130357789848	-25.298558901889354	74.59560429497058	-26.756794302859916	25.06133820171633	41.19751752524316	-23.97332702711499	45.70184326876692	-23.40288363746761	-1.8052712459009361	5.9234401908247065	-22.019262321539493	-5.162294447627433	-33.07439798787859	50.42917102359491	-9.48422978411741	-70.87785856389125	
22.22152641512981	-29.454617975083284	-22.783984517620702	-31.17434162006473	-70.77305728535758	19.14556105949175	18.73463859676088	24.488467871933487	7.187549235564142	-0.4477395658765915	26.002477973947318	31.201420905714468	53.38111585428874	23.635130357789848	-25.298558901889354	74.59560429497058	-26.756794302859916	25.06133820171633	41.19751752524316	-23.97332702711499	45.70184326876692	-23.40288363746761	-1.8052712459009361	5.9234401908247065	-22.019262321539493	-5.162294447627433	-33.07439798787859	50.42917102359491	-9.48422978411741	-70.87785856389125	
22.22152641512981	-29.454617975083284	-22.783984517620702	-31.17434162006473	-70.77305728535758	19.14556105949175	18.73463859676088	24.488467871933487	7.187549235564142	-0.4477395658765915	26.002477973947318	31.201420905714468	53.38111585428874	23.635130357789848	-25.298558901889354	74.59560429497058	-26.756794302859916	25.06133820171633	41.19751752524316	-23.97332702711499	45.70184326876692	-23.40288363746761	-1.8052712459009361	5.9234401908247065	-22.019262321539493	-5.162294447627433	-33.07439798787859	50.42917102359491	-9.48422978411741	-70.87785856389125	
22.22152641512981	-29.454617975083284	-22.783984517620702	-31.17434162006473	-70.77305728535758	19.14556105949175	18.73463859676088	24.488467871933487	7.187549235564142	-0.4477395658765915	26.002477973947318	31.201420905714468	53.38111585428874	23.635130357789848	-25.298558901889354	74.59560429497058	-26.756794302859916	25.06133820171633	41.19751752524316	-23.97332702711499	45.70184326876692	-23.40288363746761	-1.8052712459009361	5.9234401908247065	-22.019262321539493	-5.162294447627433	-33.07439798787859	50.42917102359491	-9.48422978411741	-70.87785856389125	
22.22152641512981	-29.454617975083284	-22.783984517620702	-31.17434162006473	-70.77305728535758	19.14556105949175	18.73463859676088	24.488467871933487	7.187549235564142	-0.4477395658765915	26.002477973947318	31.201420905714468	53.38111585428874	23.635130357789848	-25.298558901889354	74.59560429497058	-26.756794302859916	25.06133820171633	41.19751752524316	-23.97332702711499	45.70184326876692	-23.40288363746761	-1.8052712459009361	5.9234401908247065	-22.019262321539493	-5.162294447627433	-33.07439798787859	50.42917102359491	-9.48422978411741	-70.87785856389125	
22.22152641512981	-29.454617975083284	-22.783984517620702	-31.17434162006473	-70.77305728535758	19.14556105949175	18.73463859676088	24.488467871933487	7.187549235564142	-0.4477395658765915	26.002477973947318	31.201420905714468	53.38111585428874	23.635130357789848	-25.298558901889354	74.59560429497058	-26.756794302859916	25.06133820171633	41.19751752524316	-23.97332702711499	45.70184326876692	-23.40288363746761	-1.8052712459009361	5.9234401908247065	-22.019262321539493	-5.162294447627433	-33.07439798787859	50.42917102359491	-9.48422978411741	-70.87785856389125	
22.22152641512981	-29.454617975083284	-22.783984517620702	-31.17434162006473	-70.77305728535758	19.14556105949175	18.73463859676088	24.488467871933487	7.187549235564142	-0.4477395658765915	26.002477973947318	31.201420905714468	53.38111585428874	23.635130357789848	-25.298558901889354	74.59560429497058	-26.756794302859916	25.06133820171633	41.19751752524316	-23.97332702711499	45.70184326876692	-23.40288363746761	-1.8052712459009361	5.9234401908247065	-22.019262321539493	-5.162294447627433	-33.07439798787859	50.42917102359491	-9.48422978411741	-70.87785856389125	
22.22152641512981	-29.454617975083284	-22.783984517620702	-31.17434162006473	-70.77305728535758	19.14556105949175	18.73463859676088	24.488467871933487	7.187549235564142	-0.4477395658765915	26.002477973947318	31.201420905714468	53.38111585428874	23.635130357789848	-25.298558901889354	74.59560429497058	-26.756794302859916	25.06133820171633	41.19751752524316	-23.97332702711499	45.70184326876692	-23.40288363746761	-1.8052712459009361	5.9234401908247065	-22.019262321539493	-5.162294447627433	-33.07439798787859	50.42917102359491	-9.48422978411741	-70.87785856389125	
22.22152641512981	-29.454617975083284	-22.783984517620702	-31.17434162006473	-70.77305728535758	19.14556105949175	18.73463859676088	24.488467871933487	7.187549235564142	-0.4477395658765915	26.002477973947318	31.201420905714468	53.38111585428874	23.635130357789848	-25.298558901889354	74.59560429497058	-26.756794302859916	25.06133820171633	41.19751752524316	-23.97332702711499	45.70184326876692	-23.40288363746761	-1.8052712459009361	5.9234401908247065	-22.019262321539493	-5.162294447627433	-33.07439798787859	50.42917102359491	-9.48422978411741	-70.87785856389125	
22.22152641512981	-29.454617975083284	-22.783984517620702	-31.17434162006473	-70.77305728535758	19.14556105949175	18.73463859676088	24.488467871933487	7.187549235564142	-0.4477395658765915	26.002477973947318	31.201420905714468	53.38111585428874	23.635130357789848	-25.298558901889354	74.59560429497058	-26.756794302859916	25.06133820171633	41.19751752524316	-23.97332702711499	45.70184326876692	-23.40288363746761	-1.8052712459009361	5.9234401908247065	-22.019262321539493	-5.162294447627433	-33.07439798787859	50.42917102359491	-9.48422978411741	-70.87785856389125	
22.22152641512981	-29.454617975083284	-22.783984517620702	-31.17434162006473	-70.77305728535758	19.14556105949175	18.73463859676088	24.488467871933487	7.187549235564142	-0.4477395658765915	26.002477973947318	31.201420905714468	53.38111585428874	23.635130357789848	-25.298558901889354	74.59560429497058	-26.756794302859916	25.06133820171633	41.19751752524316	-23.97332702711499	45.70184326876692	-23.40288363746761	-1.8052712459009361	5.9234401908247065	-22.019262321539493	-5.162294447627433	-33.07439798787859	50.42917102359491	-9.48422978411741	-70.87785856389125	
22.22152641512981	-29.454617975083284	-22.783984517620702	-31.17434162006473	-70.77305728535758	19.14556105949175	18.73463859676088	24.488467871933487	7.187549235564142	-0.4477395658765915	26.002477973947318	31.201420905714468	53.38111585428874	23.635130357789848	-25.298558901889354	74.59560429497058	-26.756794302859916	25.06133820171633	41.19751752524316	-23.97332702711499	45.70184326876692	-23.40288363746761	-1.8052712459009361	5.9234401908247065	-22.019262321539493	-5.162294447627433	-33.07439798787859	50.42917102359491	-9.48422978411741	-70.87785856389125	
22.22152641512981	-29.454617975083284	-22.783984517620702	-31.17434162006473	-70.77305728535758	19.14556105949175	18.73463859676088	24.488467871933487	7.187549235564142	-0.4477395658765915	26.002477973947318	31.201420905714468	53.38111585428874	23.635130357789848	-25.298558901889354	74.59560429497058	-26.756794302859916	25.06133820171633	41.19751752524316	-23.97332702711499	45.70184326876692	-23.40288363746761	-1.8052712459009361	5.9234401908247065	-22.019262321539493	-5.162294447627433	-33.07439798787859	50.42917102359491	-9.48422978411741	-70.87785856389125	
22.22152641512981	-29.454617975083284	-22.783984517620702	-31.17434162006473	-70.77305728535758	19.14556105949175	18.73463859676088	24.488467871933487	7.187549235564142	-0.4477395658765915	26.002477973947318	31.201420905714468	53.38111585428874	23.635130357789848	-25.298558901889354	74.59560429497058	-26.756794302859916	25.06133820171633	41.19751752524316	-23.97332702711499	45.70184326876692	-23.40288363746761	-1.8052712459009361	5.9234401908247065	-22.019262321539493	-5.162294447627433	-33.07439798787859	50.42917102359491	-9.48422978411741	-70.87785856389125	
22.22152641512981	-29.454617975083284	-22.783984517620702	-31.17434162006473	-70.77305728535758	19.14556105949175	18.73463859676088	24.488467871933487	7.187549235564142	-0.4477395658765915	26.002477973947318	31.201420905714468	53.38111585428874	23.635130357789848	-25.298558901889354	74.59560429497058	-26.756794302859916	25.06133820171633	41.19751752524316	-23.97332702711499	45.70184326876692	-23.40288363746761	-1.8052712459009361	5.9234401908247065	-22.019262321539493	-5.162294447627433	-33.07439798787859	50.42917102359491	-9.48422978411741	-70.87785856389125	
22.22152641512981	-29.454617975083284	-22.783984517620702	-31.17434162006473	-70.77305728535758	19.14556105949175	18.73463859676088	24.488467871933487	7.187549235564142	-0.4477395658765915	26.002477973947318	31.201420905714468	53.38111585428874	23.635130357789848	-25.298558901889354	74.59560429497058	-26.756794302859916	25.06133820171633	41.19751752524316	-23.97332702711499	45.70184326876692	-23.40288363746761	-1.8052712459009361	5.9234401908247065	-22.019262321539493	-5.162294447627433	-33.07439798787859	50.42917102359491	-9.48422978411741	-70.87785856389125	
22.22152641512981	-29.454617975083284	-22.783984517620702	-31.17434162006473	-70.77305728535758	19.14556105949175	18.73463859676088	24.488467871933487	7.187549235564142	-0.4477395658765915	26.002477973947318	31.201420905714468	53.38111585428874	23.635130357789848	-25.298558901889354	74.59560429497058	-26.756794302859916	25.06133820171633	41.19751752524316	-23.97332702711499	45.70184326876692	-23.40288363746761	-1.8052712459009361	5.9234401908247065	-22.019262321539493	-5.162294447627433	-33.07439798787859	50.42917102359491	-9.48422978411741	-70.87785856389125	
22.22152641512981	-29.454617975083284	-22.783984517620702	-31.17434162006473	-70.77305728535758	19.14556105949175	18.73463859676088	24.488467871933487	7.187549235564142	-0.4477395658765915	26.002477973947318	31.201420905714468	53.38111585428874	23.635130357789848	-25.298558901889354	74.59560429497058	-26.756794302859916	25.06133820171633	41.19751752524316	-23.97332702711499	45.70184326876692	-23.40288363746761	-1.8052712459009361	5.9234401908247065	-22.019262321539493	-5.162294447627433	-33.07439798787859	50.42917102359491	-9.48422978411741	-70.87785856389125	
22.22152641512981	-29.454617975083284	-22.783984517620702	-31.17434162006473	-70.77305728535758	19.14556105949175	18.73463859676088	24.488467871933487	7.187549235564142	-0.4477395658765915	26.002477973947318	31.201420905714468	53.38111585428874	23.635130357789848	-25.298558901889354	74.59560429497058	-26.756794302859916	25.06133820171633	41.19751752524316	-23.97332702711499	45.70184326876692	-23.40288363746761	-1.8052712459009361	5.9234401908247065	-22.019262321539493	-5.162294447627433	-33.07439798787859	50.42917102359491	-9.48422978411741	-70.87785856389125	
22.22152641512981	-29.454617975083284	-22.783984517620702	-31.17434162006473	-70.77305728535758	19.14556105949175	18.73463859676088	24.488467871933487	7.187549235564142	-0.4477395658765915	26.002477973947318	31.201420905714468	53.38111585428874	23.635130357789848	-25.298558901889354	74.59560429497058	-26.756794302859916	25.06133820171633	41.19751752524316	-23.97332702711499	45.70184326876692	-23.40288363746761	-1.8052712459009361	5.9234401908247065	-22.019262321539493	-5.162294447627433	-33.07439798787859	50.42917102359491	-9.48422978411741	-70.87785856389125	
22.22152641512981	-29.454617975083284	-22.783984517620702	-31.17434162006473	-70.77305728535758	19.14556105949175	18.73463859676088	24.488467871933487	7.187549235564142	-0.4477395658765915	26.002477973947318	31.201420905714468	53.38111585428874	23.635130357789848	-25.298558901889354	74.59560429497058	-26.756794302859916	25.06133820171633	41.19751752524316	-23.97332702711499	45.70184326876692	-23.40288363746761	-1.8052712459009361	5.9234401908247065	-22.019262321539493	-5.162294447627433	-33.07439798787859	50.42917102359491	-9.48422978411741	-70.87785856389125	
22.22152641512981	-29.454617975083284	-22.783984517620702	-31.17434162006473	-70.77305728535758	19.14556105949175	18.73463859676088	24.488467871933487	7.187549235564142	-0.4477395658765915	26.002477973947318	31.201420905714468	53.38111585428874	23.635130357789848	-25.298558901889354	74.59560429497058	-26.756794302859916	25.06133820171633	41.19751752524316	-23.97332702711499	45.70184326876692	-23.40288363746761	-1.8052712459009361	5.9234401908247065	-22.019262321539493	-5.162294447627433	-33.07439798787859	50.42917102359491	-9.48422978411741	-70.87785856389125	
22.22152641512981	-29.454617975083284	-22.783984517620702	-31.17434162006473	-70.77305728535758	19.14556105949175	18.73463859676088	24.488467871933487	7.187549235564142	-0.4477395658765915	26.002477973947318	31.201420905714468	53.38111585428874	23.635130357789848	-25.298558901889354	74.59560429497058	-26.756794302859916	25.06133820171633	41.19751752524316	-23.97332702711499	45.70184326876692	-23.40288363746761	-1.8052712459009361	5.9234401908247065	-22.019262321539493	-5.162294447627433	-33.07439798787859	50.42917102359491	-9.48422978411741	-70.87785856389125	
22.22152641512981	-29.454617975083284	-22.783984517620702	-31.17434162006473	-70.77305728535758	19.14556105949175	18.73463859676088	24.488467871933487	7.187549235564142	-0.4477395658765915	26.002477973947318	31.201420905714468	53.38111585428874	23.635130357789848	-25.298558901889354	74.59560429497058	-26.756794302859916	25.06133820171633	41.19751752524316	-23.97332702711499	45.70184326876692	-23.40288363746761	-1.8052712459009361	5.9234401908247065	-22.019262321539493	-5.162294447627433	-33.07439798787859	50.42917102359491	-9.48422978411741	-70.87785856389125	
