300	4736869887.76781
628	2244654729.7747674
950	1094496468.945227
1266	1094496468.945227
1577	1094496468.945227
1889	1094496468.945227
2202	753745001.1358471
2513	753745001.1358471
2825	753745001.1358471
3133	664459859.538651
3443	664459859.538651
3752	579942874.0791353
4060	579942874.0791353
4367	579942874.0791353
4676	579942874.0791353
4983	579942874.0791353
5290	579942874.0791353
5598	579942874.0791353
5905	475205316.7119876
6211	475205316.7119876
6518	475205316.7119876
6826	475205316.7119876
7133	475205316.7119876
7442	475205316.7119876
7750	475205316.7119876
8057	475205316.7119876
8363	475205316.7119876
8673	475205316.7119876
8985	475205316.7119876
9298	475205316.7119876
9612	475205316.7119876
9923	475205316.7119876
10236	270665218.1106295
10547	145234512.6943997
10858	145234512.6943997
11167	145234512.6943997
11476	145234512.6943997
11788	145234512.6943997
12099	145234512.6943997
12411	145234512.6943997
12719	145234512.6943997
13031	145234512.6943997
13340	145234512.6943997
13648	145234512.6943997
13956	145234512.6943997
14265	145234512.6943997
14571	145234512.6943997
14877	145234512.6943997
15185	145234512.6943997
15492	145234512.6943997
15798	145234512.6943997
16105	145234512.6943997
16413	145234512.6943997
16722	145234512.6943997
31159	2599.1087576847904
44449	2574.681725296923
44760	2574.681725296923
45068	2574.681725296923
45380	2574.681725296923
45689	2574.681725296923
46000	2574.681725296923
46309	2574.681725296923
46620	2574.681725296923
46929	2574.681725296923
47240	2574.681725296923
47550	2574.681725296923
47861	2574.681725296923
48172	2574.681725296923
48483	2574.681725296923
48794	2574.681725296923
49104	2574.681725296923
49416	2574.681725296923
49725	2574.681725296923
50033	2574.681725296923
50341	2574.681725296923
50649	2574.681725296923
50958	2574.681725296923
51267	2574.681725296923
51575	2574.681725296923
51884	2574.681725296923
52193	2574.681725296923
62198	2574.681725296923
62505	2574.681725296923
62814	2574.681725296923
63121	2574.681725296923
63429	2574.681725296923
63737	2574.681725296923
64044	2574.681725296923
64354	2574.681725296923
64662	2574.681725296923
64969	2574.681725296923
65279	2574.681725296923
65592	2574.681725296923
65903	2574.681725296923
66216	2574.681725296923
66528	2574.681725296923
66838	2574.681725296923
67149	2574.681725296923
67460	2574.681725296923
67769	2574.681725296923
68077	2574.681725296923
75475	2574.681725296923
75787	2574.681725296923
76096	2574.681725296923
76409	2574.681725296923
76717	2574.681725296923
77025	2574.681725296923
77334	2574.681725296923
77643	2574.681725296923
77952	2574.681725296923
78261	2574.681725296923
93152	2574.681725296923
93460	2574.681725296923
93769	2574.681725296923
94077	2574.681725296923
94388	2574.681725296923
94698	2574.681725296923
95010	2574.681725296923
95320	2574.681725296923
95627	2574.681725296923
95935	2574.681725296923
96242	2574.681725296923
96550	2574.681725296923
96857	2574.681725296923
97163	2574.681725296923
97474	2574.681725296923
97787	2574.681725296923
98101	2574.681725296923
98410	2574.681725296923
98721	2574.681725296923
99034	2574.681725296923
106290	2574.681725296923
106601	2574.681725296923
106912	2574.681725296923
107221	2574.681725296923
107530	2574.681725296923
107841	2574.681725296923
108152	2574.681725296923
108462	2574.681725296923
108772	2574.681725296923
109081	2574.681725296923
109389	2574.681725296923
109697	2574.681725296923
110005	2574.681725296923
110311	2574.681725296923
110617	2574.681725296923
110924	2574.681725296923
111230	2574.681725296923
111538	2574.681725296923
111845	2574.681725296923
112152	2574.681725296923
120782	2574.681725296923
121093	2574.681725296923
121402	2574.681725296923
121713	2574.681725296923
122022	2574.681725296923
122332	2574.681725296923
122643	2574.681725296923
122952	2574.681725296923
123262	2574.681725296923
123571	2574.681725296923
123883	2574.681725296923
124194	2574.681725296923
124504	2574.681725296923
124812	2574.681725296923
125121	2574.681725296923
125430	2574.681725296923
125737	2574.681725296923
126047	2574.681725296923
126356	2574.681725296923
126664	2574.681725296923
136862	2477.4438398111542
146285	2088.2477416181414
168206	2088.2431101993557
168515	2088.2431101993557
168823	2088.2431101993557
169131	2088.2431101993557
169440	2088.2431101993557
169749	2088.2431101993557
170058	2088.2431101993557
170366	2088.2431101993557
170674	2088.2431101993557
170984	2088.2431101993557
171294	2088.2431101993557
171603	2088.2431101993557
171911	2088.2431101993557
172220	2088.2431101993557
172532	2088.2431101993557
172840	2088.2431101993557
173152	2088.2431101993557
173463	2088.2431101993557
173775	2088.2431101993557
174086	2088.2431101993557
174399	2088.2431101993557
174712	2088.2431101993557
175023	2088.2431101993557
175334	2088.2431101993557
175644	2088.2431101993557
175955	2088.2431101993557
176268	2088.2431101993557
176577	2088.2431101993557
187924	2088.2431101993557
188231	2088.2431101993557
188538	2088.2431101993557
188845	2088.2431101993557
189156	2088.2431101993557
189466	2088.2431101993557
189775	2088.2431101993557
190087	2088.2431101993557
190395	2088.2431101993557
190706	2088.2431101993557
203042	2088.2431101993557
203349	2088.2431101993557
203660	2088.2431101993557
203970	2088.2431101993557
204280	2088.2431101993557
204590	2088.2431101993557
204898	2088.2431101993557
205205	2088.2431101993557
205512	2088.2431101993557
205821	2088.2431101993557
206130	2088.2431101993557
206439	2088.2431101993557
206747	2088.2431101993557
207056	2088.2431101993557
207364	2088.2431101993557
207671	2088.2431101993557
207980	2088.2431101993557
208290	2088.2431101993557
208601	2088.2431101993557
208908	2088.2431101993557
214832	2088.2431101993557
215141	2088.2431101993557
215451	2088.2431101993557
215760	2088.2431101993557
216069	2088.2431101993557
216379	2088.2431101993557
216690	2088.2431101993557
217000	2088.2431101993557
217310	2088.2431101993557
217617	2088.2431101993557
217924	2088.2431101993557
218232	2088.2431101993557
218542	2088.2431101993557
218848	2088.2431101993557
219156	2088.2431101993557
219464	2088.2431101993557
219770	2088.2431101993557
220079	2088.2431101993557
220389	2088.2431101993557
220699	2088.2431101993557
232134	2088.2431101993557
232443	2088.2431101993557
232751	2088.2431101993557
233061	2088.2431101993557
233368	2088.2431101993557
233677	2088.2431101993557
233987	2088.2431101993557
234297	2088.2431101993557
234610	2088.2431101993557
234920	2088.2431101993557
235230	2088.2431101993557
235542	2088.2431101993557
235851	2088.2431101993557
236159	2088.2431101993557
236469	2088.2431101993557
236776	2088.2431101993557
237085	2088.2431101993557
237393	2088.2431101993557
237702	2088.2431101993557
238011	2088.2431101993557
252065	2088.2431101993557
252377	2088.2431101993557
252687	2088.2431101993557
252998	2088.2431101993557
253308	2088.2431101993557
253616	2088.2431101993557
253925	2088.2431101993557
254235	2088.2431101993557
254543	2088.2431101993557
254850	2088.2431101993557
255158	2088.2431101993557
255465	2088.2431101993557
255772	2088.2431101993557
256081	2088.2431101993557
256389	2088.2431101993557
256699	2088.2431101993557
257008	2088.2431101993557
257318	2088.2431101993557
257627	2088.2431101993557
257935	2088.2431101993557
270212	2088.2431101993557
270521	2088.2431101993557
270828	2088.2431101993557
271135	2088.2431101993557
271444	2088.2431101993557
271753	2088.2431101993557
272062	2088.2431101993557
272370	2088.2431101993557
272679	2088.2431101993557
272990	2088.2431101993557
281027	2088.2431101993557
281336	2088.2431101993557
281645	2088.2431101993557
281954	2088.2431101993557
282265	2088.2431101993557
282575	2088.2431101993557
282885	2088.2431101993557
283195	2088.2431101993557
283507	2088.2431101993557
283816	2088.2431101993557
284127	2088.2431101993557
284438	2088.2431101993557
284749	2088.2431101993557
285060	2088.2431101993557
285368	2088.2431101993557
285677	2088.2431101993557
285984	2088.2431101993557
286292	2088.2431101993557
286600	2088.2431101993557
286909	2088.2431101993557
297726	2088.2431101993557
298035	2088.2431101993557
298346	2088.2431101993557
298654	2088.2431101993557
298962	2088.2431101993557
299270	2088.2431101993557
299578	2088.2431101993557
299887	2088.2431101993557
300197	2088.2431101993557
