300	3127558731.0401883
623	1452969816.728797
944	1452969816.728797
1262	1452969816.728797
1574	1452969816.728797
1885	804683841.079279
2196	782244103.3446436
2505	782244103.3446436
2813	422254570.1439335
3121	422254570.1439335
3429	422254570.1439335
3738	422254570.1439335
4046	422254570.1439335
4357	372390386.7135746
4664	372390386.7135746
4971	372390386.7135746
5278	372390386.7135746
5586	372390386.7135746
5894	372390386.7135746
6203	372390386.7135746
6510	372390386.7135746
6817	372390386.7135746
7124	372390386.7135746
7433	372390386.7135746
7741	372390386.7135746
8047	372390386.7135746
8356	372390386.7135746
8664	372390386.7135746
8972	372390386.7135746
9281	372390386.7135746
9588	372390386.7135746
9897	372390386.7135746
10207	372390386.7135746
10518	372390386.7135746
21533	6437.886634718566
31205	2855.68411052757
40598	2854.394739967166
40907	2854.394739967166
41216	2854.394739967166
41527	2854.394739967166
41837	2854.394739967166
42148	2854.394739967166
42458	2854.394739967166
42766	2854.394739967166
43075	2854.394739967166
43383	2854.394739967166
43694	2854.394739967166
44003	2854.394739967166
44310	2854.394739967166
44617	2854.394739967166
44925	2854.394739967166
45232	2854.394739967166
45539	2854.394739967166
45847	2854.394739967166
46154	2854.394739967166
46463	2854.394739967166
46773	2854.394739967166
47083	2854.394739967166
47392	2854.394739967166
47702	2854.394739967166
48011	2854.394739967166
65845	2854.394739967166
66156	2854.394739967166
66465	2854.394739967166
66775	2854.394739967166
67084	2854.394739967166
67392	2854.394739967166
67702	2854.394739967166
68012	2854.394739967166
68321	2854.394739967166
68628	2854.394739967166
68936	2854.394739967166
69244	2854.394739967166
69553	2854.394739967166
69862	2854.394739967166
70171	2854.394739967166
70478	2854.394739967166
70788	2854.394739967166
71096	2854.394739967166
71404	2854.394739967166
71713	2854.394739967166
77617	2854.394739967166
77927	2854.394739967166
78235	2854.394739967166
78544	2854.394739967166
78852	2854.394739967166
79159	2854.394739967166
79468	2854.394739967166
79782	2854.394739967166
80091	2854.394739967166
80399	2854.394739967166
86736	2854.394739967166
87044	2854.394739967166
87355	2854.394739967166
87664	2854.394739967166
87973	2854.394739967166
88281	2854.394739967166
88591	2854.394739967166
88902	2854.394739967166
89211	2854.394739967166
89520	2854.394739967166
89827	2854.394739967166
90136	2854.394739967166
90445	2854.394739967166
90754	2854.394739967166
91063	2854.394739967166
91370	2854.394739967166
91677	2854.394739967166
91985	2854.394739967166
92294	2854.394739967166
92604	2854.394739967166
101408	2854.394739967166
101716	2854.394739967166
102025	2854.394739967166
102337	2854.394739967166
102648	2854.394739967166
102958	2854.394739967166
103266	2854.394739967166
103577	2854.394739967166
103887	2854.394739967166
104195	2854.394739967166
104504	2854.394739967166
104812	2854.394739967166
105119	2854.394739967166
105427	2854.394739967166
105739	2854.394739967166
106049	2854.394739967166
106360	2854.394739967166
106670	2854.394739967166
106981	2854.394739967166
107292	2854.394739967166
113484	2854.394739967166
113794	2854.394739967166
114104	2854.394739967166
114414	2854.394739967166
114725	2854.394739967166
115038	2854.394739967166
115349	2854.394739967166
115659	2854.394739967166
115967	2854.394739967166
116273	2854.394739967166
116581	2854.394739967166
116887	2854.394739967166
117193	2854.394739967166
117500	2854.394739967166
117811	2854.394739967166
118121	2854.394739967166
118433	2854.394739967166
118742	2854.394739967166
119051	2854.394739967166
119360	2854.394739967166
128100	2854.394739967166
128412	2854.394739967166
128720	2854.394739967166
129028	2854.394739967166
129338	2854.394739967166
129645	2854.394739967166
129953	2854.394739967166
130263	2854.394739967166
130573	2854.394739967166
130883	2854.394739967166
131193	2854.394739967166
131502	2854.394739967166
131811	2854.394739967166
132119	2854.394739967166
132428	2854.394739967166
132739	2854.394739967166
133049	2854.394739967166
133357	2854.394739967166
133667	2854.394739967166
133979	2854.394739967166
150613	2854.394739967166
150920	2854.394739967166
151231	2854.394739967166
151543	2854.394739967166
151852	2854.394739967166
152165	2854.394739967166
152472	2854.394739967166
152779	2854.394739967166
153091	2854.394739967166
153400	2854.394739967166
158591	2854.394739967166
158900	2854.394739967166
159209	2854.394739967166
159516	2854.394739967166
159824	2854.394739967166
160135	2854.394739967166
160443	2854.394739967166
160753	2854.394739967166
161060	2854.394739967166
161368	2854.394739967166
161680	2854.394739967166
161991	2854.394739967166
162300	2854.394739967166
162607	2854.394739967166
162915	2854.394739967166
163221	2854.394739967166
163527	2854.394739967166
163833	2854.394739967166
164141	2854.394739967166
164449	2854.394739967166
175775	2266.9120197057564
182795	2243.021592551349
183105	2243.021592551349
183413	2243.021592551349
183720	2243.021592551349
184027	2243.021592551349
184334	2243.021592551349
184642	2243.021592551349
184950	2243.021592551349
185257	2243.021592551349
185565	2243.021592551349
185874	2243.021592551349
186185	2243.021592551349
186495	2243.021592551349
186805	2243.021592551349
187116	2243.021592551349
187428	2243.021592551349
187738	2243.021592551349
188047	2243.021592551349
188361	2243.021592551349
195210	2243.021592551349
195520	2243.021592551349
195832	2243.021592551349
196143	2243.021592551349
196453	2243.021592551349
196765	2243.021592551349
197074	2243.021592551349
197385	2243.021592551349
197693	2243.021592551349
197999	2243.021592551349
198305	2243.021592551349
198611	2243.021592551349
198918	2243.021592551349
199226	2243.021592551349
199535	2243.021592551349
199842	2243.021592551349
200149	2243.021592551349
200456	2243.021592551349
200764	2243.021592551349
201075	2243.021592551349
208670	2243.021592551349
208980	2243.021592551349
209292	2243.021592551349
209604	2243.021592551349
209917	2243.021592551349
210229	2243.021592551349
210539	2243.021592551349
210849	2243.021592551349
211159	2243.021592551349
211470	2243.021592551349
211780	2243.021592551349
212090	2243.021592551349
212398	2243.021592551349
212707	2243.021592551349
213018	2243.021592551349
213328	2243.021592551349
213636	2243.021592551349
213946	2243.021592551349
214253	2243.021592551349
214561	2243.021592551349
222127	2243.021592551349
222435	2243.021592551349
222742	2243.021592551349
223050	2243.021592551349
223358	2243.021592551349
223667	2243.021592551349
223975	2243.021592551349
224286	2243.021592551349
224596	2243.021592551349
224907	2243.021592551349
225217	2243.021592551349
225525	2243.021592551349
225834	2243.021592551349
226144	2243.021592551349
226453	2243.021592551349
226763	2243.021592551349
227073	2243.021592551349
227380	2243.021592551349
227687	2243.021592551349
227997	2243.021592551349
237987	2243.021592551349
238299	2243.021592551349
238610	2243.021592551349
238920	2243.021592551349
239227	2243.021592551349
239536	2243.021592551349
239842	2243.021592551349
240150	2243.021592551349
240458	2243.021592551349
240768	2243.021592551349
241077	2243.021592551349
241385	2243.021592551349
241696	2243.021592551349
242003	2243.021592551349
242312	2243.021592551349
242621	2243.021592551349
242929	2243.021592551349
243239	2243.021592551349
243550	2243.021592551349
243862	2243.021592551349
251621	2120.6799155645585
262528	1994.449845933757
262841	1994.449845933757
263148	1994.449845933757
263458	1994.449845933757
263767	1994.449845933757
264079	1994.449845933757
264388	1994.449845933757
264698	1994.449845933757
265004	1994.449845933757
265311	1994.449845933757
265619	1994.449845933757
265926	1994.449845933757
266235	1994.449845933757
266542	1994.449845933757
266851	1994.449845933757
267162	1994.449845933757
267470	1994.449845933757
267780	1994.449845933757
268087	1994.449845933757
279465	1994.449845933757
279773	1994.449845933757
280082	1994.449845933757
280394	1994.449845933757
280707	1994.449845933757
281018	1994.449845933757
281328	1994.449845933757
281636	1994.449845933757
281947	1994.449845933757
282258	1994.449845933757
282568	1994.449845933757
282880	1994.449845933757
283192	1994.449845933757
283500	1994.449845933757
283812	1994.449845933757
284122	1994.449845933757
284431	1994.449845933757
284740	1994.449845933757
285049	1994.449845933757
285361	1994.449845933757
292895	1994.449845933757
293204	1994.449845933757
293512	1994.449845933757
293821	1994.449845933757
294128	1994.449845933757
294435	1994.449845933757
294741	1994.449845933757
295049	1994.449845933757
295356	1994.449845933757
295664	1994.449845933757
295971	1994.449845933757
296278	1994.449845933757
296586	1994.449845933757
296895	1994.449845933757
297203	1994.449845933757
297512	1994.449845933757
297821	1994.449845933757
298133	1994.449845933757
298445	1994.449845933757
298756	1994.449845933757
305863	1994.449845933757
