300	4880330490.80667
629	629867780.1512916
955	363105737.57846445
1281	65710203.93296952
1604	65710203.93296952
1926	45317729.91394823
2250	18136130.36450231
2569	13926218.651360404
2888	8480934.67519328
3207	8003324.981184785
3525	8003324.981184785
3844	5035905.167091286
4159	3865081.148949665
4474	3422614.5190956597
4788	3358487.3460698305
5106	2010726.6831614727
5424	1978853.4831399103
5740	1167643.9820270739
6053	339696.628776828
6371	339696.628776828
6688	339696.628776828
7004	339696.628776828
7322	325518.2226934254
7637	215465.1166081296
7950	162507.00331835277
8265	134662.5761230666
8576	81485.51639316702
8893	76389.57517401643
9208	60325.705640239605
9520	50790.61397539779
9836	50790.61397539779
10146	50790.61397539779
10457	29485.514832421304
10768	29485.514832421304
11081	29485.514832421304
11392	29485.514832421304
11702	29485.514832421304
12013	29485.514832421304
12323	28364.416179198517
12634	23353.61828227142
12949	23259.809448805576
13259	23259.809448805576
17436	6079.795356537866
31156	2682.0060044462957
31466	2682.0060044462957
31780	2682.0060044462957
32094	2682.0060044462957
32406	2682.0060044462957
32717	2682.0060044462957
33029	2682.0060044462957
33344	2682.0060044462957
33659	2682.0060044462957
33971	2682.0060044462957
34283	2682.0060044462957
34597	2682.0060044462957
34908	2682.0060044462957
35220	2682.0060044462957
35533	2682.0060044462957
35844	2682.0060044462957
36156	2682.0060044462957
36470	2682.0060044462957
36782	2682.0060044462957
37096	2682.0060044462957
37413	2682.0060044462957
37730	2682.0060044462957
38043	2682.0060044462957
38358	2682.0060044462957
38674	2682.0060044462957
38991	2682.0060044462957
39308	2682.0060044462957
39624	2682.0060044462957
45161	2682.0060044462957
45479	2682.0060044462957
45792	2682.0060044462957
46109	2682.0060044462957
46426	2682.0060044462957
46742	2682.0060044462957
47055	2682.0060044462957
47374	2682.0060044462957
47690	2682.0060044462957
48004	2682.0060044462957
51293	2035.4637912370329
58407	2035.4595153664627
58723	2035.4595153664627
59037	2035.4595153664627
59352	2035.4595153664627
59664	2035.4595153664627
59976	2035.4595153664627
60288	2035.4595153664627
60601	2035.4595153664627
60914	2035.4595153664627
61227	2035.4595153664627
61537	2035.4595153664627
61849	2035.4595153664627
62161	2035.4595153664627
62474	2035.4595153664627
62787	2035.4595153664627
63099	2035.4595153664627
63410	2035.4595153664627
63720	2035.4595153664627
64032	2035.4595153664627
68556	2035.4595153664627
68868	2035.4595153664627
69182	2035.4595153664627
69500	2035.4595153664627
69816	2035.4595153664627
70130	2035.4595153664627
70442	2035.4595153664627
70757	2035.4595153664627
71071	2035.4595153664627
71386	2035.4595153664627
71701	2035.4595153664627
72015	2035.4595153664627
72328	2035.4595153664627
72645	2035.4595153664627
72961	2035.4595153664627
73279	2035.4595153664627
73594	2035.4595153664627
73908	2035.4595153664627
74224	2035.4595153664627
74539	2035.4595153664627
77309	2035.4595153664627
77624	2035.4595153664627
77939	2035.4595153664627
78254	2035.4595153664627
78569	2035.4595153664627
78884	2035.4595153664627
79198	2035.4595153664627
79513	2035.4595153664627
79824	2035.4595153664627
80135	2035.4595153664627
80450	2035.4595153664627
80765	2035.4595153664627
81076	2035.4595153664627
81387	2035.4595153664627
81700	2035.4595153664627
82013	2035.4595153664627
82326	2035.4595153664627
82639	2035.4595153664627
82953	2035.4595153664627
83264	2035.4595153664627
86010	2035.4595153664627
86327	2035.4595153664627
86641	2035.4595153664627
86953	2035.4595153664627
87265	2035.4595153664627
87578	2035.4595153664627
87891	2035.4595153664627
88202	2035.4595153664627
88511	2035.4595153664627
88827	2035.4595153664627
89144	2035.4595153664627
89459	2035.4595153664627
89771	2035.4595153664627
90085	2035.4595153664627
90395	2035.4595153664627
90704	2035.4595153664627
91014	2035.4595153664627
91324	2035.4595153664627
91633	2035.4595153664627
91947	2035.4595153664627
103884	2035.4595153664627
104196	2035.4595153664627
104507	2035.4595153664627
104821	2035.4595153664627
105133	2035.4595153664627
105442	2035.4595153664627
105753	2035.4595153664627
106062	2035.4595153664627
106376	2035.4595153664627
106687	2035.4595153664627
106997	2035.4595153664627
107310	2035.4595153664627
107619	2035.4595153664627
107930	2035.4595153664627
108239	2035.4595153664627
108549	2035.4595153664627
108862	2035.4595153664627
109173	2035.4595153664627
109482	2035.4595153664627
109792	2035.4595153664627
112210	1959.0643802076568
116136	1959.061684771641
116447	1959.061684771641
116759	1959.061684771641
117071	1959.061684771641
117382	1959.061684771641
117694	1959.061684771641
118004	1959.061684771641
118314	1959.061684771641
118626	1959.061684771641
118938	1959.061684771641
119252	1959.061684771641
119564	1959.061684771641
119877	1959.061684771641
120189	1959.061684771641
120501	1959.061684771641
120814	1959.061684771641
121133	1959.061684771641
121447	1959.061684771641
121759	1959.061684771641
124894	1943.2370438952687
128995	1943.2363465551166
129308	1943.2363465551166
129625	1943.2363465551166
129937	1943.2363465551166
130248	1943.2363465551166
130560	1943.2363465551166
130871	1943.2363465551166
131183	1943.2363465551166
131496	1943.2363465551166
131807	1943.2363465551166
132116	1943.2363465551166
132429	1943.2363465551166
132739	1943.2363465551166
133048	1943.2363465551166
133359	1943.2363465551166
133672	1943.2363465551166
133981	1943.2363465551166
134294	1943.2363465551166
134608	1943.2363465551166
136674	1943.2363465551166
136988	1943.2363465551166
137303	1943.2363465551166
137614	1943.2363465551166
137926	1943.2363465551166
138242	1943.2363465551166
138557	1943.2363465551166
138870	1943.2363465551166
139183	1943.2363465551166
139496	1943.2363465551166
139808	1943.2363465551166
140119	1943.2363465551166
140431	1943.2363465551166
140746	1943.2363465551166
141060	1943.2363465551166
141371	1943.2363465551166
141682	1943.2363465551166
141996	1943.2363465551166
142306	1943.2363465551166
142618	1943.2363465551166
146951	1943.2363465551166
147261	1943.2363465551166
147575	1943.2363465551166
147889	1943.2363465551166
148204	1943.2363465551166
148521	1943.2363465551166
148836	1943.2363465551166
149148	1943.2363465551166
149461	1943.2363465551166
149776	1943.2363465551166
150091	1943.2363465551166
150406	1943.2363465551166
150719	1943.2363465551166
151034	1943.2363465551166
151350	1943.2363465551166
151666	1943.2363465551166
151980	1943.2363465551166
152298	1943.2363465551166
152613	1943.2363465551166
152927	1943.2363465551166
156386	1943.2363465551166
156701	1943.2363465551166
157015	1943.2363465551166
157332	1943.2363465551166
157648	1943.2363465551166
157967	1943.2363465551166
158281	1943.2363465551166
158594	1943.2363465551166
158909	1943.2363465551166
159224	1943.2363465551166
159535	1943.2363465551166
159849	1943.2363465551166
160165	1943.2363465551166
160479	1943.2363465551166
160792	1943.2363465551166
161107	1943.2363465551166
161420	1943.2363465551166
161732	1943.2363465551166
162044	1943.2363465551166
162358	1943.2363465551166
164510	1943.2363465551166
164820	1943.2363465551166
165132	1943.2363465551166
165445	1943.2363465551166
165755	1943.2363465551166
166066	1943.2363465551166
166379	1943.2363465551166
166692	1943.2363465551166
167005	1943.2363465551166
167315	1943.2363465551166
167624	1943.2363465551166
167934	1943.2363465551166
168247	1943.2363465551166
168556	1943.2363465551166
168868	1943.2363465551166
169181	1943.2363465551166
169493	1943.2363465551166
169804	1943.2363465551166
170116	1943.2363465551166
170429	1943.2363465551166
173236	1943.2363465551166
173552	1943.2363465551166
173866	1943.2363465551166
174176	1943.2363465551166
174487	1943.2363465551166
174799	1943.2363465551166
175112	1943.2363465551166
175424	1943.2363465551166
175738	1943.2363465551166
176053	1943.2363465551166
177567	1943.2363465551166
177883	1943.2363465551166
178196	1943.2363465551166
178510	1943.2363465551166
178823	1943.2363465551166
179136	1943.2363465551166
179448	1943.2363465551166
179763	1943.2363465551166
180075	1943.2363465551166
180388	1943.2363465551166
180702	1943.2363465551166
181013	1943.2363465551166
181327	1943.2363465551166
181640	1943.2363465551166
181953	1943.2363465551166
182268	1943.2363465551166
182582	1943.2363465551166
182896	1943.2363465551166
183208	1943.2363465551166
183519	1943.2363465551166
186948	1943.2363465551166
187262	1943.2363465551166
187573	1943.2363465551166
187887	1943.2363465551166
188199	1943.2363465551166
188514	1943.2363465551166
188827	1943.2363465551166
189141	1943.2363465551166
189456	1943.2363465551166
189770	1943.2363465551166
190086	1943.2363465551166
190404	1943.2363465551166
190719	1943.2363465551166
191033	1943.2363465551166
191346	1943.2363465551166
191657	1943.2363465551166
191971	1943.2363465551166
192285	1943.2363465551166
192603	1943.2363465551166
192919	1943.2363465551166
194108	1943.2363465551166
194425	1943.2363465551166
194738	1943.2363465551166
195054	1943.2363465551166
195369	1943.2363465551166
195681	1943.2363465551166
195996	1943.2363465551166
196308	1943.2363465551166
196621	1943.2363465551166
196935	1943.2363465551166
197251	1943.2363465551166
197563	1943.2363465551166
197873	1943.2363465551166
198185	1943.2363465551166
198497	1943.2363465551166
198809	1943.2363465551166
199125	1943.2363465551166
199438	1943.2363465551166
199753	1943.2363465551166
200067	1943.2363465551166
201255	1943.2363465551166
201565	1943.2363465551166
201877	1943.2363465551166
202190	1943.2363465551166
202502	1943.2363465551166
202814	1943.2363465551166
203127	1943.2363465551166
203437	1943.2363465551166
203749	1943.2363465551166
204060	1943.2363465551166
204370	1943.2363465551166
204683	1943.2363465551166
204993	1943.2363465551166
205307	1943.2363465551166
205619	1943.2363465551166
205931	1943.2363465551166
206243	1943.2363465551166
206556	1943.2363465551166
206871	1943.2363465551166
207184	1943.2363465551166
208704	1943.2363465551166
209018	1943.2363465551166
209329	1943.2363465551166
209642	1943.2363465551166
209955	1943.2363465551166
210267	1943.2363465551166
210581	1943.2363465551166
210894	1943.2363465551166
211207	1943.2363465551166
211521	1943.2363465551166
212983	1943.2363465551166
213298	1943.2363465551166
213617	1943.2363465551166
213930	1943.2363465551166
214247	1943.2363465551166
214563	1943.2363465551166
214878	1943.2363465551166
215195	1943.2363465551166
215514	1943.2363465551166
215832	1943.2363465551166
216152	1943.2363465551166
216473	1943.2363465551166
216790	1943.2363465551166
217111	1943.2363465551166
217432	1943.2363465551166
217752	1943.2363465551166
218072	1943.2363465551166
218393	1943.2363465551166
218712	1943.2363465551166
219035	1943.2363465551166
220658	1943.2363465551166
220978	1943.2363465551166
221297	1943.2363465551166
221615	1943.2363465551166
221936	1943.2363465551166
222259	1943.2363465551166
222578	1943.2363465551166
222896	1943.2363465551166
223217	1943.2363465551166
223538	1943.2363465551166
223860	1943.2363465551166
224184	1943.2363465551166
224507	1943.2363465551166
224829	1943.2363465551166
225150	1943.2363465551166
225473	1943.2363465551166
225796	1943.2363465551166
226119	1943.2363465551166
226440	1943.2363465551166
226763	1943.2363465551166
228051	1943.2363465551166
228375	1943.2363465551166
228697	1943.2363465551166
229021	1943.2363465551166
229344	1943.2363465551166
229668	1943.2363465551166
229991	1943.2363465551166
230315	1943.2363465551166
230639	1943.2363465551166
230962	1943.2363465551166
231286	1943.2363465551166
231609	1943.2363465551166
231930	1943.2363465551166
232251	1943.2363465551166
232573	1943.2363465551166
232893	1943.2363465551166
233212	1943.2363465551166
233534	1943.2363465551166
233858	1943.2363465551166
234175	1943.2363465551166
235912	1943.2363465551166
236232	1943.2363465551166
236551	1943.2363465551166
236871	1943.2363465551166
237192	1943.2363465551166
237515	1943.2363465551166
237836	1943.2363465551166
238157	1943.2363465551166
238479	1943.2363465551166
238800	1943.2363465551166
239118	1943.2363465551166
239438	1943.2363465551166
239755	1943.2363465551166
240075	1943.2363465551166
240394	1943.2363465551166
240711	1943.2363465551166
241028	1943.2363465551166
241350	1943.2363465551166
241672	1943.2363465551166
241991	1943.2363465551166
243169	1943.2363465551166
243489	1943.2363465551166
243811	1943.2363465551166
244134	1943.2363465551166
244454	1943.2363465551166
244777	1943.2363465551166
245099	1943.2363465551166
245421	1943.2363465551166
245744	1943.2363465551166
246067	1943.2363465551166
247347	1943.2363465551166
247667	1943.2363465551166
247990	1943.2363465551166
248312	1943.2363465551166
248635	1943.2363465551166
248956	1943.2363465551166
249279	1943.2363465551166
249602	1943.2363465551166
249925	1943.2363465551166
250249	1943.2363465551166
250574	1943.2363465551166
250899	1943.2363465551166
251222	1943.2363465551166
251545	1943.2363465551166
251870	1943.2363465551166
252194	1943.2363465551166
252518	1943.2363465551166
252842	1943.2363465551166
253166	1943.2363465551166
253489	1943.2363465551166
254585	1943.2363465551166
254917	1943.2363465551166
255244	1943.2363465551166
255571	1943.2363465551166
255894	1943.2363465551166
256218	1943.2363465551166
256542	1943.2363465551166
256865	1943.2363465551166
257192	1943.2363465551166
257517	1943.2363465551166
257841	1943.2363465551166
258167	1943.2363465551166
258490	1943.2363465551166
258813	1943.2363465551166
259135	1943.2363465551166
259457	1943.2363465551166
259781	1943.2363465551166
260103	1943.2363465551166
260425	1943.2363465551166
260749	1943.2363465551166
262203	1943.2363465551166
262527	1943.2363465551166
262851	1943.2363465551166
263176	1943.2363465551166
263499	1943.2363465551166
263824	1943.2363465551166
264149	1943.2363465551166
264475	1943.2363465551166
264801	1943.2363465551166
265126	1943.2363465551166
265453	1943.2363465551166
265778	1943.2363465551166
266102	1943.2363465551166
266426	1943.2363465551166
266750	1943.2363465551166
267074	1943.2363465551166
267397	1943.2363465551166
267719	1943.2363465551166
268040	1943.2363465551166
268360	1943.2363465551166
269511	1943.2363465551166
269830	1943.2363465551166
270152	1943.2363465551166
270475	1943.2363465551166
270797	1943.2363465551166
271118	1943.2363465551166
271437	1943.2363465551166
271757	1943.2363465551166
272079	1943.2363465551166
272400	1943.2363465551166
272720	1943.2363465551166
273040	1943.2363465551166
273359	1943.2363465551166
273678	1943.2363465551166
273998	1943.2363465551166
274316	1943.2363465551166
274634	1943.2363465551166
274952	1943.2363465551166
275270	1943.2363465551166
275590	1943.2363465551166
276762	1943.2363465551166
277078	1943.2363465551166
277397	1943.2363465551166
277716	1943.2363465551166
278033	1943.2363465551166
278352	1943.2363465551166
278669	1943.2363465551166
278991	1943.2363465551166
279310	1943.2363465551166
279629	1943.2363465551166
281197	1943.2363465551166
281516	1943.2363465551166
281832	1943.2363465551166
282150	1943.2363465551166
282468	1943.2363465551166
282787	1943.2363465551166
283105	1943.2363465551166
283425	1943.2363465551166
283744	1943.2363465551166
284060	1943.2363465551166
284382	1943.2363465551166
284702	1943.2363465551166
285024	1943.2363465551166
285346	1943.2363465551166
285668	1943.2363465551166
285986	1943.2363465551166
286307	1943.2363465551166
286623	1943.2363465551166
286943	1943.2363465551166
287262	1943.2363465551166
288435	1943.2363465551166
288756	1943.2363465551166
289075	1943.2363465551166
289395	1943.2363465551166
289712	1943.2363465551166
290029	1943.2363465551166
290351	1943.2363465551166
290672	1943.2363465551166
290994	1943.2363465551166
291314	1943.2363465551166
291634	1943.2363465551166
291951	1943.2363465551166
292271	1943.2363465551166
292589	1943.2363465551166
292907	1943.2363465551166
293226	1943.2363465551166
293539	1943.2363465551166
293855	1943.2363465551166
294170	1943.2363465551166
294483	1943.2363465551166
295644	1943.2363465551166
295958	1943.2363465551166
296271	1943.2363465551166
296588	1943.2363465551166
296901	1943.2363465551166
297215	1943.2363465551166
297528	1943.2363465551166
297841	1943.2363465551166
298158	1943.2363465551166
298474	1943.2363465551166
298787	1943.2363465551166
299102	1943.2363465551166
299416	1943.2363465551166
299729	1943.2363465551166
300041	1943.2363465551166
