300	17270374561.812286
633	7664960729.73915
966	5285364322.340113
1294	2903121202.4988003
1618	1115936244.865545
1942	367170953.81106263
2267	239993510.6947927
2591	233680412.65090168
2914	129420114.38250265
3237	48242214.02287656
3560	34102740.8417645
3882	21305775.973312486
4204	5293063.375649232
4524	5293063.375649232
4844	5293063.375649232
5165	2453997.1367183314
5483	2234314.9259179397
5800	1578401.2635880301
6119	1405878.783467515
6440	1158208.863628648
6756	659738.7286262354
7073	659738.7286262354
7387	659738.7286262354
7706	495760.63922681
8026	495677.9881742776
8342	465518.2512421546
8657	465518.2512421546
8972	348118.910620084
9287	348118.910620084
9602	302539.9627181117
9918	284470.8586271198
10233	277624.0795614599
10550	223863.71196239523
10865	188266.27810809136
11182	183590.31412830157
11499	163589.58262464523
11819	147364.3560200744
12133	120946.56880110933
12448	120946.56880110933
12760	120946.56880110933
13074	118294.56117072901
18812	10342.262860500294
51118	1365.5937294831285
51434	1365.5937294831285
51749	1365.5937294831285
52064	1365.5937294831285
52380	1365.5937294831285
52697	1365.5937294831285
53012	1365.5937294831285
53327	1365.5937294831285
53641	1365.5937294831285
53956	1365.5937294831285
54273	1365.5937294831285
54586	1365.5937294831285
54903	1365.5937294831285
55219	1365.5937294831285
55533	1365.5937294831285
55848	1365.5937294831285
56161	1365.5937294831285
56478	1365.5937294831285
56793	1365.5937294831285
74509	1365.5937294831285
74828	1365.5937294831285
75146	1365.5937294831285
75462	1365.5937294831285
75776	1365.5937294831285
76094	1365.5937294831285
76409	1365.5937294831285
76726	1365.5937294831285
77041	1365.5937294831285
77357	1365.5937294831285
77675	1365.5937294831285
77991	1365.5937294831285
78304	1365.5937294831285
78619	1365.5937294831285
78935	1365.5937294831285
79250	1365.5937294831285
79568	1365.5937294831285
79883	1365.5937294831285
80202	1365.5937294831285
80517	1365.5937294831285
98477	1365.5937294831285
98793	1365.5937294831285
99109	1365.5937294831285
99427	1365.5937294831285
99744	1365.5937294831285
100058	1365.5937294831285
100371	1365.5937294831285
100688	1365.5937294831285
101002	1365.5937294831285
101316	1365.5937294831285
101631	1365.5937294831285
101950	1365.5937294831285
102264	1365.5937294831285
102585	1365.5937294831285
102902	1365.5937294831285
103220	1365.5937294831285
103534	1365.5937294831285
103850	1365.5937294831285
104164	1365.5937294831285
104475	1365.5937294831285
121793	1365.5937294831285
122111	1365.5937294831285
122424	1365.5937294831285
122742	1365.5937294831285
123058	1365.5937294831285
123374	1365.5937294831285
123689	1365.5937294831285
124000	1365.5937294831285
124313	1365.5937294831285
124628	1365.5937294831285
124938	1365.5937294831285
125251	1365.5937294831285
125564	1365.5937294831285
125879	1365.5937294831285
126192	1365.5937294831285
126508	1365.5937294831285
126821	1365.5937294831285
127134	1365.5937294831285
127445	1365.5937294831285
127757	1365.5937294831285
144405	1365.5937294831285
144719	1365.5937294831285
145032	1365.5937294831285
145342	1365.5937294831285
145654	1365.5937294831285
145967	1365.5937294831285
146278	1365.5937294831285
146591	1365.5937294831285
146907	1365.5937294831285
147219	1365.5937294831285
147533	1365.5937294831285
147846	1365.5937294831285
148158	1365.5937294831285
148470	1365.5937294831285
148782	1365.5937294831285
149096	1365.5937294831285
149410	1365.5937294831285
149723	1365.5937294831285
150037	1365.5937294831285
150352	1365.5937294831285
167327	1365.5937294831285
167638	1365.5937294831285
167954	1365.5937294831285
168268	1365.5937294831285
168583	1365.5937294831285
168897	1365.5937294831285
169210	1365.5937294831285
169528	1365.5937294831285
169846	1365.5937294831285
170159	1365.5937294831285
187822	1365.5937294831285
188136	1365.5937294831285
188452	1365.5937294831285
188767	1365.5937294831285
189084	1365.5937294831285
189401	1365.5937294831285
189718	1365.5937294831285
190035	1365.5937294831285
190348	1365.5937294831285
190665	1365.5937294831285
190979	1365.5937294831285
191297	1365.5937294831285
191617	1365.5937294831285
191935	1365.5937294831285
192251	1365.5937294831285
192569	1365.5937294831285
192886	1365.5937294831285
193203	1365.5937294831285
193519	1365.5937294831285
193837	1365.5937294831285
212195	1365.5937294831285
212510	1365.5937294831285
212826	1365.5937294831285
213145	1365.5937294831285
213461	1365.5937294831285
213778	1365.5937294831285
214097	1365.5937294831285
214417	1365.5937294831285
214737	1365.5937294831285
215054	1365.5937294831285
215374	1365.5937294831285
215693	1365.5937294831285
216009	1365.5937294831285
216327	1365.5937294831285
216646	1365.5937294831285
216965	1365.5937294831285
217286	1365.5937294831285
217603	1365.5937294831285
217920	1365.5937294831285
218236	1365.5937294831285
236537	1365.5937294831285
236857	1365.5937294831285
237179	1365.5937294831285
237498	1365.5937294831285
237818	1365.5937294831285
238138	1365.5937294831285
238459	1365.5937294831285
238781	1365.5937294831285
239102	1365.5937294831285
239421	1365.5937294831285
239740	1365.5937294831285
240061	1365.5937294831285
240381	1365.5937294831285
240697	1365.5937294831285
241009	1365.5937294831285
241325	1365.5937294831285
241639	1365.5937294831285
241955	1365.5937294831285
242270	1365.5937294831285
242585	1365.5937294831285
259557	1365.5937294831285
259870	1365.5937294831285
260185	1365.5937294831285
260497	1365.5937294831285
260811	1365.5937294831285
261127	1365.5937294831285
261440	1365.5937294831285
261751	1365.5937294831285
262064	1365.5937294831285
262378	1365.5937294831285
262692	1365.5937294831285
263007	1365.5937294831285
263326	1365.5937294831285
263644	1365.5937294831285
263964	1365.5937294831285
264284	1365.5937294831285
264604	1365.5937294831285
264923	1365.5937294831285
265241	1365.5937294831285
265562	1365.5937294831285
282565	1365.5937294831285
282884	1365.5937294831285
283203	1365.5937294831285
283521	1365.5937294831285
283838	1365.5937294831285
284157	1365.5937294831285
284478	1365.5937294831285
284796	1365.5937294831285
285113	1365.5937294831285
285429	1365.5937294831285
302738	1365.5937294831285
