-80.03237426299728	84.70533238486294	99.97241527895034	-76.30241338898777	73.19536134790499	94.93863803254118	69.09250247747835	42.18350620731857	-28.488921750506407	92.20518376649954	-98.74531039504791	20.901832427199324	39.13384456421491	34.77747727661358	58.92310184593899	-92.28463310443331	43.78600627826637	-72.00070889570817	-42.94602474996727	33.486518736635674	-67.36514544239677	5.468697433865572	-87.49870492960412	81.34460869945497	-39.44567074400123	-50.654496338319	85.65093229958211	-84.87720300178066	-91.85669117009957	-18.66066754131424	
-17.30043940466337	42.024569070164716	97.23530477795713	-38.394016162733756	49.55151509663427	43.0208615032822	-9.81016519062159	84.16937542466607	-8.69532760655484	-66.37428712305694	17.981780430846676	-8.31756227527022	74.18303289360055	-87.06624092520107	-23.729901751885148	-24.459073339111875	-24.88532472157803	77.69443495008768	57.5443031941946	-1.2255846705757634	-63.934739301952646	28.67820479113775	-79.5070146796744	-54.65346181853499	-46.63413855413366	-3.2369652438389895	-33.8004735312071	-31.381191602433347	36.48490888340298	87.38118606376486	
-17.30043940466337	42.024569070164716	97.23530477795713	-38.394016162733756	49.55151509663427	43.0208615032822	-9.81016519062159	84.16937542466607	-8.69532760655484	-66.37428712305694	17.981780430846676	-8.31756227527022	74.18303289360055	-87.06624092520107	-23.729901751885148	-24.459073339111875	-24.88532472157803	77.69443495008768	57.5443031941946	-1.2255846705757634	-63.934739301952646	28.67820479113775	-79.5070146796744	-54.65346181853499	-46.63413855413366	-3.2369652438389895	-33.8004735312071	-31.381191602433347	36.48490888340298	87.38118606376486	
-19.787881947435913	18.345688545375335	99.0239944809299	-60.990347412832065	35.48655633825362	35.36929311346247	-31.882447050336438	90.24883959916889	3.6716918012067055	-75.28839057094042	43.34242336122617	-11.4505979137931	90.75182225482803	-55.43632600785229	-30.671731145728987	-46.28557727230011	-25.986029044574043	79.80370816145211	56.55437273109415	-15.65900289203299	-65.66469676353343	37.615523907029164	-79.26425478262894	-30.050296917316302	-46.45623511532898	-0.29140508734780113	-67.73325455759488	-14.743286456074244	36.272107700201204	75.75616478262435	
-19.787881947435913	18.345688545375335	99.0239944809299	-60.990347412832065	35.48655633825362	35.36929311346247	-31.882447050336438	90.24883959916889	3.6716918012067055	-75.28839057094042	43.34242336122617	-11.4505979137931	90.75182225482803	-55.43632600785229	-30.671731145728987	-46.28557727230011	-25.986029044574043	79.80370816145211	56.55437273109415	-15.65900289203299	-65.66469676353343	37.615523907029164	-79.26425478262894	-30.050296917316302	-46.45623511532898	-0.29140508734780113	-67.73325455759488	-14.743286456074244	36.272107700201204	75.75616478262435	
3.975173936769238	13.404572804333108	77.83554220984327	-42.209421827948944	26.970486800356042	35.04795945436886	-28.167662469279193	90.78490028612634	3.5578479448288665	-62.227140709898364	44.52685120571888	-13.373681385172745	87.45096191192393	-51.532431985680475	-55.909751089121244	-56.67526304003062	-27.406015756270396	62.66204083030639	51.7424377545062	-19.173525914258732	-71.46762085034209	41.986861754465195	-86.08854678375059	-28.133924644827754	-48.088684917816764	15.433775163315836	-71.72712440917071	-16.611032167643636	37.681580633852924	77.36133109994047	
-9.80374252096269	10.33579410296835	87.43120580254907	-48.890587408440624	17.256296027738358	40.17014939123818	-16.10138668610261	70.33861154528681	5.352753596708878	-53.04988697859441	38.268419366206444	-10.04077767178154	93.55436420880321	-47.47112272368035	-74.43364303211457	-50.05463909527669	-20.452310151415922	78.42301514126046	51.6647544790971	-10.321709893961522	-70.75488347267846	40.50139601619877	-73.06657649103767	-34.43674765626383	-47.83688410578384	27.671375236563964	-76.33450457766814	-22.100432523937265	38.51547546915255	70.25007374654304	
-9.818976886161186	4.907926253927915	83.45842053732781	-31.445093100938045	24.993432789481677	38.2796692159825	-21.92450498655192	77.57840945449747	12.705886406033331	-39.09947644605961	56.23857785892562	15.493330885493378	31.385465998008712	-49.29346248998794	-71.89245449682177	-29.844542585634798	-21.439228408757785	84.74048884347349	48.70938533242084	-0.34564049448758283	-70.72167654512299	39.66053074906775	-81.94468747303394	-58.46685724624899	-50.24246910174139	36.09107679472685	-88.2992925783903	-24.489907078812752	39.13341298700666	25.914482686685943	
0.8492245549431985	5.447857962189624	44.57216572286973	13.641334615124624	24.295225181606593	31.657732907299334	-59.11427908883452	51.908429898058145	18.97911499005909	-21.021997802654024	72.03310661052332	33.69802334767986	-41.833008808583564	-46.896043724313245	-42.130017502935445	16.750899946086783	-61.34026638415874	51.056503310455945	-8.771456490773803	4.882347987751341	-67.24250745935149	9.21652591361146	-37.78771609853912	-9.42831555202067	-20.06481422964807	23.841145909806357	-59.25237548772294	-38.516878287817605	55.003234648929386	-24.911837886445568	
0.8492245549431985	5.447857962189624	44.57216572286973	13.641334615124624	24.295225181606593	31.657732907299334	-59.11427908883452	51.908429898058145	18.97911499005909	-21.021997802654024	72.03310661052332	33.69802334767986	-41.833008808583564	-46.896043724313245	-42.130017502935445	16.750899946086783	-61.34026638415874	51.056503310455945	-8.771456490773803	4.882347987751341	-67.24250745935149	9.21652591361146	-37.78771609853912	-9.42831555202067	-20.06481422964807	23.841145909806357	-59.25237548772294	-38.516878287817605	55.003234648929386	-24.911837886445568	
