11.585071602149924	-59.661537708493675	23.92149183492542	65.69661404005615	26.31677057437321	-94.68311491543835	20.599937804870592	1.061658036755773	-24.960219976224025	10.299657015733743	78.42760335772022	-41.61552608446502	94.23171900037215	-40.31001355290851	-87.95901333197524	75.44503772907726	-56.516407087202424	98.49240684122671	44.330601980934915	12.435394939717852	22.194559716383665	-33.36500813045291	43.43041057822364	53.94897363173598	-67.59937653279181	-56.206932381656905	-28.066077075338526	-30.49388626087179	-60.35751005706689	39.114374132957494	
1.6959221294177163	-52.02170011336047	13.529245182711328	50.202106755957296	23.883719547188534	-94.3760294289436	21.102858034840377	24.910870941392975	-27.477430465659975	15.293402656264576	77.08162394945487	-29.980704952236692	89.68395285939765	-71.09999412160032	-98.70821853960322	67.208899468538	-43.142476127983485	75.05553772720401	12.415889378038818	-8.985188741400359	29.86724379479812	-43.259306271787395	24.726198522087476	52.51495118022404	-58.97355263379825	-52.94817856393853	-29.04894451437856	-21.553887048379522	-60.0347965733626	33.2668779106106	
63.571639163948156	-94.44284065354199	65.67410726418875	-10.773458638429293	43.948639415338775	-46.40611217874344	-86.26454086643629	26.729809393049738	-31.015034335190215	-75.80032847890496	5.90825878612833	-31.584314154768606	43.31943656018815	12.079744970219778	-22.676876232998563	86.81439871876123	-60.691716072906196	-31.61647236552547	-1.8732150918708759	15.184506107778127	-59.67741625083096	11.279665283052568	-31.423610197402674	48.08049416721704	8.556526746768032	79.89245150314188	-63.74869063991669	34.97076620208007	78.23983439876045	57.75394136168478	
-17.09375227016153	-34.438036332129045	63.63473663253714	-52.43274829068906	22.402388891120754	60.66534230936009	-11.032343684115705	-84.71789776544348	-33.19969640504628	13.492675004241057	-25.03882765200713	16.245748515719356	-44.49600194453876	48.457123166603125	50.57990705502461	1.4514153366114044	-73.28378903380488	-68.37523529537634	-6.654155978270411	-6.133046473730204	-80.33988791618812	8.250110524218961	8.403985804282051	8.141647485644732	22.90647050474409	31.777806346913493	-27.870077285606392	11.658117432387463	19.515345623351283	-30.021782412732094	
82.95711645460841	-83.44924657737734	42.59783263007721	-7.651709005261537	35.562132108934904	-36.46081363635445	-70.38380809406792	64.92250152018534	-19.928702125772926	-59.79114248528348	14.686404505038261	-57.261735574227245	51.25748988228726	9.702108080524717	-57.15972537281947	83.57031491913217	-62.90779036591989	-71.93570690575666	-37.47825453237837	42.23847110603619	-67.11194331531236	9.127745213476668	-89.92567668472633	46.801324813665644	17.46475248338193	83.11878416499574	-84.20230115403193	32.200040285295415	79.31079666320991	42.73817722878608	
-16.975643720720655	-56.1850094903712	44.09437820774349	-13.190057241922885	10.077158384982255	-12.700562731586324	-49.856588897491065	1.1207792396291296	9.9531097756494	26.27428547692292	-0.46003503052603634	-18.817055335956343	-19.44612422849267	7.546663958557451	-1.1786068922808397	51.5066810824933	-66.18974313576025	-56.36278275581802	-4.335195623564083	-7.301143078862221	-72.41792620504118	-0.3030169050679117	-24.23339205945428	10.401904184452814	32.006673787091195	13.39176008108798	-62.80760105629709	33.944192945954775	61.092857965982574	-8.376962231322594	
37.92785377034467	-6.3449336969695045	35.263280665577085	-15.029824631126534	-26.83404503538091	54.32066846258465	-80.94493190478492	24.151680975586935	6.736458933123202	-100.0	-79.20262630500653	-9.507613442856982	33.78855073801546	22.467322453093722	4.770283107994558	66.45656807453449	-24.292166002787365	-65.34754487606358	-22.648532824750102	12.804111793909183	-30.322780308140146	-23.11800856830901	-49.67144679788655	20.403092930916124	12.35051500522372	23.721710328851994	-64.57886635358506	25.33263135064653	-47.768033148128254	15.552054749047533	
8.271256339378535	-25.63764340888042	37.876082509371756	-10.536795646600055	25.52731487469746	21.343307632044393	9.052296310189917	38.37517700115528	-0.2428759273465051	-14.9564372959042	58.926338098433774	4.985527646159339	70.6124108013031	36.78106790836943	-30.712943452228593	4.836201842689874	-49.37943660955762	-11.471269317227176	0.5336968024351769	52.59757778967188	-11.541270467512788	-12.170033197205683	-27.061782456664787	29.128230182328743	-43.937048052878865	56.41425771287705	46.84654120009992	-11.34707587126156	11.50930266368966	-14.635866554706993	
8.271256339378535	-25.63764340888042	37.876082509371756	-10.536795646600055	25.52731487469746	21.343307632044393	9.052296310189917	38.37517700115528	-0.2428759273465051	-14.9564372959042	58.926338098433774	4.985527646159339	70.6124108013031	36.78106790836943	-30.712943452228593	4.836201842689874	-49.37943660955762	-11.471269317227176	0.5336968024351769	52.59757778967188	-11.541270467512788	-12.170033197205683	-27.061782456664787	29.128230182328743	-43.937048052878865	56.41425771287705	46.84654120009992	-11.34707587126156	11.50930266368966	-14.635866554706993	
8.271256339378535	-25.63764340888042	37.876082509371756	-10.536795646600055	25.52731487469746	21.343307632044393	9.052296310189917	38.37517700115528	-0.2428759273465051	-14.9564372959042	58.926338098433774	4.985527646159339	70.6124108013031	36.78106790836943	-30.712943452228593	4.836201842689874	-49.37943660955762	-11.471269317227176	0.5336968024351769	52.59757778967188	-11.541270467512788	-12.170033197205683	-27.061782456664787	29.128230182328743	-43.937048052878865	56.41425771287705	46.84654120009992	-11.34707587126156	11.50930266368966	-14.635866554706993	
