1000	44909349640.59503
2177	34355080074.129986
3347	21942818835.87805
4514	11993146000.045567
5674	8055596172.552169
6834	6922241991.670853
7998	4825900014.335883
9160	3544528689.834325
10318	2294395471.0415034
11478	1978004869.9257178
12637	1462995930.1524055
13794	932235396.1616619
14950	740925209.2388425
16107	654664977.2391734
17265	454426809.8028023
18422	411294800.090272
19578	333615124.92943525
20735	292331647.2359296
21891	216463282.75255066
23047	192288726.54341918
24203	165238145.82510948
25357	143553928.79967564
26513	110231250.80156715
27669	96442940.57792339
28825	81526263.98933122
29982	74629178.03827327
31138	66322320.563446805
32294	58138747.74332784
33450	55471542.048212
34606	51966337.49426858
35762	47624821.30515265
36916	43375608.23010522
38072	41042093.77362379
39228	36633590.886317424
40384	34946979.32582384
41540	31834873.13508063
42695	29252869.72778294
43851	27025909.20094657
45006	25916412.712758172
46162	24214811.193987854
47318	21925500.894631267
135155	106474.44416447457
194064	14861.025526057118
261539	14150.531898249697
262692	14150.531898249697
263845	14150.531898249697
264997	14150.531898249697
266148	14150.531898249697
267301	14150.531898249697
268454	14150.531898249697
269603	14150.531898249697
270755	14150.531898249697
271906	14150.531898249697
273057	14150.531898249697
274205	14150.531898249697
275356	14150.531898249697
276505	14150.531898249697
277652	14150.531898249697
278803	14150.531898249697
279952	14150.531898249697
281103	14150.531898249697
282253	14150.531898249697
313534	13503.689451610542
314682	13503.689451610542
315833	13503.689451610542
316983	13503.689451610542
318134	13503.689451610542
319289	13503.689451610542
320442	13503.689451610542
321594	13503.689451610542
322746	13503.689451610542
323900	13503.689451610542
325053	13503.689451610542
347946	13328.811706442335
349097	13328.811706442335
350248	13328.811706442335
351400	13328.811706442335
352547	13328.811706442335
353692	13328.811706442335
354836	13328.811706442335
355977	13328.811706442335
357118	13328.811706442335
358262	13328.811706442335
359410	13328.811706442335
360553	13328.811706442335
361696	13328.811706442335
362842	13328.811706442335
363984	13328.811706442335
365126	13328.811706442335
366271	13328.811706442335
367411	13328.811706442335
368549	13328.811706442335
369685	13328.811706442335
370820	13328.811706442335
371960	13328.811706442335
373104	13328.811706442335
374239	13328.811706442335
375377	13328.811706442335
376516	13328.811706442335
377652	13328.811706442335
378784	13328.811706442335
391533	13274.864290812073
413704	13224.242782757246
414836	13224.242782757246
415969	13224.242782757246
417100	13224.242782757246
418231	13224.242782757246
419364	13224.242782757246
420498	13224.242782757246
421636	13224.242782757246
422773	13224.242782757246
423900	13224.242782757246
425030	13224.242782757246
426159	13224.242782757246
427293	13224.242782757246
428428	13224.242782757246
429565	13224.242782757246
430698	13224.242782757246
431829	13224.242782757246
432959	13224.242782757246
434091	13224.242782757246
450374	13079.582115438927
477651	13013.03845534762
478783	13013.03845534762
479915	13013.03845534762
481048	13013.03845534762
482179	13013.03845534762
483312	13013.03845534762
484444	13013.03845534762
485577	13013.03845534762
486708	13013.03845534762
487837	13013.03845534762
488967	13013.03845534762
490098	13013.03845534762
491231	13013.03845534762
492361	13013.03845534762
493495	13013.03845534762
494633	13013.03845534762
495769	13013.03845534762
496905	13013.03845534762
498041	13013.03845534762
516013	13013.03845534762
517148	13013.03845534762
518290	13013.03845534762
519430	13013.03845534762
520570	13013.03845534762
521710	13013.03845534762
522847	13013.03845534762
523983	13013.03845534762
525119	13013.03845534762
526257	13013.03845534762
527395	13013.03845534762
528531	13013.03845534762
529664	13013.03845534762
530800	13013.03845534762
531935	13013.03845534762
533072	13013.03845534762
534203	13013.03845534762
535336	13013.03845534762
536466	13013.03845534762
537602	13013.03845534762
545450	13013.03845534762
546582	13013.03845534762
547713	13013.03845534762
548846	13013.03845534762
549981	13013.03845534762
551114	13013.03845534762
552247	13013.03845534762
553379	13013.03845534762
554513	13013.03845534762
555649	13013.03845534762
556785	13013.03845534762
557922	13013.03845534762
559055	13013.03845534762
560188	13013.03845534762
561318	13013.03845534762
562453	13013.03845534762
563580	13013.03845534762
564713	13013.03845534762
565849	13013.03845534762
566987	13013.03845534762
583171	13011.593881544144
598198	12991.031323845333
599328	12991.031323845333
600460	12991.031323845333
601596	12991.031323845333
602727	12991.031323845333
603858	12991.031323845333
604987	12991.031323845333
606118	12991.031323845333
607246	12991.031323845333
608374	12991.031323845333
609508	12991.031323845333
636157	12751.55097933621
637284	12751.55097933621
638415	12751.55097933621
639545	12751.55097933621
640676	12751.55097933621
641811	12751.55097933621
642939	12751.55097933621
644070	12751.55097933621
645203	12751.55097933621
646329	12751.55097933621
647460	12751.55097933621
648589	12751.55097933621
649722	12751.55097933621
650851	12751.55097933621
651979	12751.55097933621
653103	12751.55097933621
654231	12751.55097933621
655357	12751.55097933621
656484	12751.55097933621
657618	12751.55097933621
658747	12751.55097933621
659879	12751.55097933621
661013	12751.55097933621
662144	12751.55097933621
663278	12751.55097933621
664410	12751.55097933621
665542	12751.55097933621
666676	12751.55097933621
674829	12751.55097933621
675961	12751.55097933621
677094	12751.55097933621
678228	12751.55097933621
679359	12751.55097933621
680492	12751.55097933621
681627	12751.55097933621
682760	12751.55097933621
683891	12751.55097933621
685025	12751.55097933621
699659	12751.55097933621
700795	12751.55097933621
701928	12751.55097933621
703063	12751.55097933621
704197	12751.55097933621
705334	12751.55097933621
706471	12751.55097933621
707607	12751.55097933621
708747	12751.55097933621
709884	12751.55097933621
711027	12751.55097933621
712169	12751.55097933621
713312	12751.55097933621
714450	12751.55097933621
715593	12751.55097933621
716734	12751.55097933621
717876	12751.55097933621
719015	12751.55097933621
720153	12751.55097933621
721292	12751.55097933621
735137	12751.55097933621
736277	12751.55097933621
737417	12751.55097933621
738556	12751.55097933621
739694	12751.55097933621
740836	12751.55097933621
741977	12751.55097933621
743116	12751.55097933621
744257	12751.55097933621
745391	12751.55097933621
746534	12751.55097933621
747673	12751.55097933621
748812	12751.55097933621
749955	12751.55097933621
751096	12751.55097933621
752235	12751.55097933621
753378	12751.55097933621
754520	12751.55097933621
755661	12751.55097933621
756802	12751.55097933621
774945	12751.55097933621
776087	12751.55097933621
777230	12751.55097933621
778371	12751.55097933621
779515	12751.55097933621
780659	12751.55097933621
781799	12751.55097933621
782939	12751.55097933621
784081	12751.55097933621
785220	12751.55097933621
786359	12751.55097933621
787499	12751.55097933621
788642	12751.55097933621
789787	12751.55097933621
790934	12751.55097933621
792077	12751.55097933621
793222	12751.55097933621
794368	12751.55097933621
795519	12751.55097933621
796666	12751.55097933621
805330	12751.55097933621
806475	12751.55097933621
807620	12751.55097933621
808767	12751.55097933621
809913	12751.55097933621
811062	12751.55097933621
812206	12751.55097933621
813355	12751.55097933621
814497	12751.55097933621
815640	12751.55097933621
816789	12751.55097933621
817940	12751.55097933621
819091	12751.55097933621
820235	12751.55097933621
821385	12751.55097933621
822533	12751.55097933621
823682	12751.55097933621
824829	12751.55097933621
825977	12751.55097933621
827122	12751.55097933621
843325	12603.240817242164
873035	12444.233179737015
874179	12444.233179737015
875325	12444.233179737015
876470	12444.233179737015
877616	12444.233179737015
878762	12444.233179737015
879909	12444.233179737015
881055	12444.233179737015
882203	12444.233179737015
883354	12444.233179737015
884505	12444.233179737015
885653	12444.233179737015
886804	12444.233179737015
887952	12444.233179737015
889103	12444.233179737015
890254	12444.233179737015
891407	12444.233179737015
892557	12444.233179737015
893706	12444.233179737015
911662	12444.233179737015
912815	12444.233179737015
913972	12444.233179737015
915123	12444.233179737015
916279	12444.233179737015
917435	12444.233179737015
918585	12444.233179737015
919738	12444.233179737015
920891	12444.233179737015
922046	12444.233179737015
923199	12444.233179737015
924354	12444.233179737015
925509	12444.233179737015
926661	12444.233179737015
927815	12444.233179737015
928966	12444.233179737015
930120	12444.233179737015
931275	12444.233179737015
932430	12444.233179737015
933586	12444.233179737015
950030	12444.233179737015
951184	12444.233179737015
952335	12444.233179737015
953484	12444.233179737015
954638	12444.233179737015
955789	12444.233179737015
956943	12444.233179737015
958098	12444.233179737015
959254	12444.233179737015
960410	12444.233179737015
961564	12444.233179737015
962719	12444.233179737015
963875	12444.233179737015
965030	12444.233179737015
966184	12444.233179737015
967340	12444.233179737015
968492	12444.233179737015
969647	12444.233179737015
970803	12444.233179737015
971958	12444.233179737015
983462	12444.233179737015
984616	12444.233179737015
985771	12444.233179737015
986926	12444.233179737015
988082	12444.233179737015
989238	12444.233179737015
990393	12444.233179737015
991548	12444.233179737015
992702	12444.233179737015
993857	12444.233179737015
995011	12444.233179737015
996167	12444.233179737015
997320	12444.233179737015
998475	12444.233179737015
999631	12444.233179737015
1000786	12444.233179737015
