1000	60707498682.84043
2184	36799138446.10112
3359	20226485928.171505
4535	14545951408.785612
5715	9760192364.439318
6880	6832257798.735585
8047	5206223817.6933155
9224	3605564008.4420357
10407	2653057002.6642923
11588	2036519383.1433773
12769	1485495219.2351193
13946	1163302453.024936
15134	793930968.1880755
16309	614808544.3051693
17474	447396081.2355211
18649	360434263.88267463
19824	247507124.53709525
20996	200580754.8142762
22169	151455737.34700978
23350	117719847.28449073
24526	106708230.79649639
25693	87182887.66157283
26867	68880211.93566202
28039	45546224.00733231
29209	42405751.82639684
30378	39551688.73014273
31556	28513731.852299847
32720	19644846.489994224
33892	18176406.665938996
35065	12814847.015808135
36236	10251177.255640548
37403	9819890.213218994
38585	9158610.753899958
39748	7746298.390614295
40920	6934261.2804955505
42084	5794606.532609935
43256	5173573.460869893
44425	4955171.194219092
45599	4416999.290885298
46770	4079587.493599383
47946	3543252.954417552
153165	15855.650563957686
154327	15855.650563957686
155496	15855.650563957686
156664	15855.650563957686
157831	15855.650563957686
159001	15855.650563957686
160166	15855.650563957686
161330	15855.650563957686
162498	15855.650563957686
163674	15855.650563957686
164844	15855.650563957686
166024	15855.650563957686
167190	15855.650563957686
218952	11017.307309226238
220122	11017.307309226238
221286	11017.307309226238
222446	11017.307309226238
223603	11017.307309226238
224760	11017.307309226238
225919	11017.307309226238
227083	11017.307309226238
228246	11017.307309226238
229409	11017.307309226238
230573	11017.307309226238
231739	11017.307309226238
232902	11017.307309226238
234067	11017.307309226238
235231	11017.307309226238
290194	10412.268539477116
291357	10412.268539477116
292518	10412.268539477116
293680	10412.268539477116
294844	10412.268539477116
296005	10412.268539477116
297164	10412.268539477116
298319	10412.268539477116
299478	10412.268539477116
300634	10412.268539477116
301793	10412.268539477116
302944	10412.268539477116
304107	10412.268539477116
305264	10412.268539477116
306416	10412.268539477116
307563	10412.268539477116
308722	10412.268539477116
309876	10412.268539477116
311028	10412.268539477116
312184	10412.268539477116
313339	10412.268539477116
314491	10412.268539477116
324371	10412.268539477116
357386	10323.484318649987
358542	10323.484318649987
359697	10323.484318649987
360859	10323.484318649987
362024	10323.484318649987
363188	10323.484318649987
364345	10323.484318649987
365501	10323.484318649987
366655	10323.484318649987
367808	10323.484318649987
381632	10260.703423367027
382786	10260.703423367027
383944	10260.703423367027
385102	10260.703423367027
386255	10260.703423367027
387405	10260.703423367027
388553	10260.703423367027
389702	10260.703423367027
390855	10260.703423367027
392004	10260.703423367027
393150	10260.703423367027
394298	10260.703423367027
395448	10260.703423367027
396593	10260.703423367027
397738	10260.703423367027
398884	10260.703423367027
400027	10260.703423367027
401167	10260.703423367027
402315	10260.703423367027
407640	10260.703423367027
408782	10260.703423367027
409922	10260.703423367027
439073	10094.501149345862
440219	10094.501149345862
441369	10094.501149345862
442524	10094.501149345862
443666	10094.501149345862
444809	10094.501149345862
445949	10094.501149345862
447092	10094.501149345862
448231	10094.501149345862
449368	10094.501149345862
450505	10094.501149345862
451648	10094.501149345862
452790	10094.501149345862
453925	10094.501149345862
455062	10094.501149345862
456195	10094.501149345862
457327	10094.501149345862
458460	10094.501149345862
459591	10094.501149345862
460727	10094.501149345862
461859	10094.501149345862
462994	10094.501149345862
464128	10094.501149345862
465262	10094.501149345862
466399	10094.501149345862
467532	10094.501149345862
468667	10094.501149345862
483589	10094.501149345862
484733	10094.501149345862
485876	10094.501149345862
487017	10094.501149345862
488160	10094.501149345862
489299	10094.501149345862
490442	10094.501149345862
491586	10094.501149345862
492735	10094.501149345862
493884	10094.501149345862
500934	10094.501149345862
502088	10094.501149345862
503243	10094.501149345862
504386	10094.501149345862
505535	10094.501149345862
506677	10094.501149345862
507826	10094.501149345862
508974	10094.501149345862
510117	10094.501149345862
511264	10094.501149345862
512403	10094.501149345862
513541	10094.501149345862
514687	10094.501149345862
515835	10094.501149345862
516979	10094.501149345862
518133	10094.501149345862
519284	10094.501149345862
520438	10094.501149345862
521589	10094.501149345862
522741	10094.501149345862
531696	10094.501149345862
532846	10094.501149345862
534001	10094.501149345862
535158	10094.501149345862
536315	10094.501149345862
537476	10094.501149345862
538635	10094.501149345862
539800	10094.501149345862
540962	10094.501149345862
542116	10094.501149345862
543283	10094.501149345862
544449	10094.501149345862
545610	10094.501149345862
546777	10094.501149345862
547940	10094.501149345862
549103	10094.501149345862
550260	10094.501149345862
551418	10094.501149345862
552576	10094.501149345862
553740	10094.501149345862
560976	10094.501149345862
562142	10094.501149345862
563308	10094.501149345862
564481	10094.501149345862
565657	10094.501149345862
566829	10094.501149345862
568003	10094.501149345862
569179	10094.501149345862
570362	10094.501149345862
571540	10094.501149345862
572723	10094.501149345862
573905	10094.501149345862
575083	10094.501149345862
576254	10094.501149345862
577436	10094.501149345862
578616	10094.501149345862
579793	10094.501149345862
580978	10094.501149345862
582151	10094.501149345862
583322	10094.501149345862
590086	10094.501149345862
591269	10094.501149345862
592456	10094.501149345862
593637	10094.501149345862
594820	10094.501149345862
595998	10094.501149345862
597177	10094.501149345862
598352	10094.501149345862
599531	10094.501149345862
600706	10094.501149345862
601892	10094.501149345862
603079	10094.501149345862
604252	10094.501149345862
605437	10094.501149345862
606613	10094.501149345862
607791	10094.501149345862
608973	10094.501149345862
610154	10094.501149345862
611334	10094.501149345862
612510	10094.501149345862
628747	9848.940338388848
650976	9717.42746322922
652157	9717.42746322922
653332	9717.42746322922
654506	9717.42746322922
655678	9717.42746322922
656851	9717.42746322922
658036	9717.42746322922
659200	9717.42746322922
660365	9717.42746322922
661557	9717.42746322922
662743	9717.42746322922
663923	9717.42746322922
665088	9717.42746322922
666266	9717.42746322922
667437	9717.42746322922
668619	9717.42746322922
669801	9717.42746322922
670971	9717.42746322922
672149	9717.42746322922
684961	9717.42746322922
686135	9717.42746322922
687311	9717.42746322922
688493	9717.42746322922
689679	9717.42746322922
690858	9717.42746322922
692041	9717.42746322922
693226	9717.42746322922
694401	9717.42746322922
695573	9717.42746322922
696744	9717.42746322922
697918	9717.42746322922
699098	9717.42746322922
700280	9717.42746322922
701463	9717.42746322922
702643	9717.42746322922
703820	9717.42746322922
704995	9717.42746322922
706178	9717.42746322922
707355	9717.42746322922
725369	9717.42746322922
726552	9717.42746322922
727736	9717.42746322922
728907	9717.42746322922
730087	9717.42746322922
731262	9717.42746322922
732447	9717.42746322922
733617	9717.42746322922
734797	9717.42746322922
735974	9717.42746322922
737154	9717.42746322922
738338	9717.42746322922
739506	9717.42746322922
740677	9717.42746322922
741852	9717.42746322922
743026	9717.42746322922
744201	9717.42746322922
745373	9717.42746322922
746557	9717.42746322922
747729	9717.42746322922
752473	9717.42746322922
753648	9717.42746322922
754822	9717.42746322922
755998	9717.42746322922
757170	9717.42746322922
758345	9717.42746322922
759518	9717.42746322922
760695	9717.42746322922
761877	9717.42746322922
763056	9717.42746322922
764242	9717.42746322922
765424	9717.42746322922
766606	9717.42746322922
767782	9717.42746322922
768964	9717.42746322922
770139	9717.42746322922
771323	9717.42746322922
772507	9717.42746322922
773694	9717.42746322922
774873	9717.42746322922
784762	9717.42746322922
785948	9717.42746322922
787121	9717.42746322922
788289	9717.42746322922
789475	9717.42746322922
790652	9717.42746322922
791835	9717.42746322922
793012	9717.42746322922
794197	9717.42746322922
795379	9717.42746322922
796554	9717.42746322922
797739	9717.42746322922
798913	9717.42746322922
800094	9717.42746322922
801260	9717.42746322922
802445	9717.42746322922
803619	9717.42746322922
804805	9717.42746322922
805987	9717.42746322922
807175	9717.42746322922
825160	9717.42746322922
826346	9717.42746322922
827527	9717.42746322922
828706	9717.42746322922
829897	9717.42746322922
831070	9717.42746322922
832259	9717.42746322922
833432	9717.42746322922
834604	9717.42746322922
835791	9717.42746322922
840951	9717.42746322922
842134	9717.42746322922
843305	9717.42746322922
844489	9717.42746322922
845671	9717.42746322922
846845	9717.42746322922
848023	9717.42746322922
849203	9717.42746322922
850391	9717.42746322922
851574	9717.42746322922
852758	9717.42746322922
853942	9717.42746322922
855117	9717.42746322922
856298	9717.42746322922
857470	9717.42746322922
858635	9717.42746322922
859814	9717.42746322922
860982	9717.42746322922
862159	9717.42746322922
863328	9717.42746322922
871705	9717.42746322922
872878	9717.42746322922
874059	9717.42746322922
875225	9717.42746322922
876396	9717.42746322922
877592	9717.42746322922
878757	9717.42746322922
879931	9717.42746322922
881101	9717.42746322922
882277	9717.42746322922
883446	9717.42746322922
884611	9717.42746322922
885786	9717.42746322922
886962	9717.42746322922
888126	9717.42746322922
889289	9717.42746322922
890456	9717.42746322922
891624	9717.42746322922
892788	9717.42746322922
893957	9717.42746322922
904159	9717.42746322922
905319	9717.42746322922
906482	9717.42746322922
907637	9717.42746322922
908790	9717.42746322922
909947	9717.42746322922
911099	9717.42746322922
912249	9717.42746322922
913403	9717.42746322922
914557	9717.42746322922
915703	9717.42746322922
916849	9717.42746322922
917995	9717.42746322922
919141	9717.42746322922
920282	9717.42746322922
921431	9717.42746322922
922570	9717.42746322922
923713	9717.42746322922
924854	9717.42746322922
925997	9717.42746322922
932775	9717.42746322922
933924	9717.42746322922
935072	9717.42746322922
936223	9717.42746322922
937370	9717.42746322922
938513	9717.42746322922
939668	9717.42746322922
940817	9717.42746322922
941967	9717.42746322922
943118	9717.42746322922
944269	9717.42746322922
945422	9717.42746322922
946576	9717.42746322922
947740	9717.42746322922
948895	9717.42746322922
950055	9717.42746322922
951217	9717.42746322922
952375	9717.42746322922
953537	9717.42746322922
954690	9717.42746322922
972671	9717.42746322922
973822	9717.42746322922
974978	9717.42746322922
976128	9717.42746322922
977292	9717.42746322922
978453	9717.42746322922
979605	9717.42746322922
980761	9717.42746322922
981915	9717.42746322922
983076	9717.42746322922
989022	9717.42746322922
990177	9717.42746322922
991333	9717.42746322922
992495	9717.42746322922
993653	9717.42746322922
994807	9717.42746322922
995959	9717.42746322922
997119	9717.42746322922
998274	9717.42746322922
999431	9717.42746322922
1000589	9717.42746322922
