1000	56449013503.37801
2175	32240529678.015446
3340	16318539026.883497
4499	9920494880.879519
5660	8684503825.36433
6820	6657915641.299854
7979	3850259670.087412
9138	1773817598.3222857
10298	1474620567.482688
11455	1285753565.6876569
12614	986609052.2460321
13771	779239405.8340099
14926	651340475.0691258
16083	524194701.86848825
17239	400205517.81290734
18395	338210471.047282
19551	295197647.79604226
20706	229718639.74779212
21863	201340418.53983304
23018	162487735.1577633
24174	147330414.62008846
25330	127682490.0992593
26486	110826432.68766949
27641	99079220.81098454
28797	89345331.16868578
29954	74029239.05314188
31110	62702167.80529328
32266	56388826.619143076
33422	46797089.710469306
34578	39784876.55755846
35734	33466600.922961228
36890	31264640.987499043
38045	26833633.769193135
39201	24884968.930969425
40356	22152239.25686041
41511	19684736.16619394
42667	19149631.937147256
43821	17617906.527116247
44977	15191031.529280402
46133	13652366.1172579
47289	12345595.513001196
114071	9364.885299830612
115226	9364.885299830612
116381	9364.885299830612
117536	9364.885299830612
118691	9364.885299830612
119845	9364.885299830612
120999	9364.885299830612
122153	9364.885299830612
123308	9364.885299830612
124463	9364.885299830612
125618	9364.885299830612
126773	9364.885299830612
127927	9364.885299830612
129082	9364.885299830612
130237	9364.885299830612
131392	9364.885299830612
132547	9364.885299830612
133702	9364.885299830612
134856	9364.885299830612
136010	9364.885299830612
164428	8773.537687060556
165582	8773.537687060556
166737	8773.537687060556
167891	8773.537687060556
169043	8773.537687060556
170196	8773.537687060556
171351	8773.537687060556
172505	8773.537687060556
173659	8773.537687060556
174812	8773.537687060556
175965	8773.537687060556
177118	8773.537687060556
205797	8561.103923385086
236860	8485.285867569837
238012	8485.285867569837
239162	8485.285867569837
240314	8485.285867569837
241465	8485.285867569837
242617	8485.285867569837
243767	8485.285867569837
244919	8485.285867569837
246068	8485.285867569837
247221	8485.285867569837
248373	8485.285867569837
249524	8485.285867569837
250671	8485.285867569837
251820	8485.285867569837
252966	8485.285867569837
254109	8485.285867569837
255255	8485.285867569837
256403	8485.285867569837
257547	8485.285867569837
258688	8485.285867569837
259829	8485.285867569837
260971	8485.285867569837
262117	8485.285867569837
263257	8485.285867569837
264395	8485.285867569837
265537	8485.285867569837
266674	8485.285867569837
275440	8485.285867569837
276575	8485.285867569837
277713	8485.285867569837
278852	8485.285867569837
279989	8485.285867569837
281123	8485.285867569837
282256	8485.285867569837
283389	8485.285867569837
284523	8485.285867569837
285659	8485.285867569837
295758	8485.285867569837
296894	8485.285867569837
298028	8485.285867569837
299165	8485.285867569837
300300	8485.285867569837
301437	8485.285867569837
302568	8485.285867569837
303701	8485.285867569837
304837	8485.285867569837
305977	8485.285867569837
307113	8485.285867569837
308244	8485.285867569837
309380	8485.285867569837
310517	8485.285867569837
311651	8485.285867569837
312784	8485.285867569837
313919	8485.285867569837
315052	8485.285867569837
316183	8485.285867569837
317318	8485.285867569837
335261	8485.285867569837
336397	8485.285867569837
337533	8485.285867569837
338664	8485.285867569837
339795	8485.285867569837
340929	8485.285867569837
342056	8485.285867569837
343191	8485.285867569837
344319	8485.285867569837
345450	8485.285867569837
346582	8485.285867569837
347711	8485.285867569837
348846	8485.285867569837
349977	8485.285867569837
351109	8485.285867569837
352237	8485.285867569837
353366	8485.285867569837
354494	8485.285867569837
355624	8485.285867569837
356755	8485.285867569837
373402	8485.285867569837
374530	8485.285867569837
375660	8485.285867569837
376790	8485.285867569837
377919	8485.285867569837
379046	8485.285867569837
380175	8485.285867569837
381304	8485.285867569837
382434	8485.285867569837
383566	8485.285867569837
384698	8485.285867569837
385826	8485.285867569837
386958	8485.285867569837
388094	8485.285867569837
389228	8485.285867569837
390363	8485.285867569837
391495	8485.285867569837
392628	8485.285867569837
393759	8485.285867569837
394893	8485.285867569837
410469	8482.431168142975
427302	8475.40332672435
428435	8475.40332672435
429568	8475.40332672435
430702	8475.40332672435
431835	8475.40332672435
432970	8475.40332672435
434104	8475.40332672435
435236	8475.40332672435
436369	8475.40332672435
437502	8475.40332672435
438637	8475.40332672435
439772	8475.40332672435
440908	8475.40332672435
442041	8475.40332672435
443173	8475.40332672435
444304	8475.40332672435
445438	8475.40332672435
446572	8475.40332672435
447704	8475.40332672435
461641	8475.40332672435
462774	8475.40332672435
463911	8475.40332672435
465046	8475.40332672435
466178	8475.40332672435
467312	8475.40332672435
468448	8475.40332672435
469585	8475.40332672435
470719	8475.40332672435
471854	8475.40332672435
472991	8475.40332672435
474128	8475.40332672435
475266	8475.40332672435
476400	8475.40332672435
477540	8475.40332672435
478682	8475.40332672435
479822	8475.40332672435
480962	8475.40332672435
482104	8475.40332672435
483242	8475.40332672435
489395	8475.40332672435
490532	8475.40332672435
491671	8475.40332672435
492812	8475.40332672435
493950	8475.40332672435
495090	8475.40332672435
496228	8475.40332672435
497369	8475.40332672435
498513	8475.40332672435
499653	8475.40332672435
500795	8475.40332672435
501937	8475.40332672435
503075	8475.40332672435
504217	8475.40332672435
505361	8475.40332672435
506503	8475.40332672435
507643	8475.40332672435
508785	8475.40332672435
509925	8475.40332672435
511066	8475.40332672435
527355	8453.144652796655
535184	8450.992229481433
536327	8450.992229481433
537471	8450.992229481433
538613	8450.992229481433
539756	8450.992229481433
540901	8450.992229481433
542045	8450.992229481433
543190	8450.992229481433
544332	8450.992229481433
545473	8450.992229481433
546619	8450.992229481433
547766	8450.992229481433
548909	8450.992229481433
550052	8450.992229481433
551196	8450.992229481433
552340	8450.992229481433
553484	8450.992229481433
554627	8450.992229481433
555771	8450.992229481433
564747	8450.992229481433
565890	8450.992229481433
567032	8450.992229481433
568181	8450.992229481433
569328	8450.992229481433
570478	8450.992229481433
571627	8450.992229481433
572775	8450.992229481433
573928	8450.992229481433
575081	8450.992229481433
576234	8450.992229481433
577385	8450.992229481433
578533	8450.992229481433
579685	8450.992229481433
580835	8450.992229481433
581987	8450.992229481433
583137	8450.992229481433
584290	8450.992229481433
585439	8450.992229481433
586587	8450.992229481433
599130	8450.992229481433
600281	8450.992229481433
601433	8450.992229481433
602587	8450.992229481433
603740	8450.992229481433
604893	8450.992229481433
606046	8450.992229481433
607201	8450.992229481433
608354	8450.992229481433
609508	8450.992229481433
610663	8450.992229481433
611819	8450.992229481433
612974	8450.992229481433
614127	8450.992229481433
615281	8450.992229481433
616436	8450.992229481433
617591	8450.992229481433
618746	8450.992229481433
619899	8450.992229481433
621054	8450.992229481433
630438	8450.992229481433
631593	8450.992229481433
632748	8450.992229481433
633903	8450.992229481433
635057	8450.992229481433
636213	8450.992229481433
637369	8450.992229481433
638525	8450.992229481433
639680	8450.992229481433
640836	8450.992229481433
641991	8450.992229481433
643147	8450.992229481433
644302	8450.992229481433
645458	8450.992229481433
646614	8450.992229481433
647769	8450.992229481433
648924	8450.992229481433
650079	8450.992229481433
651234	8450.992229481433
652390	8450.992229481433
657552	8450.992229481433
658707	8450.992229481433
659860	8450.992229481433
661015	8450.992229481433
662169	8450.992229481433
663325	8450.992229481433
664480	8450.992229481433
665636	8450.992229481433
666791	8450.992229481433
667946	8450.992229481433
669102	8450.992229481433
670256	8450.992229481433
688582	8318.807457187319
711601	8279.977589100854
712755	8279.977589100854
713909	8279.977589100854
715063	8279.977589100854
716217	8279.977589100854
717371	8279.977589100854
718525	8279.977589100854
719679	8279.977589100854
720833	8279.977589100854
721986	8279.977589100854
723140	8279.977589100854
724293	8279.977589100854
725447	8279.977589100854
726601	8279.977589100854
727755	8279.977589100854
728909	8279.977589100854
730063	8279.977589100854
731217	8279.977589100854
732371	8279.977589100854
733525	8279.977589100854
734680	8279.977589100854
735836	8279.977589100854
736992	8279.977589100854
738148	8279.977589100854
739304	8279.977589100854
740460	8279.977589100854
741616	8279.977589100854
751807	8279.977589100854
752963	8279.977589100854
754119	8279.977589100854
755275	8279.977589100854
756431	8279.977589100854
757587	8279.977589100854
758743	8279.977589100854
759899	8279.977589100854
761055	8279.977589100854
762211	8279.977589100854
771072	8279.977589100854
772228	8279.977589100854
773384	8279.977589100854
774540	8279.977589100854
775695	8279.977589100854
776851	8279.977589100854
778007	8279.977589100854
779163	8279.977589100854
780320	8279.977589100854
781476	8279.977589100854
782632	8279.977589100854
783788	8279.977589100854
784944	8279.977589100854
786100	8279.977589100854
787254	8279.977589100854
788410	8279.977589100854
789566	8279.977589100854
790722	8279.977589100854
791877	8279.977589100854
793033	8279.977589100854
803912	8279.977589100854
805068	8279.977589100854
806223	8279.977589100854
807379	8279.977589100854
808535	8279.977589100854
809690	8279.977589100854
810846	8279.977589100854
812000	8279.977589100854
813153	8279.977589100854
814308	8279.977589100854
815464	8279.977589100854
816619	8279.977589100854
817775	8279.977589100854
818931	8279.977589100854
820087	8279.977589100854
821242	8279.977589100854
822398	8279.977589100854
823554	8279.977589100854
824710	8279.977589100854
825866	8279.977589100854
830790	8279.977589100854
831948	8279.977589100854
833104	8279.977589100854
834259	8279.977589100854
835415	8279.977589100854
836571	8279.977589100854
837726	8279.977589100854
838884	8279.977589100854
840040	8279.977589100854
841196	8279.977589100854
842352	8279.977589100854
843507	8279.977589100854
844663	8279.977589100854
845818	8279.977589100854
846974	8279.977589100854
848130	8279.977589100854
849286	8279.977589100854
850442	8279.977589100854
851598	8279.977589100854
852753	8279.977589100854
858287	8279.977589100854
859445	8279.977589100854
860600	8279.977589100854
861756	8279.977589100854
862911	8279.977589100854
864066	8279.977589100854
865221	8279.977589100854
866377	8279.977589100854
867535	8279.977589100854
868691	8279.977589100854
869846	8279.977589100854
871002	8279.977589100854
872157	8279.977589100854
873313	8279.977589100854
874469	8279.977589100854
875625	8279.977589100854
876781	8279.977589100854
877937	8279.977589100854
879093	8279.977589100854
880249	8279.977589100854
885583	8279.977589100854
886739	8279.977589100854
887895	8279.977589100854
889051	8279.977589100854
890207	8279.977589100854
891363	8279.977589100854
892519	8279.977589100854
893674	8279.977589100854
894828	8279.977589100854
895981	8279.977589100854
901945	8279.977589100854
903099	8279.977589100854
904253	8279.977589100854
905406	8279.977589100854
906558	8279.977589100854
907712	8279.977589100854
908865	8279.977589100854
910021	8279.977589100854
911175	8279.977589100854
912329	8279.977589100854
913481	8279.977589100854
914633	8279.977589100854
915787	8279.977589100854
916940	8279.977589100854
918094	8279.977589100854
919246	8279.977589100854
920399	8279.977589100854
921552	8279.977589100854
922704	8279.977589100854
923858	8279.977589100854
929520	8279.977589100854
930674	8279.977589100854
931828	8279.977589100854
932982	8279.977589100854
934134	8279.977589100854
935286	8279.977589100854
936437	8279.977589100854
937588	8279.977589100854
938739	8279.977589100854
939890	8279.977589100854
941042	8279.977589100854
942196	8279.977589100854
943346	8279.977589100854
944497	8279.977589100854
945651	8279.977589100854
946802	8279.977589100854
947957	8279.977589100854
949112	8279.977589100854
950266	8279.977589100854
951420	8279.977589100854
956066	8279.977589100854
957216	8279.977589100854
958370	8279.977589100854
959521	8279.977589100854
960676	8279.977589100854
961828	8279.977589100854
962980	8279.977589100854
964132	8279.977589100854
965281	8279.977589100854
966430	8279.977589100854
967575	8279.977589100854
968723	8279.977589100854
969874	8279.977589100854
971020	8279.977589100854
972165	8279.977589100854
973313	8279.977589100854
974460	8279.977589100854
975605	8279.977589100854
976749	8279.977589100854
977897	8279.977589100854
985536	8279.977589100854
986685	8279.977589100854
987835	8279.977589100854
988982	8279.977589100854
990128	8279.977589100854
991277	8279.977589100854
992427	8279.977589100854
993577	8279.977589100854
994728	8279.977589100854
995878	8279.977589100854
997023	8279.977589100854
998169	8279.977589100854
999321	8279.977589100854
1000471	8279.977589100854
