1000	72443.81603895698
2156	61200.55254594988
3310	50994.61229977193
4457	46948.522383046286
5604	39416.97756960376
6750	37809.47693064153
7894	30454.308448412412
9033	29646.071267844003
10176	29646.071267844003
11312	25873.424035474934
12454	25873.424035474934
13593	24517.115693888507
14730	24517.115693888507
15871	22954.91931610671
17014	22009.717446585004
18155	21973.193993457393
19296	20397.28517747813
20434	19307.181881590983
21572	19307.181881590983
22713	17680.454914960614
23856	15005.672953043659
24993	15005.672953043659
26132	15005.672953043659
27273	14836.795207549725
28413	13891.378905436723
29553	13533.42099169773
30697	13330.005869652521
31839	12889.466763703533
32980	11841.275294679263
34119	10982.703757713749
35263	10846.372473078583
36403	10846.372473078583
37543	10393.657223344522
38681	10371.265792012367
39823	10074.715945561631
40962	10027.782566416907
42100	8578.025927594012
43239	8578.025927594012
44381	7671.849495168915
45521	7671.849495168915
46660	7671.849495168915
47803	7671.849495168915
98923	3423.7187503147825
133725	3379.2896265432514
198895	3318.6428323797963
248778	3318.642831396562
249911	3318.642831396562
251049	3318.642831396562
252184	3318.642831396562
253324	3318.642831396562
254465	3318.642831396562
255605	3318.642831396562
256747	3318.642831396562
257888	3318.642831396562
259030	3318.642831396562
260171	3318.642831396562
261313	3318.642831396562
262458	3318.642831396562
263601	3318.642831396562
264742	3318.642831396562
265884	3318.642831396562
267027	3318.642831396562
268171	3318.642831396562
269317	3318.642831396562
270460	3318.642831396562
271599	3318.642831396562
272735	3318.642831396562
273868	3318.642831396562
275002	3318.642831396562
276136	3318.642831396562
277272	3318.642831396562
324540	3318.642831396562
325676	3318.642831396562
326811	3318.642831396562
327943	3318.642831396562
329075	3318.642831396562
330210	3318.642831396562
331344	3318.642831396562
332480	3318.642831396562
333612	3318.642831396562
334744	3318.642831396562
335877	3318.642831396562
337012	3318.642831396562
338146	3318.642831396562
339283	3318.642831396562
340422	3318.642831396562
341555	3318.642831396562
342694	3318.642831396562
343831	3318.642831396562
344966	3318.642831396562
346097	3318.642831396562
362277	3294.3769176985766
377748	3294.3769044447313
403087	3294.37690255793
404220	3294.37690255793
405347	3294.37690255793
406473	3294.37690255793
407599	3294.37690255793
408725	3294.37690255793
409853	3294.37690255793
410981	3294.37690255793
412108	3294.37690255793
413238	3294.37690255793
414368	3294.37690255793
415499	3294.37690255793
416632	3294.37690255793
417757	3294.37690255793
418887	3294.37690255793
420016	3294.37690255793
421147	3294.37690255793
422278	3294.37690255793
423411	3294.37690255793
424544	3294.37690255793
425672	3294.37690255793
426807	3294.37690255793
427939	3294.37690255793
429071	3294.37690255793
430203	3294.37690255793
431335	3294.37690255793
432467	3294.37690255793
433600	3294.37690255793
457124	3294.37690255793
458260	3294.37690255793
459393	3294.37690255793
460524	3294.37690255793
461654	3294.37690255793
462786	3294.37690255793
463921	3294.37690255793
465050	3294.37690255793
466181	3294.37690255793
467311	3294.37690255793
482483	3294.3768977089703
507488	3294.3768958834116
508617	3294.3768958834116
509746	3294.3768958834116
510878	3294.3768958834116
512012	3294.3768958834116
513152	3294.3768958834116
514286	3294.3768958834116
515421	3294.3768958834116
516553	3294.3768958834116
517686	3294.3768958834116
518820	3294.3768958834116
519954	3294.3768958834116
521085	3294.3768958834116
522216	3294.3768958834116
523347	3294.3768958834116
524475	3294.3768958834116
525604	3294.3768958834116
526732	3294.3768958834116
527862	3294.3768958834116
555107	3294.3768958834116
556238	3294.3768958834116
557369	3294.3768958834116
558500	3294.3768958834116
559633	3294.3768958834116
560765	3294.3768958834116
561892	3294.3768958834116
563022	3294.3768958834116
564153	3294.3768958834116
565287	3294.3768958834116
566416	3294.3768958834116
567545	3294.3768958834116
568677	3294.3768958834116
569806	3294.3768958834116
570939	3294.3768958834116
572070	3294.3768958834116
573201	3294.3768958834116
574334	3294.3768958834116
575465	3294.3768958834116
576598	3294.3768958834116
601108	3294.3768958834116
602237	3294.3768958834116
603370	3294.3768958834116
604503	3294.3768958834116
605635	3294.3768958834116
606767	3294.3768958834116
607901	3294.3768958834116
609031	3294.3768958834116
610160	3294.3768958834116
611291	3294.3768958834116
612422	3294.3768958834116
613551	3294.3768958834116
614685	3294.3768958834116
615815	3294.3768958834116
616943	3294.3768958834116
618071	3294.3768958834116
619202	3294.3768958834116
620337	3294.3768958834116
621471	3294.3768958834116
622603	3294.3768958834116
637974	3294.3768936413944
661424	3294.3768923345374
662559	3294.3768923345374
663688	3294.3768923345374
664815	3294.3768923345374
665946	3294.3768923345374
667078	3294.3768923345374
668208	3294.3768923345374
669336	3294.3768923345374
670469	3294.3768923345374
671602	3294.3768923345374
672733	3294.3768923345374
673862	3294.3768923345374
674992	3294.3768923345374
676123	3294.3768923345374
677255	3294.3768923345374
678388	3294.3768923345374
679524	3294.3768923345374
680654	3294.3768923345374
681786	3294.3768923345374
704851	3294.3768923345374
705981	3294.3768923345374
707113	3294.3768923345374
708244	3294.3768923345374
709375	3294.3768923345374
710508	3294.3768923345374
711639	3294.3768923345374
712772	3294.3768923345374
713902	3294.3768923345374
715031	3294.3768923345374
716164	3294.3768923345374
717295	3294.3768923345374
718426	3294.3768923345374
719558	3294.3768923345374
720693	3294.3768923345374
721825	3294.3768923345374
722957	3294.3768923345374
724087	3294.3768923345374
725223	3294.3768923345374
726354	3294.3768923345374
749819	3294.3768923345374
750950	3294.3768923345374
752079	3294.3768923345374
753212	3294.3768923345374
754341	3294.3768923345374
755472	3294.3768923345374
756601	3294.3768923345374
757729	3294.3768923345374
758859	3294.3768923345374
759986	3294.3768923345374
761118	3294.3768923345374
762252	3294.3768923345374
763386	3294.3768923345374
764518	3294.3768923345374
765653	3294.3768923345374
766785	3294.3768923345374
767919	3294.3768923345374
769048	3294.3768923345374
770180	3294.3768923345374
771312	3294.3768923345374
798681	3294.3768923345374
799814	3294.3768923345374
800947	3294.3768923345374
802081	3294.3768923345374
803212	3294.3768923345374
804347	3294.3768923345374
805483	3294.3768923345374
806614	3294.3768923345374
807749	3294.3768923345374
808882	3294.3768923345374
810017	3294.3768923345374
811150	3294.3768923345374
812285	3294.3768923345374
813422	3294.3768923345374
814557	3294.3768923345374
815689	3294.3768923345374
816823	3294.3768923345374
817958	3294.3768923345374
819095	3294.3768923345374
820225	3294.3768923345374
847447	3294.3768923345374
848579	3294.3768923345374
849714	3294.3768923345374
850846	3294.3768923345374
851979	3294.3768923345374
853111	3294.3768923345374
854241	3294.3768923345374
855372	3294.3768923345374
856500	3294.3768923345374
857635	3294.3768923345374
858766	3294.3768923345374
859901	3294.3768923345374
861029	3294.3768923345374
862160	3294.3768923345374
863293	3294.3768923345374
864426	3294.3768923345374
865557	3294.3768923345374
866689	3294.3768923345374
867822	3294.3768923345374
868951	3294.3768923345374
896220	3294.3768923345374
897350	3294.3768923345374
898482	3294.3768923345374
899615	3294.3768923345374
900745	3294.3768923345374
901878	3294.3768923345374
903011	3294.3768923345374
904143	3294.3768923345374
905273	3294.3768923345374
906404	3294.3768923345374
933647	3294.3768923345374
934775	3294.3768923345374
935908	3294.3768923345374
937039	3294.3768923345374
938167	3294.3768923345374
939298	3294.3768923345374
940428	3294.3768923345374
941555	3294.3768923345374
942682	3294.3768923345374
943812	3294.3768923345374
944941	3294.3768923345374
946066	3294.3768923345374
947194	3294.3768923345374
948325	3294.3768923345374
949458	3294.3768923345374
950591	3294.3768923345374
951722	3294.3768923345374
952854	3294.3768923345374
953985	3294.3768923345374
955119	3294.3768923345374
982288	3294.3768923345374
983418	3294.3768923345374
984547	3294.3768923345374
985677	3294.3768923345374
986809	3294.3768923345374
987944	3294.3768923345374
989079	3294.3768923345374
990215	3294.3768923345374
991351	3294.3768923345374
992486	3294.3768923345374
993614	3294.3768923345374
994744	3294.3768923345374
995872	3294.3768923345374
997010	3294.3768923345374
998144	3294.3768923345374
999278	3294.3768923345374
1000409	3294.3768923345374
