1000	61960.474498530595
2174	51327.570724594545
3340	40200.13502145734
4500	32340.8778481742
5658	26706.90736524543
6812	25208.444417227496
7970	20755.054009547242
9130	20060.567812804304
10287	18269.69445190295
11446	17372.002868877775
12610	16099.146409507997
13769	14961.117001405963
14930	14469.82040363255
16091	13701.403617205791
17259	13132.558876507283
18425	12655.653833952072
19591	12187.34925379347
20759	11905.903523741244
21939	11492.181570951174
23114	11029.099333996986
24288	10837.727839413823
25452	10622.38146725977
26636	10183.319409281474
27812	9724.91026027095
28986	9442.859157546754
30161	9101.28426163279
31339	8928.133813192475
32509	8592.957151839406
33680	8491.518325940075
34861	8332.10906982558
36039	8152.640808755293
37210	8034.586649102658
38388	7841.123364312264
39573	7593.921371100083
40753	7368.596022645979
41925	7232.98228368429
43105	7116.12383784725
44293	7022.913446747643
45482	6899.046592725272
46661	6794.276884918957
47846	6666.356381711656
86241	3366.4353001733843
157910	3301.2168925293067
159066	3301.2168925293067
160219	3301.2168925293067
161375	3301.2168925293067
162532	3301.2168925293067
163695	3301.2168925293067
164862	3301.2168925293067
166029	3301.2168925293067
167198	3301.2168925293067
168367	3301.2168925293067
169549	3301.2168925293067
170724	3301.2168925293067
171901	3301.2168925293067
173073	3301.2168925293067
174243	3301.2168925293067
175411	3301.2168925293067
176573	3301.2168925293067
177741	3301.2168925293067
178904	3301.2168925293067
195118	3204.758391915388
229651	3100.000025559499
230820	3100.000025559499
231980	3100.000025559499
233142	3100.000025559499
234295	3100.000025559499
235456	3100.000025559499
236613	3100.000025559499
237766	3100.000025559499
238922	3100.000025559499
240074	3100.000025559499
241225	3100.000025559499
242380	3100.000025559499
243532	3100.000025559499
244694	3100.000025559499
245849	3100.000025559499
247010	3100.000025559499
248171	3100.000025559499
249331	3100.000025559499
250489	3100.000025559499
277129	3100.000025559499
278293	3100.000025559499
279454	3100.000025559499
280618	3100.000025559499
281783	3100.000025559499
282949	3100.000025559499
284118	3100.000025559499
285286	3100.000025559499
286449	3100.000025559499
287607	3100.000025559499
288770	3100.000025559499
289932	3100.000025559499
291102	3100.000025559499
292264	3100.000025559499
293433	3100.000025559499
294597	3100.000025559499
295764	3100.000025559499
296936	3100.000025559499
298095	3100.000025559499
299259	3100.000025559499
327132	3100.000025559499
328297	3100.000025559499
329463	3100.000025559499
330633	3100.000025559499
331809	3100.000025559499
332972	3100.000025559499
334136	3100.000025559499
335299	3100.000025559499
336464	3100.000025559499
337632	3100.000025559499
338802	3100.000025559499
339971	3100.000025559499
341142	3100.000025559499
342309	3100.000025559499
343476	3100.000025559499
344642	3100.000025559499
345810	3100.000025559499
346976	3100.000025559499
348135	3100.000025559499
349297	3100.000025559499
374832	3100.000025559499
375998	3100.000025559499
377156	3100.000025559499
378323	3100.000025559499
379488	3100.000025559499
380655	3100.000025559499
381828	3100.000025559499
382993	3100.000025559499
384156	3100.000025559499
385326	3100.000025559499
386495	3100.000025559499
387665	3100.000025559499
388833	3100.000025559499
390001	3100.000025559499
391176	3100.000025559499
392345	3100.000025559499
393512	3100.000025559499
394685	3100.000025559499
395861	3100.000025559499
397026	3100.000025559499
422469	3100.000025559499
423643	3100.000025559499
424817	3100.000025559499
425991	3100.000025559499
427159	3100.000025559499
428330	3100.000025559499
429505	3100.000025559499
430678	3100.000025559499
431855	3100.000025559499
433027	3100.000025559499
434194	3100.000025559499
435363	3100.000025559499
436529	3100.000025559499
437700	3100.000025559499
438865	3100.000025559499
440036	3100.000025559499
441214	3100.000025559499
442390	3100.000025559499
443551	3100.000025559499
444718	3100.000025559499
471420	3100.000025559499
472594	3100.000025559499
473762	3100.000025559499
474927	3100.000025559499
476095	3100.000025559499
477268	3100.000025559499
478435	3100.000025559499
479603	3100.000025559499
480769	3100.000025559499
481946	3100.000025559499
508552	3100.000025559499
509720	3100.000025559499
510887	3100.000025559499
512058	3100.000025559499
513237	3100.000025559499
514398	3100.000025559499
515569	3100.000025559499
516732	3100.000025559499
517899	3100.000025559499
519074	3100.000025559499
520245	3100.000025559499
521420	3100.000025559499
522584	3100.000025559499
523748	3100.000025559499
524915	3100.000025559499
526092	3100.000025559499
527258	3100.000025559499
528429	3100.000025559499
529608	3100.000025559499
530782	3100.000025559499
557515	3100.000025559499
558687	3100.000025559499
559848	3100.000025559499
561016	3100.000025559499
562186	3100.000025559499
563349	3100.000025559499
564526	3100.000025559499
565703	3100.000025559499
566880	3100.000025559499
568048	3100.000025559499
569216	3100.000025559499
570392	3100.000025559499
571563	3100.000025559499
572732	3100.000025559499
573909	3100.000025559499
575086	3100.000025559499
576257	3100.000025559499
577435	3100.000025559499
578607	3100.000025559499
579779	3100.000025559499
605356	3100.000025559499
606527	3100.000025559499
607706	3100.000025559499
608882	3100.000025559499
610043	3100.000025559499
611210	3100.000025559499
612380	3100.000025559499
613542	3100.000025559499
614718	3100.000025559499
615888	3100.000025559499
617055	3100.000025559499
618234	3100.000025559499
619405	3100.000025559499
620572	3100.000025559499
621739	3100.000025559499
622905	3100.000025559499
624073	3100.000025559499
625239	3100.000025559499
626411	3100.000025559499
627583	3100.000025559499
653141	3100.000025559499
654304	3100.000025559499
655472	3100.000025559499
656643	3100.000025559499
657811	3100.000025559499
658981	3100.000025559499
660157	3100.000025559499
661335	3100.000025559499
662497	3100.000025559499
663661	3100.000025559499
664835	3100.000025559499
665999	3100.000025559499
667172	3100.000025559499
668342	3100.000025559499
669515	3100.000025559499
670689	3100.000025559499
671861	3100.000025559499
673030	3100.000025559499
674203	3100.000025559499
675371	3100.000025559499
702022	3100.000025559499
703191	3100.000025559499
704370	3100.000025559499
705536	3100.000025559499
706705	3100.000025559499
707888	3100.000025559499
709057	3100.000025559499
710227	3100.000025559499
711406	3100.000025559499
712579	3100.000025559499
739263	3100.000025559499
740436	3100.000025559499
741598	3100.000025559499
742765	3100.000025559499
743936	3100.000025559499
745106	3100.000025559499
746269	3100.000025559499
747437	3100.000025559499
748600	3100.000025559499
749766	3100.000025559499
750931	3100.000025559499
752101	3100.000025559499
753277	3100.000025559499
754457	3100.000025559499
755631	3100.000025559499
756807	3100.000025559499
757982	3100.000025559499
759150	3100.000025559499
760317	3100.000025559499
761488	3100.000025559499
785856	3100.000025559499
787031	3100.000025559499
788200	3100.000025559499
789369	3100.000025559499
790539	3100.000025559499
791706	3100.000025559499
792878	3100.000025559499
794055	3100.000025559499
795232	3100.000025559499
796405	3100.000025559499
797573	3100.000025559499
798740	3100.000025559499
799911	3100.000025559499
801089	3100.000025559499
802260	3100.000025559499
803426	3100.000025559499
804598	3100.000025559499
805767	3100.000025559499
806934	3100.000025559499
808106	3100.000025559499
832475	3100.000025559499
833642	3100.000025559499
834810	3100.000025559499
835973	3100.000025559499
837150	3100.000025559499
838323	3100.000025559499
839490	3100.000025559499
840663	3100.000025559499
841827	3100.000025559499
842996	3100.000025559499
844164	3100.000025559499
845333	3100.000025559499
846498	3100.000025559499
847672	3100.000025559499
848838	3100.000025559499
850004	3100.000025559499
851174	3100.000025559499
852339	3100.000025559499
853519	3100.000025559499
854696	3100.000025559499
882470	3100.000025559499
883634	3100.000025559499
884813	3100.000025559499
885995	3100.000025559499
887165	3100.000025559499
888334	3100.000025559499
889504	3100.000025559499
890673	3100.000025559499
891852	3100.000025559499
893028	3100.000025559499
894193	3100.000025559499
895370	3100.000025559499
896543	3100.000025559499
897716	3100.000025559499
898896	3100.000025559499
900074	3100.000025559499
901246	3100.000025559499
902425	3100.000025559499
903598	3100.000025559499
904775	3100.000025559499
931417	3100.000025559499
932586	3100.000025559499
933753	3100.000025559499
934932	3100.000025559499
936103	3100.000025559499
937280	3100.000025559499
938456	3100.000025559499
939630	3100.000025559499
940808	3100.000025559499
941978	3100.000025559499
966342	3100.000025559499
967509	3100.000025559499
968683	3100.000025559499
969857	3100.000025559499
971023	3100.000025559499
972190	3100.000025559499
973357	3100.000025559499
974533	3100.000025559499
975702	3100.000025559499
976875	3100.000025559499
978041	3100.000025559499
979215	3100.000025559499
980390	3100.000025559499
981559	3100.000025559499
982729	3100.000025559499
983900	3100.000025559499
985078	3100.000025559499
986255	3100.000025559499
987426	3100.000025559499
988598	3100.000025559499
1015309	3100.000025559499
