500	5285.434291585803
3102	5051.384651543658
5655	5051.384651543658
7212	4752.832891663345
9768	4752.832891663345
11285	4304.685119359809
14825	4304.685119359809
16339	4304.685119359809
17866	4304.685119359809
20380	4304.685119359809
23920	4304.685119359809
26418	4304.685119359809
27947	4261.022138232621
30436	4261.022138232621
31974	4261.022138232621
34500	4261.022138232621
38019	4261.022138232621
41573	4261.022138232621
44986	4261.022138232621
48531	4261.022138232621
53108	4261.022138232621
56585	4261.022138232621
58141	4050.8496794259627
59698	4050.8496794259627
61260	4050.8496794259627
63824	4050.8496794259627
65353	4050.8496794259627
67911	4050.8496794259627
69437	4050.8496794259627
70975	4050.8496794259627
72525	4050.8496794259627
75057	4050.8496794259627
77578	4050.8496794259627
80153	4050.8496794259627
81676	4050.8496794259627
85182	4050.8496794259627
90620	4050.8496794259627
93172	4050.8496794259627
94717	4050.8496794259627
99229	4050.8496794259627
103742	4050.8496794259627
107283	4050.8496794259627
109800	4050.8496794259627
112330	4050.8496794259627
113856	4050.8496794259627
118301	4050.8496794259627
120848	4050.8496794259627
124401	4050.8496794259627
125990	4050.8496794259627
127526	3657.991155280997
129063	3657.991155280997
131619	3657.991155280997
134125	3657.991155280997
137647	3657.991155280997
139190	3657.991155280997
141723	3657.991155280997
143275	3657.991155280997
144786	3657.991155280997
146336	3657.991155280997
148901	3657.991155280997
155364	3657.991155280997
159866	3657.991155280997
161400	3657.991155280997
162965	3657.991155280997
167392	3657.991155280997
171826	3657.991155280997
175359	3657.991155280997
178857	3657.991155280997
181336	3657.991155280997
183845	3657.991155280997
185378	3562.300728394859
190899	3562.300728394859
192447	3562.300728394859
193986	3562.300728394859
197532	3562.300728394859
204781	2677.300153873067
211022	2637.105612205068
213489	2634.976465375278
215933	2634.9296277155877
217425	2634.9296277155877
218952	2634.9296277155877
220501	2634.9296277155877
223057	2634.9296277155877
224564	2634.9296277155877
227036	2634.9296277155877
229587	2634.9296277155877
231099	2634.9296277155877
232631	2634.9296277155877
234156	2634.9296277155877
235698	2634.9296277155877
239208	2634.9296277155877
241704	2634.9296277155877
243270	2634.9296277155877
244813	2634.9296277155877
246386	2634.9296277155877
247915	2634.9296277155877
250421	2634.9296277155877
251971	2634.9296277155877
254498	2634.9296277155877
256033	2634.9296277155877
257591	2634.9296277155877
261024	2634.9296277155877
262548	2634.9296277155877
264095	2634.9296277155877
266638	2634.9296277155877
268195	2634.9296277155877
269720	2634.9296277155877
271242	2634.9296277155877
273819	2634.9296277155877
277326	2634.9296277155877
278850	2634.9296277155877
280410	2634.9296277155877
281941	2634.9296277155877
284440	2634.9296277155877
285978	2634.9296277155877
287502	2634.9296277155877
289041	2634.9296277155877
290563	2634.9296277155877
293081	2634.9296277155877
295605	2634.9296277155877
297130	2634.9296277155877
298649	2634.9296277155877
303220	2634.9296277155877
305706	2634.9296277155877
307248	2634.9296277155877
308787	2634.9296277155877
310303	2634.9296277155877
312819	2634.9296277155877
314377	2634.9296277155877
317867	2634.9296277155877
319383	2634.9296277155877
320906	2634.9296277155877
323465	2634.9296277155877
325019	2634.9296277155877
326576	2634.9296277155877
329124	2634.9296277155877
330640	2634.9296277155877
332170	2634.9296277155877
337703	2634.9296277155877
339238	2634.9296277155877
342764	2634.9296277155877
344306	2634.9296277155877
345848	2634.9296277155877
348341	2634.9296277155877
351965	2634.9296277155877
355550	2634.9296277155877
358082	2634.9296277155877
360603	2634.9296277155877
366162	2634.9296277155877
368703	2634.9296277155877
370215	2634.9296277155877
373694	2634.9296277155877
376236	2634.9296277155877
377773	2634.9296277155877
380336	2634.9296277155877
382909	2634.9296277155877
384442	2634.9296277155877
386953	2634.9296277155877
389489	2634.9296277155877
391040	2634.9296277155877
395483	2634.9296277155877
398028	2634.9296277155877
399551	2634.9296277155877
401072	2634.9296277155877
402603	2634.9296277155877
408073	2634.9296277155877
411601	2634.9296277155877
413132	2634.9296277155877
414633	2634.9296277155877
416171	2634.9296277155877
417681	2634.9296277155877
419218	2634.9296277155877
420786	2634.9296277155877
425260	2634.9296277155877
427794	2634.9296277155877
429340	2634.9296277155877
434823	2634.9296277155877
437388	2634.9296277155877
438927	2634.9296277155877
440479	2634.9296277155877
444955	2634.9296277155877
446491	2634.9296277155877
448050	2634.9296277155877
450537	2634.9296277155877
452087	2634.9296277155877
454607	2634.9296277155877
458079	2634.9296277155877
462542	2634.9296277155877
464070	2634.9296277155877
467621	2634.9296277155877
469143	2634.9296277155877
472673	2634.9296277155877
474211	2634.9296277155877
475768	2634.9296277155877
477342	2634.9296277155877
478879	2634.9296277155877
481432	2634.9296277155877
489802	2634.9296277155877
491346	2634.9296277155877
493898	2634.9296277155877
498396	2634.9296277155877
499919	2634.9296277155877
501490	2634.9296277155877
