500	5202.404631815612
1069	4440.796065505688
1633	4440.796065505688
2194	4440.796065505688
2755	4440.796065505688
3314	4440.796065505688
3870	4440.796065505688
4424	4440.796065505688
4979	4213.454098217755
5537	4213.454098217755
6091	4213.454098217755
6647	4213.454098217755
7199	4213.454098217755
7753	4213.454098217755
8306	4213.454098217755
8861	4213.454098217755
9415	4213.454098217755
9971	4213.454098217755
10526	4213.454098217755
11078	4213.454098217755
11632	4213.454098217755
12188	4213.454098217755
12744	4213.454098217755
13298	4213.454098217755
13855	4213.454098217755
14412	4213.44028633607
14966	4143.262237973415
15521	4143.262237973415
16076	4143.262237973415
16630	4143.262237973415
17186	4143.262237973415
17743	4143.262237973415
18301	4143.262237973415
18858	4143.262237973415
19413	4143.262237973415
19970	4143.262237973415
20525	3829.2002373992964
21078	3829.2002373992964
21632	3829.2002373992964
22188	3829.2002373992964
22743	3829.2002373992964
44200	2658.1362189755646
44753	2658.1362189755646
45309	2658.1362189755646
45862	2658.1362189755646
46418	2658.1362189755646
46977	2658.1362189755646
47533	2658.1362189755646
48093	2658.1362189755646
48649	2658.1362189755646
49204	2658.1362189755646
49761	2658.1362189755646
50320	2658.1362189755646
50877	2658.1362189755646
51432	2658.1362189755646
51991	2658.1362189755646
52545	2658.1362189755646
53100	2658.1362189755646
53662	2658.1362189755646
54216	2658.1362189755646
54773	2658.1362189755646
74480	2658.1362189755646
75042	2658.1362189755646
75597	2658.1362189755646
76151	2658.1362189755646
76709	2658.1362189755646
77266	2658.1362189755646
77822	2658.1362189755646
78378	2658.1362189755646
78935	2658.1362189755646
79488	2658.1362189755646
80043	2658.1362189755646
80599	2658.1362189755646
81158	2658.1362189755646
81711	2658.1362189755646
82267	2658.1362189755646
82822	2658.1362189755646
83377	2658.1362189755646
83934	2658.1362189755646
84490	2658.1362189755646
85045	2658.1362189755646
100881	2658.1362189755646
101438	2658.1362189755646
101994	2658.1362189755646
102552	2658.1362189755646
103109	2658.1362189755646
103666	2658.1362189755646
104222	2658.1362189755646
104779	2658.1362189755646
105334	2658.1362189755646
105893	2658.1362189755646
106448	2658.1362189755646
107002	2658.1362189755646
107558	2658.1362189755646
108112	2658.1362189755646
108668	2658.1362189755646
109225	2658.1362189755646
109783	2658.1362189755646
110337	2658.1362189755646
110894	2658.1362189755646
111454	2658.1362189755646
124359	2658.1362189755646
124917	2658.1362189755646
125473	2658.1362189755646
126033	2658.1362189755646
126591	2658.1362189755646
127147	2658.1362189755646
127700	2658.1362189755646
128253	2658.1362189755646
128808	2658.1362189755646
129363	2658.1362189755646
129922	2658.1362189755646
130477	2658.1362189755646
131033	2658.1362189755646
131587	2658.1362189755646
132139	2658.1362189755646
132693	2658.1362189755646
133251	2658.1362189755646
133809	2658.1362189755646
134363	2658.1362189755646
134917	2658.1362189755646
144762	2658.1362189755646
145318	2658.1362189755646
145878	2658.1362189755646
146435	2658.1362189755646
146992	2658.1362189755646
147550	2658.1362189755646
148106	2658.1362189755646
148664	2658.1362189755646
149218	2658.1362189755646
149774	2658.1362189755646
150329	2658.1362189755646
150886	2658.1362189755646
151442	2658.1362189755646
151999	2658.1362189755646
152555	2658.1362189755646
153112	2658.1362189755646
153671	2658.1362189755646
154227	2658.1362189755646
154782	2658.1362189755646
155335	2658.1362189755646
167418	2658.1362189755646
167973	2658.1362189755646
168529	2658.1362189755646
169091	2658.1362189755646
169647	2658.1362189755646
170204	2658.1362189755646
170761	2658.1362189755646
171316	2658.1362189755646
171871	2658.1362189755646
172433	2658.1362189755646
186439	2658.1362189755646
186999	2658.1362189755646
187561	2658.1362189755646
188118	2658.1362189755646
188677	2658.1362189755646
189234	2658.1362189755646
189789	2658.1362189755646
190344	2658.1362189755646
190902	2658.1362189755646
191457	2658.1362189755646
192016	2658.1362189755646
192574	2658.1362189755646
193131	2658.1362189755646
193688	2658.1362189755646
194245	2658.1362189755646
194800	2658.1362189755646
195357	2658.1362189755646
195913	2658.1362189755646
196471	2658.1362189755646
197025	2658.1362189755646
205233	2596.452727310033
223953	2596.452727310033
224510	2596.452727310033
225067	2596.452727310033
225626	2596.452727310033
226180	2596.452727310033
226735	2596.452727310033
227292	2596.452727310033
227848	2596.452727310033
228404	2596.452727310033
228959	2596.452727310033
229517	2596.452727310033
230072	2596.452727310033
230629	2596.452727310033
231188	2596.452727310033
231749	2596.452727310033
232308	2596.452727310033
232862	2596.452727310033
233418	2596.452727310033
233975	2596.452727310033
246594	2596.452727310033
247156	2596.452727310033
247713	2596.452727310033
248271	2596.452727310033
248828	2596.452727310033
249384	2596.452727310033
249943	2596.452727310033
250498	2596.452727310033
251052	2596.452727310033
251609	2596.452727310033
252166	2596.452727310033
252722	2596.452727310033
253277	2596.452727310033
253832	2596.452727310033
254390	2596.452727310033
254945	2596.452727310033
255500	2596.452727310033
256055	2596.452727310033
256615	2596.452727310033
257172	2596.452727310033
270138	2596.452727310033
270694	2596.452727310033
271250	2596.452727310033
271807	2596.452727310033
272365	2596.452727310033
272925	2596.452727310033
273484	2596.452727310033
274037	2596.452727310033
274593	2596.452727310033
275150	2596.452727310033
275708	2596.452727310033
276263	2596.452727310033
276818	2596.452727310033
277374	2596.452727310033
277930	2596.452727310033
278486	2596.452727310033
279041	2596.452727310033
279595	2596.452727310033
280151	2596.452727310033
280710	2596.452727310033
289079	2596.452727310033
289636	2596.452727310033
290196	2596.452727310033
290753	2596.452727310033
291310	2596.452727310033
291864	2596.452727310033
292422	2596.452727310033
292978	2596.452727310033
293535	2596.452727310033
294093	2596.452727310033
294654	2596.452727310033
295215	2596.452727310033
295775	2596.452727310033
296333	2596.452727310033
296893	2596.452727310033
297449	2596.452727310033
298003	2596.452727310033
298562	2596.452727310033
299119	2596.452727310033
299675	2596.452727310033
310965	2596.452727310033
311521	2596.452727310033
312079	2596.452727310033
312638	2596.452727310033
313193	2596.452727310033
313750	2596.452727310033
314308	2596.452727310033
314863	2596.452727310033
315417	2596.452727310033
315969	2596.452727310033
326097	2596.452727310033
326656	2596.452727310033
327216	2596.452727310033
327778	2596.452727310033
328339	2596.452727310033
328897	2596.452727310033
329457	2596.452727310033
330013	2596.452727310033
330569	2596.452727310033
331128	2596.452727310033
331684	2596.452727310033
332239	2596.452727310033
332796	2596.452727310033
333351	2596.452727310033
333909	2596.452727310033
334466	2596.452727310033
335021	2596.452727310033
335576	2596.452727310033
336132	2596.452727310033
336689	2596.452727310033
353396	2596.452727310033
353951	2596.452727310033
354505	2596.452727310033
355061	2596.452727310033
355615	2596.452727310033
356173	2596.452727310033
356731	2596.452727310033
357286	2596.452727310033
357842	2596.452727310033
358395	2596.452727310033
358949	2596.452727310033
359504	2596.452727310033
360062	2596.452727310033
360620	2596.452727310033
361178	2596.452727310033
361735	2596.452727310033
362289	2596.452727310033
362845	2596.452727310033
363399	2596.452727310033
363955	2596.452727310033
374434	2596.452727310033
374990	2596.452727310033
375545	2596.452727310033
376100	2596.452727310033
376655	2596.452727310033
377211	2596.452727310033
377768	2596.452727310033
378327	2596.452727310033
378883	2596.452727310033
379439	2596.452727310033
379996	2596.452727310033
380551	2596.452727310033
381104	2596.452727310033
381660	2596.452727310033
382217	2596.452727310033
382775	2596.452727310033
383338	2596.452727310033
383901	2596.452727310033
384458	2596.452727310033
385014	2596.452727310033
399182	2596.452727310033
399737	2596.452727310033
400292	2596.452727310033
400851	2596.452727310033
401405	2596.452727310033
401960	2596.452727310033
402519	2596.452727310033
403075	2596.452727310033
403630	2596.452727310033
404185	2596.452727310033
404740	2596.452727310033
405298	2596.452727310033
405852	2596.452727310033
406406	2596.452727310033
406963	2596.452727310033
407524	2596.452727310033
408083	2596.452727310033
408639	2596.452727310033
409197	2596.452727310033
409759	2596.452727310033
417322	2596.452727310033
417878	2596.452727310033
418435	2596.452727310033
418989	2596.452727310033
419545	2596.452727310033
420102	2596.452727310033
420657	2596.452727310033
421215	2596.452727310033
421774	2596.452727310033
422334	2596.452727310033
434940	2596.452727310033
435495	2596.452727310033
436050	2596.452727310033
436607	2596.452727310033
437160	2596.452727310033
437718	2596.452727310033
438277	2596.452727310033
438838	2596.452727310033
439393	2596.452727310033
439950	2596.452727310033
440508	2596.452727310033
441064	2596.452727310033
441622	2596.452727310033
442178	2596.452727310033
442739	2596.452727310033
443295	2596.452727310033
443851	2596.452727310033
444408	2596.452727310033
444965	2596.452727310033
445524	2596.452727310033
462110	2596.452727310033
462670	2596.452727310033
463226	2596.452727310033
463784	2596.452727310033
464342	2596.452727310033
464900	2596.452727310033
465461	2596.452727310033
466020	2596.452727310033
466580	2596.452727310033
467137	2596.452727310033
467695	2596.452727310033
468253	2596.452727310033
468814	2596.452727310033
469373	2596.452727310033
469933	2596.452727310033
470492	2596.452727310033
471050	2596.452727310033
471614	2596.452727310033
472176	2596.452727310033
472732	2596.452727310033
483018	2596.452727310033
483573	2596.452727310033
484132	2596.452727310033
484688	2596.452727310033
485245	2596.452727310033
485805	2596.452727310033
486363	2596.452727310033
486922	2596.452727310033
487479	2596.452727310033
488038	2596.452727310033
488597	2596.452727310033
489160	2596.452727310033
489724	2596.452727310033
490282	2596.452727310033
490843	2596.452727310033
491404	2596.452727310033
491965	2596.452727310033
492528	2596.452727310033
493087	2596.452727310033
493648	2596.452727310033
501046	2596.452727310033
