500	5308.69811898721
1071	4682.8293326598605
1635	4682.8293326598605
2200	4682.8293326598605
2760	4570.875287448454
3317	4570.875287448454
3874	4570.875287448454
4431	4406.021178224423
4985	4406.021178224423
5542	4406.021178224423
6098	4406.021178224423
6656	4406.021178224423
7213	4406.021178224423
7772	3825.0642370976802
8326	3825.0642370976802
8883	3825.0642370976802
9436	3825.0642370976802
9989	3825.0642370976802
10545	3825.0642370976802
11100	3825.0642370976802
11653	3825.0642370976802
12207	3825.0642370976802
12764	3825.0642370976802
13319	3825.0642370976802
13873	3825.0642370976802
14430	3825.0642370976802
14986	3825.0642370976802
15541	3825.0642370976802
16100	3825.0642370976802
16655	3825.0642370976802
17211	3825.0642370976802
17766	3825.0642370976802
18319	3825.0642370976802
18873	3825.0642370976802
37724	2748.4734098918148
38277	2748.4734098918148
38834	2748.4734098918148
39389	2748.4734098918148
39944	2748.4734098918148
40499	2748.4734098918148
41055	2748.4734098918148
41610	2748.4734098918148
42167	2748.4734098918148
42724	2748.4734098918148
43281	2748.4734098918148
43837	2748.4734098918148
44393	2748.4734098918148
44948	2748.4734098918148
45501	2748.4734098918148
46055	2748.4734098918148
46611	2748.4734098918148
47169	2748.4734098918148
47727	2748.4734098918148
48283	2748.4734098918148
48839	2748.4734098918148
49396	2748.4734098918148
49953	2748.4734098918148
50512	2748.4734098918148
51071	2748.4734098918148
51626	2748.4734098918148
52182	2748.4734098918148
58097	2748.4734098918148
58651	2748.4734098918148
59205	2748.4734098918148
59761	2748.4734098918148
60317	2748.4734098918148
60873	2748.4734098918148
61428	2748.4734098918148
61981	2748.4734098918148
62534	2748.4734098918148
63086	2748.4734098918148
74182	2748.4734098918148
74737	2748.4734098918148
75292	2748.4734098918148
75851	2748.4734098918148
76407	2748.4734098918148
76963	2748.4734098918148
77518	2748.4734098918148
78073	2748.4734098918148
78629	2748.4734098918148
79182	2748.4734098918148
79737	2748.4734098918148
80291	2748.4734098918148
80844	2748.4734098918148
81398	2748.4734098918148
81957	2748.4734098918148
82517	2748.4734098918148
83079	2748.4734098918148
83637	2748.4734098918148
84193	2748.4734098918148
84750	2748.4734098918148
101329	2748.4734098918148
101884	2748.4734098918148
102441	2748.4734098918148
102995	2748.4734098918148
103554	2748.4734098918148
104111	2748.4734098918148
104668	2748.4734098918148
105224	2748.4734098918148
105780	2748.4734098918148
106336	2748.4734098918148
106892	2748.4734098918148
107447	2748.4734098918148
108000	2748.4734098918148
108552	2748.4734098918148
109105	2748.4734098918148
109660	2748.4734098918148
110216	2748.4734098918148
110776	2748.4734098918148
111333	2748.4734098918148
111893	2748.4734098918148
125725	2748.4734098918148
126281	2748.4734098918148
126838	2748.4734098918148
127392	2748.4734098918148
127945	2748.4734098918148
128498	2748.4734098918148
129056	2748.4734098918148
129614	2748.4734098918148
130168	2748.4734098918148
130723	2748.4734098918148
131278	2748.4734098918148
131831	2748.4734098918148
132387	2748.4734098918148
132942	2748.4734098918148
133496	2748.4734098918148
134049	2748.4734098918148
134605	2748.4734098918148
135162	2748.4734098918148
135719	2748.4734098918148
136277	2748.4734098918148
140053	2748.4734098918148
140609	2748.4734098918148
141165	2748.4734098918148
141721	2748.4734098918148
142277	2748.4734098918148
142835	2748.4734098918148
143392	2748.4734098918148
143947	2748.4734098918148
144503	2748.4734098918148
145057	2748.4734098918148
145611	2748.4734098918148
146169	2748.4734098918148
146724	2748.4734098918148
147280	2748.4734098918148
147835	2748.4734098918148
148391	2748.4734098918148
148950	2748.4734098918148
149507	2748.4734098918148
150065	2748.4734098918148
150623	2748.4734098918148
155474	2748.4734098918148
156033	2748.4734098918148
156589	2748.4734098918148
157143	2748.4734098918148
157701	2748.4734098918148
158256	2748.4734098918148
158808	2748.4734098918148
159364	2748.4734098918148
159921	2748.4734098918148
160477	2748.4734098918148
174578	2748.4734098918148
175132	2748.4734098918148
175688	2748.4734098918148
176243	2748.4734098918148
176800	2748.4734098918148
177357	2748.4734098918148
177913	2748.4734098918148
178468	2748.4734098918148
179023	2748.4734098918148
179580	2748.4734098918148
180137	2748.4734098918148
180694	2748.4734098918148
181251	2748.4734098918148
181809	2748.4734098918148
182363	2748.4734098918148
182921	2748.4734098918148
183475	2748.4734098918148
184031	2748.4734098918148
184587	2748.4734098918148
185145	2748.4734098918148
196931	2748.4734098918148
197483	2748.4734098918148
198038	2748.4734098918148
198593	2748.4734098918148
199148	2748.4734098918148
199705	2748.4734098918148
200264	2748.4734098918148
200819	2748.4734098918148
201373	2748.4734098918148
201926	2748.4734098918148
202484	2748.4734098918148
203039	2748.4734098918148
203592	2748.4734098918148
204149	2748.4734098918148
204705	2748.4734098918148
205260	2748.4734098918148
205815	2748.4734098918148
206370	2748.4734098918148
206925	2748.4734098918148
207480	2748.4734098918148
225143	2748.4734098918148
225699	2748.4734098918148
226256	2748.4734098918148
226811	2748.4734098918148
227365	2748.4734098918148
227919	2748.4734098918148
228472	2748.4734098918148
229027	2748.4734098918148
229582	2748.4734098918148
230138	2748.4734098918148
230695	2748.4734098918148
231251	2748.4734098918148
231808	2748.4734098918148
232363	2748.4734098918148
232917	2748.4734098918148
233471	2748.4734098918148
234027	2748.4734098918148
234583	2748.4734098918148
235137	2748.4734098918148
235692	2748.4734098918148
246761	2748.4734098918148
247317	2748.4734098918148
247873	2748.4734098918148
248431	2748.4734098918148
248988	2748.4734098918148
249545	2748.4734098918148
250103	2748.4734098918148
250660	2748.4734098918148
251216	2748.4734098918148
251772	2748.4734098918148
252328	2748.4734098918148
252884	2748.4734098918148
253442	2748.4734098918148
253999	2748.4734098918148
254558	2748.4734098918148
255114	2748.4734098918148
255674	2748.4734098918148
256231	2748.4734098918148
256786	2748.4734098918148
257341	2748.4734098918148
264578	2593.274958167306
279137	2593.267039460594
279697	2593.267039460594
280254	2593.267039460594
280810	2593.267039460594
281364	2593.267039460594
281924	2593.267039460594
282481	2593.267039460594
283037	2593.267039460594
283593	2593.267039460594
284147	2593.267039460594
284704	2593.267039460594
285260	2593.267039460594
285814	2593.267039460594
286372	2593.267039460594
286928	2593.267039460594
287483	2593.267039460594
288038	2593.267039460594
288595	2593.267039460594
289153	2593.267039460594
297786	2593.267039460594
298341	2593.267039460594
298898	2593.267039460594
299458	2593.267039460594
300015	2593.267039460594
300573	2593.267039460594
301130	2593.267039460594
301684	2593.267039460594
302238	2593.267039460594
302792	2593.267039460594
303345	2593.267039460594
303898	2593.267039460594
304450	2593.267039460594
305004	2593.267039460594
305559	2593.267039460594
306117	2593.267039460594
306675	2593.267039460594
307231	2593.267039460594
307786	2593.267039460594
308341	2593.267039460594
316367	2593.267039460594
316923	2593.267039460594
317478	2593.267039460594
318031	2593.267039460594
318589	2593.267039460594
319145	2593.267039460594
319699	2593.267039460594
320255	2593.267039460594
320814	2593.267039460594
321372	2593.267039460594
321931	2593.267039460594
322486	2593.267039460594
323041	2593.267039460594
323598	2593.267039460594
324155	2593.267039460594
324713	2593.267039460594
325269	2593.267039460594
325822	2593.267039460594
326377	2593.267039460594
326932	2593.267039460594
343956	2593.267039460594
344513	2593.267039460594
345071	2593.267039460594
345627	2593.267039460594
346185	2593.267039460594
346743	2593.267039460594
347301	2593.267039460594
347856	2593.267039460594
348418	2593.267039460594
348974	2593.267039460594
349533	2593.267039460594
350089	2593.267039460594
350643	2593.267039460594
351199	2593.267039460594
351753	2593.267039460594
352307	2593.267039460594
352862	2593.267039460594
353416	2593.267039460594
353974	2593.267039460594
354527	2593.267039460594
361234	2593.267039460594
361787	2593.267039460594
362341	2593.267039460594
362896	2593.267039460594
363451	2593.267039460594
364006	2593.267039460594
364561	2593.267039460594
365117	2593.267039460594
365675	2593.267039460594
366235	2593.267039460594
366792	2593.267039460594
367349	2593.267039460594
367906	2593.267039460594
368462	2593.267039460594
369018	2593.267039460594
369574	2593.267039460594
370132	2593.267039460594
370687	2593.267039460594
371244	2593.267039460594
371801	2593.267039460594
387030	2593.267039460594
387591	2593.267039460594
388146	2593.267039460594
388702	2593.267039460594
389259	2593.267039460594
389815	2593.267039460594
390376	2593.267039460594
390934	2593.267039460594
391492	2593.267039460594
392049	2593.267039460594
410597	2593.267039460594
411153	2593.267039460594
411711	2593.267039460594
412270	2593.267039460594
412825	2593.267039460594
413381	2593.267039460594
413936	2593.267039460594
414494	2593.267039460594
415048	2593.267039460594
415605	2593.267039460594
416165	2593.267039460594
416722	2593.267039460594
417278	2593.267039460594
417836	2593.267039460594
418393	2593.267039460594
418949	2593.267039460594
419506	2593.267039460594
420061	2593.267039460594
420620	2593.267039460594
421179	2593.267039460594
429712	2593.267039460594
430267	2593.267039460594
430824	2593.267039460594
431378	2593.267039460594
431936	2593.267039460594
432490	2593.267039460594
433047	2593.267039460594
433604	2593.267039460594
434159	2593.267039460594
434717	2593.267039460594
435275	2593.267039460594
435833	2593.267039460594
436392	2593.267039460594
436950	2593.267039460594
437506	2593.267039460594
438061	2593.267039460594
438616	2593.267039460594
439176	2593.267039460594
439731	2593.267039460594
440287	2593.267039460594
448393	2592.8002468262775
464492	2592.80023438192
465054	2592.80023438192
465613	2592.80023438192
466172	2592.80023438192
466732	2592.80023438192
467288	2592.80023438192
467842	2592.80023438192
468396	2592.80023438192
468952	2592.80023438192
469509	2592.80023438192
470067	2592.80023438192
470623	2592.80023438192
471182	2592.80023438192
471743	2592.80023438192
472300	2592.80023438192
472854	2592.80023438192
473412	2592.80023438192
473970	2592.80023438192
474532	2592.80023438192
486342	2592.80023438192
486902	2592.80023438192
487460	2592.80023438192
488020	2592.80023438192
488578	2592.80023438192
489135	2592.80023438192
489690	2592.80023438192
490249	2592.80023438192
490805	2592.80023438192
491360	2592.80023438192
491921	2592.80023438192
492477	2592.80023438192
493033	2592.80023438192
493593	2592.80023438192
494151	2592.80023438192
494709	2592.80023438192
495265	2592.80023438192
495821	2592.80023438192
496375	2592.80023438192
496934	2592.80023438192
513638	2592.80023438192
